 # x v h rho m p cs a
   13.852121212119494     
   1.0575339644889703E-014   1.9412027540965836E-013   1.2121212121212121E-002   1.0017292299064504        1.0101010101010102E-002   1.0017292299064504        1.0000000000000000       -1.4698464667617372E-011
   1.0101713635423839E-002  -4.3839090243546444E-006   1.2121212121212121E-002   1.0017293734876180        1.0101010101010102E-002   1.0017293734876180        1.0000000000000000       -2.9953073113375694E-005
   2.0203424432414092E-002  -8.7501690746554459E-006   1.2121212121212121E-002   1.0017298036475513        1.0101010101010102E-002   1.0017298036475513        1.0000000000000000       -5.9784373134696978E-005
   3.0305129564106113E-002  -1.3081205382442457E-005   1.2121212121212121E-002   1.0017305186413212        1.0101010101010102E-002   1.0017305186413212        1.0000000000000000       -8.9373290036220965E-005
   4.0406826226586708E-002  -1.7359582703648646E-005   1.2121212121212121E-002   1.0017315155698712        1.0101010101010102E-002   1.0017315155698712        1.0000000000000000       -1.1859960836524408E-004
   5.0508511650312352E-002  -2.1568077571773150E-005   1.2121212121212121E-002   1.0017327903900306        1.0101010101010102E-002   1.0017327903900306        1.0000000000000000       -1.4734478234768034E-004
   6.0610183111332663E-002  -2.5689746641408999E-005   1.2121212121212121E-002   1.0017343379316024        1.0101010101010102E-002   1.0017343379316024        1.0000000000000000       -1.7549215519085948E-004
   7.0711837942356623E-002  -2.9707998768563167E-005   1.2121212121212121E-002   1.0017361519200068        1.0101010101010102E-002   1.0017361519200068        1.0000000000000000       -2.0292794734011466E-004
   8.0813473543524458E-002  -3.3606655905956077E-005   1.2121212121212121E-002   1.0017382250023885        1.0101010101010102E-002   1.0017382250023885        1.0000000000000000       -2.2954093401938991E-004
   9.0915087392954744E-002  -3.7370023797731617E-005   1.2121212121212121E-002   1.0017405487762463        1.0101010101010102E-002   1.0017405487762463        1.0000000000000000       -2.5522333564609312E-004
  0.10101667705695869       -4.0982949128441763E-005   1.2121212121212121E-002   1.0017431138253208        1.0101010101010102E-002   1.0017431138253208        1.0000000000000000       -2.7987138445784154E-004
  0.11111824019986721       -4.4430885917653039E-005   1.2121212121212121E-002   1.0017459097581232        1.0101010101010102E-002   1.0017459097581232        1.0000000000000000       -3.0338539735996761E-004
  0.12121977459348852       -4.7699952356486334E-005   1.2121212121212121E-002   1.0017489252517713        1.0101010101010102E-002   1.0017489252517713        1.0000000000000000       -3.2567075652423227E-004
  0.13132127812606154       -5.0776985641363567E-005   1.2121212121212121E-002   1.0017521480980525        1.0101010101010102E-002   1.0017521480980525        1.0000000000000000       -3.4663737140050443E-004
  0.14142274881080091       -5.3649594061535628E-005   1.2121212121212121E-002   1.0017555652516115        1.0101010101010102E-002   1.0017555652516115        1.0000000000000000       -3.6620071159720879E-004
  0.15152418479390839       -5.6306211069074822E-005   1.2121212121212121E-002   1.0017591628862133        1.0101010101010102E-002   1.0017591628862133        1.0000000000000000       -3.8428242429233705E-004
  0.16162558436199054       -5.8736138099643288E-005   1.2121212121212121E-002   1.0017629264518049        1.0101010101010102E-002   1.0017629264518049        1.0000000000000000       -4.0080992596092102E-004
  0.17172694594894158       -6.0929588493500213E-005   1.2121212121212121E-002   1.0017668407323992        1.0101010101010102E-002   1.0017668407323992        1.0000000000000000       -4.1571692977715458E-004
  0.18182826814222189       -6.2877727415179769E-005   1.2121212121212121E-002   1.0017708899081641        1.0101010101010102E-002   1.0017708899081641        1.0000000000000000       -4.2894379343572098E-004
  0.19192954968851039       -6.4572707028878767E-005   1.2121212121212121E-002   1.0017750576208575        1.0101010101010102E-002   1.0017750576208575        1.0000000000000000       -4.4043792790748881E-004
  0.20203078949868769       -6.6007699914755798E-005   1.2121212121212121E-002   1.0017793270416764        1.0101010101010102E-002   1.0017793270416764        1.0000000000000000       -4.5015385159263843E-004
  0.21213198665214064       -6.7176924091457132E-005   1.2121212121212121E-002   1.0017836809383682        1.0101010101010102E-002   1.0017836809383682        1.0000000000000000       -4.5805297229684072E-004
  0.22223314040042311       -6.8075666636152653E-005   1.2121212121212121E-002   1.0017881017443169        1.0101010101010102E-002   1.0017881017443169        1.0000000000000000       -4.6410421421239079E-004
  0.23233425017019765       -6.8700303850593791E-005   1.2121212121212121E-002   1.0017925716314064        1.0101010101010102E-002   1.0017925716314064        1.0000000000000000       -4.6828421489308880E-004
  0.24243531556544992       -6.9048317440028887E-005   1.2121212121212121E-002   1.0017970725832914        1.0101010101010102E-002   1.0017970725832914        1.0000000000000000       -4.7057719750309701E-004
  0.25253633636897688       -6.9118300231199573E-005   1.2121212121212121E-002   1.0018015864662648        1.0101010101010102E-002   1.0018015864662648        1.0000000000000000       -4.7097455560773938E-004
  0.26263731254320671       -6.8909967832549862E-005   1.2121212121212121E-002   1.0018060951013417        1.0101010101010102E-002   1.0018060951013417        1.0000000000000000       -4.6947555152865306E-004
  0.27273824423026760       -6.8424151460370498E-005   1.2121212121212121E-002   1.0018105803401673        1.0101010101010102E-002   1.0018105803401673        1.0000000000000000       -4.6608742812992432E-004
  0.28283913175129577       -6.7662804188123757E-005   1.2121212121212121E-002   1.0018150241382913        1.0101010101010102E-002   1.0018150241382913        1.0000000000000000       -4.6082475236275400E-004
  0.29293997560505652       -6.6628987997049516E-005   1.2121212121212121E-002   1.0018194086254495        1.0101010101010102E-002   1.0018194086254495        1.0000000000000000       -4.5370938021616070E-004
  0.30304077646586969       -6.5326861894198418E-005   1.2121212121212121E-002   1.0018237161763484        1.0101010101010102E-002   1.0018237161763484        1.0000000000000000       -4.4477064171921654E-004
  0.31314153518083626       -6.3761663163007976E-005   1.2121212121212121E-002   1.0018279294838106        1.0101010101010102E-002   1.0018279294838106        1.0000000000000000       -4.3404567126437144E-004
  0.32324225276630864       -6.1939691983471071E-005   1.2121212121212121E-002   1.0018320316283025        1.0101010101010102E-002   1.0018320316283025        1.0000000000000000       -4.2157829668187929E-004
  0.33334293040374208       -5.9868283479455028E-005   1.2121212121212121E-002   1.0018360061425626        1.0101010101010102E-002   1.0018360061425626        1.0000000000000000       -4.0741909797770148E-004
  0.34344356943489968       -5.7555775147304810E-005   1.2121212121212121E-002   1.0018398370771584        1.0101010101010102E-002   1.0018398370771584        1.0000000000000000       -3.9162555486615958E-004
  0.35354417135640775       -5.5011474517235393E-005   1.2121212121212121E-002   1.0018435090660682        1.0101010101010102E-002   1.0018435090660682        1.0000000000000000       -3.7426195620327007E-004
  0.36364473781365880       -5.2245626438575470E-005   1.2121212121212121E-002   1.0018470073877883        1.0101010101010102E-002   1.0018470073877883        1.0000000000000000       -3.5539850619681346E-004
  0.37374527059415896       -4.9269368910256136E-005   1.2121212121212121E-002   1.0018503180209954        1.0101010101010102E-002   1.0018503180209954        1.0000000000000000       -3.3511106826811243E-004
  0.38384577162034272       -4.6094685061034128E-005   1.2121212121212121E-002   1.0018534277003119        1.0101010101010102E-002   1.0018534277003119        1.0000000000000000       -3.1348145835252694E-004
  0.39394624294181790       -4.2734357161621995E-005   1.2121212121212121E-002   1.0018563239710077        1.0101010101010102E-002   1.0018563239710077        1.0000000000000000       -2.9059698329092498E-004
  0.40404668672709332       -3.9201916614028521E-005   1.2121212121212121E-002   1.0018589952379890        1.0101010101010102E-002   1.0018589952379890        1.0000000000000000       -2.6654963503869311E-004
  0.41414710525485493       -3.5511591846410252E-005   1.2121212121212121E-002   1.0018614308080429        1.0101010101010102E-002   1.0018614308080429        1.0000000000000000       -2.4143550477173648E-004
  0.42424750090487529       -3.1678242141187930E-005   1.2121212121212121E-002   1.0018636209333138        1.0101010101010102E-002   1.0018636209333138        1.0000000000000000       -2.1535564213337466E-004
  0.43434787614842507       -2.7717306012556894E-005   1.2121212121212121E-002   1.0018655568522252        1.0101010101010102E-002   1.0018655568522252        1.0000000000000000       -1.8841468214425561E-004
  0.44444823353836493       -2.3644734076114147E-005   1.2121212121212121E-002   1.0018672308220258        1.0101010101010102E-002   1.0018672308220258        1.0000000000000000       -1.6072047058646177E-004
  0.45454857569892576       -1.9476931019645596E-005   1.2121212121212121E-002   1.0018686361482456        1.0101010101010102E-002   1.0018686361482456        1.0000000000000000       -1.3238371174129071E-004
  0.46464890531521741       -1.5230682732886732E-005   1.2121212121212121E-002   1.0018697672105275        1.0101010101010102E-002   1.0018697672105275        1.0000000000000000       -1.0351766136373897E-004
  0.47474922512250411       -1.0923089567864116E-005   1.2121212121212121E-002   1.0018706194867770        1.0101010101010102E-002   1.0018706194867770        1.0000000000000000       -7.4238070359555763E-005
  0.48484953789522867       -6.5715004269000625E-006   1.2121212121212121E-002   1.0018711895710557        1.0101010101010102E-002   1.0018711895710557        1.0000000000000000       -4.4661910649779202E-005
  0.49494984643593332       -2.1934447689179408E-006   1.2121212121212121E-002   1.0018714751843674        1.0101010101010102E-002   1.0018714751843674        1.0000000000000000       -1.4907174063161222E-005
  0.50505015356408278        2.1934446875443182E-006   1.2121212121212121E-002   1.0018714751843965        1.0101010101010102E-002   1.0018714751843965        1.0000000000000000        1.4907169381572771E-005
  0.51515046210478654        6.5715006458643414E-006   1.2121212121212121E-002   1.0018711895709911        1.0101010101010102E-002   1.0018711895709911        1.0000000000000000        4.4661932383505132E-005
  0.52525077487751348        1.0923089226906608E-005   1.2121212121212121E-002   1.0018706194867284        1.0101010101010102E-002   1.0018706194867284        1.0000000000000000        7.4238047410801755E-005
  0.53535109468479869        1.5230682926402688E-005   1.2121212121212121E-002   1.0018697672104682        1.0101010101010102E-002   1.0018697672104682        1.0000000000000000        1.0351768594318855E-004
  0.54545142430109306        1.9476931008879685E-005   1.2121212121212121E-002   1.0018686361482072        1.0101010101010102E-002   1.0018686361482072        1.0000000000000000        1.3238368096146758E-004
  0.55555176646165205        2.3644733905767836E-005   1.2121212121212121E-002   1.0018672308220617        1.0101010101010102E-002   1.0018672308220617        1.0000000000000000        1.6072049031645719E-004
  0.56565212385159258        2.7717305760892793E-005   1.2121212121212121E-002   1.0018655568521284        1.0101010101010102E-002   1.0018655568521284        1.0000000000000000        1.8841468430963459E-004
  0.57575249909514448        3.1678242378927879E-005   1.2121212121212121E-002   1.0018636209335134        1.0101010101010102E-002   1.0018636209335134        1.0000000000000000        2.1535557948659800E-004
  0.58585289474515800        3.5511591726797619E-005   1.2121212121212121E-002   1.0018614308081160        1.0101010101010102E-002   1.0018614308081160        1.0000000000000000        2.4143559762279665E-004
  0.59595331327292445        3.9201917071980583E-005   1.2121212121212121E-002   1.0018589952376664        1.0101010101010102E-002   1.0018589952376664        1.0000000000000000        2.6654962255090453E-004
  0.60605375705820308        4.2734356359301180E-005   1.2121212121212121E-002   1.0018563239711795        1.0101010101010102E-002   1.0018563239711795        1.0000000000000000        2.9059689306176750E-004
  0.61615422837967093        4.6094685369661295E-005   1.2121212121212121E-002   1.0018534277006115        1.0101010101010102E-002   1.0018534277006115        1.0000000000000000        3.1348151680266056E-004
  0.62625472940585514        4.9269369170057316E-005   1.2121212121212121E-002   1.0018503180208649        1.0101010101010102E-002   1.0018503180208649        1.0000000000000000        3.3511110415762602E-004
  0.63635526218635796        5.2245626809263807E-005   1.2121212121212121E-002   1.0018470073875121        1.0101010101010102E-002   1.0018470073875121        1.0000000000000000        3.5539850486188129E-004
  0.64645582864361240        5.5011474399561205E-005   1.2121212121212121E-002   1.0018435090660034        1.0101010101010102E-002   1.0018435090660034        1.0000000000000000        3.7426190886424848E-004
  0.65655643056511825        5.7555774675865435E-005   1.2121212121212121E-002   1.0018398370772377        1.0101010101010102E-002   1.0018398370772377        1.0000000000000000        3.9162557304539547E-004
  0.66665706959627591        5.9868283711588778E-005   1.2121212121212121E-002   1.0018360061424740        1.0101010101010102E-002   1.0018360061424740        1.0000000000000000        4.0741911335917536E-004
  0.67675774723371174        6.1939691840760819E-005   1.2121212121212121E-002   1.0018320316284060        1.0101010101010102E-002   1.0018320316284060        1.0000000000000000        4.2157824234934083E-004
  0.68685846481917956        6.3761663491168950E-005   1.2121212121212121E-002   1.0018279294840431        1.0101010101010102E-002   1.0018279294840431        1.0000000000000000        4.3404569681282368E-004
  0.69695922353414552        6.5326861785671231E-005   1.2121212121212121E-002   1.0018237161763932        1.0101010101010102E-002   1.0018237161763932        1.0000000000000000        4.4477065573733654E-004
  0.70706002439495863        6.6628988363933190E-005   1.2121212121212121E-002   1.0018194086254095        1.0101010101010102E-002   1.0018194086254095        1.0000000000000000        4.5370938618560785E-004
  0.71716086824872038        6.7662803881837172E-005   1.2121212121212121E-002   1.0018150241382606        1.0101010101010102E-002   1.0018150241382606        1.0000000000000000        4.6082474315678468E-004
  0.72726175576974805        6.8424151681502977E-005   1.2121212121212121E-002   1.0018105803400874        1.0101010101010102E-002   1.0018105803400874        1.0000000000000000        4.6608744951814884E-004
  0.73736268745681088        6.8909967505982381E-005   1.2121212121212121E-002   1.0018060951011556        1.0101010101010102E-002   1.0018060951011556        1.0000000000000000        4.6947555169474242E-004
  0.74746366363104300        6.9118300537172959E-005   1.2121212121212121E-002   1.0018015864662722        1.0101010101010102E-002   1.0018015864662722        1.0000000000000000        4.7097451272115620E-004
  0.75756468443456748        6.9048317081495588E-005   1.2121212121212121E-002   1.0017970725834524        1.0101010101010102E-002   1.0017970725834524        1.0000000000000000        4.7057720826337857E-004
  0.76766574982981828        6.8700303808330018E-005   1.2121212121212121E-002   1.0017925716313048        1.0101010101010102E-002   1.0017925716313048        1.0000000000000000        4.6828425960665498E-004
  0.77776685959959668        6.8075667037837496E-005   1.2121212121212121E-002   1.0017881017441432        1.0101010101010102E-002   1.0017881017441432        1.0000000000000000        4.6410418894016203E-004
  0.78786801334787904        6.7176923816313536E-005   1.2121212121212121E-002   1.0017836809383256        1.0101010101010102E-002   1.0017836809383256        1.0000000000000000        4.5805296582290822E-004
  0.79796921050133307        6.6007699651030098E-005   1.2121212121212121E-002   1.0017793270418216        1.0101010101010102E-002   1.0017793270418216        1.0000000000000000        4.5015381989976788E-004
  0.80807045031150582        6.4572707135655943E-005   1.2121212121212121E-002   1.0017750576208710        1.0101010101010102E-002   1.0017750576208710        1.0000000000000000        4.4043798531401279E-004
  0.81817173185779901        6.2877727478370161E-005   1.2121212121212121E-002   1.0017708899082485        1.0101010101010102E-002   1.0017708899082485        1.0000000000000000        4.2894372165047656E-004
  0.82827305405107299        6.0929588473628197E-005   1.2121212121212121E-002   1.0017668407325637        1.0101010101010102E-002   1.0017668407325637        1.0000000000000000        4.1571698696607484E-004
  0.83837441563802650        5.8736138156248006E-005   1.2121212121212121E-002   1.0017629264517400        1.0101010101010102E-002   1.0017629264517400        1.0000000000000000        4.0080991256186138E-004
  0.84847581520610815        5.6306210834626544E-005   1.2121212121212121E-002   1.0017591628862532        1.0101010101010102E-002   1.0017591628862532        1.0000000000000000        3.8428242143062619E-004
  0.85857725118921480        5.3649594766883396E-005   1.2121212121212121E-002   1.0017555652514967        1.0101010101010102E-002   1.0017555652514967        1.0000000000000000        3.6620074566062755E-004
  0.86867872187395756        5.0776985225181911E-005   1.2121212121212121E-002   1.0017521480979481        1.0101010101010102E-002   1.0017521480979481        1.0000000000000000        3.4663733158701859E-004
  0.87878022540652989        4.7699952428580459E-005   1.2121212121212121E-002   1.0017489252520011        1.0101010101010102E-002   1.0017489252520011        1.0000000000000000        3.2567072988420875E-004
  0.88888175980014617        4.4430885974526233E-005   1.2121212121212121E-002   1.0017459097580785        1.0101010101010102E-002   1.0017459097580785        1.0000000000000000        3.0338547783781422E-004
  0.89898332294306116        4.0982949130015557E-005   1.2121212121212121E-002   1.0017431138252717        1.0101010101010102E-002   1.0017431138252717        1.0000000000000000        2.7987130703088781E-004
  0.90908491260705993        3.7370023627205732E-005   1.2121212121212121E-002   1.0017405487763669        1.0101010101010102E-002   1.0017405487763669        1.0000000000000000        2.5522337898653547E-004
  0.91918652645649224        3.3606656309912060E-005   1.2121212121212121E-002   1.0017382250022853        1.0101010101010102E-002   1.0017382250022853        1.0000000000000000        2.2954093445104462E-004
  0.92928816205766063        2.9707998547454279E-005   1.2121212121212121E-002   1.0017361519199479        1.0101010101010102E-002   1.0017361519199479        1.0000000000000000        2.0292794190979180E-004
  0.93938981688868517        2.5689746818620462E-005   1.2121212121212121E-002   1.0017343379316053        1.0101010101010102E-002   1.0017343379316053        1.0000000000000000        1.7549214328660412E-004
  0.94949148834970487        2.1568077205378776E-005   1.2121212121212121E-002   1.0017327903900963        1.0101010101010102E-002   1.0017327903900963        1.0000000000000000        1.4734478265321371E-004
  0.95959317377342945        1.7359582601796814E-005   1.2121212121212121E-002   1.0017315155697992        1.0101010101010102E-002   1.0017315155697992        1.0000000000000000        1.1859963622917746E-004
  0.96969487043591274        1.3081205617221965E-005   1.2121212121212121E-002   1.0017305186412118        1.0101010101010102E-002   1.0017305186412118        1.0000000000000000        8.9373274167137140E-005
  0.97979657556760424        8.7501690454251436E-006   1.2121212121212121E-002   1.0017298036474469        1.0101010101010102E-002   1.0017298036474469        1.0000000000000000        5.9784383156902265E-005
  0.98989828636459753        4.3839089040896802E-006   1.2121212121212121E-002   1.0017293734877513        1.0101010101010102E-002   1.0017293734877513        1.0000000000000000        2.9953014686334711E-005
   1.0000000000000044        1.6536894116621745E-013   1.2121212121212121E-002   1.0017292299064529        1.0101010101010102E-002   1.0017292299064529        1.0000000000000000        1.0073453182712910E-010
   1.0101017136354238       -4.3107528339395346E-006   1.2121212121212121E-002   1.0017293734876180        1.0101010101010102E-002   1.0017293734876180        1.0000000000000000       -2.9953106976954302E-005
   1.0202034244324141       -8.6041541489820287E-006   1.2121212121212121E-002   1.0017298036475513        1.0101010101010102E-002   1.0017298036475513        1.0000000000000000       -5.9784396328588230E-005
   1.0303051295641061       -1.2862923642888637E-005   1.2121212121212121E-002   1.0017305186413212        1.0101010101010102E-002   1.0017305186413212        1.0000000000000000       -8.9373291260130827E-005
   1.0404068262265866       -1.7069919666399518E-005   1.2121212121212121E-002   1.0017315155698712        1.0101010101010102E-002   1.0017315155698712        1.0000000000000000       -1.1859960746196663E-004
   1.0505085116503123       -2.1208208277187331E-005   1.2121212121212121E-002   1.0017327903900306        1.0101010101010102E-002   1.0017327903900306        1.0000000000000000       -1.4734478286015928E-004
   1.0606101831113326       -2.5261131088760019E-005   1.2121212121212121E-002   1.0017343379316024        1.0101010101010102E-002   1.0017343379316024        1.0000000000000000       -1.7549215458334544E-004
   1.0707118379423566       -2.9212374748788439E-005   1.2121212121212121E-002   1.0017361519200068        1.0101010101010102E-002   1.0017361519200068        1.0000000000000000       -2.0292794729925845E-004
   1.0808134735435244       -3.3046032927739503E-005   1.2121212121212121E-002   1.0017382250023885        1.0101010101010102E-002   1.0017382250023885        1.0000000000000000       -2.2954093371208018E-004
   1.0909150873929547       -3.6746674484082027E-005   1.2121212121212121E-002   1.0017405487762463        1.0101010101010102E-002   1.0017405487762463        1.0000000000000000        7.6210658935906253     
   1.1010166770569587       -4.0299399649485843E-005   1.2121212121212121E-002   1.0017431138253208        1.0101010101010102E-002   1.0017431138253208        1.0000000000000000        93.405938934417378     
  -1.0101713635402465E-002   4.3107528630414192E-006   1.2121212121212121E-002   1.0017293734877513        1.0101010101010102E-002   1.0017293734877513        1.0000000000000000        2.9953049531350473E-005
  -2.0203424432395756E-002   8.6041540997811695E-006   1.2121212121212121E-002   1.0017298036474469        1.0101010101010102E-002   1.0017298036474469        1.0000000000000000        5.9784406284180136E-005
  -3.0305129564087263E-002   1.2862923899336469E-005   1.2121212121212121E-002   1.0017305186412118        1.0101010101010102E-002   1.0017305186412118        1.0000000000000000        8.9373274158255356E-005
  -4.0406826226570547E-002   1.7069919503756446E-005   1.2121212121212121E-002   1.0017315155697992        1.0101010101010102E-002   1.0017315155697992        1.0000000000000000        1.1859963622207204E-004
  -5.0508511650295129E-002   2.1208207925344010E-005   1.2121212121212121E-002   1.0017327903900963        1.0101010101010102E-002   1.0017327903900963        1.0000000000000000        1.4734478265054918E-004
  -6.0610183111314830E-002   2.5261131278306931E-005   1.2121212121212121E-002   1.0017343379316053        1.0101010101010102E-002   1.0017343379316053        1.0000000000000000        1.7549214328926865E-004
  -7.0711837942339373E-002   2.9212374558112313E-005   1.2121212121212121E-002   1.0017361519199479        1.0101010101010102E-002   1.0017361519199479        1.0000000000000000        2.0292794191245633E-004
  -8.0813473543507763E-002   3.3046033306726370E-005   1.2121212121212121E-002   1.0017382250022853        1.0101010101010102E-002   1.0017382250022853        1.0000000000000000        2.2954093445370916E-004
  -9.0915087392940075E-002   3.6746674225648012E-005   1.2121212121212121E-002   1.0017405487763669        1.0101010101010102E-002   1.0017405487763669        1.0000000000000000       -7.6210658935422089     
 -0.10101667705693884        4.0299399832131774E-005   1.2121212121212121E-002   1.0017431138252717        1.0101010101010102E-002   1.0017431138252717        1.0000000000000000       -93.405938934456586     
