 # x v h rho m p cs a
   14.650999999997319     
   9.2135803148831679E-006  -1.8242510182388289E-005   1.2121212121212121E-002   1.0018033645893067        1.0101010101010102E-002   1.0018033645893067        1.0000000000000000        1.2434497875801753E-014
   1.0110183135901679E-002  -1.8669547412089372E-005   1.2121212121212121E-002   1.0018051717577767        1.0101010101010102E-002   1.0018051717577767        1.0000000000000000       -1.4210854715202004E-014
   2.0211138795264309E-002  -1.8461624286142616E-005   1.2121212121212121E-002   1.0018064331997134        1.0101010101010102E-002   1.0018064331997134        1.0000000000000000       -9.9475983006414026E-014
   3.0312084303599145E-002  -1.8223809252133032E-005   1.2121212121212121E-002   1.0018076239779563        1.0101010101010102E-002   1.0018076239779563        1.0000000000000000        6.1284310959308641E-014
   4.0413016545846392E-002  -1.8036348800474108E-005   1.2121212121212121E-002   1.0018088391668283        1.0101010101010102E-002   1.0018088391668283        1.0000000000000000        3.5527136788005009E-015
   5.0513937780868108E-002  -1.7760531753917814E-005   1.2121212121212121E-002   1.0018099458723395        1.0101010101010102E-002   1.0018099458723395        1.0000000000000000        4.4408920985006262E-015
   6.0614848361264642E-002  -1.7187620100322019E-005   1.2121212121212121E-002   1.0018110759554235        1.0101010101010102E-002   1.0018110759554235        1.0000000000000000       -8.8817841970012523E-015
   7.0715747815227700E-002  -1.6828705280040521E-005   1.2121212121212121E-002   1.0018125475863138        1.0101010101010102E-002   1.0018125475863138        1.0000000000000000       -5.1514348342607263E-014
   8.0816629224849140E-002  -1.6578688358501336E-005   1.2121212121212121E-002   1.0018142904491110        1.0101010101010102E-002   1.0018142904491110        1.0000000000000000        2.1316282072803006E-014
   9.0917493340482450E-002  -1.5893175307213053E-005   1.2121212121212121E-002   1.0018157835229569        1.0101010101010102E-002   1.0018157835229569        1.0000000000000000        7.1054273576010019E-015
  0.10101834517476994       -1.5049083199649929E-005   1.2121212121212121E-002   1.0018169579815126        1.0101010101010102E-002   1.0018169579815126        1.0000000000000000        7.1054273576010019E-015
  0.11111918644857605       -1.4226193750380586E-005   1.2121212121212121E-002   1.0018180234286092        1.0101010101010102E-002   1.0018180234286092        1.0000000000000000        3.5527136788005009E-015
  0.12122001734455611       -1.3624526410042603E-005   1.2121212121212121E-002   1.0018190593083289        1.0101010101010102E-002   1.0018190593083289        1.0000000000000000        1.9539925233402755E-014
  0.13132083807256315       -1.2895707275704930E-005   1.2121212121212121E-002   1.0018200096737111        1.0101010101010102E-002   1.0018200096737111        1.0000000000000000        8.0824236192711396E-014
  0.14142164984475589       -1.2030980138761555E-005   1.2121212121212121E-002   1.0018206758001287        1.0101010101010102E-002   1.0018206758001287        1.0000000000000000        2.2204460492503131E-014
  0.15152245744711906       -1.0999208276102010E-005   1.2121212121212121E-002   1.0018210789204975        1.0101010101010102E-002   1.0018210789204975        1.0000000000000000       -6.2172489379008766E-015
  0.16162326160959856       -1.0098923831013054E-005   1.2121212121212121E-002   1.0018214511699401        1.0101010101010102E-002   1.0018214511699401        1.0000000000000000       -6.2172489379008766E-015
  0.17172406240772858       -9.4072205745040843E-006   1.2121212121212121E-002   1.0018221250526527        1.0101010101010102E-002   1.0018221250526527        1.0000000000000000       -6.2172489379008766E-015
  0.18182485327121389       -8.5420145013509398E-006   1.2121212121212121E-002   1.0018231085327045        1.0101010101010102E-002   1.0018231085327045        1.0000000000000000       -6.2172489379008766E-015
  0.19192563406034510       -7.3096676826925536E-006   1.2121212121212121E-002   1.0018240565087726        1.0101010101010102E-002   1.0018240565087726        1.0000000000000000       -6.2172489379008766E-015
  0.20202640584146503       -5.7533570900082211E-006   1.2121212121212121E-002   1.0018247219155068        1.0101010101010102E-002   1.0018247219155068        1.0000000000000000       -6.2172489379008766E-015
  0.21212717312959062       -4.3297876063202146E-006   1.2121212121212121E-002   1.0018248980428022        1.0101010101010102E-002   1.0018248980428022        1.0000000000000000       -6.2172489379008766E-015
  0.22222794167127549       -3.2661531276670190E-006   1.2121212121212121E-002   1.0018247212804676        1.0101010101010102E-002   1.0018247212804676        1.0000000000000000       -1.7763568394002505E-015
  0.23232871279355471       -2.3345422897296594E-006   1.2121212121212121E-002   1.0018244157486871        1.0101010101010102E-002   1.0018244157486871        1.0000000000000000       -5.6843418860808015E-014
  0.24242948771861930       -1.3396460477794329E-006   1.2121212121212121E-002   1.0018242020797914        1.0101010101010102E-002   1.0018242020797914        1.0000000000000000       -1.8562928971732617E-013
  0.25253026318443805       -2.8812735322290668E-007   1.2121212121212121E-002   1.0018241468583382        1.0101010101010102E-002   1.0018241468583382        1.0000000000000000        1.8385293287792592E-013
  0.26263103880127220        7.1349323601640243E-007   1.2121212121212121E-002   1.0018240241665417        1.0101010101010102E-002   1.0018240241665417        1.0000000000000000        5.0626169922907138E-014
  0.27273181659744911        1.7060225293042235E-006   1.2121212121212121E-002   1.0018237547266320        1.0101010101010102E-002   1.0018237547266320        1.0000000000000000       -6.2172489379008766E-015
  0.28283259742716493        2.6950690739953245E-006   1.2121212121212121E-002   1.0018232801435016        1.0101010101010102E-002   1.0018232801435016        1.0000000000000000       -6.2172489379008766E-015
  0.29293338478873177        4.0311334703894834E-006   1.2121212121212121E-002   1.0018227217755169        1.0101010101010102E-002   1.0018227217755169        1.0000000000000000       -6.2172489379008766E-015
  0.30303417704408364        5.4765773500848088E-006   1.2121212121212121E-002   1.0018223084722417        1.0101010101010102E-002   1.0018223084722417        1.0000000000000000       -6.2172489379008766E-015
  0.31313497248693972        6.8014492228846885E-006   1.2121212121212121E-002   1.0018220063162928        1.0101010101010102E-002   1.0018220063162928        1.0000000000000000       -6.2172489379008766E-015
  0.32323577060737990        7.6870431540365773E-006   1.2121212121212121E-002   1.0018217419223090        1.0101010101010102E-002   1.0018217419223090        1.0000000000000000       -6.2172489379008766E-015
  0.33333657109288350        8.6183833602723255E-006   1.2121212121212121E-002   1.0018214014426532        1.0101010101010102E-002   1.0018214014426532        1.0000000000000000       -6.2172489379008766E-015
  0.34343737583818973        9.3278804312283388E-006   1.2121212121212121E-002   1.0018209064400094        1.0101010101010102E-002   1.0018209064400094        1.0000000000000000       -6.2172489379008766E-015
  0.35353818589103947        9.9320961892912809E-006   1.2121212121212121E-002   1.0018201375667883        1.0101010101010102E-002   1.0018201375667883        1.0000000000000000       -6.2172489379008766E-015
  0.36363900597368132        1.0243635852128517E-005   1.2121212121212121E-002   1.0018191891960935        1.0101010101010102E-002   1.0018191891960935        1.0000000000000000       -6.2172489379008766E-015
  0.37373983521134080        1.0209247300549732E-005   1.2121212121212121E-002   1.0018183304768766        1.0101010101010102E-002   1.0018183304768766        1.0000000000000000       -6.2172489379008766E-015
  0.38384067241942427        1.0124734161562224E-005   1.2121212121212121E-002   1.0018176845288120        1.0101010101010102E-002   1.0018176845288120        1.0000000000000000       -6.2172489379008766E-015
  0.39394151463120897        1.0079070666927089E-005   1.2121212121212121E-002   1.0018173797099501        1.0101010101010102E-002   1.0018173797099501        1.0000000000000000       -6.2172489379008766E-015
  0.40404235787013021        1.0117568621078699E-005   1.2121212121212121E-002   1.0018174234254593        1.0101010101010102E-002   1.0018174234254593        1.0000000000000000       -6.2172489379008766E-015
  0.41414319906516273        9.6429298225139216E-006   1.2121212121212121E-002   1.0018177358641469        1.0101010101010102E-002   1.0018177358641469        1.0000000000000000       -6.2172489379008766E-015
  0.42424403626632445        8.9623633438107694E-006   1.2121212121212121E-002   1.0018184022386656        1.0101010101010102E-002   1.0018184022386656        1.0000000000000000       -6.2172489379008766E-015
  0.43434486460392130        8.2145591191938229E-006   1.2121212121212121E-002   1.0018195653778263        1.0101010101010102E-002   1.0018195653778263        1.0000000000000000       -6.2172489379008766E-015
  0.44444567802702989        7.5390075256950509E-006   1.2121212121212121E-002   1.0018207456574071        1.0101010101010102E-002   1.0018207456574071        1.0000000000000000       -6.2172489379008766E-015
  0.45454648220432925        6.5468098235953273E-006   1.2121212121212121E-002   1.0018214661734564        1.0101010101010102E-002   1.0018214661734564        1.0000000000000000       -6.2172489379008766E-015
  0.46464728220069612        5.2760078740001884E-006   1.2121212121212121E-002   1.0018221858227567        1.0101010101010102E-002   1.0018221858227567        1.0000000000000000       -6.2172489379008766E-015
  0.47474807295444266        4.1088200590885450E-006   1.2121212121212121E-002   1.0018233563432395        1.0101010101010102E-002   1.0018233563432395        1.0000000000000000        5.3290705182007514E-015
  0.48484884898532582        2.7978168035288312E-006   1.2121212121212121E-002   1.0018244872213338        1.0101010101010102E-002   1.0018244872213338        1.0000000000000000       -7.0166095156309893E-014
  0.49494961632292478        1.0475556787287917E-006   1.2121212121212121E-002   1.0018249494805482        1.0101010101010102E-002   1.0018249494805482        1.0000000000000000       -4.4941828036826337E-013
  0.50505038367782595       -1.0475554925506845E-006   1.2121212121212121E-002   1.0018249494803624        1.0101010101010102E-002   1.0018249494803624        1.0000000000000000       -6.9277916736609768E-014
  0.51515115101543008       -2.7978168161373673E-006   1.2121212121212121E-002   1.0018244872215152        1.0101010101010102E-002   1.0018244872215152        1.0000000000000000        1.5987211554602254E-014
  0.52525192704630375       -4.1088201003233540E-006   1.2121212121212121E-002   1.0018233563434060        1.0101010101010102E-002   1.0018233563434060        1.0000000000000000        1.7763568394002505E-015
  0.53535271780005578       -5.2760077785577111E-006   1.2121212121212121E-002   1.0018221858225216        1.0101010101010102E-002   1.0018221858225216        1.0000000000000000        1.7763568394002505E-015
  0.54545351779642282       -6.5468096005315994E-006   1.2121212121212121E-002   1.0018214661733549        1.0101010101010102E-002   1.0018214661733549        1.0000000000000000        1.7763568394002505E-015
  0.55555432197372390       -7.5390075082111203E-006   1.2121212121212121E-002   1.0018207456574135        1.0101010101010102E-002   1.0018207456574135        1.0000000000000000        1.7763568394002505E-015
  0.56565513539683043       -8.2145588353224213E-006   1.2121212121212121E-002   1.0018195653778206        1.0101010101010102E-002   1.0018195653778206        1.0000000000000000        1.7763568394002505E-015
  0.57575596373442950       -8.9623634801121823E-006   1.2121212121212121E-002   1.0018184022386867        1.0101010101010102E-002   1.0018184022386867        1.0000000000000000        1.7763568394002505E-015
  0.58585680093558901       -9.6429296272055051E-006   1.2121212121212121E-002   1.0018177358643903        1.0101010101010102E-002   1.0018177358643903        1.0000000000000000        1.7763568394002505E-015
  0.59595764213061808       -1.0117568524455532E-005   1.2121212121212121E-002   1.0018174234254642        1.0101010101010102E-002   1.0018174234254642        1.0000000000000000        1.7763568394002505E-015
  0.60605848536954277       -1.0079070560430575E-005   1.2121212121212121E-002   1.0018173797097703        1.0101010101010102E-002   1.0018173797097703        1.0000000000000000        1.7763568394002505E-015
  0.61615932758132841       -1.0124734290498848E-005   1.2121212121212121E-002   1.0018176845288764        1.0101010101010102E-002   1.0018176845288764        1.0000000000000000        1.7763568394002505E-015
  0.62626016478940871       -1.0209247216441074E-005   1.2121212121212121E-002   1.0018183304767148        1.0101010101010102E-002   1.0018183304767148        1.0000000000000000        1.7763568394002505E-015
  0.63636099402707513       -1.0243635697613857E-005   1.2121212121212121E-002   1.0018191891959851        1.0101010101010102E-002   1.0018191891959851        1.0000000000000000        1.7763568394002505E-015
  0.64646181410971215       -9.9320959136457128E-006   1.2121212121212121E-002   1.0018201375667559        1.0101010101010102E-002   1.0018201375667559        1.0000000000000000        1.7763568394002505E-015
  0.65656262416256761       -9.3278801802083224E-006   1.2121212121212121E-002   1.0018209064401842        1.0101010101010102E-002   1.0018209064401842        1.0000000000000000        1.7763568394002505E-015
  0.66666342890786445       -8.6183837421493997E-006   1.2121212121212121E-002   1.0018214014428799        1.0101010101010102E-002   1.0018214014428799        1.0000000000000000        1.7763568394002505E-015
  0.67676422939337200       -7.6870428521946552E-006   1.2121212121212121E-002   1.0018217419221018        1.0101010101010102E-002   1.0018217419221018        1.0000000000000000        1.7763568394002505E-015
  0.68686502751381373       -6.8014491467665123E-006   1.2121212121212121E-002   1.0018220063163734        1.0101010101010102E-002   1.0018220063163734        1.0000000000000000        1.7763568394002505E-015
  0.69696582295666609       -5.4765773765719737E-006   1.2121212121212121E-002   1.0018223084723197        1.0101010101010102E-002   1.0018223084723197        1.0000000000000000        1.7763568394002505E-015
  0.70706661521201952       -4.0311331753207798E-006   1.2121212121212121E-002   1.0018227217752607        1.0101010101010102E-002   1.0018227217752607        1.0000000000000000        1.7763568394002505E-015
  0.71716740257359091       -2.6950690680518328E-006   1.2121212121212121E-002   1.0018232801434630        1.0101010101010102E-002   1.0018232801434630        1.0000000000000000        1.7763568394002505E-015
  0.72726818340330279       -1.7060225117731885E-006   1.2121212121212121E-002   1.0018237547267290        1.0101010101010102E-002   1.0018237547267290        1.0000000000000000        1.7763568394002505E-015
  0.73736896119948081       -7.1349312096930105E-007   1.2121212121212121E-002   1.0018240241662992        1.0101010101010102E-002   1.0018240241662992        1.0000000000000000        1.7763568394002505E-015
  0.74746973681631967        2.8812744812170517E-007   1.2121212121212121E-002   1.0018241468583122        1.0101010101010102E-002   1.0018241468583122        1.0000000000000000        1.7763568394002505E-015
  0.75757051228213446        1.3396464188115667E-006   1.2121212121212121E-002   1.0018242020801098        1.0101010101010102E-002   1.0018242020801098        1.0000000000000000        1.7763568394002505E-015
  0.76767128720719557        2.3345421198662130E-006   1.2121212121212121E-002   1.0018244157487139        1.0101010101010102E-002   1.0018244157487139        1.0000000000000000        1.7763568394002505E-015
  0.77777205832947782        3.2661529241908222E-006   1.2121212121212121E-002   1.0018247212802414        1.0101010101010102E-002   1.0018247212802414        1.0000000000000000        1.7763568394002505E-015
  0.78787282687116511        4.3297878436341461E-006   1.2121212121212121E-002   1.0018248980428657        1.0101010101010102E-002   1.0018248980428657        1.0000000000000000        1.7763568394002505E-015
  0.79797359415928670        5.7533572167560240E-006   1.2121212121212121E-002   1.0018247219156751        1.0101010101010102E-002   1.0018247219156751        1.0000000000000000        1.7763568394002505E-015
  0.80807436594040627        7.3096677510255305E-006   1.2121212121212121E-002   1.0018240565085164        1.0101010101010102E-002   1.0018240565085164        1.0000000000000000        1.7763568394002505E-015
  0.81817514672954439        8.5420146403326784E-006   1.2121212121212121E-002   1.0018231085327862        1.0101010101010102E-002   1.0018231085327862        1.0000000000000000        1.7763568394002505E-015
  0.82827593759302054        9.4072205895358122E-006   1.2121212121212121E-002   1.0018221250527637        1.0101010101010102E-002   1.0018221250527637        1.0000000000000000        1.7763568394002505E-015
  0.83837673839115701        1.0098924035944971E-005   1.2121212121212121E-002   1.0018214511697874        1.0101010101010102E-002   1.0018214511697874        1.0000000000000000        1.7763568394002505E-015
  0.84847754255363383        1.0999208713926346E-005   1.2121212121212121E-002   1.0018210789204545        1.0101010101010102E-002   1.0018210789204545        1.0000000000000000        1.7763568394002505E-015
  0.85857835015599993        1.2030979699006414E-005   1.2121212121212121E-002   1.0018206757999424        1.0101010101010102E-002   1.0018206757999424        1.0000000000000000        1.7763568394002505E-015
  0.86867916192819439        1.2895707204757713E-005   1.2121212121212121E-002   1.0018200096738570        1.0101010101010102E-002   1.0018200096738570        1.0000000000000000        1.7763568394002505E-015
  0.87877998265619606        1.3624527231677460E-005   1.2121212121212121E-002   1.0018190593083942        1.0101010101010102E-002   1.0018190593083942        1.0000000000000000        1.7763568394002505E-015
  0.88888081355217974        1.4226193453668069E-005   1.2121212121212121E-002   1.0018180234283529        1.0101010101010102E-002   1.0018180234283529        1.0000000000000000        1.7763568394002505E-015
  0.89898165482598846        1.5049083316354469E-005   1.2121212121212121E-002   1.0018169579815637        1.0101010101010102E-002   1.0018169579815637        1.0000000000000000        1.7763568394002505E-015
  0.90908250666027191        1.5893175341489431E-005   1.2121212121212121E-002   1.0018157835231176        1.0101010101010102E-002   1.0018157835231176        1.0000000000000000        1.7763568394002505E-015
  0.91918337077590573        1.6578688372039644E-005   1.2121212121212121E-002   1.0018142904491594        1.0101010101010102E-002   1.0018142904491594        1.0000000000000000        1.7763568394002505E-015
  0.92928425218552579        1.6828705125038167E-005   1.2121212121212121E-002   1.0018125475862936        1.0101010101010102E-002   1.0018125475862936        1.0000000000000000        1.7763568394002505E-015
  0.93938515163949077        1.7187620497411255E-005   1.2121212121212121E-002   1.0018110759554166        1.0101010101010102E-002   1.0018110759554166        1.0000000000000000        1.7763568394002505E-015
  0.94948606221988541        1.7760531750069388E-005   1.2121212121212121E-002   1.0018099458722984        1.0101010101010102E-002   1.0018099458722984        1.0000000000000000        1.7763568394002505E-015
  0.95958698345491000        1.8036348787683961E-005   1.2121212121212121E-002   1.0018088391668385        1.0101010101010102E-002   1.0018088391668385        1.0000000000000000        1.7763568394002505E-015
  0.96968791569715407        1.8223809346478195E-005   1.2121212121212121E-002   1.0018076239779621        1.0101010101010102E-002   1.0018076239779621        1.0000000000000000        8.8817841970012523E-016
  0.97978886120549180        1.8461624537048598E-005   1.2121212121212121E-002   1.0018064331996466        1.0101010101010102E-002   1.0018064331996466        1.0000000000000000       -3.2862601528904634E-014
  0.98988981686485356        1.8669547493821394E-005   1.2121212121212121E-002   1.0018051717579981        1.0101010101010102E-002   1.0018051717579981        1.0000000000000000        1.5010215292932116E-013
  0.99999078642043626        1.8242510222746698E-005   1.2121212121212121E-002   1.0018033645895028        1.0101010101010102E-002   1.0018033645895028        1.0000000000000000        1.0436096431476471E-012
   1.0100917965214464       -1.8593795874136790E-005   1.2121212121212121E-002   1.0018051717577767        1.0101010101010102E-002   1.0018014144583980        1.0000000000000000        1.4299672557172016E-013
   1.0201928066224566       -1.8406223878765000E-005   1.2121212121212121E-002   1.0018064331997134        1.0101010101010102E-002   1.0018004807532270        1.0000000000000000       -1.9677833450701065E-002
   1.0302938167234668       -1.8156841028113949E-005   1.2121212121212121E-002   1.0018076239779563        1.0101010101010102E-002   1.0018004115226273        1.0000000000000000       -1.3138325546267744     
   1.0403948268244769       -1.7977037590199417E-005   1.2121212121212121E-002   1.0018088391668283        1.0101010101010102E-002  0.99665637860081713        1.0000000000000000       -4.6453021478719450     
   1.0504958369254871       -1.7705634686922465E-005   1.2121212121212121E-002   1.0018099458723395        1.0101010101010102E-002  0.77867798353909146        1.0000000000000000        107.01218865918355     
  -1.0091796520695218E-002   1.8593795970831953E-005   1.2121212121212121E-002   1.0018051717579981        1.0101010101010102E-002   1.0018014144583840        1.0000000000000000        1.1546319456101628E-014
  -2.0192806621705320E-002   1.8406224144336585E-005   1.2121212121212121E-002   1.0018064331996466        1.0101010101010102E-002   1.0018004807532330        1.0000000000000000        1.9677833450746363E-002
  -3.0293816722715420E-002   1.8156841101927094E-005   1.2121212121212121E-002   1.0018076239779621        1.0101010101010102E-002   1.0018004115226338        1.0000000000000000        1.3138325546268277     
  -4.0394826823725527E-002   1.7977037596070785E-005   1.2121212121212121E-002   1.0018088391668385        1.0101010101010102E-002  0.99665637860082290        1.0000000000000000        4.6453021478716039     
  -5.0495836924735631E-002   1.7705634669778006E-005   1.2121212121212121E-002   1.0018099458722984        1.0101010101010102E-002  0.77867798353909445        1.0000000000000000       -107.01218865918408     
