 # x v h rho m p cs a
   5.1000000000000378     
  -1.7755059673840334E-005   6.0081278469666390E-005   1.2121212121212121E-002   1.0017941015237595        1.0101010101010102E-002   1.0017941015237595        1.0000000000000000        1.2434497875801753E-014
   1.0083323010071915E-002   6.0418984826400988E-005   1.2121212121212121E-002   1.0017926580988776        1.0101010101010102E-002   1.0017926580988776        1.0000000000000000       -1.4210854715202004E-014
   2.0184417547971539E-002   6.0403923594914691E-005   1.2121212121212121E-002   1.0017909137883128        1.0101010101010102E-002   1.0017909137883128        1.0000000000000000       -9.9475983006414026E-014
   3.0285530682193442E-002   5.9441633283697152E-005   1.2121212121212121E-002   1.0017890279943746        1.0101010101010102E-002   1.0017890279943746        1.0000000000000000        6.1284310959308641E-014
   4.0386663010153305E-002   5.8052575267698216E-005   1.2121212121212121E-002   1.0017873494705003        1.0101010101010102E-002   1.0017873494705003        1.0000000000000000        3.5527136788005009E-015
   5.0487809686728939E-002   5.6863596915919384E-005   1.2121212121212121E-002   1.0017860922592248        1.0101010101010102E-002   1.0017860922592248        1.0000000000000000        4.4408920985006262E-015
   6.0588966351326212E-002   5.5712970225379283E-005   1.2121212121212121E-002   1.0017849635601499        1.0101010101010102E-002   1.0017849635601499        1.0000000000000000       -8.8817841970012523E-015
   7.0690134868773652E-002   5.4202298616354152E-005   1.2121212121212121E-002   1.0017836771707451        1.0101010101010102E-002   1.0017836771707451        1.0000000000000000       -5.1514348342607263E-014
   8.0791317010528108E-002   5.2632092414376099E-005   1.2121212121212121E-002   1.0017822545987718        1.0101010101010102E-002   1.0017822545987718        1.0000000000000000        2.1316282072803006E-014
   9.0892513880249659E-002   5.0825984205318259E-005   1.2121212121212121E-002   1.0017808555685750        1.0101010101010102E-002   1.0017808555685750        1.0000000000000000        7.1054273576010019E-015
  0.10099372404978309        4.8212851057041130E-005   1.2121212121212121E-002   1.0017797083324527        1.0101010101010102E-002   1.0017797083324527        1.0000000000000000        7.1054273576010019E-015
  0.11109494355943000        4.5168874694727068E-005   1.2121212121212121E-002   1.0017787900784223        1.0101010101010102E-002   1.0017787900784223        1.0000000000000000        3.5527136788005009E-015
  0.12119617138145697        4.2706328188448146E-005   1.2121212121212121E-002   1.0017778274715154        1.0101010101010102E-002   1.0017778274715154        1.0000000000000000        1.9539925233402755E-014
  0.13129741008757650        4.0557274628028887E-005   1.2121212121212121E-002   1.0017769185049370        1.0101010101010102E-002   1.0017769185049370        1.0000000000000000        8.0824236192711396E-014
  0.14139865633571455        3.7949187535632211E-005   1.2121212121212121E-002   1.0017763177781431        1.0101010101010102E-002   1.0017763177781431        1.0000000000000000        2.2204460492503131E-014
  0.15149990654552234        3.4657279485376571E-005   1.2121212121212121E-002   1.0017758109407415        1.0101010101010102E-002   1.0017758109407415        1.0000000000000000       -6.2172489379008766E-015
  0.16160116224065904        3.0980404640762044E-005   1.2121212121212121E-002   1.0017750707359836        1.0101010101010102E-002   1.0017750707359836        1.0000000000000000       -6.2172489379008766E-015
  0.17170242737530259        2.7285609008798324E-005   1.2121212121212121E-002   1.0017742734562700        1.0101010101010102E-002   1.0017742734562700        1.0000000000000000       -6.2172489379008766E-015
  0.18180369952723993        2.3954276539085456E-005   1.2121212121212121E-002   1.0017738363525479        1.0101010101010102E-002   1.0017738363525479        1.0000000000000000       -6.2172489379008766E-015
  0.19190497334935255        2.0870264314578655E-005   1.2121212121212121E-002   1.0017737956399908        1.0101010101010102E-002   1.0017737956399908        1.0000000000000000       -6.2172489379008766E-015
  0.20200624575804893        1.7467251491870244E-005   1.2121212121212121E-002   1.0017738360491926        1.0101010101010102E-002   1.0017738360491926        1.0000000000000000       -6.2172489379008766E-015
  0.21210751866549521        1.3577038189267895E-005   1.2121212121212121E-002   1.0017738712165991        1.0101010101010102E-002   1.0017738712165991        1.0000000000000000       -6.2172489379008766E-015
  0.22220879052731110        9.6840989939273327E-006   1.2121212121212121E-002   1.0017739638842449        1.0101010101010102E-002   1.0017739638842449        1.0000000000000000       -1.7763568394002505E-015
  0.23231006129346354        5.8436695444383464E-006   1.2121212121212121E-002   1.0017739254987665        1.0101010101010102E-002   1.0017739254987665        1.0000000000000000       -5.6843418860808015E-014
  0.24241133352917960        1.8867356512170470E-006   1.2121212121212121E-002   1.0017735571870237        1.0101010101010102E-002   1.0017735571870237        1.0000000000000000       -1.8562928971732617E-013
  0.25251261228186556       -1.6716704522975046E-006   1.2121212121212121E-002   1.0017733033668621        1.0101010101010102E-002   1.0017733033668621        1.0000000000000000        1.8385293287792592E-013
  0.26261389072919794       -5.0516565092799367E-006   1.2121212121212121E-002   1.0017738341742322        1.0101010101010102E-002   1.0017738341742322        1.0000000000000000        5.0626169922907138E-014
  0.27271515806970464       -8.2666157491673001E-006   1.2121212121212121E-002   1.0017745938312519        1.0101010101010102E-002   1.0017745938312519        1.0000000000000000       -6.2172489379008766E-015
  0.28281641971252830       -1.1225138524256583E-005   1.2121212121212121E-002   1.0017744976969980        1.0101010101010102E-002   1.0017744976969980        1.0000000000000000       -6.2172489379008766E-015
  0.29291768861806772       -1.3836611094961054E-005   1.2121212121212121E-002   1.0017733200277663        1.0101010101010102E-002   1.0017733200277663        1.0000000000000000       -6.2172489379008766E-015
  0.30301897463077865       -1.6345484717618562E-005   1.2121212121212121E-002   1.0017716949399003        1.0101010101010102E-002   1.0017716949399003        1.0000000000000000       -6.2172489379008766E-015
  0.31312027615933524       -1.8502633477273797E-005   1.2121212121212121E-002   1.0017699400983040        1.0101010101010102E-002   1.0017699400983040        1.0000000000000000       -6.2172489379008766E-015
  0.32322159629360331       -1.9585770201519468E-005   1.2121212121212121E-002   1.0017677545999548        1.0101010101010102E-002   1.0017677545999548        1.0000000000000000       -6.2172489379008766E-015
  0.33332294081063679       -1.9674312358996018E-005   1.2121212121212121E-002   1.0017649839435456        1.0101010101010102E-002   1.0017649839435456        1.0000000000000000       -6.2172489379008766E-015
  0.34342431544416469       -1.8923406906025803E-005   1.2121212121212121E-002   1.0017614733640250        1.0101010101010102E-002   1.0017614733640250        1.0000000000000000       -6.2172489379008766E-015
  0.35352572931635995       -1.7674798174388160E-005   1.2121212121212121E-002   1.0017572251717528        1.0101010101010102E-002   1.0017572251717528        1.0000000000000000       -6.2172489379008766E-015
  0.36362718840961594       -1.6083344963248310E-005   1.2121212121212121E-002   1.0017525405077434        1.0101010101010102E-002   1.0017525405077434        1.0000000000000000       -6.2172489379008766E-015
  0.37372869510068807       -1.4431105123057718E-005   1.2121212121212121E-002   1.0017475793138053        1.0101010101010102E-002   1.0017475793138053        1.0000000000000000       -6.2172489379008766E-015
  0.38383025216520306       -1.3088414312867843E-005   1.2121212121212121E-002   1.0017423567185872        1.0101010101010102E-002   1.0017423567185872        1.0000000000000000       -6.2172489379008766E-015
  0.39393186292547938       -1.1780479854487448E-005   1.2121212121212121E-002   1.0017374364690916        1.0101010101010102E-002   1.0017374364690916        1.0000000000000000       -6.2172489379008766E-015
  0.40403351875971188       -1.0087152127269651E-005   1.2121212121212121E-002   1.0017337550253975        1.0101010101010102E-002   1.0017337550253975        1.0000000000000000       -6.2172489379008766E-015
  0.41413520264884440       -8.4325541033892248E-006   1.2121212121212121E-002   1.0017315640053495        1.0101010101010102E-002   1.0017315640053495        1.0000000000000000       -6.2172489379008766E-015
  0.42423690100395739       -7.5732835269692417E-006   1.2121212121212121E-002   1.0017303805978715        1.0101010101010102E-002   1.0017303805978715        1.0000000000000000       -6.2172489379008766E-015
  0.43433860713582545       -7.1128595054330287E-006   1.2121212121212121E-002   1.0017294751422163        1.0101010101010102E-002   1.0017294751422163        1.0000000000000000       -6.2172489379008766E-015
  0.44444032262822014       -6.4014256928070198E-006   1.2121212121212121E-002   1.0017283665764212        1.0101010101010102E-002   1.0017283665764212        1.0000000000000000       -6.2172489379008766E-015
  0.45454205082709698       -5.7081753697802636E-006   1.2121212121212121E-002   1.0017271151551885        1.0101010101010102E-002   1.0017271151551885        1.0000000000000000       -6.2172489379008766E-015
  0.46464379121213295       -5.2588773840356083E-006   1.2121212121212121E-002   1.0017258019665691        1.0101010101010102E-002   1.0017258019665691        1.0000000000000000       -6.2172489379008766E-015
  0.47474554499381438       -4.5242320854863105E-006   1.2121212121212121E-002   1.0017242378775590        1.0101010101010102E-002   1.0017242378775590        1.0000000000000000        5.3290705182007514E-015
  0.48484731655086999       -3.0582775865152466E-006   1.2121212121212121E-002   1.0017226073004006        1.0101010101010102E-002   1.0017226073004006        1.0000000000000000       -7.0166095156309893E-014
  0.49494910363231298       -1.0679897578631778E-006   1.2121212121212121E-002   1.0017215702454023        1.0101010101010102E-002   1.0017215702454023        1.0000000000000000       -4.4941828036826337E-013
  0.50505089636779665        1.0679898411532239E-006   1.2121212121212121E-002   1.0017215702454370        1.0101010101010102E-002   1.0017215702454370        1.0000000000000000       -6.9277916736609768E-014
  0.51515268344923870        3.0582778384507480E-006   1.2121212121212121E-002   1.0017226073003727        1.0101010101010102E-002   1.0017226073003727        1.0000000000000000        1.5987211554602254E-014
  0.52525445500629586        4.5242318990071901E-006   1.2121212121212121E-002   1.0017242378774949        1.0101010101010102E-002   1.0017242378774949        1.0000000000000000        1.7763568394002505E-015
  0.53535620878797718        5.2588772560130471E-006   1.2121212121212121E-002   1.0017258019665636        1.0101010101010102E-002   1.0017258019665636        1.0000000000000000        1.7763568394002505E-015
  0.54545794917301327        5.7081754540937707E-006   1.2121212121212121E-002   1.0017271151551970        1.0101010101010102E-002   1.0017271151551970        1.0000000000000000        1.7763568394002505E-015
  0.55555967737189005        6.4014259499065703E-006   1.2121212121212121E-002   1.0017283665765588        1.0101010101010102E-002   1.0017283665765588        1.0000000000000000        1.7763568394002505E-015
  0.56566139286428196        7.1128594470140693E-006   1.2121212121212121E-002   1.0017294751424168        1.0101010101010102E-002   1.0017294751424168        1.0000000000000000        1.7763568394002505E-015
  0.57576309899614853        7.5732836225732415E-006   1.2121212121212121E-002   1.0017303805979452        1.0101010101010102E-002   1.0017303805979452        1.0000000000000000        1.7763568394002505E-015
  0.58586479735126140        8.4325540488731407E-006   1.2121212121212121E-002   1.0017315640052189        1.0101010101010102E-002   1.0017315640052189        1.0000000000000000        1.7763568394002505E-015
  0.59596648124039708        1.0087152187439243E-005   1.2121212121212121E-002   1.0017337550253229        1.0101010101010102E-002   1.0017337550253229        1.0000000000000000        1.7763568394002505E-015
  0.60606813707462792        1.1780480176328982E-005   1.2121212121212121E-002   1.0017374364690936        1.0101010101010102E-002   1.0017374364690936        1.0000000000000000        1.7763568394002505E-015
  0.61616974783490552        1.3088414190608120E-005   1.2121212121212121E-002   1.0017423567184842        1.0101010101010102E-002   1.0017423567184842        1.0000000000000000        1.7763568394002505E-015
  0.62627130489942162        1.4431105176871831E-005   1.2121212121212121E-002   1.0017475793137809        1.0101010101010102E-002   1.0017475793137809        1.0000000000000000        1.7763568394002505E-015
  0.63637281159049319        1.6083345114874394E-005   1.2121212121212121E-002   1.0017525405078360        1.0101010101010102E-002   1.0017525405078360        1.0000000000000000        1.7763568394002505E-015
  0.64647427068374752        1.7674798134568636E-005   1.2121212121212121E-002   1.0017572251717561        1.0101010101010102E-002   1.0017572251717561        1.0000000000000000        1.7763568394002505E-015
  0.65657568455594462        1.8923407003458437E-005   1.2121212121212121E-002   1.0017614733640425        1.0101010101010102E-002   1.0017614733640425        1.0000000000000000        1.7763568394002505E-015
  0.66667705918947018        1.9674312308307957E-005   1.2121212121212121E-002   1.0017649839435034        1.0101010101010102E-002   1.0017649839435034        1.0000000000000000        1.7763568394002505E-015
  0.67677840370650688        1.9585770280309036E-005   1.2121212121212121E-002   1.0017677545998842        1.0101010101010102E-002   1.0017677545998842        1.0000000000000000        1.7763568394002505E-015
  0.68687972384077334        1.8502633419154622E-005   1.2121212121212121E-002   1.0017699400983149        1.0101010101010102E-002   1.0017699400983149        1.0000000000000000        1.7763568394002505E-015
  0.69698102536933104        1.6345485013028888E-005   1.2121212121212121E-002   1.0017716949398503        1.0101010101010102E-002   1.0017716949398503        1.0000000000000000        1.7763568394002505E-015
  0.70708231138204203        1.3836611145577653E-005   1.2121212121212121E-002   1.0017733200277441        1.0101010101010102E-002   1.0017733200277441        1.0000000000000000        1.7763568394002505E-015
  0.71718358028758189        1.1225138513152362E-005   1.2121212121212121E-002   1.0017744976970371        1.0101010101010102E-002   1.0017744976970371        1.0000000000000000        1.7763568394002505E-015
  0.72728484193040410        8.2666156387415748E-006   1.2121212121212121E-002   1.0017745938312304        1.0101010101010102E-002   1.0017745938312304        1.0000000000000000        1.7763568394002505E-015
  0.73738610927091275        5.0516564754640199E-006   1.2121212121212121E-002   1.0017738341741806        1.0101010101010102E-002   1.0017738341741806        1.0000000000000000        1.7763568394002505E-015
  0.74748738771824419        1.6716707754206253E-006   1.2121212121212121E-002   1.0017733033667844        1.0101010101010102E-002   1.0017733033667844        1.0000000000000000        1.7763568394002505E-015
  0.75758866647093281       -1.8867357441781566E-006   1.2121212121212121E-002   1.0017735571870248        1.0101010101010102E-002   1.0017735571870248        1.0000000000000000        1.7763568394002505E-015
  0.76768993870664615       -5.8436694676032034E-006   1.2121212121212121E-002   1.0017739254988163        1.0101010101010102E-002   1.0017739254988163        1.0000000000000000        1.7763568394002505E-015
  0.77779120947279989       -9.6840989339889707E-006   1.2121212121212121E-002   1.0017739638841354        1.0101010101010102E-002   1.0017739638841354        1.0000000000000000        1.7763568394002505E-015
  0.78789248133461742       -1.3577038091934284E-005   1.2121212121212121E-002   1.0017738712167297        1.0101010101010102E-002   1.0017738712167297        1.0000000000000000        1.7763568394002505E-015
  0.79799375424205898       -1.7467251346802577E-005   1.2121212121212121E-002   1.0017738360492887        1.0101010101010102E-002   1.0017738360492887        1.0000000000000000        1.7763568394002505E-015
  0.80809502665075761       -2.0870264529009590E-005   1.2121212121212121E-002   1.0017737956397383        1.0101010101010102E-002   1.0017737956397383        1.0000000000000000        1.7763568394002505E-015
  0.81819630047287373       -2.3954276414568868E-005   1.2121212121212121E-002   1.0017738363523696        1.0101010101010102E-002   1.0017738363523696        1.0000000000000000        1.7763568394002505E-015
  0.82829757262481152       -2.7285609040012349E-005   1.2121212121212121E-002   1.0017742734564123        1.0101010101010102E-002   1.0017742734564123        1.0000000000000000        1.7763568394002505E-015
  0.83839883775945112       -3.0980404555765737E-005   1.2121212121212121E-002   1.0017750707360746        1.0101010101010102E-002   1.0017750707360746        1.0000000000000000        1.7763568394002505E-015
  0.84850009345458988       -3.4657279601892837E-005   1.2121212121212121E-002   1.0017758109407073        1.0101010101010102E-002   1.0017758109407073        1.0000000000000000        1.7763568394002505E-015
  0.85860134366439655       -3.7949187269489777E-005   1.2121212121212121E-002   1.0017763177781269        1.0101010101010102E-002   1.0017763177781269        1.0000000000000000        1.7763568394002505E-015
  0.86870258991253591       -4.0557274488593562E-005   1.2121212121212121E-002   1.0017769185048879        1.0101010101010102E-002   1.0017769185048879        1.0000000000000000        1.7763568394002505E-015
  0.87880382861865525       -4.2706328283907038E-005   1.2121212121212121E-002   1.0017778274714948        1.0101010101010102E-002   1.0017778274714948        1.0000000000000000        1.7763568394002505E-015
  0.88890505644068263       -4.5168874613545574E-005   1.2121212121212121E-002   1.0017787900783444        1.0101010101010102E-002   1.0017787900783444        1.0000000000000000        1.7763568394002505E-015
  0.89900627595033089       -4.8212851094666543E-005   1.2121212121212121E-002   1.0017797083324320        1.0101010101010102E-002   1.0017797083324320        1.0000000000000000        1.7763568394002505E-015
  0.90910748611986336       -5.0825984375256833E-005   1.2121212121212121E-002   1.0017808555686063        1.0101010101010102E-002   1.0017808555686063        1.0000000000000000        1.7763568394002505E-015
  0.91920868298958514       -5.2632092116800685E-005   1.2121212121212121E-002   1.0017822545987838        1.0101010101010102E-002   1.0017822545987838        1.0000000000000000        1.7763568394002505E-015
  0.92930986513133906       -5.4202298485811948E-005   1.2121212121212121E-002   1.0017836771707027        1.0101010101010102E-002   1.0017836771707027        1.0000000000000000        1.7763568394002505E-015
  0.93941103364878809       -5.5712970506655174E-005   1.2121212121212121E-002   1.0017849635601694        1.0101010101010102E-002   1.0017849635601694        1.0000000000000000        1.7763568394002505E-015
  0.94951219031338330       -5.6863596787227953E-005   1.2121212121212121E-002   1.0017860922592423        1.0101010101010102E-002   1.0017860922592423        1.0000000000000000        1.7763568394002505E-015
  0.95961333698996021       -5.8052575166895271E-005   1.2121212121212121E-002   1.0017873494703018        1.0101010101010102E-002   1.0017873494703018        1.0000000000000000        1.7763568394002505E-015
  0.96971446931792349       -5.9441633294595573E-005   1.2121212121212121E-002   1.0017890279943609        1.0101010101010102E-002   1.0017890279943609        1.0000000000000000        8.8817841970012523E-016
  0.97981558245214195       -6.0403923521665687E-005   1.2121212121212121E-002   1.0017909137883421        1.0101010101010102E-002   1.0017909137883421        1.0000000000000000       -3.2862601528904634E-014
  0.98991667699004415       -6.0418984818561441E-005   1.2121212121212121E-002   1.0017926580987992        1.0101010101010102E-002   1.0017926580987992        1.0000000000000000        1.5010215292932116E-013
   1.0000177550597893       -6.0081278431005963E-005   1.2121212121212121E-002   1.0017941015237801        1.0101010101010102E-002   1.0017941015237801        1.0000000000000000        1.0436096431476471E-012
   1.0101187651607995        6.0344144821888243E-005   1.2121212121212121E-002   1.0017926580988776        1.0101010101010102E-002   1.0017973445409492        1.0000000000000000        1.4299672557172016E-013
   1.0202197752618096        6.0304348213320250E-005   1.2121212121212121E-002   1.0017909137883128        1.0101010101010102E-002   1.0018001823505647        1.0000000000000000       -1.9677833450701065E-002
   1.0303207853628198        5.9341476768306516E-005   1.2121212121212121E-002   1.0017890279943746        1.0101010101010102E-002   1.0018004115226273        1.0000000000000000       -1.3138325546267744     
   1.0404217954638300        5.7976896509258718E-005   1.2121212121212121E-002   1.0017873494705003        1.0101010101010102E-002  0.99665637860081713        1.0000000000000000       -4.6453021478719450     
   1.0505228055648401        5.6809434870154580E-005   1.2121212121212121E-002   1.0017860922592248        1.0101010101010102E-002  0.77867798353909146        1.0000000000000000        107.01218865918355     
  -1.0118765160683942E-002  -6.0344144805318347E-005   1.2121212121212121E-002   1.0017926580987992        1.0101010101010102E-002   1.0017973445409480        1.0000000000000000        1.1546319456101628E-014
  -2.0219775261694044E-002  -6.0304348159801686E-005   1.2121212121212121E-002   1.0017909137883421        1.0101010101010102E-002   1.0018001823505709        1.0000000000000000        1.9677833450746363E-002
  -3.0320785362704144E-002  -5.9341476754072594E-005   1.2121212121212121E-002   1.0017890279943609        1.0101010101010102E-002   1.0018004115226335        1.0000000000000000        1.3138325546268277     
  -4.0421795463714251E-002  -5.7976896415271204E-005   1.2121212121212121E-002   1.0017873494703018        1.0101010101010102E-002  0.99665637860082268        1.0000000000000000        4.6453021478716039     
  -5.0522805564724355E-002  -5.6809434756067021E-005   1.2121212121212121E-002   1.0017860922592423        1.0101010101010102E-002  0.77867798353909445        1.0000000000000000       -107.01218865918408     
