 # x v h rho m p cs a
   17.100606060604573     
   1.5049120280704504E-014  -2.9010060347211479E-013   1.2121212121212121E-002   1.0018987468403380        1.0101010101010102E-002   1.0018987468403380        1.0000000000000000       -2.0156321056674642E-011
   1.0100038356195818E-002  -3.2126632364467007E-007   1.2121212121212121E-002   1.0018985488004593        1.0101010101010102E-002   1.0018985488004593        1.0000000000000000        4.1302653917441035E-005
   2.0200080626036985E-002  -6.4132621154547705E-007   1.2121212121212121E-002   1.0018979554795788        1.0101010101010102E-002   1.0018979554795788        1.0000000000000000        8.2438712747823217E-005
   3.0300130707407644E-002  -9.5897652525033839E-007   1.2121212121212121E-002   1.0018969692700275        1.0101010101010102E-002   1.0018969692700275        1.0000000000000000        1.2324269115104869E-004
   4.0400192466722967E-002  -1.2730214969286861E-006   1.2121212121212121E-002   1.0018955941476400        1.0101010101010102E-002   1.0018955941476400        1.0000000000000000        1.6354995161105279E-004
   5.0500269723330125E-002  -1.5822748360906178E-006   1.2121212121212121E-002   1.0018938356570584        1.0101010101010102E-002   1.0018938356570584        1.0000000000000000        2.0319807991064920E-004
   6.0600366234134145E-002  -1.8855649201555371E-006   1.2121212121212121E-002   1.0018917008892596        1.0101010101010102E-002   1.0018917008892596        1.0000000000000000        2.4202711208953787E-004
   7.0700485678426600E-002  -2.1817382234645849E-006   1.2121212121212121E-002   1.0018891984513252        1.0101010101010102E-002   1.0018891984513252        1.0000000000000000        2.7988095439113181E-004
   8.0800631643112159E-002  -2.4696610680166532E-006   1.2121212121212121E-002   1.0018863384314824        1.0101010101010102E-002   1.0018863384314824        1.0000000000000000        3.1660689088397476E-004
   9.0900807608228704E-002  -2.7482233771681756E-006   1.2121212121212121E-002   1.0018831323605670        1.0101010101010102E-002   1.0018831323605670        1.0000000000000000        3.5205686884598464E-004
  0.10100101693292061       -3.0163460902699476E-006   1.2121212121212121E-002   1.0018795931636122        1.0101010101010102E-002   1.0018795931636122        1.0000000000000000        3.8608821466734611E-004
  0.11110126284192540       -3.2729812453764738E-006   1.2121212121212121E-002   1.0018757351078511        1.0101010101010102E-002   1.0018757351078511        1.0000000000000000        4.1856372757376192E-004
  0.12120154841256789       -3.5171152075338005E-006   1.2121212121212121E-002   1.0018715737455139        1.0101010101010102E-002   1.0018715737455139        1.0000000000000000        4.4935263634826583E-004
  0.13130187656237174       -3.7477737213325432E-006   1.2121212121212121E-002   1.0018671258500822        1.0101010101010102E-002   1.0018671258500822        1.0000000000000000        4.7833100523941852E-004
  0.14140225003731560       -3.9640287045390056E-006   1.2121212121212121E-002   1.0018624093488906        1.0101010101010102E-002   1.0018624093488906        1.0000000000000000        5.0538209829387171E-004
  0.15150267140077150       -4.1649962205411687E-006   1.2121212121212121E-002   1.0018574432512433        1.0101010101010102E-002   1.0018574432512433        1.0000000000000000        5.3039694807210935E-004
  0.16160314302317580       -4.3498435167360523E-006   1.2121212121212121E-002   1.0018522475708111        1.0101010101010102E-002   1.0018522475708111        1.0000000000000000        5.5327497279122895E-004
  0.17170366707250290       -4.5177918158446357E-006   1.2121212121212121E-002   1.0018468432449841        1.0101010101010102E-002   1.0018468432449841        1.0000000000000000        5.7392401042832830E-004
  0.18180424550552524       -4.6681213634557884E-006   1.2121212121212121E-002   1.0018412520505360        1.0101010101010102E-002   1.0018412520505360        1.0000000000000000        5.9226104546183933E-004
  0.19190488005994966       -4.8001767075496639E-006   1.2121212121212121E-002   1.0018354965151985        1.0101010101010102E-002   1.0018354965151985        1.0000000000000000        6.0821233684471565E-004
  0.20200557224742535       -4.9133620894737034E-006   1.2121212121212121E-002   1.0018295998270510        1.0101010101010102E-002   1.0018295998270510        1.0000000000000000        6.2171374060238094E-004
  0.21210632334746785       -5.0071527572574300E-006   1.2121212121212121E-002   1.0018235857415254        1.0101010101010102E-002   1.0018235857415254        1.0000000000000000        6.3271090445304878E-004
  0.22220713440229883       -5.0810970538586946E-006   1.2121212121212121E-002   1.0018174784844112        1.0101010101010102E-002   1.0018174784844112        1.0000000000000000        6.4115989949353747E-004
  0.23230800621269138       -5.1348188476888968E-006   1.2121212121212121E-002   1.0018113026544149        1.0101010101010102E-002   1.0018113026544149        1.0000000000000000        6.4702667906058053E-004
  0.24240893933473340       -5.1680157969369764E-006   1.2121212121212121E-002   1.0018050831252037        1.0101010101010102E-002   1.0018050831252037        1.0000000000000000        6.5028774227471331E-004
  0.25250993407760103       -5.1804684902671479E-006   1.2121212121212121E-002   1.0017988449438255        1.0101010101010102E-002   1.0017988449438255        1.0000000000000000        6.5093021327466971E-004
  0.26261099050233633       -5.1720382198537123E-006   1.2121212121212121E-002   1.0017926132296597        1.0101010101010102E-002   1.0017926132296597        1.0000000000000000        6.4895169198031510E-004
  0.27271210842161631       -5.1426756691595942E-006   1.2121212121212121E-002   1.0017864130739840        1.0101010101010102E-002   1.0017864130739840        1.0000000000000000        6.4436021606883997E-004
  0.28281328740051509       -5.0924110971325544E-006   1.2121212121212121E-002   1.0017802694398683        1.0101010101010102E-002   1.0017802694398683        1.0000000000000000        6.3717428187981540E-004
  0.29291452675824614       -5.0213636530889182E-006   1.2121212121212121E-002   1.0017742070598741        1.0101010101010102E-002   1.0017742070598741        1.0000000000000000        6.2742328360076982E-004
  0.30301582557095502       -4.9297442881628388E-006   1.2121212121212121E-002   1.0017682503362222        1.0101010101010102E-002   1.0017682503362222        1.0000000000000000        6.1514654614214237E-004
  0.31311718267543803       -4.8178496103895911E-006   1.2121212121212121E-002   1.0017624232449018        1.0101010101010102E-002   1.0017624232449018        1.0000000000000000        6.0039347377660590E-004
  0.32321859667382147       -4.6860637678364546E-006   1.2121212121212121E-002   1.0017567492385753        1.0101010101010102E-002   1.0017567492385753        1.0000000000000000        5.8322363625595841E-004
  0.33332006593920643       -4.5348602816574837E-006   1.2121212121212121E-002   1.0017512511511906        1.0101010101010102E-002   1.0017512511511906        1.0000000000000000        5.6370640351310897E-004
  0.34342158862223693       -4.3647997350319591E-006   1.2121212121212121E-002   1.0017459511058948        1.0101010101010102E-002   1.0017459511058948        1.0000000000000000        5.4192053847490484E-004
  0.35352316265857175       -4.1765298368322988E-006   1.2121212121212121E-002   1.0017408704286774        1.0101010101010102E-002   1.0017408704286774        1.0000000000000000        5.1795344556371248E-004
  0.36362478577715007       -3.9707783748487582E-006   1.2121212121212121E-002   1.0017360295616358        1.0101010101010102E-002   1.0017360295616358        1.0000000000000000        4.9190201718563031E-004
  0.37372645550938499       -3.7483555025278855E-006   1.2121212121212121E-002   1.0017314479787636        1.0101010101010102E-002   1.0017314479787636        1.0000000000000000        4.6387123307134459E-004
  0.38382816919910845       -3.5101499098576113E-006   1.2121212121212121E-002   1.0017271441106645        1.0101010101010102E-002   1.0017271441106645        1.0000000000000000        4.3397375078946254E-004
  0.39392992401323890       -3.2571267026650214E-006   1.2121212121212121E-002   1.0017231352698381        1.0101010101010102E-002   1.0017231352698381        1.0000000000000000        4.0233010581669504E-004
  0.40403171695321516       -2.9903195105779079E-006   1.2121212121212121E-002   1.0017194375810061        1.0101010101010102E-002   1.0017194375810061        1.0000000000000000        3.6906754807830566E-004
  0.41413354486704279       -2.7108254650615872E-006   1.2121212121212121E-002   1.0017160659162645        1.0101010101010102E-002   1.0017160659162645        1.0000000000000000        3.3432017829060356E-004
  0.42423540446201219       -2.4198098770286647E-006   1.2121212121212121E-002   1.0017130338350779        1.0101010101010102E-002   1.0017130338350779        1.0000000000000000        2.9822776064936107E-004
  0.43433729231793855       -2.1184891354416152E-006   1.2121212121212121E-002   1.0017103535314860        1.0101010101010102E-002   1.0017103535314860        1.0000000000000000        2.6093545159699971E-004
  0.44443920490091776       -1.8081330251574526E-006   1.2121212121212121E-002   1.0017080357843686        1.0101010101010102E-002   1.0017080357843686        1.0000000000000000        2.2259338277486052E-004
  0.45454113857755857       -1.4900521630103858E-006   1.2121212121212121E-002   1.0017060899140933        1.0101010101010102E-002   1.0017060899140933        1.0000000000000000        1.8335581152761904E-004
  0.46464308962959516       -1.1655985484710212E-006   1.2121212121212121E-002   1.0017045237446851        1.0101010101010102E-002   1.0017045237446851        1.0000000000000000        1.4338076953102075E-004
  0.47474505426887259       -8.3615536357592365E-007   1.2121212121212121E-002   1.0017033435733713        1.0101010101010102E-002   1.0017033435733713        1.0000000000000000        1.0282886091061982E-004
  0.48484702865256157       -5.0313143570433002E-007   1.2121212121212121E-002   1.0017025541464892        1.0101010101010102E-002   1.0017025541464892        1.0000000000000000        6.1863164294351236E-005
  0.49494900889861498       -1.6795087671157088E-007   1.2121212121212121E-002   1.0017021586384489        1.0101010101010102E-002   1.0017021586384489        1.0000000000000000        2.0648690044033913E-005
  0.50505099110140839        1.6795063039944798E-007   1.2121212121212121E-002   1.0017021586385302        1.0101010101010102E-002   1.0017021586385302        1.0000000000000000       -2.0648706174242193E-005
  0.51515297134745974        5.0313181496920855E-007   1.2121212121212121E-002   1.0017025541465088        1.0101010101010102E-002   1.0017025541465088        1.0000000000000000       -6.1863139935169897E-005
  0.52525494573115050        8.3615578739277760E-007   1.2121212121212121E-002   1.0017033435733533        1.0101010101010102E-002   1.0017033435733533        1.0000000000000000       -1.0282887190804502E-004
  0.53535691037042610        1.1655980729034264E-006   1.2121212121212121E-002   1.0017045237444295        1.0101010101010102E-002   1.0017045237444295        1.0000000000000000       -1.4338070844210904E-004
  0.54545886142247013        1.4900519028386206E-006   1.2121212121212121E-002   1.0017060899139179        1.0101010101010102E-002   1.0017060899139179        1.0000000000000000       -1.8335589172302491E-004
  0.55556079509910739        1.8081330777914448E-006   1.2121212121212121E-002   1.0017080357844959        1.0101010101010102E-002   1.0017080357844959        1.0000000000000000       -2.2259336536922802E-004
  0.56566270768208671        2.1184891611270927E-006   1.2121212121212121E-002   1.0017103535314247        1.0101010101010102E-002   1.0017103535314247        1.0000000000000000       -2.6093543216632042E-004
  0.57576459553801451        2.4198095485866360E-006   1.2121212121212121E-002   1.0017130338349829        1.0101010101010102E-002   1.0017130338349829        1.0000000000000000       -2.9822776777255200E-004
  0.58586645513298452        2.7108262306793844E-006   1.2121212121212121E-002   1.0017160659162641        1.0101010101010102E-002   1.0017160659162641        1.0000000000000000       -3.3432019445278627E-004
  0.59596828304681171        2.9903193867053915E-006   1.2121212121212121E-002   1.0017194375811822        1.0101010101010102E-002   1.0017194375811822        1.0000000000000000       -3.6906756962729048E-004
  0.60607007598678453        3.2571265852386370E-006   1.2121212121212121E-002   1.0017231352699616        1.0101010101010102E-002   1.0017231352699616        1.0000000000000000       -4.0233007304379953E-004
  0.61617183080091587        3.5101496875596618E-006   1.2121212121212121E-002   1.0017271441106670        1.0101010101010102E-002   1.0017271441106670        1.0000000000000000       -4.3397375748632783E-004
  0.62627354449063866        3.7483556807446408E-006   1.2121212121212121E-002   1.0017314479787824        1.0101010101010102E-002   1.0017314479787824        1.0000000000000000       -4.6387122841462514E-004
  0.63637521422287369        3.9707785048474032E-006   1.2121212121212121E-002   1.0017360295615838        1.0101010101010102E-002   1.0017360295615838        1.0000000000000000       -4.9190200782778248E-004
  0.64647683734145300        4.1765291977778537E-006   1.2121212121212121E-002   1.0017408704285955        1.0101010101010102E-002   1.0017408704285955        1.0000000000000000       -5.1795344882155092E-004
  0.65657841137778861        4.3648003910405622E-006   1.2121212121212121E-002   1.0017459511058660        1.0101010101010102E-002   1.0017459511058660        1.0000000000000000       -5.4192054535118217E-004
  0.66667993406081871        4.5348604702675417E-006   1.2121212121212121E-002   1.0017512511511273        1.0101010101010102E-002   1.0017512511511273        1.0000000000000000       -5.6370639020997260E-004
  0.67678140332620551        4.6860637331499227E-006   1.2121212121212121E-002   1.0017567492385866        1.0101010101010102E-002   1.0017567492385866        1.0000000000000000       -5.8322366497698397E-004
  0.68688281732458700        4.8178492183214290E-006   1.2121212121212121E-002   1.0017624232450539        1.0101010101010102E-002   1.0017624232450539        1.0000000000000000       -6.0039347731333237E-004
  0.69698417442906879        4.9297442146533429E-006   1.2121212121212121E-002   1.0017682503364098        1.0101010101010102E-002   1.0017682503364098        1.0000000000000000       -6.1514654888306097E-004
  0.70708547324177473        5.0213637652109117E-006   1.2121212121212121E-002   1.0017742070598425        1.0101010101010102E-002   1.0017742070598425        1.0000000000000000       -6.2742323403419675E-004
  0.71718671259950961        5.0924113052421222E-006   1.2121212121212121E-002   1.0017802694397551        1.0101010101010102E-002   1.0017802694397551        1.0000000000000000       -6.3717431127052748E-004
  0.72728789157840701        5.1426752605096144E-006   1.2121212121212121E-002   1.0017864130739254        1.0101010101010102E-002   1.0017864130739254        1.0000000000000000       -6.4436020110480996E-004
  0.73738900949768971        5.1720388206876997E-006   1.2121212121212121E-002   1.0017926132297483        1.0101010101010102E-002   1.0017926132297483        1.0000000000000000       -6.4895173929002681E-004
  0.74749006592242018        5.1804684330015254E-006   1.2121212121212121E-002   1.0017988449438546        1.0101010101010102E-002   1.0017988449438546        1.0000000000000000       -6.5093015072825722E-004
  0.75759106066529180        5.1680153770768188E-006   1.2121212121212121E-002   1.0018050831250505        1.0101010101010102E-002   1.0018050831250505        1.0000000000000000       -6.5028777012532402E-004
  0.76769199378733366        5.1348192617259799E-006   1.2121212121212121E-002   1.0018113026544819        1.0101010101010102E-002   1.0018113026544819        1.0000000000000000       -6.4702669184502071E-004
  0.77779286559772420        5.0810967958066607E-006   1.2121212121212121E-002   1.0018174784842859        1.0101010101010102E-002   1.0018174784842859        1.0000000000000000       -6.4115985148394117E-004
  0.78789367665256016        5.0071530440651881E-006   1.2121212121212121E-002   1.0018235857414519        1.0101010101010102E-002   1.0018235857414519        1.0000000000000000       -6.3271096071471078E-004
  0.79799442775259921        4.9133618997571892E-006   1.2121212121212121E-002   1.0018295998270781        1.0101010101010102E-002   1.0018295998270781        1.0000000000000000       -6.2171370529906511E-004
  0.80809511994007743        4.8001765075136787E-006   1.2121212121212121E-002   1.0018354965151337        1.0101010101010102E-002   1.0018354965151337        1.0000000000000000       -6.0821235410468688E-004
  0.81819575449450099        4.6681220619856987E-006   1.2121212121212121E-002   1.0018412520505795        1.0101010101010102E-002   1.0018412520505795        1.0000000000000000       -5.9226105161425124E-004
  0.82829633292752336        4.5177916426634760E-006   1.2121212121212121E-002   1.0018468432451388        1.0101010101010102E-002   1.0018468432451388        1.0000000000000000       -5.7392402647682417E-004
  0.83839685697684674        4.3498430111020350E-006   1.2121212121212121E-002   1.0018522475707363        1.0101010101010102E-002   1.0018522475707363        1.0000000000000000       -5.5327490887524533E-004
  0.84849732859925664        4.1649962050475359E-006   1.2121212121212121E-002   1.0018574432511518        1.0101010101010102E-002   1.0018574432511518        1.0000000000000000       -5.3039700709334170E-004
  0.85859774996270899        3.9640285441886942E-006   1.2121212121212121E-002   1.0018624093489286        1.0101010101010102E-002   1.0018624093489286        1.0000000000000000       -5.0538206641448369E-004
  0.86869812343765529        3.7477742318161685E-006   1.2121212121212121E-002   1.0018671258500709        1.0101010101010102E-002   1.0018671258500709        1.0000000000000000       -4.7833103038819047E-004
  0.87879845158745717        3.5171149821743377E-006   1.2121212121212121E-002   1.0018715737455575        1.0101010101010102E-002   1.0018715737455575        1.0000000000000000       -4.4935261888756628E-004
  0.88889873715810042        3.2729815117920086E-006   1.2121212121212121E-002   1.0018757351077698        1.0101010101010102E-002   1.0018757351077698        1.0000000000000000       -4.1856372063087122E-004
  0.89899898306710635        3.0163457316125956E-006   1.2121212121212121E-002   1.0018795931635549        1.0101010101010102E-002   1.0018795931635549        1.0000000000000000       -3.8608822373742413E-004
  0.90909919239179826        2.7482233968718904E-006   1.2121212121212121E-002   1.0018831323605704        1.0101010101010102E-002   1.0018831323605704        1.0000000000000000       -3.5205687677475339E-004
  0.91919936835691496        2.4696606989637005E-006   1.2121212121212121E-002   1.0018863384316417        1.0101010101010102E-002   1.0018863384316417        1.0000000000000000       -3.1660691279444819E-004
  0.92929951432159663        2.1817388042193400E-006   1.2121212121212121E-002   1.0018891984513416        1.0101010101010102E-002   1.0018891984513416        1.0000000000000000       -2.7988090595787440E-004
  0.93939963376589308        1.8855646456136108E-006   1.2121212121212121E-002   1.0018917008893364        1.0101010101010102E-002   1.0018917008893364        1.0000000000000000       -2.4202717032384413E-004
  0.94949973027669132        1.5822745012368152E-006   1.2121212121212121E-002   1.0018938356570597        1.0101010101010102E-002   1.0018938356570597        1.0000000000000000       -2.0319800611812155E-004
  0.95959980753330409        1.2730218988462583E-006   1.2121212121212121E-002   1.0018955941474943        1.0101010101010102E-002   1.0018955941474943        1.0000000000000000       -1.6354999471701603E-004
  0.96969986929261709        9.5897650747170466E-007   1.2121212121212121E-002   1.0018969692699571        1.0101010101010102E-002   1.0018969692699571        1.0000000000000000       -1.2324266464069922E-004
  0.97979991937399136        6.4132609670447848E-007   1.2121212121212121E-002   1.0018979554795169        1.0101010101010102E-002   1.0018979554795169        1.0000000000000000       -8.2438737866397105E-005
  0.98989996164382965        3.2126660227837873E-007   1.2121212121212121E-002   1.0018985488001693        1.0101010101010102E-002   1.0018985488001693        1.0000000000000000       -4.1302582434177282E-005
   1.0000000000000200        1.4636515272434135E-013   1.2121212121212121E-002   1.0018987468403400        1.0101010101010102E-002   1.0018987468403400        1.0000000000000000       -1.1366996233164173E-010
   1.0101000383561958       -4.2135029788204766E-007   1.2121212121212121E-002   1.0018985488004593        1.0101010101010102E-002   1.0018985488004593        1.0000000000000000        4.1302682143751213E-005
   1.0202000806260370       -8.4109043077894801E-007   1.2121212121212121E-002   1.0018979554795788        1.0101010101010102E-002   1.0018979554795788        1.0000000000000000        8.2438731346279326E-005
   1.0303001307074076       -1.2576162052605694E-006   1.2121212121212121E-002   1.0018969692700275        1.0101010101010102E-002   1.0018969692700275        1.0000000000000000        1.2324269246999364E-004
   1.0404001924667230       -1.6693328557752862E-006   1.2121212121212121E-002   1.0018955941476400        1.0101010101010102E-002   1.0018955941476400        1.0000000000000000        1.6354995027612063E-004
   1.0505002697233301       -2.0746605267561014E-006   1.2121212121212121E-002   1.0018938356570584        1.0101010101010102E-002   1.0018938356570584        1.0000000000000000        2.0319807990887284E-004
   1.0606003662341341       -2.4720399512438697E-006   1.2121212121212121E-002   1.0018917008892596        1.0101010101010102E-002   1.0018917008892596        1.0000000000000000        2.4202711272458544E-004
   1.0707004856784266       -2.8599392485903731E-006   1.2121212121212121E-002   1.0018891984513252        1.0101010101010102E-002   1.0018891984513252        1.0000000000000000        2.7988095523578949E-004
   1.0808006316431122       -3.2368546861166936E-006   1.2121212121212121E-002   1.0018863384314824        1.0101010101010102E-002   1.0018863384314824        1.0000000000000000        3.1660688876833376E-004
   1.0909008076082287       -3.6013174997329209E-006   1.2121212121212121E-002   1.0018831323605670        1.0101010101010102E-002   1.0018831323605670        1.0000000000000000        7.6308186719893030     
   1.1010010169329205       -3.9519027931808107E-006   1.2121212121212121E-002   1.0018795931636122        1.0101010101010102E-002   1.0018795931636122        1.0000000000000000        93.411360267750197     
  -1.0100038356170349E-002   4.2135039445425244E-007   1.2121212121212121E-002   1.0018985488001693        1.0101010101010102E-002   1.0018985488001693        1.0000000000000000       -4.1302610258142636E-005
  -2.0200080626008643E-002   8.4109038620201338E-007   1.2121212121212121E-002   1.0018979554795169        1.0101010101010102E-002   1.0018979554795169        1.0000000000000000       -8.2438756500380350E-005
  -3.0300130707382911E-002   1.2576161301303712E-006   1.2121212121212121E-002   1.0018969692699571        1.0101010101010102E-002   1.0018969692699571        1.0000000000000000       -1.2324266464336375E-004
  -4.0400192466695906E-002   1.6693333304847318E-006   1.2121212121212121E-002   1.0018955941474943        1.0101010101010102E-002   1.0018955941474943        1.0000000000000000       -1.6354999473033871E-004
  -5.0500269723308677E-002   2.0746600413662842E-006   1.2121212121212121E-002   1.0018938356570597        1.0101010101010102E-002   1.0018938356570597        1.0000000000000000       -2.0319800612522698E-004
  -6.0600366234106917E-002   2.4720398296441141E-006   1.2121212121212121E-002   1.0018917008893364        1.0101010101010102E-002   1.0018917008893364        1.0000000000000000       -2.4202717032562049E-004
  -7.0700485678403369E-002   2.8599396750012506E-006   1.2121212121212121E-002   1.0018891984513416        1.0101010101010102E-002   1.0018891984513416        1.0000000000000000       -2.7988090596764437E-004
  -8.0800631643085041E-002   3.2368543923252886E-006   1.2121212121212121E-002   1.0018863384316417        1.0101010101010102E-002   1.0018863384316417        1.0000000000000000       -3.1660691278734276E-004
  -9.0900807608201739E-002   3.6013175296662978E-006   1.2121212121212121E-002   1.0018831323605704        1.0101010101010102E-002   1.0018831323605704        1.0000000000000000       -7.6308186719935520     
 -0.10100101693289365        3.9519024741889685E-006   1.2121212121212121E-002   1.0018795931635549        1.0101010101010102E-002   1.0018795931635549        1.0000000000000000       -93.411360267750283     
