 # x v h rho m p cs a
   2.1049999999999773     
   6.5436545071406780E-017   0.0000000000000000        1.2121212121212121E-002   1.0018205778369402        1.0101010101010102E-002   1.0018205778369402        1.0000000000000000        1.2434497875801753E-014
   1.0100606875424226E-002  -6.6627565199665877E-006   1.2121212121212121E-002   1.0018365819485404        1.0101010101010102E-002   1.0018365819485404        1.0000000000000000       -1.4210854715202004E-014
   2.0201276779270347E-002  -1.2449849097627513E-005   1.2121212121212121E-002   1.0018361976971946        1.0101010101010102E-002   1.0018361976971946        1.0000000000000000       -9.9475983006414026E-014
   3.0301923999735709E-002  -1.8634449097462118E-005   1.2121212121212121E-002   1.0018365518143193        1.0101010101010102E-002   1.0018365518143193        1.0000000000000000        6.1284310959308641E-014
   4.0402580912664077E-002  -2.4533651290704270E-005   1.2121212121212121E-002   1.0018359935542038        1.0101010101010102E-002   1.0018359935542038        1.0000000000000000        3.5527136788005009E-015
   5.0503241205918030E-002  -3.0254392427372260E-005   1.2121212121212121E-002   1.0018353599057173        1.0101010101010102E-002   1.0018353599057173        1.0000000000000000        4.4408920985006262E-015
   6.0603910200477257E-002  -3.6001723311031244E-005   1.2121212121212121E-002   1.0018345156580073        1.0101010101010102E-002   1.0018345156580073        1.0000000000000000       -8.8817841970012523E-015
   7.0704587389876075E-002  -4.1660041268818011E-005   1.2121212121212121E-002   1.0018335603966033        1.0101010101010102E-002   1.0018335603966033        1.0000000000000000       -5.1514348342607263E-014
   8.0805275245919156E-002  -4.7129392253028096E-005   1.2121212121212121E-002   1.0018324962583249        1.0101010101010102E-002   1.0018324962583249        1.0000000000000000        2.1316282072803006E-014
   9.0905973435229021E-002  -5.2301473838799990E-005   1.2121212121212121E-002   1.0018313059220414        1.0101010101010102E-002   1.0018313059220414        1.0000000000000000        7.1054273576010019E-015
  0.10100668477307087       -5.7166721624042274E-005   1.2121212121212121E-002   1.0018299710482126        1.0101010101010102E-002   1.0018299710482126        1.0000000000000000        7.1054273576010019E-015
  0.11110740942397389       -6.2063280631360088E-005   1.2121212121212121E-002   1.0018285336085819        1.0101010101010102E-002   1.0018285336085819        1.0000000000000000        3.5527136788005009E-015
  0.12120814906024380       -6.6642248830871574E-005   1.2121212121212121E-002   1.0018269449333785        1.0101010101010102E-002   1.0018269449333785        1.0000000000000000        1.9539925233402755E-014
  0.13130890521783775       -7.0927819687741707E-005   1.2121212121212121E-002   1.0018252633818392        1.0101010101010102E-002   1.0018252633818392        1.0000000000000000        8.0824236192711396E-014
  0.14140967802682594       -7.4808557624877255E-005   1.2121212121212121E-002   1.0018234731842190        1.0101010101010102E-002   1.0018234731842190        1.0000000000000000        2.2204460492503131E-014
  0.15151046972240798       -7.8475113571503137E-005   1.2121212121212121E-002   1.0018216619353861        1.0101010101010102E-002   1.0018216619353861        1.0000000000000000       -6.2172489379008766E-015
  0.16161127824028754       -8.1864130767934229E-005   1.2121212121212121E-002   1.0018197775945838        1.0101010101010102E-002   1.0018197775945838        1.0000000000000000       -6.2172489379008766E-015
  0.17171210686924160       -8.4933954437388276E-005   1.2121212121212121E-002   1.0018176617314982        1.0101010101010102E-002   1.0018176617314982        1.0000000000000000       -6.2172489379008766E-015
  0.18181295751170640       -8.7644142372288604E-005   1.2121212121212121E-002   1.0018154898351324        1.0101010101010102E-002   1.0018154898351324        1.0000000000000000       -6.2172489379008766E-015
  0.19191382925732708       -8.9910375205154785E-005   1.2121212121212121E-002   1.0018133852361275        1.0101010101010102E-002   1.0018133852361275        1.0000000000000000       -6.2172489379008766E-015
  0.20201472133631312       -9.1918907852816289E-005   1.2121212121212121E-002   1.0018112644874655        1.0101010101010102E-002   1.0018112644874655        1.0000000000000000       -6.2172489379008766E-015
  0.21211563481073836       -9.3507687730165742E-005   1.2121212121212121E-002   1.0018090210981516        1.0101010101010102E-002   1.0018090210981516        1.0000000000000000       -6.2172489379008766E-015
  0.22221657124116115       -9.4672314977408526E-005   1.2121212121212121E-002   1.0018066654781532        1.0101010101010102E-002   1.0018066654781532        1.0000000000000000       -1.7763568394002505E-015
  0.23231753138181374       -9.5597684778778793E-005   1.2121212121212121E-002   1.0018042777294422        1.0101010101010102E-002   1.0018042777294422        1.0000000000000000       -5.6843418860808015E-014
  0.24241851520077765       -9.6157775030485896E-005   1.2121212121212121E-002   1.0018019794471649        1.0101010101010102E-002   1.0018019794471649        1.0000000000000000       -1.8562928971732617E-013
  0.25251952070378542       -9.6133611962707311E-005   1.2121212121212121E-002   1.0017997377786587        1.0101010101010102E-002   1.0017997377786587        1.0000000000000000        1.8385293287792592E-013
  0.26262054853634320       -9.5713160619572394E-005   1.2121212121212121E-002   1.0017973979710146        1.0101010101010102E-002   1.0017973979710146        1.0000000000000000        5.0626169922907138E-014
  0.27272160043312910       -9.5073015312742139E-005   1.2121212121212121E-002   1.0017950450208679        1.0101010101010102E-002   1.0017950450208679        1.0000000000000000       -6.2172489379008766E-015
  0.28282267492863350       -9.4051592292035809E-005   1.2121212121212121E-002   1.0017927706600036        1.0101010101010102E-002   1.0017927706600036        1.0000000000000000       -6.2172489379008766E-015
  0.29292377152372218       -9.2605352774087081E-005   1.2121212121212121E-002   1.0017904497624537        1.0101010101010102E-002   1.0017904497624537        1.0000000000000000       -6.2172489379008766E-015
  0.30302489197739801       -9.0782133028318842E-005   1.2121212121212121E-002   1.0017881439680358        1.0101010101010102E-002   1.0017881439680358        1.0000000000000000       -6.2172489379008766E-015
  0.31312603450875565       -8.8541675086015279E-005   1.2121212121212121E-002   1.0017860587190832        1.0101010101010102E-002   1.0017860587190832        1.0000000000000000       -6.2172489379008766E-015
  0.32322719593316435       -8.5941074800990511E-005   1.2121212121212121E-002   1.0017840617568063        1.0101010101010102E-002   1.0017840617568063        1.0000000000000000       -6.2172489379008766E-015
  0.33332837757844846       -8.3043786609221970E-005   1.2121212121212121E-002   1.0017819573157563        1.0101010101010102E-002   1.0017819573157563        1.0000000000000000       -6.2172489379008766E-015
  0.34342958085835967       -7.9807762889487371E-005   1.2121212121212121E-002   1.0017798923729853        1.0101010101010102E-002   1.0017798923729853        1.0000000000000000       -6.2172489379008766E-015
  0.35353080351528937       -7.6295179782289411E-005   1.2121212121212121E-002   1.0017779895340584        1.0101010101010102E-002   1.0017779895340584        1.0000000000000000       -6.2172489379008766E-015
  0.36363204421908057       -7.2529400221059631E-005   1.2121212121212121E-002   1.0017761610069638        1.0101010101010102E-002   1.0017761610069638        1.0000000000000000       -6.2172489379008766E-015
  0.37373330306551344       -6.8338131598310600E-005   1.2121212121212121E-002   1.0017744387857723        1.0101010101010102E-002   1.0017744387857723        1.0000000000000000       -6.2172489379008766E-015
  0.38383457797761977       -6.3773705860383273E-005   1.2121212121212121E-002   1.0017729177161376        1.0101010101010102E-002   1.0017729177161376        1.0000000000000000       -6.2172489379008766E-015
  0.39393586672220082       -5.9090898390961089E-005   1.2121212121212121E-002   1.0017715077928711        1.0101010101010102E-002   1.0017715077928711        1.0000000000000000       -6.2172489379008766E-015
  0.40403716933741324       -5.4218931621283856E-005   1.2121212121212121E-002   1.0017701162290737        1.0101010101010102E-002   1.0017701162290737        1.0000000000000000       -6.2172489379008766E-015
  0.41413848568899553       -4.9026386094384031E-005   1.2121212121212121E-002   1.0017688013544284        1.0101010101010102E-002   1.0017688013544284        1.0000000000000000       -6.2172489379008766E-015
  0.42423981438057451       -4.3731103075921169E-005   1.2121212121212121E-002   1.0017676227111347        1.0101010101010102E-002   1.0017676227111347        1.0000000000000000       -6.2172489379008766E-015
  0.43434115404537499       -3.8387815047046371E-005   1.2121212121212121E-002   1.0017666010503099        1.0101010101010102E-002   1.0017666010503099        1.0000000000000000       -6.2172489379008766E-015
  0.44444250299712806       -3.2731056764806216E-005   1.2121212121212121E-002   1.0017657792685963        1.0101010101010102E-002   1.0017657792685963        1.0000000000000000       -6.2172489379008766E-015
  0.45454385892886856       -2.6836339329581285E-005   1.2121212121212121E-002   1.0017651745194718        1.0101010101010102E-002   1.0017651745194718        1.0000000000000000       -6.2172489379008766E-015
  0.46464521978951773       -2.0994545448652546E-005   1.2121212121212121E-002   1.0017647621199497        1.0101010101010102E-002   1.0017647621199497        1.0000000000000000       -6.2172489379008766E-015
  0.47474658382485996       -1.5087318746722852E-005   1.2121212121212121E-002   1.0017645097986689        1.0101010101010102E-002   1.0017645097986689        1.0000000000000000        5.3290705182007514E-015
  0.48484794959268041       -8.9808045294411029E-006   1.2121212121212121E-002   1.0017643669794971        1.0101010101010102E-002   1.0017643669794971        1.0000000000000000       -7.0166095156309893E-014
  0.49494931638611089       -2.9468308348240895E-006   1.2121212121212121E-002   1.0017642937179860        1.0101010101010102E-002   1.0017642937179860        1.0000000000000000       -4.4941828036826337E-013
  0.50505068361388361        2.9468308571569856E-006   1.2121212121212121E-002   1.0017642937179361        1.0101010101010102E-002   1.0017642937179361        1.0000000000000000       -6.9277916736609768E-014
  0.51515205040731538        8.9808044737586155E-006   1.2121212121212121E-002   1.0017643669794865        1.0101010101010102E-002   1.0017643669794865        1.0000000000000000        1.5987211554602254E-014
  0.52525341617513455        1.5087318814441725E-005   1.2121212121212121E-002   1.0017645097986003        1.0101010101010102E-002   1.0017645097986003        1.0000000000000000        1.7763568394002505E-015
  0.53535478021047955        2.0994545437252319E-005   1.2121212121212121E-002   1.0017647621198957        1.0101010101010102E-002   1.0017647621198957        1.0000000000000000        1.7763568394002505E-015
  0.54545614107112705        2.6836339364031036E-005   1.2121212121212121E-002   1.0017651745194640        1.0101010101010102E-002   1.0017651745194640        1.0000000000000000        1.7763568394002505E-015
  0.55555749700286938        3.2731056727628802E-005   1.2121212121212121E-002   1.0017657792686410        1.0101010101010102E-002   1.0017657792686410        1.0000000000000000        1.7763568394002505E-015
  0.56565884595461968        3.8387815075942744E-005   1.2121212121212121E-002   1.0017666010503634        1.0101010101010102E-002   1.0017666010503634        1.0000000000000000        1.7763568394002505E-015
  0.57576018561942166        4.3731103065848687E-005   1.2121212121212121E-002   1.0017676227110828        1.0101010101010102E-002   1.0017676227110828        1.0000000000000000        1.7763568394002505E-015
  0.58586151431100042        4.9026386108430142E-005   1.2121212121212121E-002   1.0017688013544048        1.0101010101010102E-002   1.0017688013544048        1.0000000000000000        1.7763568394002505E-015
  0.59596283066258338        5.4218931640039544E-005   1.2121212121212121E-002   1.0017701162290824        1.0101010101010102E-002   1.0017701162290824        1.0000000000000000        1.7763568394002505E-015
  0.60606413327779496        5.9090898420747741E-005   1.2121212121212121E-002   1.0017715077929095        1.0101010101010102E-002   1.0017715077929095        1.0000000000000000        1.7763568394002505E-015
  0.61616542202237601        6.3773705868473387E-005   1.2121212121212121E-002   1.0017729177161636        1.0101010101010102E-002   1.0017729177161636        1.0000000000000000        1.7763568394002505E-015
  0.62626669693448178        6.8338131632694947E-005   1.2121212121212121E-002   1.0017744387857610        1.0101010101010102E-002   1.0017744387857610        1.0000000000000000        1.7763568394002505E-015
  0.63636795578091543        7.2529400209514112E-005   1.2121212121212121E-002   1.0017761610069154        1.0101010101010102E-002   1.0017761610069154        1.0000000000000000        1.7763568394002505E-015
  0.64646919648470691        7.6295179808580027E-005   1.2121212121212121E-002   1.0017779895340242        1.0101010101010102E-002   1.0017779895340242        1.0000000000000000        1.7763568394002505E-015
  0.65657041914163694        7.9807762830335239E-005   1.2121212121212121E-002   1.0017798923729346        1.0101010101010102E-002   1.0017798923729346        1.0000000000000000        1.7763568394002505E-015
  0.66667162242154887        8.3043786633027675E-005   1.2121212121212121E-002   1.0017819573157183        1.0101010101010102E-002   1.0017819573157183        1.0000000000000000        1.7763568394002505E-015
  0.67677280406683304        8.5941074840803472E-005   1.2121212121212121E-002   1.0017840617567999        1.0101010101010102E-002   1.0017840617567999        1.0000000000000000        1.7763568394002505E-015
  0.68687396549124180        8.8541675082280745E-005   1.2121212121212121E-002   1.0017860587191030        1.0101010101010102E-002   1.0017860587191030        1.0000000000000000        1.7763568394002505E-015
  0.69697510802259899        9.0782132958539319E-005   1.2121212121212121E-002   1.0017881439680736        1.0101010101010102E-002   1.0017881439680736        1.0000000000000000        1.7763568394002505E-015
  0.70707622847627438        9.2605352867863413E-005   1.2121212121212121E-002   1.0017904497624310        1.0101010101010102E-002   1.0017904497624310        1.0000000000000000        1.7763568394002505E-015
  0.71717732507136400        9.4051592260452349E-005   1.2121212121212121E-002   1.0017927706599550        1.0101010101010102E-002   1.0017927706599550        1.0000000000000000        1.7763568394002505E-015
  0.72727839956686868        9.5073015305432651E-005   1.2121212121212121E-002   1.0017950450209347        1.0101010101010102E-002   1.0017950450209347        1.0000000000000000        1.7763568394002505E-015
  0.73737945146365280        9.5713160636225794E-005   1.2121212121212121E-002   1.0017973979710926        1.0101010101010102E-002   1.0017973979710926        1.0000000000000000        1.7763568394002505E-015
  0.74748047929621053        9.6133611977193526E-005   1.2121212121212121E-002   1.0017997377785881        1.0101010101010102E-002   1.0017997377785881        1.0000000000000000        1.7763568394002505E-015
  0.75758148479922005        9.6157775060163762E-005   1.2121212121212121E-002   1.0018019794471102        1.0101010101010102E-002   1.0018019794471102        1.0000000000000000        1.7763568394002505E-015
  0.76768246861818346        9.5597684737671037E-005   1.2121212121212121E-002   1.0018042777294986        1.0101010101010102E-002   1.0018042777294986        1.0000000000000000        1.7763568394002505E-015
  0.77778342875883510        9.4672315034826911E-005   1.2121212121212121E-002   1.0018066654781421        1.0101010101010102E-002   1.0018066654781421        1.0000000000000000        1.7763568394002505E-015
  0.78788436518925908        9.3507687754739197E-005   1.2121212121212121E-002   1.0018090210980810        1.0101010101010102E-002   1.0018090210980810        1.0000000000000000        1.7763568394002505E-015
  0.79798527866368463        9.1918907872826853E-005   1.2121212121212121E-002   1.0018112644874042        1.0101010101010102E-002   1.0018112644874042        1.0000000000000000        1.7763568394002505E-015
  0.80808617074267175        8.9910375183329904E-005   1.2121212121212121E-002   1.0018133852361688        1.0101010101010102E-002   1.0018133852361688        1.0000000000000000        1.7763568394002505E-015
  0.81818704248829033        8.7644142373110090E-005   1.2121212121212121E-002   1.0018154898351574        1.0101010101010102E-002   1.0018154898351574        1.0000000000000000        1.7763568394002505E-015
  0.82828789313075657        8.4933954489251249E-005   1.2121212121212121E-002   1.0018176617314165        1.0101010101010102E-002   1.0018176617314165        1.0000000000000000        1.7763568394002505E-015
  0.83838872175971113        8.1864130712578417E-005   1.2121212121212121E-002   1.0018197775945734        1.0101010101010102E-002   1.0018197775945734        1.0000000000000000        1.7763568394002505E-015
  0.84848953027759033        7.8475113601519003E-005   1.2121212121212121E-002   1.0018216619354190        1.0101010101010102E-002   1.0018216619354190        1.0000000000000000        1.7763568394002505E-015
  0.85859032197317198        7.4808557610292107E-005   1.2121212121212121E-002   1.0018234731842319        1.0101010101010102E-002   1.0018234731842319        1.0000000000000000        1.7763568394002505E-015
  0.86869109478216022        7.0927819719504386E-005   1.2121212121212121E-002   1.0018252633817937        1.0101010101010102E-002   1.0018252633817937        1.0000000000000000        1.7763568394002505E-015
  0.87879185093975520        6.6642248888069324E-005   1.2121212121212121E-002   1.0018269449333765        1.0101010101010102E-002   1.0018269449333765        1.0000000000000000        1.7763568394002505E-015
  0.88889259057602410        6.2063280581405622E-005   1.2121212121212121E-002   1.0018285336086112        1.0101010101010102E-002   1.0018285336086112        1.0000000000000000        1.7763568394002505E-015
  0.89899331522692738        5.7166721685863835E-005   1.2121212121212121E-002   1.0018299710481859        1.0101010101010102E-002   1.0018299710481859        1.0000000000000000        1.7763568394002505E-015
  0.90909402656476967        5.2301473791757447E-005   1.2121212121212121E-002   1.0018313059220543        1.0101010101010102E-002   1.0018313059220543        1.0000000000000000        1.7763568394002505E-015
  0.91919472475407882        4.7129392270693896E-005   1.2121212121212121E-002   1.0018324962583693        1.0101010101010102E-002   1.0018324962583693        1.0000000000000000        1.7763568394002505E-015
  0.92929541261012161        4.1660041250196385E-005   1.2121212121212121E-002   1.0018335603966027        1.0101010101010102E-002   1.0018335603966027        1.0000000000000000        1.7763568394002505E-015
  0.93939608979952083        3.6001723307255246E-005   1.2121212121212121E-002   1.0018345156580040        1.0101010101010102E-002   1.0018345156580040        1.0000000000000000        1.7763568394002505E-015
  0.94949675879407969        3.0254392468984729E-005   1.2121212121212121E-002   1.0018353599056982        1.0101010101010102E-002   1.0018353599056982        1.0000000000000000        1.7763568394002505E-015
  0.95959741908733442        2.4533651232331835E-005   1.2121212121212121E-002   1.0018359935541949        1.0101010101010102E-002   1.0018359935541949        1.0000000000000000        1.7763568394002505E-015
  0.96969807600026225        1.8634449178618432E-005   1.2121212121212121E-002   1.0018365518143593        1.0101010101010102E-002   1.0018365518143593        1.0000000000000000        8.8817841970012523E-016
  0.97979872322072725        1.2449849087350262E-005   1.2121212121212121E-002   1.0018361976972192        1.0101010101010102E-002   1.0018361976972192        1.0000000000000000       -3.2862601528904634E-014
  0.98989939312457320        6.6627565506320044E-006   1.2121212121212121E-002   1.0018365819485195        1.0101010101010102E-002   1.0018365819485195        1.0000000000000000        1.5010215292932116E-013
  0.99999999999999800        0.0000000000000000        1.2121212121212121E-002   1.0018205778369074        1.0101010101010102E-002   1.0018205778369074        1.0000000000000000        1.0436096431476471E-012
