 # x v h rho m p cs a
   27.801212121216583     
   2.6287100727974802E-014  -3.3959205817760997E-013   1.2121212121212121E-002   1.0018822613376872        1.0101010101010102E-002   1.0018822613376872        1.0000000000000000        3.0079938539984141E-011
   1.0100201252445528E-002   3.5222107381104261E-006   1.2121212121212121E-002   1.0018820970367843        1.0101010101010102E-002   1.0018820970367843        1.0000000000000000        3.4266830349238830E-005
   2.0200405751865991E-002   7.0301766846146899E-006   1.2121212121212121E-002   1.0018816047891190        1.0101010101010102E-002   1.0018816047891190        1.0000000000000000        6.8397129378894306E-005
   3.0300616732355092E-002   1.0509714079161341E-005   1.2121212121212121E-002   1.0018807865549082        1.0101010101010102E-002   1.0018807865549082        1.0000000000000000        1.0225526202578550E-004
   4.0400837402187306E-002   1.3946754356394177E-005   1.2121212121212121E-002   1.0018796455894128        1.0101010101010102E-002   1.0018796455894128        1.0000000000000000        1.3570694379083648E-004
   5.0501070931133672E-002   1.7327402481601356E-005   1.2121212121212121E-002   1.0018781864326025        1.0101010101010102E-002   1.0018781864326025        1.0000000000000000        1.6861859851413641E-004
   6.0601320437799214E-002   2.0637993409094158E-005   1.2121212121212121E-002   1.0018764148957873        1.0101010101010102E-002   1.0018764148957873        1.0000000000000000        2.0085872019048878E-004
   7.0701588977156449E-002   2.3865149691491190E-005   1.2121212121212121E-002   1.0018743380349950        1.0101010101010102E-002   1.0018743380349950        1.0000000000000000        2.3229929970725038E-004
   8.0801879528426032E-002   2.6995836140346124E-005   1.2121212121212121E-002   1.0018719641210816        1.0101010101010102E-002   1.0018719641210816        1.0000000000000000        2.6281508351377880E-004
   9.0902194983209714E-002   3.0017411535780681E-005   1.2121212121212121E-002   1.0018693026123136        1.0101010101010102E-002   1.0018693026123136        1.0000000000000000        2.9228375475565116E-004
  0.10100253813389139        3.2917677415291935E-005   1.2121212121212121E-002   1.0018663641188361        1.0101010101010102E-002   1.0018663641188361        1.0000000000000000        3.2058738373841322E-004
  0.11110291166247337        3.5684933494857164E-005   1.2121212121212121E-002   1.0018631603598740        1.0101010101010102E-002   1.0018631603598740        1.0000000000000000        3.4761262531635140E-004
  0.12120331812982421        3.8308024177025473E-005   1.2121212121212121E-002   1.0018597041158888        1.0101010101010102E-002   1.0018597041158888        1.0000000000000000        3.7325155470302462E-004
  0.13130375996546620        4.0776379466086338E-005   1.2121212121212121E-002   1.0018560091803637        1.0101010101010102E-002   1.0018560091803637        1.0000000000000000        3.9740079241656900E-004
  0.14140423945777425        4.3080058585965134E-005   1.2121212121212121E-002   1.0018520903107124        1.0101010101010102E-002   1.0018520903107124        1.0000000000000000        4.1996265619204109E-004
  0.15150475874470840        4.5209794142785590E-005   1.2121212121212121E-002   1.0018479631664847        1.0101010101010102E-002   1.0018479631664847        1.0000000000000000        4.4084661837295869E-004
  0.16160531980525442        4.7157028025839627E-005   1.2121212121212121E-002   1.0018436442467753        1.0101010101010102E-002   1.0018436442467753        1.0000000000000000        4.5996809297488284E-004
  0.17170592445139266        4.8913941576990934E-005   1.2121212121212121E-002   1.0018391508284468        1.0101010101010102E-002   1.0018391508284468        1.0000000000000000        4.7724940370574842E-004
  0.18180657432074634        5.0473489048777850E-005   1.2121212121212121E-002   1.0018345008992466        1.0101010101010102E-002   1.0018345008992466        1.0000000000000000        4.9261980715087361E-004
  0.19190727086987439        5.1829427825382022E-005   1.2121212121212121E-002   1.0018297130872271        1.0101010101010102E-002   1.0018297130872271        1.0000000000000000        5.0601643884284897E-004
  0.20200801536830193        5.2976342177763482E-005   1.2121212121212121E-002   1.0018248065821087        1.0101010101010102E-002   1.0018248065821087        1.0000000000000000        5.1738493006592279E-004
  0.21210880889339223        5.3909660119290185E-005   1.2121212121212121E-002   1.0018198010627748        1.0101010101010102E-002   1.0018198010627748        1.0000000000000000        5.2667748987467178E-004
  0.22220965232579612        5.4625677373682522E-005   1.2121212121212121E-002   1.0018147166241143        1.0101010101010102E-002   1.0018147166241143        1.0000000000000000        5.3385500556490939E-004
  0.23231054634574430        5.5121564331964781E-005   1.2121212121212121E-002   1.0018095736907704        1.0101010101010102E-002   1.0018095736907704        1.0000000000000000        5.3888763850107324E-004
  0.24241149143023363        5.5395386519243811E-005   1.2121212121212121E-002   1.0018043929353755        1.0101010101010102E-002   1.0018043929353755        1.0000000000000000        5.4175342016549166E-004
  0.25251248785092684        5.5446099106180176E-005   1.2121212121212121E-002   1.0017991951984648        1.0101010101010102E-002   1.0017991951984648        1.0000000000000000        5.4243914986873421E-004
  0.26261353567291423        5.5273561459290767E-005   1.2121212121212121E-002   1.0017940014061113        1.0101010101010102E-002   1.0017940014061113        1.0000000000000000        5.4093998066395699E-004
  0.27271463475424135        5.4878529008734190E-005   1.2121212121212121E-002   1.0017888324851552        1.0101010101010102E-002   1.0017888324851552        1.0000000000000000        5.3726047145996603E-004
  0.28281578474634128        5.4262654214413826E-005   1.2121212121212121E-002   1.0017837092746473        1.0101010101010102E-002   1.0017837092746473        1.0000000000000000        5.3141424470659615E-004
  0.29291698509533270        5.3428474683129762E-005   1.2121212121212121E-002   1.0017786524442978        1.0101010101010102E-002   1.0017786524442978        1.0000000000000000        5.2342285454720638E-004
  0.30301823504405295        5.2379404610535466E-005   1.2121212121212121E-002   1.0017736824138856        1.0101010101010102E-002   1.0017736824138856        1.0000000000000000        5.1331672788723637E-004
  0.31311953363493500        5.1119718304625046E-005   1.2121212121212121E-002   1.0017688192660636        1.0101010101010102E-002   1.0017688192660636        1.0000000000000000        5.0113560379827504E-004
  0.32322087971378577        4.9654538392919598E-005   1.2121212121212121E-002   1.0017640826637464        1.0101010101010102E-002   1.0017640826637464        1.0000000000000000        4.8692723006649175E-004
  0.33332227193429315        4.7989803533904092E-005   1.2121212121212121E-002   1.0017594917711123        1.0101010101010102E-002   1.0017594917711123        1.0000000000000000        4.7074776827660259E-004
  0.34342370876336625        4.6132251916391533E-005   1.2121212121212121E-002   1.0017550651772913        1.0101010101010102E-002   1.0017550651772913        1.0000000000000000        4.5266088061790555E-004
  0.35352518848714298        4.4089392755533788E-005   1.2121212121212121E-002   1.0017508208178456        1.0101010101010102E-002   1.0017508208178456        1.0000000000000000        4.3273917606967416E-004
  0.36362670921788898        4.1869471189731243E-005   1.2121212121212121E-002   1.0017467758974763        1.0101010101010102E-002   1.0017467758974763        1.0000000000000000        4.1106244533217762E-004
  0.37372826890155170        3.9481441896916157E-005   1.2121212121212121E-002   1.0017429468230881        1.0101010101010102E-002   1.0017429468230881        1.0000000000000000        3.8771728255948545E-004
  0.38382986532596441        3.6934923942352256E-005   1.2121212121212121E-002   1.0017393491368543        1.0101010101010102E-002   1.0017393491368543        1.0000000000000000        3.6279739643951814E-004
  0.39393149612972556        3.4240169296982186E-005   1.2121212121212121E-002   1.0017359974489584        1.0101010101010102E-002   1.0017359974489584        1.0000000000000000        3.3640350040808897E-004
  0.40403315881174134        3.1408018821144074E-005   1.2121212121212121E-002   1.0017329053747368        1.0101010101010102E-002   1.0017329053747368        1.0000000000000000        3.0864243302453076E-004
  0.41413485074135920        2.8449860304884367E-005   1.2121212121212121E-002   1.0017300854814550        1.0101010101010102E-002   1.0017300854814550        1.0000000000000000        2.7962600478570465E-004
  0.42423656916895003        2.5377575642644758E-005   1.2121212121212121E-002   1.0017275492369835        1.0101010101010102E-002   1.0017275492369835        1.0000000000000000        2.4947174833744867E-004
  0.43433831123705552        2.2203506116621849E-005   1.2121212121212121E-002   1.0017253069588203        1.0101010101010102E-002   1.0017253069588203        1.0000000000000000        2.1830217614571268E-004
  0.44444007399199048        1.8940393486171196E-005   1.2121212121212121E-002   1.0017233677697335        1.0101010101010102E-002   1.0017233677697335        1.0000000000000000        1.8624408299938722E-004
  0.45454185439587430        1.5601331709174419E-005   1.2121212121212121E-002   1.0017217395630447        1.0101010101010102E-002   1.0017217395630447        1.0000000000000000        1.5342722095557093E-004
  0.46464364933890506        1.2199714319557968E-005   1.2121212121212121E-002   1.0017204289689434        1.0101010101010102E-002   1.0017204289689434        1.0000000000000000        1.1998542494051634E-004
  0.47474545565206194        8.7491846509844903E-006   1.2121212121212121E-002   1.0017194413238626        1.0101010101010102E-002   1.0017194413238626        1.0000000000000000        8.6054834979698569E-005
  0.48484727011999978        5.2635807089295913E-006   1.2121212121212121E-002   1.0017187806502525        1.0101010101010102E-002   1.0017187806502525        1.0000000000000000        5.1773583324532524E-005
  0.49494908949413552        1.7568749598314846E-006   1.2121212121212121E-002   1.0017184496386331        1.0101010101010102E-002   1.0017184496386331        1.0000000000000000        1.7281465698459897E-005
  0.50505091050591222       -1.7568753835360042E-006   1.2121212121212121E-002   1.0017184496383176        1.0101010101010102E-002   1.0017184496383176        1.0000000000000000       -1.7281399803614761E-005
  0.51515272988005545       -5.2635798320339520E-006   1.2121212121212121E-002   1.0017187806499752        1.0101010101010102E-002   1.0017187806499752        1.0000000000000000       -5.1773653146902632E-005
  0.52525454434799157       -8.7491851021095963E-006   1.2121212121212121E-002   1.0017194413238175        1.0101010101010102E-002   1.0017194413238175        1.0000000000000000       -8.6054815149338992E-005
  0.53535635066115039       -1.2199713998390649E-005   1.2121212121212121E-002   1.0017204289688038        1.0101010101010102E-002   1.0017204289688038        1.0000000000000000       -1.1998542900748532E-004
  0.54545814560418271       -1.5601331551079629E-005   1.2121212121212121E-002   1.0017217395631830        1.0101010101010102E-002   1.0017217395631830        1.0000000000000000       -1.5342727213418783E-004
  0.55555992600806203       -1.8940394133717045E-005   1.2121212121212121E-002   1.0017233677700523        1.0101010101010102E-002   1.0017233677700523        1.0000000000000000       -1.8624407717382496E-004
  0.56566168876299494       -2.2203505552246924E-005   1.2121212121212121E-002   1.0017253069591234        1.0101010101010102E-002   1.0017253069591234        1.0000000000000000       -2.1830217297846843E-004
  0.57576343083109560       -2.5377575922076703E-005   1.2121212121212121E-002   1.0017275492367894        1.0101010101010102E-002   1.0017275492367894        1.0000000000000000       -2.4947164441169178E-004
  0.58586514925869593       -2.8449860463712853E-005   1.2121212121212121E-002   1.0017300854812294        1.0101010101010102E-002   1.0017300854812294        1.0000000000000000       -2.7962610315057645E-004
  0.59596684118830956       -3.1408019038398775E-005   1.2121212121212121E-002   1.0017329053749304        1.0101010101010102E-002   1.0017329053749304        1.0000000000000000       -3.0864242293837663E-004
  0.60606850387032463       -3.4240169307815540E-005   1.2121212121212121E-002   1.0017359974489890        1.0101010101010102E-002   1.0017359974489890        1.0000000000000000       -3.3640348035657297E-004
  0.61617013467408610       -3.6934923555636375E-005   1.2121212121212121E-002   1.0017393491368045        1.0101010101010102E-002   1.0017393491368045        1.0000000000000000       -3.6279739553268797E-004
  0.62627173109849976       -3.9481441745055327E-005   1.2121212121212121E-002   1.0017429468231294        1.0101010101010102E-002   1.0017429468231294        1.0000000000000000       -3.8771730399123072E-004
  0.63637329078216054       -4.1869471227244205E-005   1.2121212121212121E-002   1.0017467758975069        1.0101010101010102E-002   1.0017467758975069        1.0000000000000000       -4.1106242272803684E-004
  0.64647481151290764       -4.4089392667978927E-005   1.2121212121212121E-002   1.0017508208177315        1.0101010101010102E-002   1.0017508208177315        1.0000000000000000       -4.3273916585029326E-004
  0.65657629123668559       -4.6132252017993528E-005   1.2121212121212121E-002   1.0017550651770839        1.0101010101010102E-002   1.0017550651770839        1.0000000000000000       -4.5266086884954149E-004
  0.66667772806576198       -4.7989804068979595E-005   1.2121212121212121E-002   1.0017594917710588        1.0101010101010102E-002   1.0017594917710588        1.0000000000000000       -4.7074782073774912E-004
  0.67677912028626752       -4.9654537949636662E-005   1.2121212121212121E-002   1.0017640826640029        1.0101010101010102E-002   1.0017640826640029        1.0000000000000000       -4.8692723670562543E-004
  0.68688046636511335       -5.1119718112313527E-005   1.2121212121212121E-002   1.0017688192657337        1.0101010101010102E-002   1.0017688192657337        1.0000000000000000       -5.0113547401764436E-004
  0.69698176495600794       -5.2379404720327443E-005   1.2121212121212121E-002   1.0017736824135599        1.0101010101010102E-002   1.0017736824135599        1.0000000000000000       -5.1331685817501693E-004
  0.70708301490472325       -5.3428474929182764E-005   1.2121212121212121E-002   1.0017786524446128        1.0101010101010102E-002   1.0017786524446128        1.0000000000000000       -5.2342286029549712E-004
  0.71718421525371179       -5.4262653759252168E-005   1.2121212121212121E-002   1.0017837092747510        1.0101010101010102E-002   1.0017837092747510        1.0000000000000000       -5.3141419759406006E-004
  0.72728536524581255       -5.4878528989728214E-005   1.2121212121212121E-002   1.0017888324850137        1.0101010101010102E-002   1.0017888324850137        1.0000000000000000       -5.3726046418223206E-004
  0.73738646432714261       -5.5273561788354867E-005   1.2121212121212121E-002   1.0017940014062479        1.0101010101010102E-002   1.0017940014062479        1.0000000000000000       -5.4094004623639336E-004
  0.74748751214912368       -5.5446099784209342E-005   1.2121212121212121E-002   1.0017991951985146        1.0101010101010102E-002   1.0017991951985146        1.0000000000000000       -5.4243906606554759E-004
  0.75758850856982174       -5.5395385348672108E-005   1.2121212121212121E-002   1.0018043929350808        1.0101010101010102E-002   1.0018043929350808        1.0000000000000000       -5.4175342993456610E-004
  0.76768945365431307       -5.5121564590632685E-005   1.2121212121212121E-002   1.0018095736907027        1.0101010101010102E-002   1.0018095736907027        1.0000000000000000       -5.3888767439058682E-004
  0.77779034767426070       -5.4625677083686731E-005   1.2121212121212121E-002   1.0018147166243714        1.0101010101010102E-002   1.0018147166243714        1.0000000000000000       -5.3385504491476610E-004
  0.78789119110665973       -5.3909660574995137E-005   1.2121212121212121E-002   1.0018198010631414        1.0101010101010102E-002   1.0018198010631414        1.0000000000000000       -5.2667747368051465E-004
  0.79799198463174703       -5.2976342063932798E-005   1.2121212121212121E-002   1.0018248065822195        1.0101010101010102E-002   1.0018248065822195        1.0000000000000000       -5.1738488798136473E-004
  0.80809272913017538       -5.1829427720332210E-005   1.2121212121212121E-002   1.0018297130870932        1.0101010101010102E-002   1.0018297130870932        1.0000000000000000       -5.0601643038206134E-004
  0.81819342567930609       -5.0473489378463313E-005   1.2121212121212121E-002   1.0018345008993088        1.0101010101010102E-002   1.0018345008993088        1.0000000000000000       -4.9261985475990144E-004
  0.82829407554865531       -4.8913941436707336E-005   1.2121212121212121E-002   1.0018391508284208        1.0101010101010102E-002   1.0018391508284208        1.0000000000000000       -4.7724934048787304E-004
  0.83839468019479857       -4.7157028406607859E-005   1.2121212121212121E-002   1.0018436442466756        1.0101010101010102E-002   1.0018436442466756        1.0000000000000000       -4.5996813952609017E-004
  0.84849524125534193       -4.5209794117927958E-005   1.2121212121212121E-002   1.0018479631665262        1.0101010101010102E-002   1.0018479631665262        1.0000000000000000       -4.4084660158905109E-004
  0.85859576054227771       -4.3080058316181149E-005   1.2121212121212121E-002   1.0018520903107897        1.0101010101010102E-002   1.0018520903107897        1.0000000000000000       -4.1996268429844719E-004
  0.86869624003458246       -4.0776379154222650E-005   1.2121212121212121E-002   1.0018560091803641        1.0101010101010102E-002   1.0018560091803641        1.0000000000000000       -3.9740074030980566E-004
  0.87879668187022730       -3.8308024222283054E-005   1.2121212121212121E-002   1.0018597041156276        1.0101010101010102E-002   1.0018597041156276        1.0000000000000000       -3.7325155739242888E-004
  0.88889708833758185       -3.5684933541907561E-005   1.2121212121212121E-002   1.0018631603600845        1.0101010101010102E-002   1.0018631603600845        1.0000000000000000       -3.4761272185690473E-004
  0.89899746186615515       -3.2917677264069198E-005   1.2121212121212121E-002   1.0018663641190655        1.0101010101010102E-002   1.0018663641190655        1.0000000000000000       -3.2058729202599778E-004
  0.90909780501683990       -3.0017411524390368E-005   1.2121212121212121E-002   1.0018693026119665        1.0101010101010102E-002   1.0018693026119665        1.0000000000000000       -2.9228372235579059E-004
  0.91919812047162852       -2.6995836453029228E-005   1.2121212121212121E-002   1.0018719641207934        1.0101010101010102E-002   1.0018719641207934        1.0000000000000000       -2.6281512439751964E-004
  0.92929841102289934       -2.3865149629413368E-005   1.2121212121212121E-002   1.0018743380350752        1.0101010101010102E-002   1.0018743380350752        1.0000000000000000       -2.3229934517576822E-004
  0.93939867956225331       -2.0637993296283867E-005   1.2121212121212121E-002   1.0018764148959556        1.0101010101010102E-002   1.0018764148959556        1.0000000000000000       -2.0085869010522117E-004
  0.94949892906891775       -1.7327402843525551E-005   1.2121212121212121E-002   1.0018781864322963        1.0101010101010102E-002   1.0018781864322963        1.0000000000000000       -1.6861852528737842E-004
  0.95959916259787226       -1.3946754043830514E-005   1.2121212121212121E-002   1.0018796455891894        1.0101010101010102E-002   1.0018796455891894        1.0000000000000000       -1.3570703709486764E-004
  0.96969938326770166       -1.0509713967798760E-005   1.2121212121212121E-002   1.0018807865552612        1.0101010101010102E-002   1.0018807865552612        1.0000000000000000       -1.0225529208973683E-004
  0.97979959424818497       -7.0301769101755225E-006   1.2121212121212121E-002   1.0018816047891559        1.0101010101010102E-002   1.0018816047891559        1.0000000000000000       -6.8397031674827247E-005
  0.98989979874761025       -3.5222108387644579E-006   1.2121212121212121E-002   1.0018820970363596        1.0101010101010102E-002   1.0018820970363596        1.0000000000000000       -3.4266825891471342E-005
   1.0000000000000346        4.7513973603995623E-013   1.2121212121212121E-002   1.0018822613376848        1.0101010101010102E-002   1.0018822613376848        1.0000000000000000       -1.2761613987777309E-010
   1.0101002012524456        3.4387030054499846E-006   1.2121212121212121E-002   1.0018820970367843        1.0101010101010102E-002   1.0018820970367843        1.0000000000000000        3.4266876136612723E-005
   1.0202004057518659        6.8634940589147217E-006   1.2121212121212121E-002   1.0018816047891190        1.0101010101010102E-002   1.0018816047891190        1.0000000000000000        6.8397164127986798E-005
   1.0303006167323552        1.0260519897573789E-005   1.2121212121212121E-002   1.0018807865549082        1.0101010101010102E-002   1.0018807865549082        1.0000000000000000        1.0225526069884694E-004
   1.0404008374021874        1.3616039293553620E-005   1.2121212121212121E-002   1.0018796455894128        1.0101010101010102E-002   1.0018796455894128        1.0000000000000000        1.3570694371534131E-004
   1.0505010709311338        1.6916482756292666E-005   1.2121212121212121E-002   1.0018781864326025        1.0101010101010102E-002   1.0018781864326025        1.0000000000000000        1.6861859812067337E-004
   1.0606013204377993        2.0148505771458552E-005   1.2121212121212121E-002   1.0018764148957873        1.0101010101010102E-002   1.0018764148957873        1.0000000000000000        2.0085871934671928E-004
   1.0707015889771565        2.3299042936229498E-005   1.2121212121212121E-002   1.0018743380349950        1.0101010101010102E-002   1.0018743380349950        1.0000000000000000        2.3229929880930200E-004
   1.0808018795284260        2.6355364293354642E-005   1.2121212121212121E-002   1.0018719641210816        1.0101010101010102E-002   1.0018719641210816        1.0000000000000000        2.6281508493752881E-004
   1.0909021949832096        2.9305126647001024E-005   1.2121212121212121E-002   1.0018693026123136        1.0101010101010102E-002   1.0018693026123136        1.0000000000000000        7.6298723506868100     
   1.1010025381338915        3.2136419088044533E-005   1.2121212121212121E-002   1.0018663641188361        1.0101010101010102E-002   1.0018663641188361        1.0000000000000000        93.410834501330640     
  -1.0100201252389751E-002  -3.4387031126916084E-006   1.2121212121212121E-002   1.0018820970363596        1.0101010101010102E-002   1.0018820970363596        1.0000000000000000       -3.4266873329968917E-005
  -2.0200405751815032E-002  -6.8634945005311451E-006   1.2121212121212121E-002   1.0018816047891559        1.0101010101010102E-002   1.0018816047891559        1.0000000000000000       -6.8397063196279362E-005
  -3.0300616732298336E-002  -1.0260519722354947E-005   1.2121212121212121E-002   1.0018807865552612        1.0101010101010102E-002   1.0018807865552612        1.0000000000000000       -1.0225529209773043E-004
  -4.0400837402127743E-002  -1.3616038781643961E-005   1.2121212121212121E-002   1.0018796455891894        1.0101010101010102E-002   1.0018796455891894        1.0000000000000000       -1.3570703709042675E-004
  -5.0501070931082248E-002  -1.6916483262959800E-005   1.2121212121212121E-002   1.0018781864322963        1.0101010101010102E-002   1.0018781864322963        1.0000000000000000       -1.6861852528915477E-004
  -6.0601320437746686E-002  -2.0148505740786998E-005   1.2121212121212121E-002   1.0018764148959556        1.0101010101010102E-002   1.0018764148959556        1.0000000000000000       -2.0085869011055024E-004
  -7.0701588977100660E-002  -2.3299042775555255E-005   1.2121212121212121E-002   1.0018743380350752        1.0101010101010102E-002   1.0018743380350752        1.0000000000000000       -2.3229934517488005E-004
  -8.0801879528371479E-002  -2.6355364493017316E-005   1.2121212121212121E-002   1.0018719641207934        1.0101010101010102E-002   1.0018719641207934        1.0000000000000000       -2.6281512439840782E-004
  -9.0902194983160101E-002  -2.9305126715645814E-005   1.2121212121212121E-002   1.0018693026119665        1.0101010101010102E-002   1.0018693026119665        1.0000000000000000       -7.6298723506742050     
 -0.10100253813384485       -3.2136419162146736E-005   1.2121212121212121E-002   1.0018663641190655        1.0101010101010102E-002   1.0018663641190655        1.0000000000000000       -93.410834501289827     
