 # x v h rho m p cs a
   5.5515151515149004     
   6.7178585926181677E-016   2.5470373285233068E-013   1.2121212121212121E-002   1.0018986881556700        1.0101010101010102E-002   1.0018986881556700        1.0000000000000000        7.5734973847829679E-012
   1.0100038936131898E-002   3.8691500888681356E-007   1.2121212121212121E-002   1.0018984902916779        1.0101010101010102E-002   1.0018984902916779        1.0000000000000000        4.1265920918576171E-005
   2.0200081782441232E-002   7.7224315867107493E-007   1.2121212121212121E-002   1.0018978974970683        1.0101010101010102E-002   1.0018978974970683        1.0000000000000000        8.2365644691329010E-005
   3.0300132433359998E-002   1.1544068778709527E-006   1.2121212121212121E-002   1.0018969121596413        1.0101010101010102E-002   1.0018969121596413        1.0000000000000000        1.2313379096173804E-004
   4.0400194751904803E-002   1.5318388201446032E-006   1.2121212121212121E-002   1.0018955382475851        1.0101010101010102E-002   1.0018955382475851        1.0000000000000000        1.6340631274669448E-004
   5.0500272554134140E-002   1.9029928887815114E-006   1.2121212121212121E-002   1.0018937812938136        1.0101010101010102E-002   1.0018937812938136        1.0000000000000000        2.0302106146186105E-004
   6.0600369593788429E-002   2.2663522715773933E-006   1.2121212121212121E-002   1.0018916483748386        1.0101010101010102E-002   1.0018916483748386        1.0000000000000000        2.4181837979675436E-004
   7.0700489547157866E-002   2.6204319525097840E-006   1.2121212121212121E-002   1.0018891480815380        1.0101010101010102E-002   1.0018891480815380        1.0000000000000000        2.7964221148835122E-004
   8.0800635998300938E-002   2.9637868995475652E-006   1.2121212121212121E-002   1.0018862904833097        1.0101010101010102E-002   1.0018862904833097        1.0000000000000000        3.1634036766181595E-004
   9.0900812424623778E-002   3.2950167253850364E-006   1.2121212121212121E-002   1.0018830870884805        1.0101010101010102E-002   1.0018830870884805        1.0000000000000000        3.5176503092682054E-004
  0.10100102218287423        3.6127747136424245E-006   1.2121212121212121E-002   1.0018795507986789        1.0101010101010102E-002   1.0018795507986789        1.0000000000000000        3.8577348546464663E-004
  0.11110126849561931        3.9157735317524207E-006   1.2121212121212121E-002   1.0018756958564765        1.0101010101010102E-002   1.0018756958564765        1.0000000000000000        4.1822882018838214E-004
  0.12120155443827220        4.2027843871666741E-006   1.2121212121212121E-002   1.0018715377870224        1.0101010101010102E-002   1.0018715377870224        1.0000000000000000        4.4900049276197507E-004
  0.13130188292672268        4.4726476999842977E-006   1.2121212121212121E-002   1.0018670933353686        1.0101010101010102E-002   1.0018670933353686        1.0000000000000000        4.7796462184468425E-004
  0.14140225670560214        4.7242785800882173E-006   1.2121212121212121E-002   1.0018623804007598        1.0101010101010102E-002   1.0018623804007598        1.0000000000000000        5.0500433851929927E-004
  0.15150267833720193        4.9566675848832085E-006   1.2121212121212121E-002   1.0018574179639810        1.0101010101010102E-002   1.0018574179639810        1.0000000000000000        5.3001089148718705E-004
  0.16160315019117377        5.1688869133091162E-006   1.2121212121212121E-002   1.0018522260093747        1.0101010101010102E-002   1.0018522260093747        1.0000000000000000        5.5288366393302368E-004
  0.17170367443499238        5.3600914888273422E-006   1.2121212121212121E-002   1.0018468254452069        1.0101010101010102E-002   1.0018468254452069        1.0000000000000000        5.7353049311625881E-004
  0.18180425302522227        5.5295263095345360E-006   1.2121212121212121E-002   1.0018412380202850        1.0101010101010102E-002   1.0018412380202850        1.0000000000000000        5.9186810699696224E-004
  0.19190488769962372        5.6765271346796475E-006   1.2121212121212121E-002   1.0018354862359116        1.0101010101010102E-002   1.0018354862359116        1.0000000000000000        6.0782269825931934E-004
  0.20200557997015836        5.8005215707933775E-006   1.2121212121212121E-002   1.0018295932543257        1.0101010101010102E-002   1.0018295932543257        1.0000000000000000        6.2133007494935555E-004
  0.21210633111690599        5.9010314589292285E-006   1.2121212121212121E-002   1.0018235828059638        1.0101010101010102E-002   1.0018235828059638        1.0000000000000000        6.3233576513965772E-004
  0.22220714218289744        5.9776768779217034E-006   1.2121212121212121E-002   1.0018174790941157        1.0101010101010102E-002   1.0018174790941157        1.0000000000000000        6.4079542644268628E-004
  0.23230801396991513        6.0301764194696421E-006   1.2121212121212121E-002   1.0018113066977699        1.0101010101010102E-002   1.0018113066977699        1.0000000000000000        6.4667484010882959E-004
  0.24240894703524285        6.0583451544596342E-006   1.2121212121212121E-002   1.0018050904720963        1.0101010101010102E-002   1.0018050904720963        1.0000000000000000        6.4995043265891894E-004
  0.25250994168943264        6.0620972469470619E-006   1.2121212121212121E-002   1.0017988554474275        1.0101010101010102E-002   1.0017988554474275        1.0000000000000000        6.5060903617375487E-004
  0.26261099799505605        6.0414453384755211E-006   1.2121212121212121E-002   1.0017926267300592        1.0101010101010102E-002   1.0017926267300592        1.0000000000000000        6.4864776584627748E-004
  0.27271211576642373        5.9965026245400871E-006   1.2121212121212121E-002   1.0017864294012566        1.0101010101010102E-002   1.0017864294012566        1.0000000000000000        6.4407450739789596E-004
  0.28281329457033322        5.9274777441601809E-006   1.2121212121212121E-002   1.0017802884149447        1.0101010101010102E-002   1.0017802884149447        1.0000000000000000        6.3690773527991240E-004
  0.29291453372781578        5.8346740600770010E-006   1.2121212121212121E-002   1.0017742284971882        1.0101010101010102E-002   1.0017742284971882        1.0000000000000000        6.2717631981357158E-004
  0.30301583231687101        5.7184895641643094E-006   1.2121212121212121E-002   1.0017682740475609        1.0101010101010102E-002   1.0017682740475609        1.0000000000000000        6.1491929079338092E-004
  0.31311718917616255        5.5794181765193720E-006   1.2121212121212121E-002   1.0017624490416066        1.0101010101010102E-002   1.0017624490416066        1.0000000000000000        6.0018588153099017E-004
  0.32321860290967852        5.4180413064167548E-006   1.2121212121212121E-002   1.0017567769329820        1.0101010101010102E-002   1.0017567769329820        1.0000000000000000        5.8303555463545820E-004
  0.33332007189236890        5.2350241822177990E-006   1.2121212121212121E-002   1.0017512805586670        1.0101010101010102E-002   1.0017512805586670        1.0000000000000000        5.6353734867009564E-004
  0.34342159427668195        5.0311207695299066E-006   1.2121212121212121E-002   1.0017459820479804        1.0101010101010102E-002   1.0017459820479804        1.0000000000000000        5.4176970171937455E-004
  0.35352316799999983        4.8071664128272581E-006   1.2121212121212121E-002   1.0017409027341551        1.0101010101010102E-002   1.0017409027341551        1.0000000000000000        5.1782012370527042E-004
  0.36362479079292220        4.5640723046003672E-006   1.2121212121212121E-002   1.0017360630671690        1.0101010101010102E-002   1.0017360630671690        1.0000000000000000        4.9178526176518744E-004
  0.37372646018843392        4.3028203880709555E-006   1.2121212121212121E-002   1.0017314825315378        1.0101010101010102E-002   1.0017314825315378        1.0000000000000000        4.6376980086559882E-004
  0.38382817353181542        4.0244661233803392E-006   1.2121212121212121E-002   1.0017271795688141        1.0101010101010102E-002   1.0017271795688141        1.0000000000000000        4.3388658944643055E-004
  0.39392992799134030        3.7301299298055225E-006   1.2121212121212121E-002   1.0017231715025370        1.0101010101010102E-002   1.0017231715025370        1.0000000000000000        4.0225595805587488E-004
  0.40403172056967962        3.4209931991405693E-006   1.2121212121212121E-002   1.0017194744694202        1.0101010101010102E-002   1.0017194744694202        1.0000000000000000        3.6900517795679377E-004
  0.41413354811595454        3.0982892525805598E-006   1.2121212121212121E-002   1.0017161033531743        1.0101010101010102E-002   1.0017161033531743        1.0000000000000000        3.3426838295014250E-004
  0.42423540733845999        2.7633061223680115E-006   1.2121212121212121E-002   1.0017130717252336        1.0101010101010102E-002   1.0017130717252336        1.0000000000000000        2.9818524767133425E-004
  0.43433729481788796        2.4173798589643313E-006   1.2121212121212121E-002   1.0017103917907435        1.0101010101010102E-002   1.0017103917907435        1.0000000000000000        2.6090118375865501E-004
  0.44443920702111983        2.0618852838054845E-006   1.2121212121212121E-002   1.0017080743388651        1.0101010101010102E-002   1.0017080743388651        1.0000000000000000        2.2256625627026239E-004
  0.45454114031543708        1.6982316271513154E-006   1.2121212121212121E-002   1.0017061286989597        1.0101010101010102E-002   1.0017061286989597        1.0000000000000000        1.8333505838885600E-004
  0.46464309098318257        1.3278592770706455E-006   1.2121212121212121E-002   1.0017045627033003        1.0101010101010102E-002   1.0017045627033003        1.0000000000000000        1.4336541607917752E-004
  0.47474505523671229        9.5223801751202603E-007   1.2121212121212121E-002   1.0017033826569768        1.0101010101010102E-002   1.0017033826569768        1.0000000000000000        1.0281824564462028E-004
  0.48484702923364387        5.7285346189153236E-007   1.2121212121212121E-002   1.0017025933104695        1.0101010101010102E-002   1.0017025933104695        1.0000000000000000        6.1857081267824299E-005
  0.49494900909236406        1.9120343896505409E-007   1.2121212121212121E-002   1.0017021978411267        1.0101010101010102E-002   1.0017021978411267        1.0000000000000000        2.0646742226126946E-005
  0.50505099090763916       -1.9120343973944118E-007   1.2121212121212121E-002   1.0017021978410592        1.0101010101010102E-002   1.0017021978410592        1.0000000000000000       -2.0646725612749606E-005
  0.51515297076636091       -5.7285323985257746E-007   1.2121212121212121E-002   1.0017025933104093        1.0101010101010102E-002   1.0017025933104093        1.0000000000000000       -6.1857102005014042E-005
  0.52525494476329271       -9.5223824020073355E-007   1.2121212121212121E-002   1.0017033826572355        1.0101010101010102E-002   1.0017033826572355        1.0000000000000000       -1.0281829408409493E-004
  0.53535690901681643       -1.3278594759227559E-006   1.2121212121212121E-002   1.0017045627034962        1.0101010101010102E-002   1.0017045627034962        1.0000000000000000       -1.4336535272363449E-004
  0.54545885968456342       -1.6982313138182822E-006   1.2121212121212121E-002   1.0017061286987508        1.0101010101010102E-002   1.0017061286987508        1.0000000000000000       -1.8333503686651653E-004
  0.55556079297888428       -2.0618853042809898E-006   1.2121212121212121E-002   1.0017080743387661        1.0101010101010102E-002   1.0017080743387661        1.0000000000000000       -2.2256629589723076E-004
  0.56566270518211426       -2.4173798615792545E-006   1.2121212121212121E-002   1.0017103917906753        1.0101010101010102E-002   1.0017103917906753        1.0000000000000000       -2.6090115546661963E-004
  0.57576459266154556       -2.7633062230303103E-006   1.2121212121212121E-002   1.0017130717252372        1.0101010101010102E-002   1.0017130717252372        1.0000000000000000       -2.9818529099046032E-004
  0.58586645188404762       -3.0982891681705828E-006   1.2121212121212121E-002   1.0017161033532465        1.0101010101010102E-002   1.0017161033532465        1.0000000000000000       -3.3426835365535368E-004
  0.59596827943032427       -3.4209929678523540E-006   1.2121212121212121E-002   1.0017194744694287        1.0101010101010102E-002   1.0017194744694287        1.0000000000000000       -3.6900519401772414E-004
  0.60607007200866181       -3.7301299031070148E-006   1.2121212121212121E-002   1.0017231715025348        1.0101010101010102E-002   1.0017231715025348        1.0000000000000000       -4.0225593823173256E-004
  0.61617182646818858       -4.0244662685849086E-006   1.2121212121212121E-002   1.0017271795688529        1.0101010101010102E-002   1.0017271795688529        1.0000000000000000       -4.3388662130272593E-004
  0.62627353981156753       -4.3028204408072717E-006   1.2121212121212121E-002   1.0017314825316468        1.0101010101010102E-002   1.0017314825316468        1.0000000000000000       -4.6376978099349486E-004
  0.63637520920707902       -4.5640723216340380E-006   1.2121212121212121E-002   1.0017360630670242        1.0101010101010102E-002   1.0017360630670242        1.0000000000000000       -4.9178522931914159E-004
  0.64647683200000494       -4.8071663991843780E-006   1.2121212121212121E-002   1.0017409027340010        1.0101010101010102E-002   1.0017409027340010        1.0000000000000000       -5.1782015102652679E-004
  0.65657840572332249       -5.0311209115477755E-006   1.2121212121212121E-002   1.0017459820479406        1.0101010101010102E-002   1.0017459820479406        1.0000000000000000       -5.4176970113406497E-004
  0.66667992810763665       -5.2350241240660945E-006   1.2121212121212121E-002   1.0017512805587365        1.0101010101010102E-002   1.0017512805587365        1.0000000000000000       -5.6353737257275327E-004
  0.67678139709032437       -5.4180410460116277E-006   1.2121212121212121E-002   1.0017567769330604        1.0101010101010102E-002   1.0017567769330604        1.0000000000000000       -5.8303553318861390E-004
  0.68688281082384151       -5.5794184813239663E-006   1.2121212121212121E-002   1.0017624490417107        1.0101010101010102E-002   1.0017624490417107        1.0000000000000000       -6.0018590968269336E-004
  0.69698416768312976       -5.7184896577012209E-006   1.2121212121212121E-002   1.0017682740476361        1.0101010101010102E-002   1.0017682740476361        1.0000000000000000       -6.1491925195067410E-004
  0.70708546627218627       -5.8346736866844677E-006   1.2121212121212121E-002   1.0017742284969877        1.0101010101010102E-002   1.0017742284969877        1.0000000000000000       -6.2717630385744627E-004
  0.71718670542967244       -5.9274779137990954E-006   1.2121212121212121E-002   1.0017802884149538        1.0101010101010102E-002   1.0017802884149538        1.0000000000000000       -6.3690779189329305E-004
  0.72728788423357782       -5.9965026433831702E-006   1.2121212121212121E-002   1.0017864294013332        1.0101010101010102E-002   1.0017864294013332        1.0000000000000000       -6.4407446871950214E-004
  0.73738900200494795       -6.0414452927552923E-006   1.2121212121212121E-002   1.0017926267301065        1.0101010101010102E-002   1.0017926267301065        1.0000000000000000       -6.4864779916273818E-004
  0.74749005831056814       -6.0620970106098009E-006   1.2121212121212121E-002   1.0017988554475101        1.0101010101010102E-002   1.0017988554475101        1.0000000000000000       -6.5060900710456337E-004
  0.75759105296475915       -6.0583453067963701E-006   1.2121212121212121E-002   1.0018050904720330        1.0101010101010102E-002   1.0018050904720330        1.0000000000000000       -6.4995043244042705E-004
  0.76769198603008726       -6.0301763992418736E-006   1.2121212121212121E-002   1.0018113066977476        1.0101010101010102E-002   1.0018113066977476        1.0000000000000000       -6.4667484852076740E-004
  0.77779285781710505       -5.9776767986490655E-006   1.2121212121212121E-002   1.0018174790941705        1.0101010101010102E-002   1.0018174790941705        1.0000000000000000       -6.4079543467254751E-004
  0.78789366888309498       -5.9010315701097254E-006   1.2121212121212121E-002   1.0018235828059223        1.0101010101010102E-002   1.0018235828059223        1.0000000000000000       -6.3233573682008881E-004
  0.79799442002984511       -5.8005217392996463E-006   1.2121212121212121E-002   1.0018295932542680        1.0101010101010102E-002   1.0018295932542680        1.0000000000000000       -6.2133009883336143E-004
  0.80809511230037856       -5.6765271747230641E-006   1.2121212121212121E-002   1.0018354862359311        1.0101010101010102E-002   1.0018354862359311        1.0000000000000000       -6.0782269128623057E-004
  0.81819574697478070       -5.5295262408886812E-006   1.2121212121212121E-002   1.0018412380203219        1.0101010101010102E-002   1.0018412380203219        1.0000000000000000       -5.9186811810985063E-004
  0.82829632556500910       -5.3600915616853292E-006   1.2121212121212121E-002   1.0018468254452138        1.0101010101010102E-002   1.0018468254452138        1.0000000000000000       -5.7353047482333608E-004
  0.83839684980882911       -5.1688867656502586E-006   1.2121212121212121E-002   1.0018522260093849        1.0101010101010102E-002   1.0018522260093849        1.0000000000000000       -5.5288368358397122E-004
  0.84849732166279945       -4.9566677558161937E-006   1.2121212121212121E-002   1.0018574179640549        1.0101010101010102E-002   1.0018574179640549        1.0000000000000000       -5.3001088625492798E-004
  0.85859774329439909       -4.7242782069095759E-006   1.2121212121212121E-002   1.0018623804007742        1.0101010101010102E-002   1.0018623804007742        1.0000000000000000       -5.0500432844824417E-004
  0.86869811707327815       -4.4726479645910241E-006   1.2121212121212121E-002   1.0018670933351956        1.0101010101010102E-002   1.0018670933351956        1.0000000000000000       -4.7796459325866181E-004
  0.87879844556173314       -4.2027842739885051E-006   1.2121212121212121E-002   1.0018715377870497        1.0101010101010102E-002   1.0018715377870497        1.0000000000000000       -4.4900056457297666E-004
  0.88889873150438092       -3.9157735928541173E-006   1.2121212121212121E-002   1.0018756958566690        1.0101010101010102E-002   1.0018756958566690        1.0000000000000000       -4.1822878373132255E-004
  0.89899897781712657       -3.6127749688519629E-006   1.2121212121212121E-002   1.0018795507986251        1.0101010101010102E-002   1.0018795507986251        1.0000000000000000       -3.8577346983714733E-004
  0.90909918757537789       -3.2950167617139835E-006   1.2121212121212121E-002   1.0018830870883670        1.0101010101010102E-002   1.0018830870883670        1.0000000000000000       -3.5176503174394469E-004
  0.91919936400170243       -2.9637864552192062E-006   1.2121212121212121E-002   1.0018862904833326        1.0101010101010102E-002   1.0018862904833326        1.0000000000000000       -3.1634039735983777E-004
  0.92929951045284309       -2.6204322094441364E-006   1.2121212121212121E-002   1.0018891480815590        1.0101010101010102E-002   1.0018891480815590        1.0000000000000000       -2.7964218202303215E-004
  0.93939963040621433       -2.2663520006839570E-006   1.2121212121212121E-002   1.0018916483747411        1.0101010101010102E-002   1.0018916483747411        1.0000000000000000       -2.4181838455827886E-004
  0.94949972744586897       -1.9029930851065468E-006   1.2121212121212121E-002   1.0018937812937101        1.0101010101010102E-002   1.0018937812937101        1.0000000000000000       -2.0302105172564922E-004
  0.95959980524809985       -1.5318387740368518E-006   1.2121212121212121E-002   1.0018955382474264        1.0101010101010102E-002   1.0018955382474264        1.0000000000000000       -1.6340631310818310E-004
  0.96969986756664672       -1.1544068450061771E-006   1.2121212121212121E-002   1.0018969121596881        1.0101010101010102E-002   1.0018969121596881        1.0000000000000000       -1.2313383421158619E-004
  0.97979991821756240       -7.7224336596662253E-007   1.2121212121212121E-002   1.0018978974972739        1.0101010101010102E-002   1.0018978974972739        1.0000000000000000       -8.2365636819403676E-005
  0.98989996106387035       -3.8691483143433548E-007   1.2121212121212121E-002   1.0018984902918036        1.0101010101010102E-002   1.0018984902918036        1.0000000000000000       -4.1265912043009223E-005
   1.0000000000000004       -4.7111155676982090E-013   1.2121212121212121E-002   1.0018986881556711        1.0101010101010102E-002   1.0018986881556711        1.0000000000000000        1.1820766587788967E-011
   1.0101000389361319        2.8683345980823024E-007   1.2121212121212121E-002   1.0018984902916779        1.0101010101010102E-002   1.0018984902916779        1.0000000000000000        4.1265920440736181E-005
   1.0202000817824413        5.7248318821509536E-007   1.2121212121212121E-002   1.0018978974970683        1.0101010101010102E-002   1.0018978974970683        1.0000000000000000        8.2365643458537363E-005
   1.0303001324333600        8.5577260644312504E-007   1.2121212121212121E-002   1.0018969121596413        1.0101010101010102E-002   1.0018969121596413        1.0000000000000000        1.2313379015971293E-004
   1.0404001947519048        1.1355323427147556E-006   1.2121212121212121E-002   1.0018955382475851        1.0101010101010102E-002   1.0018955382475851        1.0000000000000000        1.6340631296252184E-004
   1.0505002725541341        1.4106096078592746E-006   1.2121212121212121E-002   1.0018937812938136        1.0101010101010102E-002   1.0018937812938136        1.0000000000000000        2.0302106200631442E-004
   1.0606003695937885        1.6798747077110328E-006   1.2121212121212121E-002   1.0018916483748386        1.0101010101010102E-002   1.0018916483748386        1.0000000000000000        2.4181837955161711E-004
   1.0707004895471579        1.9422211515217215E-006   1.2121212121212121E-002   1.0018891480815380        1.0101010101010102E-002   1.0018891480815380        1.0000000000000000        2.7964221066856254E-004
   1.0808006359983009        2.1965730055098288E-006   1.2121212121212121E-002   1.0018862904833097        1.0101010101010102E-002   1.0018862904833097        1.0000000000000000        3.1634036905536789E-004
   1.0909008124246238        2.4418884642616446E-006   1.2121212121212121E-002   1.0018830870884805        1.0101010101010102E-002   1.0018830870884805        1.0000000000000000        7.6308155407029972     
   1.1010010221828743        2.6771669232912899E-006   1.2121212121212121E-002   1.0018795507986789        1.0101010101010102E-002   1.0018795507986789        1.0000000000000000        93.411358531561731     
  -1.0100038936129652E-002  -2.8683331654577678E-007   1.2121212121212121E-002   1.0018984902918036        1.0101010101010102E-002   1.0018984902918036        1.0000000000000000       -4.1265910692089847E-005
  -2.0200081782437596E-002  -5.7248340262360636E-007   1.2121212121212121E-002   1.0018978974972739        1.0101010101010102E-002   1.0018978974972739        1.0000000000000000       -8.2365635959646966E-005
  -3.0300132433353277E-002  -8.5577247511650454E-007   1.2121212121212121E-002   1.0018969121596881        1.0101010101010102E-002   1.0018969121596881        1.0000000000000000       -1.2313383421425073E-004
  -4.0400194751900154E-002  -1.1355323002501505E-006   1.2121212121212121E-002   1.0018955382474264        1.0101010101010102E-002   1.0018955382474264        1.0000000000000000       -1.6340631310018949E-004
  -5.0500272554131032E-002  -1.4106098132577252E-006   1.2121212121212121E-002   1.0018937812937101        1.0101010101010102E-002   1.0018937812937101        1.0000000000000000       -2.0302105173097829E-004
  -6.0600369593785675E-002  -1.6798744449813021E-006   1.2121212121212121E-002   1.0018916483747411        1.0101010101010102E-002   1.0018916483747411        1.0000000000000000       -2.4181838455383797E-004
  -7.0700489547156908E-002  -1.9422214537154930E-006   1.2121212121212121E-002   1.0018891480815590        1.0101010101010102E-002   1.0018891480815590        1.0000000000000000       -2.7964218201592672E-004
  -8.0800635998297565E-002  -2.1965725162030377E-006   1.2121212121212121E-002   1.0018862904833326        1.0101010101010102E-002   1.0018862904833326        1.0000000000000000       -3.1634039736871955E-004
  -9.0900812424622113E-002  -2.4418884959182351E-006   1.2121212121212121E-002   1.0018830870883670        1.0101010101010102E-002   1.0018830870883670        1.0000000000000000       -7.6308155406976397     
 -0.10100102218287343       -2.6771672019078286E-006   1.2121212121212121E-002   1.0018795507986251        1.0101010101010102E-002   1.0018795507986251        1.0000000000000000       -93.411358531555379     
