 # x v h rho m p cs a
   10.351515151514052     
   4.0774321986231538E-015  -2.3190930657316950E-013   1.2121212121212121E-002   1.0018986671624970        1.0101010101010102E-002   1.0018986671624970        1.0000000000000000        2.2673418698104797E-011
   1.0100039143505445E-002  -4.0895019814550956E-007   1.2121212121212121E-002   1.0018984692977686        1.0101010101010102E-002   1.0018984692977686        1.0000000000000000        4.1266070897272300E-005
   2.0200082197198009E-002  -8.1630493752522156E-007   1.2121212121212121E-002   1.0018978765018838        1.0101010101010102E-002   1.0018978765018838        1.0000000000000000        8.2365812533957694E-005
   3.0300133055515384E-002  -1.2204777998019522E-006   1.2121212121212121E-002   1.0018968911645785        1.0101010101010102E-002   1.0018968911645785        1.0000000000000000        1.2313367739480441E-004
   4.0400195581447293E-002  -1.6198916211623855E-006   1.2121212121212121E-002   1.0018955172576147        1.0101010101010102E-002   1.0018955172576147        1.0000000000000000        1.6340547519178017E-004
   5.0500273590982393E-002  -2.0129849591589891E-006   1.2121212121212121E-002   1.0018937603183675        1.0101010101010102E-002   1.0018937603183675        1.0000000000000000        2.0301900837882414E-004
   6.0600370837746713E-002  -2.3982180708027521E-006   1.2121212121212121E-002   1.0018916274289797        1.0101010101010102E-002   1.0018916274289797        1.0000000000000000        2.4181443124327018E-004
   7.0700490997849488E-002  -2.7740818183978515E-006   1.2121212121212121E-002   1.0018891271872357        1.0101010101010102E-002   1.0018891271872357        1.0000000000000000        2.7963560140342736E-004
   8.0800637655098206E-002  -3.1390995056136851E-006   1.2121212121212121E-002   1.0018862696705682        1.0101010101010102E-002   1.0018862696705682        1.0000000000000000        3.1633018004040281E-004
   9.0900814286558052E-002  -3.4918299602434648E-006   1.2121212121212121E-002   1.0018830663957627        1.0101010101010102E-002   1.0018830663957627        1.0000000000000000        3.5175041608859203E-004
  0.10100102424855856       -3.8308781358142274E-006   1.2121212121212121E-002   1.0018795302732038        1.0101010101010102E-002   1.0018795302732038        1.0000000000000000        3.8575346480396178E-004
  0.11110127076315371       -4.1548975123039807E-006   1.2121212121212121E-002   1.0018756755549976        1.0101010101010102E-002   1.0018756755549976        1.0000000000000000        4.1820238279299815E-004
  0.12120155690514897       -4.4625983964785659E-006   1.2121212121212121E-002   1.0018715177760689        1.0101010101010102E-002   1.0018715177760689        1.0000000000000000        4.4896660220850038E-004
  0.13130188558972747       -4.7527448587327023E-006   1.2121212121212121E-002   1.0018670736911643        1.0101010101010102E-002   1.0018670736911643        1.0000000000000000        4.7792228503684697E-004
  0.14140225956072089       -5.0241673558017738E-006   1.2121212121212121E-002   1.0018623612088586        1.0101010101010102E-002   1.0018623612088586        1.0000000000000000        5.0495260759575444E-004
  0.15150268137952874       -5.2757673422048954E-006   1.2121212121212121E-002   1.0018573993185291        1.0101010101010102E-002   1.0018573993185291        1.0000000000000000        5.2994891255586651E-004
  0.16160315341483522       -5.5065182958911935E-006   1.2121212121212121E-002   1.0018522080133654        1.0101010101010102E-002   1.0018522080133654        1.0000000000000000        5.5281043953758768E-004
  0.17170367783304563       -5.7154685113379293E-006   1.2121212121212121E-002   1.0018468082092447        1.0101010101010102E-002   1.0018468082092447        1.0000000000000000        5.7344543081505606E-004
  0.18180425658960533       -5.9017504359631915E-006   1.2121212121212121E-002   1.0018412216607135        1.0101010101010102E-002   1.0018412216607135        1.0000000000000000        5.9177059719406344E-004
  0.19190489142109493       -6.0645834585340528E-006   1.2121212121212121E-002   1.0018354708746113        1.0101010101010102E-002   1.0018354708746113        1.0000000000000000        6.0771219573751978E-004
  0.20200558383824510       -6.2032750364589106E-006   1.2121212121212121E-002   1.0018295790173215        1.0101010101010102E-002   1.0018295790173215        1.0000000000000000        6.2120624805306335E-004
  0.21210633511987273       -6.3172237125674145E-006   1.2121212121212121E-002   1.0018235698212419        1.0101010101010102E-002   1.0018235698212419        1.0000000000000000        6.3219854219731531E-004
  0.22220714630773955       -6.4059254910044446E-006   1.2121212121212121E-002   1.0018174674899143        1.0101010101010102E-002   1.0018174674899143        1.0000000000000000        6.4064481830250486E-004
  0.23230801820236216       -6.4689760070643577E-006   1.2121212121212121E-002   1.0018112966019521        1.0101010101010102E-002   1.0018112966019521        1.0000000000000000        6.4651091747602862E-004
  0.24240895135975860       -6.5060710923227136E-006   1.2121212121212121E-002   1.0018050820094604        1.0101010101010102E-002   1.0018050820094604        1.0000000000000000        6.4977375092123424E-004
  0.25250994608927735       -6.5170076092948746E-006   1.2121212121212121E-002   1.0017988487378822        1.0101010101010102E-002   1.0017988487378822        1.0000000000000000        6.5042006355842119E-004
  0.26261100245232083       -6.5016885966385287E-006   1.2121212121212121E-002   1.0017926218868962        1.0101010101010102E-002   1.0017926218868962        1.0000000000000000        6.4844742149539059E-004
  0.27271212026212588       -6.4601248436333585E-006   1.2121212121212121E-002   1.0017864265290322        1.0101010101010102E-002   1.0017864265290322        1.0000000000000000        6.4386368329127919E-004
  0.28281329908449582       -6.3924315401665975E-006   1.2121212121212121E-002   1.0017802876085262        1.0101010101010102E-002   1.0017802876085262        1.0000000000000000        6.3668756664725379E-004
  0.29291453823957647       -6.2988317366922382E-006   1.2121212121212121E-002   1.0017742298392829        1.0101010101010102E-002   1.0017742298392829        1.0000000000000000        6.2694820220343672E-004
  0.30301583680461508       -6.1796533231547339E-006   1.2121212121212121E-002   1.0017682776070433        1.0101010101010102E-002   1.0017682776070433        1.0000000000000000        6.1468472349712755E-004
  0.31311719361766388       -6.0353359908628478E-006   1.2121212121212121E-002   1.0017624548723538        1.0101010101010102E-002   1.0017624548723538        1.0000000000000000        5.9994649207073536E-004
  0.32321860728225504       -5.8664197705492820E-006   1.2121212121212121E-002   1.0017567850727180        1.0101010101010102E-002   1.0017567850727180        1.0000000000000000        5.8279308641129290E-004
  0.33332007617304549       -5.6735498942607776E-006   1.2121212121212121E-002   1.0017512910273747        1.0101010101010102E-002   1.0017512910273747        1.0000000000000000        5.6329376188646307E-004
  0.34342159844237929       -5.4574739126568970E-006   1.2121212121212121E-002   1.0017459948469556        1.0101010101010102E-002   1.0017459948469556        1.0000000000000000        5.4152694650166922E-004
  0.35352317202771555       -5.2190384631538904E-006   1.2121212121212121E-002   1.0017409178455450        1.0101010101010102E-002   1.0017409178455450        1.0000000000000000        5.1758023996750779E-004
  0.36362479465992931       -4.9591872481220949E-006   1.2121212121212121E-002   1.0017360804540409        1.0101010101010102E-002   1.0017360804540409        1.0000000000000000        4.9155019238966702E-004
  0.37372646387245717       -4.6789540573293477E-006   1.2121212121212121E-002   1.0017315021367446        1.0101010101010102E-002   1.0017315021367446        1.0000000000000000        4.6354182885810502E-004
  0.38382817701125593       -4.3794647970563830E-006   1.2121212121212121E-002   1.0017272013146854        1.0101010101010102E-002   1.0017272013146854        1.0000000000000000        4.3366771702579854E-004
  0.39392993124545989       -4.0619258101629330E-006   1.2121212121212121E-002   1.0017231952923262        1.0101010101010102E-002   1.0017231952923262        1.0000000000000000        4.0204817570810292E-004
  0.40403172357879047       -3.7276267706969853E-006   1.2121212121212121E-002   1.0017195001872481        1.0101010101010102E-002   1.0017195001872481        1.0000000000000000        3.6881047500703090E-004
  0.41413355086160974       -3.3779291734700463E-006   1.2121212121212121E-002   1.0017161308648777        1.0101010101010102E-002   1.0017161308648777        1.0000000000000000        3.3408860339800839E-004
  0.42423540980362368       -3.0142619822681728E-006   1.2121212121212121E-002   1.0017131008789768        1.0101010101010102E-002   1.0017131008789768        1.0000000000000000        2.9802223299491004E-004
  0.43433729698711726       -2.6381181395471317E-006   1.2121212121212121E-002   1.0017104224190376        1.0101010101010102E-002   1.0017104224190376        1.0000000000000000        2.6075636686684334E-004
  0.44443920888069072       -2.2510459274003916E-006   1.2121212121212121E-002   1.0017081062597943        1.0101010101010102E-002   1.0017081062597943        1.0000000000000000        2.2244121318770738E-004
  0.45454114185350430       -1.8546412770685048E-006   1.2121212121212121E-002   1.0017061617176697        1.0101010101010102E-002   1.0017061617176697        1.0000000000000000        1.8323090810490328E-004
  0.46464309218987671       -1.4505433939052284E-006   1.2121212121212121E-002   1.0017045966140241        1.0101010101010102E-002   1.0017045966140241        1.0000000000000000        1.4328334114832586E-004
  0.47474505610425599       -1.0404255971939013E-006   1.2121212121212121E-002   1.0017034172440344        1.0101010101010102E-002   1.0017034172440344        1.0000000000000000        1.0275912259771758E-004
  0.48484702975643756       -6.2598898636702857E-007   1.2121212121212121E-002   1.0017026283523178        1.0101010101010102E-002   1.0017026283523178        1.0000000000000000        6.1821256402083691E-005
  0.49494900926701213       -2.0895245518769672E-007   1.2121212121212121E-002   1.0017022331122452        1.0101010101010102E-002   1.0017022331122452        1.0000000000000000        2.0634697043497852E-005
  0.50505099073299964        2.0895233947009496E-007   1.2121212121212121E-002   1.0017022331123275        1.0101010101010102E-002   1.0017022331123275        1.0000000000000000       -2.0634717443179795E-005
  0.51515297024357265        6.2598913205605737E-007   1.2121212121212121E-002   1.0017026283525723        1.0101010101010102E-002   1.0017026283525723        1.0000000000000000       -6.1821270931794459E-005
  0.52525494389575011        1.0404255622176525E-006   1.2121212121212121E-002   1.0017034172441044        1.0101010101010102E-002   1.0017034172441044        1.0000000000000000       -1.0275906791790135E-004
  0.53535690781013212        1.4505431671600345E-006   1.2121212121212121E-002   1.0017045966139022        1.0101010101010102E-002   1.0017045966139022        1.0000000000000000       -1.4328335415925153E-004
  0.54545885814650474        1.8546418176988837E-006   1.2121212121212121E-002   1.0017061617176475        1.0101010101010102E-002   1.0017061617176475        1.0000000000000000       -1.8323091503003042E-004
  0.55556079111931833        2.2510457997123834E-006   1.2121212121212121E-002   1.0017081062597784        1.0101010101010102E-002   1.0017081062597784        1.0000000000000000       -2.2244121063152988E-004
  0.56566270301289212        2.6381181809592433E-006   1.2121212121212121E-002   1.0017104224190241        1.0101010101010102E-002   1.0017104224190241        1.0000000000000000       -2.6075636918410083E-004
  0.57576459019638560        3.0142617843248129E-006   1.2121212121212121E-002   1.0017131008789368        1.0101010101010102E-002   1.0017131008789368        1.0000000000000000       -2.9802222345409746E-004
  0.58586644913840036        3.3779290261710282E-006   1.2121212121212121E-002   1.0017161308647855        1.0101010101010102E-002   1.0017161308647855        1.0000000000000000       -3.3408860395400808E-004
  0.59596827642122097        3.7276271133916880E-006   1.2121212121212121E-002   1.0017195001872781        1.0101010101010102E-002   1.0017195001872781        1.0000000000000000       -3.6881049888215500E-004
  0.60607006875454927        4.0619256568735213E-006   1.2121212121212121E-002   1.0017231952922923        1.0101010101010102E-002   1.0017231952922923        1.0000000000000000       -4.0204813866484557E-004
  0.61617182298875617        4.3794645527520656E-006   1.2121212121212121E-002   1.0017272013145884        1.0101010101010102E-002   1.0017272013145884        1.0000000000000000       -4.3366774161324173E-004
  0.62627353612755432        4.6789543865343278E-006   1.2121212121212121E-002   1.0017315021367998        1.0101010101010102E-002   1.0017315021367998        1.0000000000000000       -4.6354183461438936E-004
  0.63637520534008130        4.9591871048273095E-006   1.2121212121212121E-002   1.0017360804540436        1.0101010101010102E-002   1.0017360804540436        1.0000000000000000       -4.9155017773028220E-004
  0.64647682797229600        5.2190386771017743E-006   1.2121212121212121E-002   1.0017409178455410        1.0101010101010102E-002   1.0017409178455410        1.0000000000000000       -5.1758025105375083E-004
  0.65657840155763147        5.4574735153602876E-006   1.2121212121212121E-002   1.0017459948470042        1.0101010101010102E-002   1.0017459948470042        1.0000000000000000       -5.4152694792897194E-004
  0.66667992382696517        5.6735499451016315E-006   1.2121212121212121E-002   1.0017512910275093        1.0101010101010102E-002   1.0017512910275093        1.0000000000000000       -5.6329377924946300E-004
  0.67678139271775284        5.8664202243775149E-006   1.2121212121212121E-002   1.0017567850728055        1.0101010101010102E-002   1.0017567850728055        1.0000000000000000       -5.8279305862551922E-004
  0.68688280638234489        6.0353356121027405E-006   1.2121212121212121E-002   1.0017624548723028        1.0101010101010102E-002   1.0017624548723028        1.0000000000000000       -5.9994648984584842E-004
  0.69698416319539402        6.1796537278892091E-006   1.2121212121212121E-002   1.0017682776069692        1.0101010101010102E-002   1.0017682776069692        1.0000000000000000       -6.1468472010517416E-004
  0.70708546176043385        6.2988315231456988E-006   1.2121212121212121E-002   1.0017742298392476        1.0101010101010102E-002   1.0017742298392476        1.0000000000000000       -6.2694821381370502E-004
  0.71718670091551395        6.3924318342356785E-006   1.2121212121212121E-002   1.0017802876085220        1.0101010101010102E-002   1.0017802876085220        1.0000000000000000       -6.3668756417634143E-004
  0.72728787973788467        6.4601245398460838E-006   1.2121212121212121E-002   1.0017864265291121        1.0101010101010102E-002   1.0017864265291121        1.0000000000000000       -6.4386370106372937E-004
  0.73738899754768694        6.5016885778866448E-006   1.2121212121212121E-002   1.0017926218868467        1.0101010101010102E-002   1.0017926218868467        1.0000000000000000       -6.4844737949076858E-004
  0.74749005391073453        6.5170075444640240E-006   1.2121212121212121E-002   1.0017988487378671        1.0101010101010102E-002   1.0017988487378671        1.0000000000000000       -6.5042010759075453E-004
  0.75759104864024918        6.5060710360382095E-006   1.2121212121212121E-002   1.0018050820093571        1.0101010101010102E-002   1.0018050820093571        1.0000000000000000       -6.4977369110597039E-004
  0.76769198179765230        6.4689759032416777E-006   1.2121212121212121E-002   1.0018112966020509        1.0101010101010102E-002   1.0018112966020509        1.0000000000000000       -6.4651102232460289E-004
  0.77779285369226625        6.4059261727422859E-006   1.2121212121212121E-002   1.0018174674901807        1.0101010101010102E-002   1.0018174674901807        1.0000000000000000       -6.4064474681835293E-004
  0.78789366488013546        6.3172235057423586E-006   1.2121212121212121E-002   1.0018235698211353        1.0101010101010102E-002   1.0018235698211353        1.0000000000000000       -6.3219853673146531E-004
  0.79799441616176348        6.2032749703556522E-006   1.2121212121212121E-002   1.0018295790171805        1.0101010101010102E-002   1.0018295790171805        1.0000000000000000       -6.2120624139172520E-004
  0.80809510857891620        6.0645835837400270E-006   1.2121212121212121E-002   1.0018354708745560        1.0101010101010102E-002   1.0018354708745560        1.0000000000000000       -6.0771222272748560E-004
  0.81819574341040424        5.9017502935530049E-006   1.2121212121212121E-002   1.0018412216607013        1.0101010101010102E-002   1.0018412216607013        1.0000000000000000       -5.9177057986126158E-004
  0.82829632216696580        5.7154684858191373E-006   1.2121212121212121E-002   1.0018468082093133        1.0101010101010102E-002   1.0018468082093133        1.0000000000000000       -5.7344546765492055E-004
  0.83839684658517311        5.5065182745612395E-006   1.2121212121212121E-002   1.0018522080135457        1.0101010101010102E-002   1.0018522080135457        1.0000000000000000       -5.5281042437371752E-004
  0.84849731862047850        5.2757671215078708E-006   1.2121212121212121E-002   1.0018573993184832        1.0101010101010102E-002   1.0018573993184832        1.0000000000000000       -5.2994888001567375E-004
  0.85859774043928860        5.0241676028558532E-006   1.2121212121212121E-002   1.0018623612087199        1.0101010101010102E-002   1.0018623612087199        1.0000000000000000       -5.0495261867133934E-004
  0.86869811441028288        4.7527446027803774E-006   1.2121212121212121E-002   1.0018670736911486        1.0101010101010102E-002   1.0018670736911486        1.0000000000000000       -4.7792230064214181E-004
  0.87879844309486066        4.4625985227577004E-006   1.2121212121212121E-002   1.0018715177760931        1.0101010101010102E-002   1.0018715177760931        1.0000000000000000       -4.4896659681636919E-004
  0.88889872923685609        4.1548978860050737E-006   1.2121212121212121E-002   1.0018756755550109        1.0101010101010102E-002   1.0018756755550109        1.0000000000000000       -4.1820238474965521E-004
  0.89899897575145082        3.8308775131140929E-006   1.2121212121212121E-002   1.0018795302732151        1.0101010101010102E-002   1.0018795302732151        1.0000000000000000       -3.8575346270697253E-004
  0.90909918571345161        3.4918300906528026E-006   1.2121212121212121E-002   1.0018830663958189        1.0101010101010102E-002   1.0018830663958189        1.0000000000000000       -3.5175042847690463E-004
  0.91919936234490995        3.1390995100452729E-006   1.2121212121212121E-002   1.0018862696706010        1.0101010101010102E-002   1.0018862696706010        1.0000000000000000       -3.1633016147125659E-004
  0.92929950900215930        2.7740819227852458E-006   1.2121212121212121E-002   1.0018891271871253        1.0101010101010102E-002   1.0018891271871253        1.0000000000000000       -2.7963559029497986E-004
  0.93939962916226394        2.3982181340625505E-006   1.2121212121212121E-002   1.0018916274288905        1.0101010101010102E-002   1.0018916274288905        1.0000000000000000       -2.4181444614246317E-004
  0.94949972640902813        2.0129847727127120E-006   1.2121212121212121E-002   1.0018937603182947        1.0101010101010102E-002   1.0018937603182947        1.0000000000000000       -2.0301899595676076E-004
  0.95959980441856463        1.6198915289953454E-006   1.2121212121212121E-002   1.0018955172574857        1.0101010101010102E-002   1.0018955172574857        1.0000000000000000       -1.6340547812099260E-004
  0.96969986694449817        1.2204779123476862E-006   1.2121212121212121E-002   1.0018968911646373        1.0101010101010102E-002   1.0018968911646373        1.0000000000000000       -1.2313371082584013E-004
  0.97979991780281239        8.1630493435458708E-007   1.2121212121212121E-002   1.0018978765019642        1.0101010101010102E-002   1.0018978765019642        1.0000000000000000       -8.2365789283223023E-005
  0.98989996085650678        4.0895017086584380E-007   1.2121212121212121E-002   1.0018984692979687        1.0101010101010102E-002   1.0018984692979687        1.0000000000000000       -4.1266116505234152E-005
   1.0000000000000018        4.5314197888876564E-013   1.2121212121212121E-002   1.0018986671624930        1.0101010101010102E-002   1.0018986671624930        1.0000000000000000        6.6313177171650750E-011
   1.0101000391435055       -5.0893343904714032E-007   1.2121212121212121E-002   1.0018984692977686        1.0101010101010102E-002   1.0018984692977686        1.0000000000000000        4.1266056184596778E-005
   1.0202000821971979       -1.0158684787551850E-006   1.2121212121212121E-002   1.0018978765018838        1.0101010101010102E-002   1.0018978765018838        1.0000000000000000        8.2365806314044221E-005
   1.0303001330555155       -1.5188174512160072E-006   1.2121212121212121E-002   1.0018968911645785        1.0101010101010102E-002   1.0018968911645785        1.0000000000000000        1.2313367475602632E-004
   1.0404001955814473       -2.0158053479176914E-006   1.2121212121212121E-002   1.0018955172576147        1.0101010101010102E-002   1.0018955172576147        1.0000000000000000        1.6340547579662967E-004
   1.0505002735909823       -2.5048777458517509E-006   1.2121212121212121E-002   1.0018937603183675        1.0101010101010102E-002   1.0018937603183675        1.0000000000000000        2.0301901021380075E-004
   1.0606003708377467       -2.9841076886400112E-006   1.2121212121212121E-002   1.0018916274289797        1.0101010101010102E-002   1.0018916274289797        1.0000000000000000        2.4181443057003094E-004
   1.0707004909978495       -3.4516075969832063E-006   1.2121212121212121E-002   1.0018891271872357        1.0101010101010102E-002   1.0018891271872357        1.0000000000000000        2.7963560209887106E-004
   1.0808006376550983       -3.9055316039248140E-006   1.2121212121212121E-002   1.0018862696705682        1.0101010101010102E-002   1.0018862696705682        1.0000000000000000        3.1633017974197486E-004
   1.0909008142865582       -4.3440806543355571E-006   1.2121212121212121E-002   1.0018830663957627        1.0101010101010102E-002   1.0018830663957627        1.0000000000000000        7.6308141508045679     
   1.1010010242485586       -4.7655135746106674E-006   1.2121212121212121E-002   1.0018795302732038        1.0101010101010102E-002   1.0018795302732038        1.0000000000000000        93.411357756688233     
  -1.0100039143493222E-002   5.0893352525514503E-007   1.2121212121212121E-002   1.0018984692979687        1.0101010101010102E-002   1.0018984692979687        1.0000000000000000       -4.1266103725234871E-005
  -2.0200082197187608E-002   1.0158684221334349E-006   1.2121212121212121E-002   1.0018978765019642        1.0101010101010102E-002   1.0018978765019642        1.0000000000000000       -8.2365780583515402E-005
  -3.0300133055501832E-002   1.5188176353037055E-006   1.2121212121212121E-002   1.0018968911646373        1.0101010101010102E-002   1.0018968911646373        1.0000000000000000       -1.2313371083383373E-004
  -4.0400195581435372E-002   2.0158052678675582E-006   1.2121212121212121E-002   1.0018955172574857        1.0101010101010102E-002   1.0018955172574857        1.0000000000000000       -1.6340547811832806E-004
  -5.0500273590971867E-002   2.5048775371504145E-006   1.2121212121212121E-002   1.0018937603182947        1.0101010101010102E-002   1.0018937603182947        1.0000000000000000       -2.0301899595498440E-004
  -6.0600370837736062E-002   2.9841077822636687E-006   1.2121212121212121E-002   1.0018916274288905        1.0101010101010102E-002   1.0018916274288905        1.0000000000000000       -2.4181444613802228E-004
  -7.0700490997840704E-002   3.4516076722308122E-006   1.2121212121212121E-002   1.0018891271871253        1.0101010101010102E-002   1.0018891271871253        1.0000000000000000       -2.7963559029053897E-004
  -8.0800637655090046E-002   3.9055315649357815E-006   1.2121212121212121E-002   1.0018862696706010        1.0101010101010102E-002   1.0018862696706010        1.0000000000000000       -3.1633016146948023E-004
  -9.0900814286548393E-002   4.3440807986306224E-006   1.2121212121212121E-002   1.0018830663958189        1.0101010101010102E-002   1.0018830663958189        1.0000000000000000       -7.6308141508182530     
 -0.10100102424854918        4.7655129860736434E-006   1.2121212121212121E-002   1.0018795302732151        1.0101010101010102E-002   1.0018795302732151        1.0000000000000000       -93.411357756687934     
