 # x v h rho m p cs a
   4.3509999999997877     
  -5.8710162282196807E-006  -5.0214962668465279E-005   1.2121212121212121E-002   1.0018067299348759        1.0101010101010102E-002   1.0018067299348759        1.0000000000000000        1.2434497875801753E-014
   1.0095062796894781E-002  -5.0543060655531400E-005   1.2121212121212121E-002   1.0018096873586859        1.0101010101010102E-002   1.0018096873586859        1.0000000000000000       -1.4210854715202004E-014
   2.0195966341659075E-002  -5.1665410144320912E-005   1.2121212121212121E-002   1.0018128187301396        1.0101010101010102E-002   1.0018128187301396        1.0000000000000000       -9.9475983006414026E-014
   3.0296837781516078E-002  -5.2728456184013843E-005   1.2121212121212121E-002   1.0018159123648411        1.0101010101010102E-002   1.0018159123648411        1.0000000000000000        6.1284310959308641E-014
   4.0397679693971178E-002  -5.2766836870557535E-005   1.2121212121212121E-002   1.0018186719906410        1.0101010101010102E-002   1.0018186719906410        1.0000000000000000        3.5527136788005009E-015
   5.0498496922616327E-002  -5.1521317379861226E-005   1.2121212121212121E-002   1.0018212978893641        1.0101010101010102E-002   1.0018212978893641        1.0000000000000000        4.4408920985006262E-015
   6.0599287848154729E-002  -4.9414183191215396E-005   1.2121212121212121E-002   1.0018243154765925        1.0101010101010102E-002   1.0018243154765925        1.0000000000000000       -8.8817841970012523E-015
   7.0700045412140422E-002  -4.6786789640880782E-005   1.2121212121212121E-002   1.0018277212215898        1.0101010101010102E-002   1.0018277212215898        1.0000000000000000       -5.1514348342607263E-014
   8.0800768529406972E-002  -4.4135476510622664E-005   1.2121212121212121E-002   1.0018312242060226        1.0101010101010102E-002   1.0018312242060226        1.0000000000000000        2.1316282072803006E-014
   9.0901456960586907E-002  -4.1687755601104325E-005   1.2121212121212121E-002   1.0018348490141418        1.0101010101010102E-002   1.0018348490141418        1.0000000000000000        7.1054273576010019E-015
  0.10100210853970515       -3.9328483814485565E-005   1.2121212121212121E-002   1.0018385991556331        1.0101010101010102E-002   1.0018385991556331        1.0000000000000000        7.1054273576010019E-015
  0.11110272193063918       -3.7317253538912753E-005   1.2121212121212121E-002   1.0018418710288153        1.0101010101010102E-002   1.0018418710288153        1.0000000000000000        3.5527136788005009E-015
  0.12120330746405103       -3.6063301223246186E-005   1.2121212121212121E-002   1.0018437950402399        1.0101010101010102E-002   1.0018437950402399        1.0000000000000000        1.9539925233402755E-014
  0.13130388233542931       -3.5137068552370512E-005   1.2121212121212121E-002   1.0018440351478304        1.0101010101010102E-002   1.0018440351478304        1.0000000000000000        8.0824236192711396E-014
  0.14140446355788480       -3.3866345860400727E-005   1.2121212121212121E-002   1.0018428553062071        1.0101010101010102E-002   1.0018428553062071        1.0000000000000000        2.2204460492503131E-014
  0.15150506258974830       -3.2820046960853277E-005   1.2121212121212121E-002   1.0018407960071145        1.0101010101010102E-002   1.0018407960071145        1.0000000000000000       -6.2172489379008766E-015
  0.16160568519915403       -3.2779888674370128E-005   1.2121212121212121E-002   1.0018382912948789        1.0101010101010102E-002   1.0018382912948789        1.0000000000000000       -6.2172489379008766E-015
  0.17170633358764453       -3.3418547255723272E-005   1.2121212121212121E-002   1.0018352952483238        1.0101010101010102E-002   1.0018352952483238        1.0000000000000000       -6.2172489379008766E-015
  0.18180701527525794       -3.4123510365173054E-005   1.2121212121212121E-002   1.0018317598485311        1.0101010101010102E-002   1.0018317598485311        1.0000000000000000       -6.2172489379008766E-015
  0.19190773403932007       -3.5016437136286334E-005   1.2121212121212121E-002   1.0018279742460503        1.0101010101010102E-002   1.0018279742460503        1.0000000000000000       -6.2172489379008766E-015
  0.20200849049582717       -3.5716192350237417E-005   1.2121212121212121E-002   1.0018239234318953        1.0101010101010102E-002   1.0018239234318953        1.0000000000000000       -6.2172489379008766E-015
  0.21210928881495345       -3.5989808877343121E-005   1.2121212121212121E-002   1.0018193159320330        1.0101010101010102E-002   1.0018193159320330        1.0000000000000000       -6.2172489379008766E-015
  0.22221013602960654       -3.5880579046609403E-005   1.2121212121212121E-002   1.0018140061458525        1.0101010101010102E-002   1.0018140061458525        1.0000000000000000       -1.7763568394002505E-015
  0.23231104004099534       -3.6082248494967446E-005   1.2121212121212121E-002   1.0018084802484732        1.0101010101010102E-002   1.0018084802484732        1.0000000000000000       -5.6843418860808015E-014
  0.24241199761508914       -3.6473236103370736E-005   1.2121212121212121E-002   1.0018034609887938        1.0101010101010102E-002   1.0018034609887938        1.0000000000000000       -1.8562928971732617E-013
  0.25251300113988684       -3.6595812162897804E-005   1.2121212121212121E-002   1.0017991395857553        1.0101010101010102E-002   1.0017991395857553        1.0000000000000000        1.8385293287792592E-013
  0.26261404294558299       -3.6673328446219149E-005   1.2121212121212121E-002   1.0017948059580668        1.0101010101010102E-002   1.0017948059580668        1.0000000000000000        5.0626169922907138E-014
  0.27271513077012555       -3.6530499390998434E-005   1.2121212121212121E-002   1.0017896840392773        1.0101010101010102E-002   1.0017896840392773        1.0000000000000000       -6.2172489379008766E-015
  0.28281627460423303       -3.6085354532674232E-005   1.2121212121212121E-002   1.0017842314449208        1.0101010101010102E-002   1.0017842314449208        1.0000000000000000       -6.2172489379008766E-015
  0.29291747134427798       -3.5307611721892853E-005   1.2121212121212121E-002   1.0017791506061349        1.0101010101010102E-002   1.0017791506061349        1.0000000000000000       -6.2172489379008766E-015
  0.30301871547609999       -3.4390518596266287E-005   1.2121212121212121E-002   1.0017744231464574        1.0101010101010102E-002   1.0017744231464574        1.0000000000000000       -6.2172489379008766E-015
  0.31312000525687278       -3.3416360523234957E-005   1.2121212121212121E-002   1.0017698419449237        1.0101010101010102E-002   1.0017698419449237        1.0000000000000000       -6.2172489379008766E-015
  0.32322134017731685       -3.2690497937588840E-005   1.2121212121212121E-002   1.0017655313890910        1.0101010101010102E-002   1.0017655313890910        1.0000000000000000       -6.2172489379008766E-015
  0.33332271505482575       -3.2133200717789271E-005   1.2121212121212121E-002   1.0017614163816961        1.0101010101010102E-002   1.0017614163816961        1.0000000000000000       -6.2172489379008766E-015
  0.34342413050483456       -3.0997910974386652E-005   1.2121212121212121E-002   1.0017570550699550        1.0101010101010102E-002   1.0017570550699550        1.0000000000000000       -6.2172489379008766E-015
  0.35352559179562965       -2.9218275247833264E-005   1.2121212121212121E-002   1.0017525892130572        1.0101010101010102E-002   1.0017525892130572        1.0000000000000000       -6.2172489379008766E-015
  0.36362709653241027       -2.7270857243870095E-005   1.2121212121212121E-002   1.0017486209426711        1.0101010101010102E-002   1.0017486209426711        1.0000000000000000       -6.2172489379008766E-015
  0.37372863627914232       -2.5628939633895437E-005   1.2121212121212121E-002   1.0017451826544044        1.0101010101010102E-002   1.0017451826544044        1.0000000000000000       -6.2172489379008766E-015
  0.38383020816875407       -2.4440882992534362E-005   1.2121212121212121E-002   1.0017418249375156        1.0101010101010102E-002   1.0017418249375156        1.0000000000000000       -6.2172489379008766E-015
  0.39393181429812207       -2.3171683855650251E-005   1.2121212121212121E-002   1.0017385502205542        1.0101010101010102E-002   1.0017385502205542        1.0000000000000000       -6.2172489379008766E-015
  0.40403345144293135       -2.1138857818567271E-005   1.2121212121212121E-002   1.0017356585319070        1.0101010101010102E-002   1.0017356585319070        1.0000000000000000       -6.2172489379008766E-015
  0.41413511455017998       -1.8661597058092406E-005   1.2121212121212121E-002   1.0017330606458164        1.0101010101010102E-002   1.0017330606458164        1.0000000000000000       -6.2172489379008766E-015
  0.42423680263308333       -1.6454321002195445E-005   1.2121212121212121E-002   1.0017305249397028        1.0101010101010102E-002   1.0017305249397028        1.0000000000000000       -6.2172489379008766E-015
  0.43433851597639889       -1.4456520573084865E-005   1.2121212121212121E-002   1.0017281298720380        1.0101010101010102E-002   1.0017281298720380        1.0000000000000000       -6.2172489379008766E-015
  0.44444025195093623       -1.2516830667116092E-005   1.2121212121212121E-002   1.0017262144135746        1.0101010101010102E-002   1.0017262144135746        1.0000000000000000       -6.2172489379008766E-015
  0.45454200343558160       -1.0669523733945109E-005   1.2121212121212121E-002   1.0017249390227354        1.0101010101010102E-002   1.0017249390227354        1.0000000000000000       -6.2172489379008766E-015
  0.46464376400214935       -8.4777591735441030E-006   1.2121212121212121E-002   1.0017239376763425        1.0101010101010102E-002   1.0017239376763425        1.0000000000000000       -6.2172489379008766E-015
  0.47474553466069896       -5.6928889835478623E-006   1.2121212121212121E-002   1.0017228550825747        1.0101010101010102E-002   1.0017228550825747        1.0000000000000000        5.3290705182007514E-015
  0.48484731714471524       -2.9618884685744756E-006   1.2121212121212121E-002   1.0017219847488752        1.0101010101010102E-002   1.0017219847488752        1.0000000000000000       -7.0166095156309893E-014
  0.49494910554097254       -8.6935586735937066E-007   1.2121212121212121E-002   1.0017216406004725        1.0101010101010102E-002   1.0017216406004725        1.0000000000000000       -4.4941828036826337E-013
  0.50505089445910811        8.6935578857110245E-007   1.2121212121212121E-002   1.0017216406004710        1.0101010101010102E-002   1.0017216406004710        1.0000000000000000       -6.9277916736609768E-014
  0.51515268285536553        2.9618885968131488E-006   1.2121212121212121E-002   1.0017219847489145        1.0101010101010102E-002   1.0017219847489145        1.0000000000000000        1.5987211554602254E-014
  0.52525446533938092        5.6928891359135888E-006   1.2121212121212121E-002   1.0017228550826411        1.0101010101010102E-002   1.0017228550826411        1.0000000000000000        1.7763568394002505E-015
  0.53535623599792981        8.4777591523017229E-006   1.2121212121212121E-002   1.0017239376762734        1.0101010101010102E-002   1.0017239376762734        1.0000000000000000        1.7763568394002505E-015
  0.54545799656449978        1.0669523732322375E-005   1.2121212121212121E-002   1.0017249390226048        1.0101010101010102E-002   1.0017249390226048        1.0000000000000000        1.7763568394002505E-015
  0.55555974804914576        1.2516830686825597E-005   1.2121212121212121E-002   1.0017262144135395        1.0101010101010102E-002   1.0017262144135395        1.0000000000000000        1.7763568394002505E-015
  0.56566148402368321        1.4456520479057194E-005   1.2121212121212121E-002   1.0017281298721146        1.0101010101010102E-002   1.0017281298721146        1.0000000000000000        1.7763568394002505E-015
  0.57576319736699688        1.6454321132910200E-005   1.2121212121212121E-002   1.0017305249397399        1.0101010101010102E-002   1.0017305249397399        1.0000000000000000        1.7763568394002505E-015
  0.58586488544990134        1.8661597021280635E-005   1.2121212121212121E-002   1.0017330606457884        1.0101010101010102E-002   1.0017330606457884        1.0000000000000000        1.7763568394002505E-015
  0.59596654855714970        2.1138857744737165E-005   1.2121212121212121E-002   1.0017356585319561        1.0101010101010102E-002   1.0017356585319561        1.0000000000000000        1.7763568394002505E-015
  0.60606818570195797        2.3171684217314881E-005   1.2121212121212121E-002   1.0017385502205218        1.0101010101010102E-002   1.0017385502205218        1.0000000000000000        1.7763568394002505E-015
  0.61616979183132758        2.4440882792792216E-005   1.2121212121212121E-002   1.0017418249373937        1.0101010101010102E-002   1.0017418249373937        1.0000000000000000        1.7763568394002505E-015
  0.62627136372094061        2.5628939787409906E-005   1.2121212121212121E-002   1.0017451826544534        1.0101010101010102E-002   1.0017451826544534        1.0000000000000000        1.7763568394002505E-015
  0.63637290346767028        2.7270857159489933E-005   1.2121212121212121E-002   1.0017486209428133        1.0101010101010102E-002   1.0017486209428133        1.0000000000000000        1.7763568394002505E-015
  0.64647440820445012        2.9218275223096819E-005   1.2121212121212121E-002   1.0017525892130905        1.0101010101010102E-002   1.0017525892130905        1.0000000000000000        1.7763568394002505E-015
  0.65657586949524549        3.0997910984060602E-005   1.2121212121212121E-002   1.0017570550699413        1.0101010101010102E-002   1.0017570550699413        1.0000000000000000        1.7763568394002505E-015
  0.66667728494525413        3.2133200802137070E-005   1.2121212121212121E-002   1.0017614163815698        1.0101010101010102E-002   1.0017614163815698        1.0000000000000000        1.7763568394002505E-015
  0.67677865982276608        3.2690497977501791E-005   1.2121212121212121E-002   1.0017655313890648        1.0101010101010102E-002   1.0017655313890648        1.0000000000000000        1.7763568394002505E-015
  0.68687999474320760        3.3416360524290001E-005   1.2121212121212121E-002   1.0017698419449905        1.0101010101010102E-002   1.0017698419449905        1.0000000000000000        1.7763568394002505E-015
  0.69698128452398134        3.4390518695873377E-005   1.2121212121212121E-002   1.0017744231464607        1.0101010101010102E-002   1.0017744231464607        1.0000000000000000        1.7763568394002505E-015
  0.70708252865580257        3.5307612055784241E-005   1.2121212121212121E-002   1.0017791506061733        1.0101010101010102E-002   1.0017791506061733        1.0000000000000000        1.7763568394002505E-015
  0.71718372539584718        3.6085354235594319E-005   1.2121212121212121E-002   1.0017842314448258        1.0101010101010102E-002   1.0017842314448258        1.0000000000000000        1.7763568394002505E-015
  0.72728486922995728        3.6530499317388472E-005   1.2121212121212121E-002   1.0017896840392662        1.0101010101010102E-002   1.0017896840392662        1.0000000000000000        1.7763568394002505E-015
  0.73738595705449761        3.6673328504091333E-005   1.2121212121212121E-002   1.0017948059582300        1.0101010101010102E-002   1.0017948059582300        1.0000000000000000        1.7763568394002505E-015
  0.74748699886019221        3.6595812390418416E-005   1.2121212121212121E-002   1.0017991395857928        1.0101010101010102E-002   1.0017991395857928        1.0000000000000000        1.7763568394002505E-015
  0.75758800238499080        3.6473236057903694E-005   1.2121212121212121E-002   1.0018034609887290        1.0101010101010102E-002   1.0018034609887290        1.0000000000000000        1.7763568394002505E-015
  0.76768895995908515        3.6082248673388113E-005   1.2121212121212121E-002   1.0018084802484040        1.0101010101010102E-002   1.0018084802484040        1.0000000000000000        1.7763568394002505E-015
  0.77778986397047478        3.5880578898259680E-005   1.2121212121212121E-002   1.0018140061458032        1.0101010101010102E-002   1.0018140061458032        1.0000000000000000        1.7763568394002505E-015
  0.78789071118512810        3.5989808903654763E-005   1.2121212121212121E-002   1.0018193159320539        1.0101010101010102E-002   1.0018193159320539        1.0000000000000000        1.7763568394002505E-015
  0.79799150950425379        3.5716192642630446E-005   1.2121212121212121E-002   1.0018239234320063        1.0101010101010102E-002   1.0018239234320063        1.0000000000000000        1.7763568394002505E-015
  0.80809226596075900        3.5016437024363466E-005   1.2121212121212121E-002   1.0018279742460912        1.0101010101010102E-002   1.0018279742460912        1.0000000000000000        1.7763568394002505E-015
  0.81819298472482216        3.4123510370424984E-005   1.2121212121212121E-002   1.0018317598484701        1.0101010101010102E-002   1.0018317598484701        1.0000000000000000        1.7763568394002505E-015
  0.82829366641243596        3.3418547188265812E-005   1.2121212121212121E-002   1.0018352952482796        1.0101010101010102E-002   1.0018352952482796        1.0000000000000000        1.7763568394002505E-015
  0.83839431480092697        3.2779888827652611E-005   1.2121212121212121E-002   1.0018382912948658        1.0101010101010102E-002   1.0018382912948658        1.0000000000000000        1.7763568394002505E-015
  0.84849493741033233        3.2820046917881758E-005   1.2121212121212121E-002   1.0018407960070743        1.0101010101010102E-002   1.0018407960070743        1.0000000000000000        1.7763568394002505E-015
  0.85859553644219710        3.3866346044921495E-005   1.2121212121212121E-002   1.0018428553062086        1.0101010101010102E-002   1.0018428553062086        1.0000000000000000        1.7763568394002505E-015
  0.86869611766465138        3.5137068643010424E-005   1.2121212121212121E-002   1.0018440351479228        1.0101010101010102E-002   1.0018440351479228        1.0000000000000000        1.7763568394002505E-015
  0.87879669253602888        3.6063301067491850E-005   1.2121212121212121E-002   1.0018437950403185        1.0101010101010102E-002   1.0018437950403185        1.0000000000000000        1.7763568394002505E-015
  0.88889727806943974        3.7317253688360800E-005   1.2121212121212121E-002   1.0018418710287571        1.0101010101010102E-002   1.0018418710287571        1.0000000000000000        1.7763568394002505E-015
  0.89899789146037601        3.9328483973860208E-005   1.2121212121212121E-002   1.0018385991554934        1.0101010101010102E-002   1.0018385991554934        1.0000000000000000        1.7763568394002505E-015
  0.90909854303949500        4.1687755587509731E-005   1.2121212121212121E-002   1.0018348490140534        1.0101010101010102E-002   1.0018348490140534        1.0000000000000000        1.7763568394002505E-015
  0.91919923147067595        4.4135476407597552E-005   1.2121212121212121E-002   1.0018312242060008        1.0101010101010102E-002   1.0018312242060008        1.0000000000000000        1.7763568394002505E-015
  0.92929995458794179        4.6786789653885306E-005   1.2121212121212121E-002   1.0018277212215734        1.0101010101010102E-002   1.0018277212215734        1.0000000000000000        1.7763568394002505E-015
  0.93940071215192866        4.9414183192285605E-005   1.2121212121212121E-002   1.0018243154766426        1.0101010101010102E-002   1.0018243154766426        1.0000000000000000        1.7763568394002505E-015
  0.94950150307746461        5.1521317481726039E-005   1.2121212121212121E-002   1.0018212978893231        1.0101010101010102E-002   1.0018212978893231        1.0000000000000000        1.7763568394002505E-015
  0.95960232030611292        5.2766836941672788E-005   1.2121212121212121E-002   1.0018186719904714        1.0101010101010102E-002   1.0018186719904714        1.0000000000000000        1.7763568394002505E-015
  0.96970316221856889        5.2728456305733589E-005   1.2121212121212121E-002   1.0018159123649002        1.0101010101010102E-002   1.0018159123649002        1.0000000000000000        8.8817841970012523E-016
  0.97980403365842339        5.1665410366509329E-005   1.2121212121212121E-002   1.0018128187301876        1.0101010101010102E-002   1.0018128187301876        1.0000000000000000       -3.2862601528904634E-014
  0.98990493720318906        5.0543060342764938E-005   1.2121212121212121E-002   1.0018096873586135        1.0101010101010102E-002   1.0018096873586135        1.0000000000000000        1.5010215292932116E-013
   1.0000058710163124        5.0214962847921562E-005   1.2121212121212121E-002   1.0018067299348563        1.0101010101010102E-002   1.0018067299348563        1.0000000000000000        1.0436096431476471E-012
   1.0101068811173226       -5.0387859304387294E-005   1.2121212121212121E-002   1.0018096873586859        1.0101010101010102E-002   1.0018030449269300        1.0000000000000000        1.4299672557172016E-013
   1.0202078912183328       -5.1496479087245085E-005   1.2121212121212121E-002   1.0018128187301396        1.0101010101010102E-002   1.0018006027093480        1.0000000000000000       -1.9677833450701065E-002
   1.0303089013193429       -5.2573635725588877E-005   1.2121212121212121E-002   1.0018159123648411        1.0101010101010102E-002   1.0018004115226273        1.0000000000000000       -1.3138325546267744     
   1.0404099114203531       -5.2635587776277560E-005   1.2121212121212121E-002   1.0018186719906410        1.0101010101010102E-002  0.99665637860081713        1.0000000000000000       -4.6453021478719450     
   1.0505109215213633       -5.1381307082668316E-005   1.2121212121212121E-002   1.0018212978893641        1.0101010101010102E-002  0.77867798353909146        1.0000000000000000        107.01218865918355     
  -1.0106881117238321E-002   5.0387858993284391E-005   1.2121212121212121E-002   1.0018096873586135        1.0101010101010102E-002   1.0018030449269304        1.0000000000000000        1.1546319456101628E-014
  -2.0207891218248425E-002   5.1496479294655549E-005   1.2121212121212121E-002   1.0018128187301876        1.0101010101010102E-002   1.0018006027093538        1.0000000000000000        1.9677833450746363E-002
  -3.0308901319258525E-002   5.2573635861950244E-005   1.2121212121212121E-002   1.0018159123649002        1.0101010101010102E-002   1.0018004115226335        1.0000000000000000        1.3138325546268277     
  -4.0409911420268625E-002   5.2635587856171131E-005   1.2121212121212121E-002   1.0018186719904714        1.0101010101010102E-002  0.99665637860082268        1.0000000000000000        4.6453021478716039     
  -5.0510921521278729E-002   5.1381307163207529E-005   1.2121212121212121E-002   1.0018212978893231        1.0101010101010102E-002  0.77867798353909445        1.0000000000000000       -107.01218865918408     
