 # x v h rho m p cs a
   29.650909090914581     
   3.9046895377276078E-014   4.4484281578192555E-015   1.2121212121212121E-002   1.0018985528249724        1.0101010101010102E-002   1.0018985528249724        1.0000000000000000       -1.5059153923857593E-010
   1.0100040273435069E-002   5.1416792068423129E-007   1.2121212121212121E-002   1.0018983552840277        1.0101010101010102E-002   1.0018983552840277        1.0000000000000000        4.1198676723475103E-005
   2.0200084450638839E-002   1.0261113577188244E-006   1.2121212121212121E-002   1.0018977634536801        1.0101010101010102E-002   1.0018977634536801        1.0000000000000000        8.2231757615680579E-005
   3.0300136419768628E-002   1.5336237630495946E-006   1.2121212121212121E-002   1.0018967797166936        1.0101010101010102E-002   1.0018967797166936        1.0000000000000000        1.2293385463202355E-004
   4.0400200037580783E-002   2.0345184223584405E-006   1.2121212121212121E-002   1.0018954080316878        1.0101010101010102E-002   1.0018954080316878        1.0000000000000000        1.6314170775100223E-004
   5.0500279114006383E-002   2.5266377369845904E-006   1.2121212121212121E-002   1.0018936539155725        1.0101010101010102E-002   1.0018936539155725        1.0000000000000000        2.0269376021797569E-004
   6.0600377396846691E-002   3.0078736710400129E-006   1.2121212121212121E-002   1.0018915244253503        1.0101010101010102E-002   1.0018915244253503        1.0000000000000000        2.4143049984459708E-004
   7.0700498556652627E-002   3.4761722700866030E-006   1.2121212121212121E-002   1.0018890281307367        1.0101010101010102E-002   1.0018890281307367        1.0000000000000000        2.7919601871939648E-004
   8.0800646171958965E-002   3.9295467602851439E-006   1.2121212121212121E-002   1.0018861750768109        1.0101010101010102E-002   1.0018861750768109        1.0000000000000000        3.1583866554552031E-004
   9.0900823714905987E-002   4.3660826825226728E-006   1.2121212121212121E-002   1.0018829767409525        1.0101010101010102E-002   1.0018829767409525        1.0000000000000000        3.5121149053907175E-004
  0.10100103453733683        4.7839469997922519E-006   1.2121212121212121E-002   1.0018794459917337        1.0101010101010102E-002   1.0018794459917337        1.0000000000000000        3.8517133402926618E-004
  0.11110128185721099        5.1814065460151059E-006   1.2121212121212121E-002   1.0018755970396809        1.0101010101010102E-002   1.0018755970396809        1.0000000000000000        4.1758150544257688E-004
  0.12120156874565917        5.5568249756916197E-006   1.2121212121212121E-002   1.0018714453733746        1.0101010101010102E-002   1.0018714453733746        1.0000000000000000        4.4831217784135902E-004
  0.13130189811468751        5.9086728484460861E-006   1.2121212121212121E-002   1.0018670076976814        1.0101010101010102E-002   1.0018670076976814        1.0000000000000000        4.7723954309475403E-004
  0.14140227270544536        6.2355342345404368E-006   1.2121212121212121E-002   1.0018623018720145        1.0101010101010102E-002   1.0018623018720145        1.0000000000000000        5.0424658585068727E-004
  0.15150269507712485        6.5361150722054305E-006   1.2121212121212121E-002   1.0018573468368193        1.0101010101010102E-002   1.0018573468368193        1.0000000000000000        5.2922476610905989E-004
  0.16160316759669194        6.8092473850581711E-006   1.2121212121212121E-002   1.0018521625353156        1.0101010101010102E-002   1.0018521625353156        1.0000000000000000        5.5207342848007102E-004
  0.17170369242933331        7.0538883519790720E-006   1.2121212121212121E-002   1.0018467698333431        1.0101010101010102E-002   1.0018467698333431        1.0000000000000000        5.7270075884208183E-004
  0.18180427152976511        7.2691261924508245E-006   1.2121212121212121E-002   1.0018411904360596        1.0101010101010102E-002   1.0018411904360596        1.0000000000000000        5.9102336596605909E-004
  0.19190490663432941        7.4541896149292133E-006   1.2121212121212121E-002   1.0018354468040480        1.0101010101010102E-002   1.0018354468040480        1.0000000000000000        6.0696695195794348E-004
  0.20200559925393910        7.6084380806153668E-006   1.2121212121212121E-002   1.0018295620594011        1.0101010101010102E-002   1.0018295620594011        1.0000000000000000        6.2046767933310321E-004
  0.21210635066804590        7.7313719311452714E-006   1.2121212121212121E-002   1.0018235598913492        1.0101010101010102E-002   1.0018235598913492        1.0000000000000000        6.3147097219928838E-004
  0.22220716191945031        7.8226221770047313E-006   1.2121212121212121E-002   1.0018174644634799        1.0101010101010102E-002   1.0018174644634799        1.0000000000000000        6.3993227623804216E-004
  0.23230803381009418        7.8819617844831708E-006   1.2121212121212121E-002   1.0018113003184210        1.0101010101010102E-002   1.0018113003184210        1.0000000000000000        6.4581686881481914E-004
  0.24240896689774549        7.9093009510606776E-006   1.2121212121212121E-002   1.0018050922762263        1.0101010101010102E-002   1.0018050922762263        1.0000000000000000        6.4910140558804841E-004
  0.25250996149380855        7.9046766666685247E-006   1.2121212121212121E-002   1.0017988653326300        1.0101010101010102E-002   1.0017988653326300        1.0000000000000000        6.4977242935171375E-004
  0.26261101766202322        7.8682583141385779E-006   1.2121212121212121E-002   1.0017926445603664        1.0101010101010102E-002   1.0017926445603664        1.0000000000000000        6.4782711450561692E-004
  0.27271213521822191        7.8003449024765299E-006   1.2121212121212121E-002   1.0017864550116062        1.0101010101010102E-002   1.0017864550116062        1.0000000000000000        6.4327232867356088E-004
  0.28281331373094276        7.7013595679408173E-006   1.2121212121212121E-002   1.0017803216140362        1.0101010101010102E-002   1.0017803216140362        1.0000000000000000        6.3612698443726856E-004
  0.29291455252325022        7.5718433246499624E-006   1.2121212121212121E-002   1.0017742690664844        1.0101010101010102E-002   1.0017742690664844        1.0000000000000000        6.2641971564314503E-004
  0.30301585067543146        7.4124517034170625E-006   1.2121212121212121E-002   1.0017683217447411        1.0101010101010102E-002   1.0017683217447411        1.0000000000000000        6.1418910519250858E-004
  0.31311720702865264        7.2239508591820862E-006   1.2121212121212121E-002   1.0017625036038380        1.0101010101010102E-002   1.0017625036038380        1.0000000000000000        5.9948409271193270E-004
  0.32321862018959346        7.0072170524230515E-006   1.2121212121212121E-002   1.0017568380789799        1.0101010101010102E-002   1.0017568380789799        1.0000000000000000        5.8236403534905890E-004
  0.33332008853606743        6.7632206976145316E-006   1.2121212121212121E-002   1.0017513479886726        1.0101010101010102E-002   1.0017513479886726        1.0000000000000000        5.6289809208109887E-004
  0.34342161022358481        6.4930263658289100E-006   1.2121212121212121E-002   1.0017460554464883        1.0101010101010102E-002   1.0017460554464883        1.0000000000000000        5.4116400310100232E-004
  0.35352318319270515        6.1977931706096915E-006   1.2121212121212121E-002   1.0017409817738687        1.0101010101010102E-002   1.0017409817738687        1.0000000000000000        5.1724914124395838E-004
  0.36362480517731716        5.8787591339059426E-006   1.2121212121212121E-002   1.0017361474094766        1.0101010101010102E-002   1.0017361474094766        1.0000000000000000        4.9125017360296397E-004
  0.37372647371380813        5.5372398825468493E-006   1.2121212121212121E-002   1.0017315718272559        1.0101010101010102E-002   1.0017315718272559        1.0000000000000000        4.6327165811721471E-004
  0.38382818615095704        5.1746210871032867E-006   1.2121212121212121E-002   1.0017272734592328        1.0101010101010102E-002   1.0017272734592328        1.0000000000000000        4.3342634101417588E-004
  0.39392993966063189        4.7923572923812315E-006   1.2121212121212121E-002   1.0017232696223117        1.0101010101010102E-002   1.0017232696223117        1.0000000000000000        4.0183402030002924E-004
  0.40403173124913322        4.3919644614766019E-006   1.2121212121212121E-002   1.0017195764489284        1.0101010101010102E-002   1.0017195764489284        1.0000000000000000        3.6862202222209817E-004
  0.41413355776925426        3.9750043640423925E-006   1.2121212121212121E-002   1.0017162088169469        1.0101010101010102E-002   1.0017162088169469        1.0000000000000000        3.3392475617155526E-004
  0.42423541593304015        3.5430954104960247E-006   1.2121212121212121E-002   1.0017131802929038        1.0101010101010102E-002   1.0017131802929038        1.0000000000000000        2.9788144248410475E-004
  0.43433730232495482        3.0978974630814475E-006   1.2121212121212121E-002   1.0017105030795870        1.0101010101010102E-002   1.0017105030795870        1.0000000000000000        2.6063739446513523E-004
  0.44443921341567300        2.6411065653735364E-006   1.2121212121212121E-002   1.0017081879642813        1.0101010101010102E-002   1.0017081879642813        1.0000000000000000        2.2234266297260774E-004
  0.45454114557628428        2.1744522289626250E-006   1.2121212121212121E-002   1.0017062442741176        1.0101010101010102E-002   1.0017062442741176        1.0000000000000000        1.8315195754325941E-004
  0.46464309509296992        1.6996890286335070E-006   1.2121212121212121E-002   1.0017046798392482        1.0101010101010102E-002   1.0017046798392482        1.0000000000000000        1.4322295827629006E-004
  0.47474505818193879        1.2185978999688767E-006   1.2121212121212121E-002   1.0017035009642035        1.0101010101010102E-002   1.0017035009642035        1.0000000000000000        1.0271639337666727E-004
  0.48484703100465604        7.3297643650553116E-007   1.2121212121212121E-002   1.0017027123992908        1.0101010101010102E-002   1.0017027123992908        1.0000000000000000        6.1795904655603806E-005
  0.49494900968336281        2.4462848069807350E-007   1.2121212121212121E-002   1.0017023173209345        1.0101010101010102E-002   1.0017023173209345        1.0000000000000000        2.0626356211472796E-005
  0.50505099031669409       -2.4462866536632768E-007   1.2121212121212121E-002   1.0017023173209965        1.0101010101010102E-002   1.0017023173209965        1.0000000000000000       -2.0626368127274475E-005
  0.51515296899539909       -7.3297565561068355E-007   1.2121212121212121E-002   1.0017027123991966        1.0101010101010102E-002   1.0017027123991966        1.0000000000000000       -6.1795860331059771E-005
  0.52525494181812005       -1.2185982043647376E-006   1.2121212121212121E-002   1.0017035009640061        1.0101010101010102E-002   1.0017035009640061        1.0000000000000000       -1.0271641653059049E-004
  0.53535690490708976       -1.6996898019894914E-006   1.2121212121212121E-002   1.0017046798392988        1.0101010101010102E-002   1.0017046798392988        1.0000000000000000       -1.4322298577429393E-004
  0.54545885442377307       -2.1744516220674769E-006   1.2121212121212121E-002   1.0017062442741711        1.0101010101010102E-002   1.0017062442741711        1.0000000000000000       -1.8315193460516355E-004
  0.55556078658438568       -2.6411068101019759E-006   1.2121212121212121E-002   1.0017081879643437        1.0101010101010102E-002   1.0017081879643437        1.0000000000000000       -2.2234268685128455E-004
  0.56566269767510124       -3.0978969986595286E-006   1.2121212121212121E-002   1.0017105030796181        1.0101010101010102E-002   1.0017105030796181        1.0000000000000000       -2.6063736175263585E-004
  0.57576458406701758       -3.5430962115633281E-006   1.2121212121212121E-002   1.0017131802927317        1.0101010101010102E-002   1.0017131802927317        1.0000000000000000       -2.9788143138720358E-004
  0.58586644223080564       -3.9750040640841591E-006   1.2121212121212121E-002   1.0017162088168203        1.0101010101010102E-002   1.0017162088168203        1.0000000000000000       -3.3392477941251997E-004
  0.59596826875092745       -4.3919636251633166E-006   1.2121212121212121E-002   1.0017195764490754        1.0101010101010102E-002   1.0017195764490754        1.0000000000000000       -3.6862205649779156E-004
  0.60607006033942423       -4.7923578160972762E-006   1.2121212121212121E-002   1.0017232696222600        1.0101010101010102E-002   1.0017232696222600        1.0000000000000000       -4.0183394330917110E-004
  0.61617181384910469       -5.1746214296832931E-006   1.2121212121212121E-002   1.0017272734590112        1.0101010101010102E-002   1.0017272734590112        1.0000000000000000       -4.3342638460952543E-004
  0.62627352628625332       -5.5372395159795550E-006   1.2121212121212121E-002   1.0017315718273543        1.0101010101010102E-002   1.0017315718273543        1.0000000000000000       -4.6327167621651455E-004
  0.63637519482274152       -5.8787597166054824E-006   1.2121212121212121E-002   1.0017361474093414        1.0101010101010102E-002   1.0017361474093414        1.0000000000000000       -4.9125011038597677E-004
  0.64647681680735958       -6.1977924574692048E-006   1.2121212121212121E-002   1.0017409817738130        1.0101010101010102E-002   1.0017409817738130        1.0000000000000000       -5.1724922140738983E-004
  0.65657838977647554       -6.4930266470994011E-006   1.2121212121212121E-002   1.0017460554468078        1.0101010101010102E-002   1.0017460554468078        1.0000000000000000       -5.4116400152892652E-004
  0.66667991146398986       -6.7632204771032749E-006   1.2121212121212121E-002   1.0017513479887608        1.0101010101010102E-002   1.0017513479887608        1.0000000000000000       -5.6289804648912423E-004
  0.67678137981046527       -7.0072171203418725E-006   1.2121212121212121E-002   1.0017568380788882        1.0101010101010102E-002   1.0017568380788882        1.0000000000000000       -5.8236403981126728E-004
  0.68688279297140709       -7.2239511663875064E-006   1.2121212121212121E-002   1.0017625036039202        1.0101010101010102E-002   1.0017625036039202        1.0000000000000000       -5.9948412383103999E-004
  0.69698414932462538       -7.4124515072440803E-006   1.2121212121212121E-002   1.0017683217448823        1.0101010101010102E-002   1.0017683217448823        1.0000000000000000       -6.1418909372612518E-004
  0.70708544747680679       -7.5718435572122821E-006   1.2121212121212121E-002   1.0017742690666731        1.0101010101010102E-002   1.0017742690666731        1.0000000000000000       -6.2641973120136640E-004
  0.71718668626910953       -7.7013596218638479E-006   1.2121212121212121E-002   1.0017803216138470        1.0101010101010102E-002   1.0017803216138470        1.0000000000000000       -6.3612689136149925E-004
  0.72728786478183960       -7.8003446670437001E-006   1.2121212121212121E-002   1.0017864550114322        1.0101010101010102E-002   1.0017864550114322        1.0000000000000000       -6.4327242288619857E-004
  0.73738898233803263       -7.8682580593152124E-006   1.2121212121212121E-002   1.0017926445602821        1.0101010101010102E-002   1.0017926445602821        1.0000000000000000       -6.4782703696941724E-004
  0.74749003850625406       -7.9046767706339314E-006   1.2121212121212121E-002   1.0017988653323722        1.0101010101010102E-002   1.0017988653323722        1.0000000000000000       -6.4977247570308094E-004
  0.75759103310231646       -7.9093008044876332E-006   1.2121212121212121E-002   1.0018050922763126        1.0101010101010102E-002   1.0018050922763126        1.0000000000000000       -6.4910142724361464E-004
  0.76769196618996616       -7.8819615721764073E-006   1.2121212121212121E-002   1.0018113003185760        1.0101010101010102E-002   1.0018113003185760        1.0000000000000000       -6.4581686705889041E-004
  0.77779283808060851       -7.8226220687109540E-006   1.2121212121212121E-002   1.0018174644636286        1.0101010101010102E-002   1.0018174644636286        1.0000000000000000       -6.3993227583036827E-004
  0.78789364933201145       -7.7313721392830658E-006   1.2121212121212121E-002   1.0018235598914382        1.0101010101010102E-002   1.0018235598914382        1.0000000000000000       -6.3147095792803754E-004
  0.79799440074611760       -7.6084384785377328E-006   1.2121212121212121E-002   1.0018295620592412        1.0101010101010102E-002   1.0018295620592412        1.0000000000000000       -6.2046764002765542E-004
  0.80809509336573138       -7.4541889828461264E-006   1.2121212121212121E-002   1.0018354468038018        1.0101010101010102E-002   1.0018354468038018        1.0000000000000000       -6.0696697148365786E-004
  0.81819572847029687       -7.2691262780293533E-006   1.2121212121212121E-002   1.0018411904359783        1.0101010101010102E-002   1.0018411904359783        1.0000000000000000       -5.9102338367100771E-004
  0.82829630757072914       -7.0538885280109888E-006   1.2121212121212121E-002   1.0018467698334643        1.0101010101010102E-002   1.0018467698334643        1.0000000000000000       -5.7270078496340915E-004
  0.83839683240336726       -6.8092476514989593E-006   1.2121212121212121E-002   1.0018521625354273        1.0101010101010102E-002   1.0018521625354273        1.0000000000000000       -5.5207340175744690E-004
  0.84849730492293540       -6.5361145844904053E-006   1.2121212121212121E-002   1.0018573468369047        1.0101010101010102E-002   1.0018573468369047        1.0000000000000000       -5.2922478663131045E-004
  0.85859772729461203       -6.2355346534986729E-006   1.2121212121212121E-002   1.0018623018719925        1.0101010101010102E-002   1.0018623018719925        1.0000000000000000       -5.0424653909075801E-004
  0.86869810188537289       -5.9086730885115847E-006   1.2121212121212121E-002   1.0018670076974137        1.0101010101010102E-002   1.0018670076974137        1.0000000000000000       -4.7723953827194521E-004
  0.87879843125440427       -5.5568250210181002E-006   1.2121212121212121E-002   1.0018714453732773        1.0101010101010102E-002   1.0018714453732773        1.0000000000000000       -4.4831221699759283E-004
  0.88889871814285148       -5.1814060302619264E-006   1.2121212121212121E-002   1.0018755970398765        1.0101010101010102E-002   1.0018755970398765        1.0000000000000000       -4.1758153768078898E-004
  0.89899896546272262       -4.7839474517965450E-006   1.2121212121212121E-002   1.0018794459920879        1.0101010101010102E-002   1.0018794459920879        1.0000000000000000       -3.8517132962656575E-004
  0.90909917628514803       -4.3660830133103297E-006   1.2121212121212121E-002   1.0018829767406694        1.0101010101010102E-002   1.0018829767406694        1.0000000000000000       -3.5121135632376621E-004
  0.91919935382810702       -3.9295466344546151E-006   1.2121212121212121E-002   1.0018861750764327        1.0101010101010102E-002   1.0018861750764327        1.0000000000000000       -3.1583878163576884E-004
  0.92929950144341045       -3.4761722486572425E-006   1.2121212121212121E-002   1.0018890281311357        1.0101010101010102E-002   1.0018890281311357        1.0000000000000000       -2.7919606749282622E-004
  0.93939962260320975       -3.0078732665197346E-006   1.2121212121212121E-002   1.0018915244256410        1.0101010101010102E-002   1.0018915244256410        1.0000000000000000       -2.4143043584157198E-004
  0.94949972088605061       -2.5266385688595718E-006   1.2121212121212121E-002   1.0018936539154926        1.0101010101010102E-002   1.0018936539154926        1.0000000000000000       -2.0269373604353547E-004
  0.95959979996247757       -2.0345178491622890E-006   1.2121212121212121E-002   1.0018954080314519        1.0101010101010102E-002   1.0018954080314519        1.0000000000000000       -1.6314170076103807E-004
  0.96969986358029381       -1.5336232872615018E-006   1.2121212121212121E-002   1.0018967797167342        1.0101010101010102E-002   1.0018967797167342        1.0000000000000000       -1.2293392330420261E-004
  0.97979991554941814       -1.0261118807924962E-006   1.2121212121212121E-002   1.0018977634536657        1.0101010101010102E-002   1.0018977634536657        1.0000000000000000       -8.2231672591248639E-005
  0.98989995972662681       -5.1416764918181366E-007   1.2121212121212121E-002   1.0018983552835410        1.0101010101010102E-002   1.0018983552835410        1.0000000000000000       -4.1198663485175757E-005
   1.0000000000000293        1.3197601663968765E-014   1.2121212121212121E-002   1.0018985528249738        1.0101010101010102E-002   1.0018985528249738        1.0000000000000000        3.3249847319893888E-011
   1.0101000402734350        4.1422959718626910E-007   1.2121212121212121E-002   1.0018983552840277        1.0101010101010102E-002   1.0018983552840277        1.0000000000000000        4.1198622628968451E-005
   1.0202000844506389        8.2663665558036499E-007   1.2121212121212121E-002   1.0018977634536801        1.0101010101010102E-002   1.0018977634536801        1.0000000000000000        8.2231718596226244E-005
   1.0303001364197686        1.2354156299760002E-006   1.2121212121212121E-002   1.0018967797166936        1.0101010101010102E-002   1.0018967797166936        1.0000000000000000        1.2293385517203603E-004
   1.0404002000375807        1.6387758884548136E-006   1.2121212121212121E-002   1.0018954080316878        1.0101010101010102E-002   1.0018954080316878        1.0000000000000000        1.6314170880349366E-004
   1.0505002791140063        2.0349520351450669E-006   1.2121212121212121E-002   1.0018936539155725        1.0101010101010102E-002   1.0018936539155725        1.0000000000000000        2.0269376009007800E-004
   1.0606003773968466        2.4222229003196536E-006   1.2121212121212121E-002   1.0018915244253503        1.0101010101010102E-002   1.0018915244253503        1.0000000000000000        2.4143050031799618E-004
   1.0707004985566526        2.7989128003315895E-006   1.2121212121212121E-002   1.0018890281307367        1.0101010101010102E-002   1.0018890281307367        1.0000000000000000        2.7919601915638026E-004
   1.0808006461719590        3.1634027838537708E-006   1.2121212121212121E-002   1.0018861750768109        1.0101010101010102E-002   1.0018861750768109        1.0000000000000000        3.1583866458539944E-004
   1.0909008237149060        3.5141349592507288E-006   1.2121212121212121E-002   1.0018829767409525        1.0101010101010102E-002   1.0018829767409525        1.0000000000000000        7.6308079632031109     
   1.1010010345373369        3.8496237443308868E-006   1.2121212121212121E-002   1.0018794459917337        1.0101010101010102E-002   1.0018794459917337        1.0000000000000000        93.411354324716541     
  -1.0100040273373190E-002  -4.1422937380912624E-007   1.2121212121212121E-002   1.0018983552835410        1.0101010101010102E-002   1.0018983552835410        1.0000000000000000       -4.1198608261794334E-005
  -2.0200084450581857E-002  -8.2663733748402297E-007   1.2121212121212121E-002   1.0018977634536657        1.0101010101010102E-002   1.0018977634536657        1.0000000000000000       -8.2231635835761097E-005
  -3.0300136419706192E-002  -1.2354150180371535E-006   1.2121212121212121E-002   1.0018967797167342        1.0101010101010102E-002   1.0018967797167342        1.0000000000000000       -1.2293392330686714E-004
  -4.0400200037522427E-002  -1.6387753644658998E-006   1.2121212121212121E-002   1.0018954080314519        1.0101010101010102E-002   1.0018954080314519        1.0000000000000000       -1.6314170076103807E-004
  -5.0500279113949387E-002  -2.0349528677736539E-006   1.2121212121212121E-002   1.0018936539154926        1.0101010101010102E-002   1.0018936539154926        1.0000000000000000       -2.0269373604531182E-004
  -6.0600377396790250E-002  -2.4222226744276658E-006   1.2121212121212121E-002   1.0018915244256410        1.0101010101010102E-002   1.0018915244256410        1.0000000000000000       -2.4143043583091384E-004
  -7.0700498556589553E-002  -2.7989126620879267E-006   1.2121212121212121E-002   1.0018890281311357        1.0101010101010102E-002   1.0018890281311357        1.0000000000000000       -2.7919606748927350E-004
  -8.0800646171892976E-002  -3.1634023953226734E-006   1.2121212121212121E-002   1.0018861750764327        1.0101010101010102E-002   1.0018861750764327        1.0000000000000000       -3.1583878163043977E-004
  -9.0900823714851975E-002  -3.5141355939278253E-006   1.2121212121212121E-002   1.0018829767406694        1.0101010101010102E-002   1.0018829767406694        1.0000000000000000       -7.6308079631013896     
 -0.10100103453727738       -3.8496241839900381E-006   1.2121212121212121E-002   1.0018794459920879        1.0101010101010102E-002   1.0018794459920879        1.0000000000000000       -93.411354324719710     
