 # x v h rho m p cs a
  0.65000000000000047     
   2.0206059048177892E-017   0.0000000000000000        1.2121212121212121E-002   1.0017891071129450        1.0101010101010102E-002   1.0017891071129450        1.0000000000000000        1.2434497875801753E-014
   1.0101236015720409E-002  -6.9624732474964239E-006   1.2121212121212121E-002   1.0017800695391164        1.0101010101010102E-002   1.0017800695391164        1.0000000000000000       -1.4210854715202004E-014
   2.0202438423757733E-002  -1.2847825663134694E-005   1.2121212121212121E-002   1.0017803030394066        1.0101010101010102E-002   1.0017803030394066        1.0000000000000000       -9.9475983006414026E-014
   3.0303651293562106E-002  -1.9094341373878723E-005   1.2121212121212121E-002   1.0017801167699061        1.0101010101010102E-002   1.0017801167699061        1.0000000000000000        6.1284310959308641E-014
   4.0404860679855853E-002  -2.5239838189380120E-005   1.2121212121212121E-002   1.0017804046435226        1.0101010101010102E-002   1.0017804046435226        1.0000000000000000        3.5527136788005009E-015
   5.0506066953987294E-002  -3.1277981712932875E-005   1.2121212121212121E-002   1.0017808141974385        1.0101010101010102E-002   1.0017808141974385        1.0000000000000000        4.4408920985006262E-015
   6.0607268191619434E-002  -3.7078575622052607E-005   1.2121212121212121E-002   1.0017812660747587        1.0101010101010102E-002   1.0017812660747587        1.0000000000000000       -8.8817841970012523E-015
   7.0708465501023499E-002  -4.2961948793533415E-005   1.2121212121212121E-002   1.0017817490334391        1.0101010101010102E-002   1.0017817490334391        1.0000000000000000       -5.1514348342607263E-014
   8.0809657426224715E-002  -4.8480032427564069E-005   1.2121212121212121E-002   1.0017823857484076        1.0101010101010102E-002   1.0017823857484076        1.0000000000000000        2.1316282072803006E-014
   9.0910842012568327E-002  -5.3807056453709297E-005   1.2121212121212121E-002   1.0017830979139954        1.0101010101010102E-002   1.0017830979139954        1.0000000000000000        7.1054273576010019E-015
  0.10101201967517907       -5.9049078630886243E-005   1.2121212121212121E-002   1.0017837849049469        1.0101010101010102E-002   1.0017837849049469        1.0000000000000000        7.1054273576010019E-015
  0.11111319097448659       -6.3992001432845074E-005   1.2121212121212121E-002   1.0017846015852836        1.0101010101010102E-002   1.0017846015852836        1.0000000000000000        3.5527136788005009E-015
  0.12121435250544037       -6.8569796458183490E-005   1.2121212121212121E-002   1.0017855485182738        1.0101010101010102E-002   1.0017855485182738        1.0000000000000000        1.9539925233402755E-014
  0.13131550474418799       -7.2998930081488614E-005   1.2121212121212121E-002   1.0017864386718169        1.0101010101010102E-002   1.0017864386718169        1.0000000000000000        8.0824236192711396E-014
  0.14141664890666730       -7.7177369002756976E-005   1.2121212121212121E-002   1.0017873901864682        1.0101010101010102E-002   1.0017873901864682        1.0000000000000000        2.2204460492503131E-014
  0.15151778253577131       -8.0885897281085637E-005   1.2121212121212121E-002   1.0017885077519957        1.0101010101010102E-002   1.0017885077519957        1.0000000000000000       -6.2172489379008766E-015
  0.16161890429436276       -8.4308058949581402E-005   1.2121212121212121E-002   1.0017896152740313        1.0101010101010102E-002   1.0017896152740313        1.0000000000000000       -6.2172489379008766E-015
  0.17172001597093572       -8.7527868994628213E-005   1.2121212121212121E-002   1.0017906747365963        1.0101010101010102E-002   1.0017906747365963        1.0000000000000000       -6.2172489379008766E-015
  0.18182111712334684       -9.0305936225839025E-005   1.2121212121212121E-002   1.0017918668850303        1.0101010101010102E-002   1.0017918668850303        1.0000000000000000       -6.2172489379008766E-015
  0.19192220517931610       -9.2614424713562582E-005   1.2121212121212121E-002   1.0017931559300579        1.0101010101010102E-002   1.0017931559300579        1.0000000000000000       -6.2172489379008766E-015
  0.20202328053792631       -9.4667070037757867E-005   1.2121212121212121E-002   1.0017943617774387        1.0101010101010102E-002   1.0017943617774387        1.0000000000000000       -6.2172489379008766E-015
  0.21212434489418200       -9.6415672514104658E-005   1.2121212121212121E-002   1.0017955547526372        1.0101010101010102E-002   1.0017955547526372        1.0000000000000000       -6.2172489379008766E-015
  0.22222539695120153       -9.7647674313595205E-005   1.2121212121212121E-002   1.0017968868816738        1.0101010101010102E-002   1.0017968868816738        1.0000000000000000       -1.7763568394002505E-015
  0.23232643480391174       -9.8427605155529946E-005   1.2121212121212121E-002   1.0017982558148548        1.0101010101010102E-002   1.0017982558148548        1.0000000000000000       -5.6843418860808015E-014
  0.24242745954899739       -9.8940450392316065E-005   1.2121212121212121E-002   1.0017995119546794        1.0101010101010102E-002   1.0017995119546794        1.0000000000000000       -1.8562928971732617E-013
  0.25252847275088364       -9.9109269770834445E-005   1.2121212121212121E-002   1.0018007511365961        1.0101010101010102E-002   1.0018007511365961        1.0000000000000000        1.8385293287792592E-013
  0.26262947324832009       -9.8755387548681717E-005   1.2121212121212121E-002   1.0018021094477931        1.0101010101010102E-002   1.0018021094477931        1.0000000000000000        5.0626169922907138E-014
  0.27273045944658253       -9.7940668173728573E-005   1.2121212121212121E-002   1.0018034925442794        1.0101010101010102E-002   1.0018034925442794        1.0000000000000000       -6.2172489379008766E-015
  0.28283143235265518       -9.6842163486665847E-005   1.2121212121212121E-002   1.0018047480737853        1.0101010101010102E-002   1.0018047480737853        1.0000000000000000       -6.2172489379008766E-015
  0.29293239383922220       -9.5436258393212994E-005   1.2121212121212121E-002   1.0018059311667022        1.0101010101010102E-002   1.0018059311667022        1.0000000000000000       -6.2172489379008766E-015
  0.30303334362520523       -9.3560454040016392E-005   1.2121212121212121E-002   1.0018071916978832        1.0101010101010102E-002   1.0018071916978832        1.0000000000000000       -6.2172489379008766E-015
  0.31313428017247369       -9.1202229256056452E-005   1.2121212121212121E-002   1.0018085112210147        1.0101010101010102E-002   1.0018085112210147        1.0000000000000000       -6.2172489379008766E-015
  0.32323520361983582       -8.8520001081710459E-005   1.2121212121212121E-002   1.0018097326078714        1.0101010101010102E-002   1.0018097326078714        1.0000000000000000       -6.2172489379008766E-015
  0.33333611594574258       -8.5600752626420977E-005   1.2121212121212121E-002   1.0018108026832460        1.0101010101010102E-002   1.0018108026832460        1.0000000000000000       -6.2172489379008766E-015
  0.34343701844623709       -8.2353739099377867E-005   1.2121212121212121E-002   1.0018118380962311        1.0101010101010102E-002   1.0018118380962311        1.0000000000000000       -6.2172489379008766E-015
  0.35353791048631822       -7.8671004382211424E-005   1.2121212121212121E-002   1.0018129429227223        1.0101010101010102E-002   1.0018129429227223        1.0000000000000000       -6.2172489379008766E-015
  0.36363879106548758       -7.4591934633156220E-005   1.2121212121212121E-002   1.0018140629631582        1.0101010101010102E-002   1.0018140629631582        1.0000000000000000       -6.2172489379008766E-015
  0.37373966074959658       -7.0256965470417588E-005   1.2121212121212121E-002   1.0018150615123353        1.0101010101010102E-002   1.0018150615123353        1.0000000000000000       -6.2172489379008766E-015
  0.38384052151528458       -6.5746664903548700E-005   1.2121212121212121E-002   1.0018158867084328        1.0101010101010102E-002   1.0018158867084328        1.0000000000000000       -6.2172489379008766E-015
  0.39394137502600024       -6.1017116097034630E-005   1.2121212121212121E-002   1.0018166184047921        1.0101010101010102E-002   1.0018166184047921        1.0000000000000000       -6.2172489379008766E-015
  0.40404222151124403       -5.5982155025088897E-005   1.2121212121212121E-002   1.0018173661730776        1.0101010101010102E-002   1.0018173661730776        1.0000000000000000       -6.2172489379008766E-015
  0.41414306028537323       -5.0623319515714078E-005   1.2121212121212121E-002   1.0018181550138938        1.0101010101010102E-002   1.0018181550138938        1.0000000000000000       -6.2172489379008766E-015
  0.42424389106499794       -4.5014280016072903E-005   1.2121212121212121E-002   1.0018189112989766        1.0101010101010102E-002   1.0018189112989766        1.0000000000000000       -6.2172489379008766E-015
  0.43434471473812686       -3.9261393783750151E-005   1.2121212121212121E-002   1.0018195354210466        1.0101010101010102E-002   1.0018195354210466        1.0000000000000000       -6.2172489379008766E-015
  0.44444553310739426       -3.3435292009441097E-005   1.2121212121212121E-002   1.0018199762964284        1.0101010101010102E-002   1.0018199762964284        1.0000000000000000       -6.2172489379008766E-015
  0.45454634809756866       -2.7549229009857922E-005   1.2121212121212121E-002   1.0018202504066003        1.0101010101010102E-002   1.0018202504066003        1.0000000000000000       -6.2172489379008766E-015
  0.46464716113578375       -2.1582685371624933E-005   1.2121212121212121E-002   1.0018204115924803        1.0101010101010102E-002   1.0018204115924803        1.0000000000000000       -6.2172489379008766E-015
  0.47474797301924349       -1.5516853792909797E-005   1.2121212121212121E-002   1.0018205106548992        1.0101010101010102E-002   1.0018205106548992        1.0000000000000000        5.3290705182007514E-015
  0.48484878413951454       -9.3554958740078178E-006   1.2121212121212121E-002   1.0018205742959214        1.0101010101010102E-002   1.0018205742959214        1.0000000000000000       -7.0166095156309893E-014
  0.49494959477135086       -3.1265597009960716E-006   1.2121212121212121E-002   1.0018206075650558        1.0101010101010102E-002   1.0018206075650558        1.0000000000000000       -4.4941828036826337E-013
  0.50505040522864453        3.1265596663789802E-006   1.2121212121212121E-002   1.0018206075650788        1.0101010101010102E-002   1.0018206075650788        1.0000000000000000       -6.9277916736609768E-014
  0.51515121586048029        9.3554959194689197E-006   1.2121212121212121E-002   1.0018205742959321        1.0101010101010102E-002   1.0018205742959321        1.0000000000000000        1.5987211554602254E-014
  0.52525202698075157        1.5516853790531433E-005   1.2121212121212121E-002   1.0018205106548324        1.0101010101010102E-002   1.0018205106548324        1.0000000000000000        1.7763568394002505E-015
  0.53535283886421259        2.1582685340995835E-005   1.2121212121212121E-002   1.0018204115924338        1.0101010101010102E-002   1.0018204115924338        1.0000000000000000        1.7763568394002505E-015
  0.54545365190242734        2.7549228994161344E-005   1.2121212121212121E-002   1.0018202504065949        1.0101010101010102E-002   1.0018202504065949        1.0000000000000000        1.7763568394002505E-015
  0.55555446689260213        3.3435292010022588E-005   1.2121212121212121E-002   1.0018199762964326        1.0101010101010102E-002   1.0018199762964326        1.0000000000000000        1.7763568394002505E-015
  0.56565528526186903        3.9261393733954195E-005   1.2121212121212121E-002   1.0018195354210453        1.0101010101010102E-002   1.0018195354210453        1.0000000000000000        1.7763568394002505E-015
  0.57575610893499851        4.5014280057057670E-005   1.2121212121212121E-002   1.0018189112989839        1.0101010101010102E-002   1.0018189112989839        1.0000000000000000        1.7763568394002505E-015
  0.58585693971462249        5.0623319469111185E-005   1.2121212121212121E-002   1.0018181550138998        1.0101010101010102E-002   1.0018181550138998        1.0000000000000000        1.7763568394002505E-015
  0.59595777848875231        5.5982155028723651E-005   1.2121212121212121E-002   1.0018173661730867        1.0101010101010102E-002   1.0018173661730867        1.0000000000000000        1.7763568394002505E-015
  0.60605862497399532        6.1017116140684020E-005   1.2121212121212121E-002   1.0018166184048054        1.0101010101010102E-002   1.0018166184048054        1.0000000000000000        1.7763568394002505E-015
  0.61615947848471142        6.5746664870799045E-005   1.2121212121212121E-002   1.0018158867084166        1.0101010101010102E-002   1.0018158867084166        1.0000000000000000        1.7763568394002505E-015
  0.62626033925039937        7.0256965493136855E-005   1.2121212121212121E-002   1.0018150615123280        1.0101010101010102E-002   1.0018150615123280        1.0000000000000000        1.7763568394002505E-015
  0.63636120893450854        7.4591934607893862E-005   1.2121212121212121E-002   1.0018140629631449        1.0101010101010102E-002   1.0018140629631449        1.0000000000000000        1.7763568394002505E-015
  0.64646208951367801        7.8671004366015110E-005   1.2121212121212121E-002   1.0018129429227054        1.0101010101010102E-002   1.0018129429227054        1.0000000000000000        1.7763568394002505E-015
  0.65656298155375936        8.2353739093524381E-005   1.2121212121212121E-002   1.0018118380962109        1.0101010101010102E-002   1.0018118380962109        1.0000000000000000        1.7763568394002505E-015
  0.66666388405425403        8.5600752610029169E-005   1.2121212121212121E-002   1.0018108026832218        1.0101010101010102E-002   1.0018108026832218        1.0000000000000000        1.7763568394002505E-015
  0.67676479638016118        8.8520001060020696E-005   1.2121212121212121E-002   1.0018097326078819        1.0101010101010102E-002   1.0018097326078819        1.0000000000000000        1.7763568394002505E-015
  0.68686571982752265        9.1202229243934584E-005   1.2121212121212121E-002   1.0018085112210207        1.0101010101010102E-002   1.0018085112210207        1.0000000000000000        1.7763568394002505E-015
  0.69696665637479160        9.3560454003405161E-005   1.2121212121212121E-002   1.0018071916978630        1.0101010101010102E-002   1.0018071916978630        1.0000000000000000        1.7763568394002505E-015
  0.70706760616077469        9.5436258400892994E-005   1.2121212121212121E-002   1.0018059311667371        1.0101010101010102E-002   1.0018059311667371        1.0000000000000000        1.7763568394002505E-015
  0.71716856764734083        9.6842163533181360E-005   1.2121212121212121E-002   1.0018047480738035        1.0101010101010102E-002   1.0018047480738035        1.0000000000000000        1.7763568394002505E-015
  0.72726954055341397        9.7940668134901437E-005   1.2121212121212121E-002   1.0018034925442580        1.0101010101010102E-002   1.0018034925442580        1.0000000000000000        1.7763568394002505E-015
  0.73737052675167636        9.8755387540697096E-005   1.2121212121212121E-002   1.0018021094477498        1.0101010101010102E-002   1.0018021094477498        1.0000000000000000        1.7763568394002505E-015
  0.74747152724911381        9.9109269749449424E-005   1.2121212121212121E-002   1.0018007511365838        1.0101010101010102E-002   1.0018007511365838        1.0000000000000000        1.7763568394002505E-015
  0.75757254045099931        9.8940450395007109E-005   1.2121212121212121E-002   1.0017995119547047        1.0101010101010102E-002   1.0017995119547047        1.0000000000000000        1.7763568394002505E-015
  0.76767356519608509        9.8427605159368307E-005   1.2121212121212121E-002   1.0017982558148562        1.0101010101010102E-002   1.0017982558148562        1.0000000000000000        1.7763568394002505E-015
  0.77777460304879520        9.7647674289501020E-005   1.2121212121212121E-002   1.0017968868816778        1.0101010101010102E-002   1.0017968868816778        1.0000000000000000        1.7763568394002505E-015
  0.78787565510581470        9.6415672523840482E-005   1.2121212121212121E-002   1.0017955547526136        1.0101010101010102E-002   1.0017955547526136        1.0000000000000000        1.7763568394002505E-015
  0.79797671946207094        9.4667070049099097E-005   1.2121212121212121E-002   1.0017943617774197        1.0101010101010102E-002   1.0017943617774197        1.0000000000000000        1.7763568394002505E-015
  0.80807779482068098        9.2614424685617393E-005   1.2121212121212121E-002   1.0017931559300490        1.0101010101010102E-002   1.0017931559300490        1.0000000000000000        1.7763568394002505E-015
  0.81817888287665053        9.0305936225849217E-005   1.2121212121212121E-002   1.0017918668850021        1.0101010101010102E-002   1.0017918668850021        1.0000000000000000        1.7763568394002505E-015
  0.82827998402906200        8.7527868948060076E-005   1.2121212121212121E-002   1.0017906747365917        1.0101010101010102E-002   1.0017906747365917        1.0000000000000000        1.7763568394002505E-015
  0.83838109570563468        8.4308058959821149E-005   1.2121212121212121E-002   1.0017896152740480        1.0101010101010102E-002   1.0017896152740480        1.0000000000000000        1.7763568394002505E-015
  0.84848221746422603        8.0885897269691553E-005   1.2121212121212121E-002   1.0017885077519997        1.0101010101010102E-002   1.0017885077519997        1.0000000000000000        1.7763568394002505E-015
  0.85858335109333006        7.7177368953826471E-005   1.2121212121212121E-002   1.0017873901864529        1.0101010101010102E-002   1.0017873901864529        1.0000000000000000        1.7763568394002505E-015
  0.86868449525580971        7.2998930099857736E-005   1.2121212121212121E-002   1.0017864386718101        1.0101010101010102E-002   1.0017864386718101        1.0000000000000000        1.7763568394002505E-015
  0.87878564749455712        6.8569796459976869E-005   1.2121212121212121E-002   1.0017855485182685        1.0101010101010102E-002   1.0017855485182685        1.0000000000000000        1.7763568394002505E-015
  0.88888680902551120        6.3992001408867861E-005   1.2121212121212121E-002   1.0017846015852747        1.0101010101010102E-002   1.0017846015852747        1.0000000000000000        1.7763568394002505E-015
  0.89898798032481864        5.9049078623755798E-005   1.2121212121212121E-002   1.0017837849049587        1.0101010101010102E-002   1.0017837849049587        1.0000000000000000        1.7763568394002505E-015
  0.90908915798742918        5.3807056468705541E-005   1.2121212121212121E-002   1.0017830979139952        1.0101010101010102E-002   1.0017830979139952        1.0000000000000000        1.7763568394002505E-015
  0.91919034257377297        4.8480032433647399E-005   1.2121212121212121E-002   1.0017823857483805        1.0101010101010102E-002   1.0017823857483805        1.0000000000000000        1.7763568394002505E-015
  0.92929153449897461        4.2961948767464411E-005   1.2121212121212121E-002   1.0017817490334280        1.0101010101010102E-002   1.0017817490334280        1.0000000000000000        1.7763568394002505E-015
  0.93939273180837846        3.7078575576463532E-005   1.2121212121212121E-002   1.0017812660747616        1.0101010101010102E-002   1.0017812660747616        1.0000000000000000        1.7763568394002505E-015
  0.94949393304601071        3.1277981715514171E-005   1.2121212121212121E-002   1.0017808141974227        1.0101010101010102E-002   1.0017808141974227        1.0000000000000000        1.7763568394002505E-015
  0.95959513932014240        2.5239838209003227E-005   1.2121212121212121E-002   1.0017804046435146        1.0101010101010102E-002   1.0017804046435146        1.0000000000000000        1.7763568394002505E-015
  0.96969634870643606        1.9094341341849887E-005   1.2121212121212121E-002   1.0017801167699156        1.0101010101010102E-002   1.0017801167699156        1.0000000000000000        8.8817841970012523E-016
  0.97979756157624032        1.2847825689476899E-005   1.2121212121212121E-002   1.0017803030394252        1.0101010101010102E-002   1.0017803030394252        1.0000000000000000       -3.2862601528904634E-014
  0.98989876398427734        6.9624732546250599E-006   1.2121212121212121E-002   1.0017800695391177        1.0101010101010102E-002   1.0017800695391177        1.0000000000000000        1.5010215292932116E-013
  0.99999999999999800        0.0000000000000000        1.2121212121212121E-002   1.0017891071129299        1.0101010101010102E-002   1.0017891071129299        1.0000000000000000        1.0436096431476471E-012
