 # x v h rho m p cs a
  0.80000000000000060     
   2.4868995751603590E-017   0.0000000000000000        1.2121212121212121E-002   1.0018397498491554        1.0101010101010102E-002   1.0018397498491554        1.0000000000000000        1.2434497875801753E-014
   1.0100223761535430E-002  -5.9882810974047753E-006   1.2121212121212121E-002   1.0018710783029432        1.0101010101010102E-002   1.0018710783029432        1.0000000000000000       -1.4210854715202004E-014
   2.0200567783678600E-002  -1.0985610158108382E-005   1.2121212121212121E-002   1.0018703808977654        1.0101010101010102E-002   1.0018703808977654        1.0000000000000000       -9.9475983006414026E-014
   3.0300869176538649E-002  -1.6465414405683084E-005   1.2121212121212121E-002   1.0018710269863660        1.0101010101010102E-002   1.0018710269863660        1.0000000000000000        6.1284310959308641E-014
   4.0401188861255447E-002  -2.1631945394834120E-005   1.2121212121212121E-002   1.0018698721401467        1.0101010101010102E-002   1.0018698721401467        1.0000000000000000        3.5527136788005009E-015
   5.0501517200532697E-002  -2.6800768128353422E-005   1.2121212121212121E-002   1.0018686347160271        1.0101010101010102E-002   1.0018686347160271        1.0000000000000000        4.4408920985006262E-015
   6.0601860422171125E-002  -3.1954555623087185E-005   1.2121212121212121E-002   1.0018670251690296        1.0101010101010102E-002   1.0018670251690296        1.0000000000000000       -8.8817841970012523E-015
   7.0702220953214684E-002  -3.6797695468401842E-005   1.2121212121212121E-002   1.0018652121102931        1.0101010101010102E-002   1.0018652121102931        1.0000000000000000       -5.1514348342607263E-014
   8.0802599834541744E-002  -4.1604401455347769E-005   1.2121212121212121E-002   1.0018631192328384        1.0101010101010102E-002   1.0018631192328384        1.0000000000000000        2.1316282072803006E-014
   9.0903001629900199E-002  -4.6270200660282927E-005   1.2121212121212121E-002   1.0018607064855916        1.0101010101010102E-002   1.0018607064855916        1.0000000000000000        7.1054273576010019E-015
  0.10100342851028811       -5.0685244711259408E-005   1.2121212121212121E-002   1.0018581470476871        1.0101010101010102E-002   1.0018581470476871        1.0000000000000000        7.1054273576010019E-015
  0.11110388067652772       -5.4854263500937067E-005   1.2121212121212121E-002   1.0018553391865657        1.0101010101010102E-002   1.0018553391865657        1.0000000000000000        3.5527136788005009E-015
  0.12120436291161581       -5.8945738031585158E-005   1.2121212121212121E-002   1.0018522211979082        1.0101010101010102E-002   1.0018522211979082        1.0000000000000000        1.9539925233402755E-014
  0.13130487703142302       -6.2717438411349775E-005   1.2121212121212121E-002   1.0018489809236930        1.0101010101010102E-002   1.0018489809236930        1.0000000000000000        8.0824236192711396E-014
  0.14140542319415417       -6.6151067156441741E-005   1.2121212121212121E-002   1.0018455720366670        1.0101010101010102E-002   1.0018455720366670        1.0000000000000000        2.2204460492503131E-014
  0.15150600445043605       -6.9462429861432345E-005   1.2121212121212121E-002   1.0018418800568223        1.0101010101010102E-002   1.0018418800568223        1.0000000000000000       -6.2172489379008766E-015
  0.16160662382331761       -7.2484759339582768E-005   1.2121212121212121E-002   1.0018380508483398        1.0101010101010102E-002   1.0018380508483398        1.0000000000000000       -6.2172489379008766E-015
  0.17170728087303808       -7.5082497064212013E-005   1.2121212121212121E-002   1.0018341599093585        1.0101010101010102E-002   1.0018341599093585        1.0000000000000000       -6.2172489379008766E-015
  0.18180797683620969       -7.7453539966785875E-005   1.2121212121212121E-002   1.0018300535878506        1.0101010101010102E-002   1.0018300535878506        1.0000000000000000       -6.2172489379008766E-015
  0.19190871509573806       -7.9609854946290659E-005   1.2121212121212121E-002   1.0018257756463536        1.0101010101010102E-002   1.0018257756463536        1.0000000000000000       -6.2172489379008766E-015
  0.20200949589949568       -8.1325525111240662E-005   1.2121212121212121E-002   1.0018215008691223        1.0101010101010102E-002   1.0018215008691223        1.0000000000000000       -6.2172489379008766E-015
  0.21211031847402578       -8.2667357985028529E-005   1.2121212121212121E-002   1.0018171501813855        1.0101010101010102E-002   1.0018171501813855        1.0000000000000000       -6.2172489379008766E-015
  0.22221118505474524       -8.3812482410857087E-005   1.2121212121212121E-002   1.0018126224717256        1.0101010101010102E-002   1.0018126224717256        1.0000000000000000       -1.7763568394002505E-015
  0.23231209736886430       -8.4620183803453455E-005   1.2121212121212121E-002   1.0018080731124483        1.0101010101010102E-002   1.0018080731124483        1.0000000000000000       -5.6843418860808015E-014
  0.24241305400482432       -8.4953316223351457E-005   1.2121212121212121E-002   1.0018035956411047        1.0101010101010102E-002   1.0018035956411047        1.0000000000000000       -1.8562928971732617E-013
  0.25251405453889519       -8.4977868534408601E-005   1.2121212121212121E-002   1.0017990519872557        1.0101010101010102E-002   1.0017990519872557        1.0000000000000000        1.8385293287792592E-013
  0.26261510091549051       -8.4784571395444571E-005   1.2121212121212121E-002   1.0017944218000543        1.0101010101010102E-002   1.0017944218000543        1.0000000000000000        5.0626169922907138E-014
  0.27271619325670043       -8.4196158914198605E-005   1.2121212121212121E-002   1.0017898847819520        1.0101010101010102E-002   1.0017898847819520        1.0000000000000000       -6.2172489379008766E-015
  0.28281732933846487       -8.3153812450010041E-005   1.2121212121212121E-002   1.0017854740115910        1.0101010101010102E-002   1.0017854740115910        1.0000000000000000       -6.2172489379008766E-015
  0.29291850858274288       -8.1838730567122868E-005   1.2121212121212121E-002   1.0017810476629576        1.0101010101010102E-002   1.0017810476629576        1.0000000000000000       -6.2172489379008766E-015
  0.30301973214973743       -8.0303826947312771E-005   1.2121212121212121E-002   1.0017766183287056        1.0101010101010102E-002   1.0017766183287056        1.0000000000000000       -6.2172489379008766E-015
  0.31312099922105285       -7.8385375749788722E-005   1.2121212121212121E-002   1.0017723599564348        1.0101010101010102E-002   1.0017723599564348        1.0000000000000000       -6.2172489379008766E-015
  0.32322230697881354       -7.6041562658590332E-005   1.2121212121212121E-002   1.0017682992871482        1.0101010101010102E-002   1.0017682992871482        1.0000000000000000       -6.2172489379008766E-015
  0.33332365405432318       -7.3439993620024488E-005   1.2121212121212121E-002   1.0017643012056960        1.0101010101010102E-002   1.0017643012056960        1.0000000000000000       -6.2172489379008766E-015
  0.34342504079653713       -7.0655681149564128E-005   1.2121212121212121E-002   1.0017603543952478        1.0101010101010102E-002   1.0017603543952478        1.0000000000000000       -6.2172489379008766E-015
  0.35352646613564997       -6.7559917287360986E-005   1.2121212121212121E-002   1.0017566169881293        1.0101010101010102E-002   1.0017566169881293        1.0000000000000000       -6.2172489379008766E-015
  0.36362792685317030       -6.4076198859370120E-005   1.2121212121212121E-002   1.0017531605459189        1.0101010101010102E-002   1.0017531605459189        1.0000000000000000       -6.2172489379008766E-015
  0.37372942030984035       -6.0329820319277009E-005   1.2121212121212121E-002   1.0017498777828060        1.0101010101010102E-002   1.0017498777828060        1.0000000000000000       -6.2172489379008766E-015
  0.38383094577299254       -5.6455645968073249E-005   1.2121212121212121E-002   1.0017466955402889        1.0101010101010102E-002   1.0017466955402889        1.0000000000000000       -6.2172489379008766E-015
  0.39393250229653681       -5.2412569321295781E-005   1.2121212121212121E-002   1.0017437218248118        1.0101010101010102E-002   1.0017437218248118        1.0000000000000000       -6.2172489379008766E-015
  0.40403408676762376       -4.8093473198948668E-005   1.2121212121212121E-002   1.0017411023017986        1.0101010101010102E-002   1.0017411023017986        1.0000000000000000       -6.2172489379008766E-015
  0.41413569504321163       -4.3526111278577400E-005   1.2121212121212121E-002   1.0017388302581909        1.0101010101010102E-002   1.0017388302581909        1.0000000000000000       -6.2172489379008766E-015
  0.42423732421492644       -3.8853710262018452E-005   1.2121212121212121E-002   1.0017367865798850        1.0101010101010102E-002   1.0017367865798850        1.0000000000000000       -6.2172489379008766E-015
  0.43433897279259387       -3.4143925586525889E-005   1.2121212121212121E-002   1.0017349178501136        1.0101010101010102E-002   1.0017349178501136        1.0000000000000000       -6.2172489379008766E-015
  0.44444063900575875       -2.9305368866284307E-005   1.2121212121212121E-002   1.0017332880686556        1.0101010101010102E-002   1.0017332880686556        1.0000000000000000       -6.2172489379008766E-015
  0.45454231989564603       -2.4210855085964455E-005   1.2121212121212121E-002   1.0017319584026938        1.0101010101010102E-002   1.0017319584026938        1.0000000000000000       -6.2172489379008766E-015
  0.46464401231778935       -1.8857800364314655E-005   1.2121212121212121E-002   1.0017308877877891        1.0101010101010102E-002   1.0017308877877891        1.0000000000000000       -6.2172489379008766E-015
  0.47474571422334361       -1.3385217391144413E-005   1.2121212121212121E-002   1.0017299916005384        1.0101010101010102E-002   1.0017299916005384        1.0000000000000000        5.3290705182007514E-015
  0.48484742435683981       -7.9553481299838545E-006   1.2121212121212121E-002   1.0017292725708893        1.0101010101010102E-002   1.0017292725708893        1.0000000000000000       -7.0166095156309893E-014
  0.49494914066537032       -2.6339635276978552E-006   1.2121212121212121E-002   1.0017288508438296        1.0101010101010102E-002   1.0017288508438296        1.0000000000000000       -4.4941828036826337E-013
  0.50505085933462412        2.6339635339502929E-006   1.2121212121212121E-002   1.0017288508438320        1.0101010101010102E-002   1.0017288508438320        1.0000000000000000       -6.9277916736609768E-014
  0.51515257564315453        7.9553481045771961E-006   1.2121212121212121E-002   1.0017292725708680        1.0101010101010102E-002   1.0017292725708680        1.0000000000000000        1.5987211554602254E-014
  0.52525428577665134        1.3385217401951025E-005   1.2121212121212121E-002   1.0017299916005320        1.0101010101010102E-002   1.0017299916005320        1.0000000000000000        1.7763568394002505E-015
  0.53535598768220505        1.8857800366437089E-005   1.2121212121212121E-002   1.0017308877877629        1.0101010101010102E-002   1.0017308877877629        1.0000000000000000        1.7763568394002505E-015
  0.54545768010434947        2.4210855034831732E-005   1.2121212121212121E-002   1.0017319584026676        1.0101010101010102E-002   1.0017319584026676        1.0000000000000000        1.7763568394002505E-015
  0.55555936099423620        2.9305368859322936E-005   1.2121212121212121E-002   1.0017332880686562        1.0101010101010102E-002   1.0017332880686562        1.0000000000000000        1.7763568394002505E-015
  0.56566102720740163        3.4143925608849971E-005   1.2121212121212121E-002   1.0017349178501456        1.0101010101010102E-002   1.0017349178501456        1.0000000000000000        1.7763568394002505E-015
  0.57576267578506779        3.8853710237746472E-005   1.2121212121212121E-002   1.0017367865798972        1.0101010101010102E-002   1.0017367865798972        1.0000000000000000        1.7763568394002505E-015
  0.58586430495678365        4.3526111256970037E-005   1.2121212121212121E-002   1.0017388302581940        1.0101010101010102E-002   1.0017388302581940        1.0000000000000000        1.7763568394002505E-015
  0.59596591323237047        4.8093473204175444E-005   1.2121212121212121E-002   1.0017411023018259        1.0101010101010102E-002   1.0017411023018259        1.0000000000000000        1.7763568394002505E-015
  0.60606749770345780        5.2412569310426430E-005   1.2121212121212121E-002   1.0017437218247973        1.0101010101010102E-002   1.0017437218247973        1.0000000000000000        1.7763568394002505E-015
  0.61616905422700208        5.6455645999285519E-005   1.2121212121212121E-002   1.0017466955402843        1.0101010101010102E-002   1.0017466955402843        1.0000000000000000        1.7763568394002505E-015
  0.62627057969015432        6.0329820288085813E-005   1.2121212121212121E-002   1.0017498777827940        1.0101010101010102E-002   1.0017498777827940        1.0000000000000000        1.7763568394002505E-015
  0.63637207314682454        6.4076198837702462E-005   1.2121212121212121E-002   1.0017531605458925        1.0101010101010102E-002   1.0017531605458925        1.0000000000000000        1.7763568394002505E-015
  0.64647353386434525        6.7559917279826363E-005   1.2121212121212121E-002   1.0017566169881096        1.0101010101010102E-002   1.0017566169881096        1.0000000000000000        1.7763568394002505E-015
  0.65657495920345810        7.0655681145022716E-005   1.2121212121212121E-002   1.0017603543952369        1.0101010101010102E-002   1.0017603543952369        1.0000000000000000        1.7763568394002505E-015
  0.66667634594567227        7.3439993589792445E-005   1.2121212121212121E-002   1.0017643012056960        1.0101010101010102E-002   1.0017643012056960        1.0000000000000000        1.7763568394002505E-015
  0.67677769302118163        7.6041562670400181E-005   1.2121212121212121E-002   1.0017682992871322        1.0101010101010102E-002   1.0017682992871322        1.0000000000000000        1.7763568394002505E-015
  0.68687900077894293        7.8385375718159983E-005   1.2121212121212121E-002   1.0017723599564134        1.0101010101010102E-002   1.0017723599564134        1.0000000000000000        1.7763568394002505E-015
  0.69698026785025824        8.0303826981646811E-005   1.2121212121212121E-002   1.0017766183287204        1.0101010101010102E-002   1.0017766183287204        1.0000000000000000        1.7763568394002505E-015
  0.70708149141725252        8.1838730584066305E-005   1.2121212121212121E-002   1.0017810476629623        1.0101010101010102E-002   1.0017810476629623        1.0000000000000000        1.7763568394002505E-015
  0.71718267066153074        8.3153812391489361E-005   1.2121212121212121E-002   1.0017854740116023        1.0101010101010102E-002   1.0017854740116023        1.0000000000000000        1.7763568394002505E-015
  0.72728380674329474        8.4196158972287000E-005   1.2121212121212121E-002   1.0017898847819722        1.0101010101010102E-002   1.0017898847819722        1.0000000000000000        1.7763568394002505E-015
  0.73738489908450466        8.4784571340364241E-005   1.2121212121212121E-002   1.0017944218000541        1.0101010101010102E-002   1.0017944218000541        1.0000000000000000        1.7763568394002505E-015
  0.74748594546109992        8.4977868529312702E-005   1.2121212121212121E-002   1.0017990519872082        1.0101010101010102E-002   1.0017990519872082        1.0000000000000000        1.7763568394002505E-015
  0.75758694599517196        8.4953316168972525E-005   1.2121212121212121E-002   1.0018035956411013        1.0101010101010102E-002   1.0018035956411013        1.0000000000000000        1.7763568394002505E-015
  0.76768790263113085        8.4620183853772091E-005   1.2121212121212121E-002   1.0018080731124714        1.0101010101010102E-002   1.0018080731124714        1.0000000000000000        1.7763568394002505E-015
  0.77778881494525043        8.3812482404240038E-005   1.2121212121212121E-002   1.0018126224716921        1.0101010101010102E-002   1.0018126224716921        1.0000000000000000        1.7763568394002505E-015
  0.78788968152597016        8.2667357908015751E-005   1.2121212121212121E-002   1.0018171501813673        1.0101010101010102E-002   1.0018171501813673        1.0000000000000000        1.7763568394002505E-015
  0.79799050410050032        8.1325525104582725E-005   1.2121212121212121E-002   1.0018215008691134        1.0101010101010102E-002   1.0018215008691134        1.0000000000000000        1.7763568394002505E-015
  0.80809128490425808        7.9609854975634943E-005   1.2121212121212121E-002   1.0018257756463607        1.0101010101010102E-002   1.0018257756463607        1.0000000000000000        1.7763568394002505E-015
  0.81819202316378614        7.7453539980547071E-005   1.2121212121212121E-002   1.0018300535878570        1.0101010101010102E-002   1.0018300535878570        1.0000000000000000        1.7763568394002505E-015
  0.82829271912695790        7.5082497049333899E-005   1.2121212121212121E-002   1.0018341599093454        1.0101010101010102E-002   1.0018341599093454        1.0000000000000000        1.7763568394002505E-015
  0.83839337617667853        7.2484759311395273E-005   1.2121212121212121E-002   1.0018380508483327        1.0101010101010102E-002   1.0018380508483327        1.0000000000000000        1.7763568394002505E-015
  0.84849399554956006        6.9462429840485681E-005   1.2121212121212121E-002   1.0018418800568225        1.0101010101010102E-002   1.0018418800568225        1.0000000000000000        1.7763568394002505E-015
  0.85859457680584195        6.6151067191077569E-005   1.2121212121212121E-002   1.0018455720366597        1.0101010101010102E-002   1.0018455720366597        1.0000000000000000        1.7763568394002505E-015
  0.86869512296857321        6.2717438404503377E-005   1.2121212121212121E-002   1.0018489809236613        1.0101010101010102E-002   1.0018489809236613        1.0000000000000000        1.7763568394002505E-015
  0.87879563708838104        5.8945738005047731E-005   1.2121212121212121E-002   1.0018522211979108        1.0101010101010102E-002   1.0018522211979108        1.0000000000000000        1.7763568394002505E-015
  0.88889611932346846        5.4854263507855097E-005   1.2121212121212121E-002   1.0018553391866043        1.0101010101010102E-002   1.0018553391866043        1.0000000000000000        1.7763568394002505E-015
  0.89899657148970780        5.0685244754082419E-005   1.2121212121212121E-002   1.0018581470476651        1.0101010101010102E-002   1.0018581470476651        1.0000000000000000        1.7763568394002505E-015
  0.90909699837009650        4.6270200613175610E-005   1.2121212121212121E-002   1.0018607064855534        1.0101010101010102E-002   1.0018607064855534        1.0000000000000000        1.7763568394002505E-015
  0.91919740016545504        4.1604401420366311E-005   1.2121212121212121E-002   1.0018631192328487        1.0101010101010102E-002   1.0018631192328487        1.0000000000000000        1.7763568394002505E-015
  0.92929777904678168        3.6797695461388741E-005   1.2121212121212121E-002   1.0018652121102847        1.0101010101010102E-002   1.0018652121102847        1.0000000000000000        1.7763568394002505E-015
  0.93939813957782581        3.1954555616458034E-005   1.2121212121212121E-002   1.0018670251689927        1.0101010101010102E-002   1.0018670251689927        1.0000000000000000        1.7763568394002505E-015
  0.94949848279946447        2.6800768127304334E-005   1.2121212121212121E-002   1.0018686347160035        1.0101010101010102E-002   1.0018686347160035        1.0000000000000000        1.7763568394002505E-015
  0.95959881113874190        2.1631945423096943E-005   1.2121212121212121E-002   1.0018698721401165        1.0101010101010102E-002   1.0018698721401165        1.0000000000000000        1.7763568394002505E-015
  0.96969913082345915        1.6465414431448068E-005   1.2121212121212121E-002   1.0018710269863451        1.0101010101010102E-002   1.0018710269863451        1.0000000000000000        8.8817841970012523E-016
  0.97979943221631915        1.0985610115738910E-005   1.2121212121212121E-002   1.0018703808977534        1.0101010101010102E-002   1.0018703808977534        1.0000000000000000       -3.2862601528904634E-014
  0.98989977623846259        5.9882810892345470E-006   1.2121212121212121E-002   1.0018710783029303        1.0101010101010102E-002   1.0018710783029303        1.0000000000000000        1.5010215292932116E-013
  0.99999999999999800        0.0000000000000000        1.2121212121212121E-002   1.0018397498491507        1.0101010101010102E-002   1.0018397498491507        1.0000000000000000        1.0436096431476471E-012
