 # x v h rho m p cs a
   21.750303030304128     
   1.4373967662475570E-014  -8.8788774312638703E-014   1.2121212121212121E-002   1.0018400056059396        1.0101010101010102E-002   1.0018400056059396        1.0000000000000000        9.3512753096547385E-011
   1.0100618810515449E-002  -5.8148899644637832E-006   1.2121212121212121E-002   1.0018399255794936        1.0101010101010102E-002   1.0018399255794936        1.0000000000000000        1.6691686520964311E-005
   2.0201239202682741E-002  -1.1606287253246592E-005   1.2121212121212121E-002   1.0018396858292669        1.0101010101010102E-002   1.0018396858292669        1.0000000000000000        3.3314947736506895E-005
   3.0301862751700659E-002  -1.7350791466701299E-005   1.2121212121212121E-002   1.0018392873356212        1.0101010101010102E-002   1.0018392873356212        1.0000000000000000        4.9802105360541304E-005
   4.0402491019854270E-002  -2.3025200695323686E-005   1.2121212121212121E-002   1.0018387317266659        1.0101010101010102E-002   1.0018387317266659        1.0000000000000000        6.6085853022812557E-005
   5.0503125550161412E-002  -2.8606591727487305E-005   1.2121212121212121E-002   1.0018380212740832        1.0101010101010102E-002   1.0018380212740832        1.0000000000000000        8.2099260909629379E-005
   6.0603767860017282E-002  -3.4072423583246734E-005   1.2121212121212121E-002   1.0018371588827888        1.0101010101010102E-002   1.0018371588827888        1.0000000000000000        9.7777193435177878E-005
   7.0704419435033070E-002  -3.9400627164346405E-005   1.2121212121212121E-002   1.0018361480758582        1.0101010101010102E-002   1.0018361480758582        1.0000000000000000        1.1305587541077244E-004
   8.0805081722989683E-002  -4.4569695199837638E-005   1.2121212121212121E-002   1.0018349929809960        1.0101010101010102E-002   1.0018349929809960        1.0000000000000000        1.2787300988570394E-004
   9.0905756127934750E-002  -4.9558767650690114E-005   1.2121212121212121E-002   1.0018336983141791        1.0101010101010102E-002   1.0018336983141791        1.0000000000000000        1.4216817068302134E-004
  0.10100644400445871       -5.4347715426067353E-005   1.2121212121212121E-002   1.0018322693596096        1.0101010101010102E-002   1.0018322693596096        1.0000000000000000        1.5588328467863732E-004
  0.11110714665218421       -5.8917229017893725E-005   1.2121212121212121E-002   1.0018307119447363        1.0101010101010102E-002   1.0018307119447363        1.0000000000000000        1.6896311804615038E-004
  0.12120786531054846       -6.3248890559431526E-005   1.2121212121212121E-002   1.0018290324171750        1.0101010101010102E-002   1.0018290324171750        1.0000000000000000        1.8135442986899619E-004
  0.13130860115373846       -6.7325249216475158E-005   1.2121212121212121E-002   1.0018272376186359        1.0101010101010102E-002   1.0018272376186359        1.0000000000000000        1.9300739859939853E-004
  0.14140935528598750       -7.1129889648106773E-005   1.2121212121212121E-002   1.0018253348553379        1.0101010101010102E-002   1.0018253348553379        1.0000000000000000        2.0387492878359836E-004
  0.15151012873710054       -7.4647505342643767E-005   1.2121212121212121E-002   1.0018233318679555        1.0101010101010102E-002   1.0018233318679555        1.0000000000000000        2.1391350873667392E-004
  0.16161092245833600       -7.7863954058154253E-005   1.2121212121212121E-002   1.0018212367973252        1.0101010101010102E-002   1.0018212367973252        1.0000000000000000        2.2308318976982378E-004
  0.17171173731861819       -8.0766313924419749E-005   1.2121212121212121E-002   1.0018190581511515        1.0101010101010102E-002   1.0018190581511515        1.0000000000000000        2.3134736842056469E-004
  0.18181257410107685       -8.3342936780619347E-005   1.2121212121212121E-002   1.0018168047716443        1.0101010101010102E-002   1.0018168047716443        1.0000000000000000        2.3867285395340332E-004
  0.19191343349988246       -8.5583495571027937E-005   1.2121212121212121E-002   1.0018144857956650        1.0101010101010102E-002   1.0018144857956650        1.0000000000000000        2.4503135819653465E-004
  0.20201431611758783       -8.7479025994401043E-005   1.2121212121212121E-002   1.0018121106153759        1.0101010101010102E-002   1.0018121106153759        1.0000000000000000        2.5039791508607578E-004
  0.21211522246274667       -8.9021957561544123E-005   1.2121212121212121E-002   1.0018096888429424        1.0101010101010102E-002   1.0018096888429424        1.0000000000000000        2.5475157327292663E-004
  0.22221615294793770       -9.0206141565804947E-005   1.2121212121212121E-002   1.0018072302713155        1.0101010101010102E-002   1.0018072302713155        1.0000000000000000        2.5807552620094043E-004
  0.23231710788815874       -9.1026885010687638E-005   1.2121212121212121E-002   1.0018047448313567        1.0101010101010102E-002   1.0018047448313567        1.0000000000000000        2.6035780595101699E-004
  0.24241808749970839       -9.1480958188461855E-005   1.2121212121212121E-002   1.0018022425515030        1.0101010101010102E-002   1.0018022425515030        1.0000000000000000        2.6158999947245576E-004
  0.25251909189937766       -9.1566613574843749E-005   1.2121212121212121E-002   1.0017997335201287        1.0101010101010102E-002   1.0017997335201287        1.0000000000000000        2.6176799151045316E-004
  0.26262012110406047       -9.1283581258929091E-005   1.2121212121212121E-002   1.0017972278428862        1.0101010101010102E-002   1.0017972278428862        1.0000000000000000        2.6089222953729063E-004
  0.27272117503080057       -9.0633079051584097E-005   1.2121212121212121E-002   1.0017947356012114        1.0101010101010102E-002   1.0017947356012114        1.0000000000000000        2.5896732323182903E-004
  0.28282225349721962       -8.9617808119642485E-005   1.2121212121212121E-002   1.0017922668115558        1.0101010101010102E-002   1.0017922668115558        1.0000000000000000        2.5600218663868191E-004
  0.29292335622237470       -8.8241928172216614E-005   1.2121212121212121E-002   1.0017898313875675        1.0101010101010102E-002   1.0017898313875675        1.0000000000000000        2.5200931076252431E-004
  0.30302448282792471       -8.6511047965244731E-005   1.2121212121212121E-002   1.0017874391004051        1.0101010101010102E-002   1.0017874391004051        1.0000000000000000        2.4700588821957581E-004
  0.31312563283977368       -8.4432203115136304E-005   1.2121212121212121E-002   1.0017850995379114        1.0101010101010102E-002   1.0017850995379114        1.0000000000000000        2.4101294266820616E-004
  0.32322680569005241       -8.2013826156322053E-005   1.2121212121212121E-002   1.0017828220672473        1.0101010101010102E-002   1.0017828220672473        1.0000000000000000        2.3405548582910995E-004
  0.33332800071949625       -7.9265703855586588E-005   1.2121212121212121E-002   1.0017806157990290        1.0101010101010102E-002   1.0017806157990290        1.0000000000000000        2.2616197144742500E-004
  0.34342921718013597       -7.6198944020022477E-005   1.2121212121212121E-002   1.0017784895525561        1.0101010101010102E-002   1.0017784895525561        1.0000000000000000        2.1736469135902325E-004
  0.35353045423835655       -7.2825933505852434E-005   1.2121212121212121E-002   1.0017764518190184        1.0101010101010102E-002   1.0017764518190184        1.0000000000000000        2.0769978696222324E-004
  0.36363171097832597       -6.9160279771003356E-005   1.2121212121212121E-002   1.0017745107283127        1.0101010101010102E-002   1.0017745107283127        1.0000000000000000        1.9720647649901224E-004
  0.37373298640571079       -6.5216759251823854E-005   1.2121212121212121E-002   1.0017726740198645        1.0101010101010102E-002   1.0017726740198645        1.0000000000000000        1.8592697767783051E-004
  0.38383427945167198       -6.1011253897107578E-005   1.2121212121212121E-002   1.0017709490120432        1.0101010101010102E-002   1.0017709490120432        1.0000000000000000        1.7390688049712111E-004
  0.39393558897718994       -5.6560697563940917E-005   1.2121212121212121E-002   1.0017693425724916        1.0101010101010102E-002   1.0017693425724916        1.0000000000000000        1.6119462067720747E-004
  0.40403691377765166       -5.1882997334383254E-005   1.2121212121212121E-002   1.0017678610920422        1.0101010101010102E-002   1.0017678610920422        1.0000000000000000        1.4784124765032658E-004
  0.41413825258768910       -4.6996963065874230E-005   1.2121212121212121E-002   1.0017665104610809        1.0101010101010102E-002   1.0017665104610809        1.0000000000000000        1.3390007494784584E-004
  0.42423960408623490       -4.1922237144626686E-005   1.2121212121212121E-002   1.0017652960482890        1.0101010101010102E-002   1.0017652960482890        1.0000000000000000        1.1942663117103791E-004
  0.43434096690177154       -3.6679212411738486E-005   1.2121212121212121E-002   1.0017642226770502        1.0101010101010102E-002   1.0017642226770502        1.0000000000000000        1.0447914858779939E-004
  0.44444233961786933       -3.1288951823765885E-005   1.2121212121212121E-002   1.0017632946077548        1.0101010101010102E-002   1.0017632946077548        1.0000000000000000        8.9116848982051522E-005
  0.45454372077878225       -2.5773099892808823E-005   1.2121212121212121E-002   1.0017625155241836        1.0101010101010102E-002   1.0017625155241836        1.0000000000000000        7.3400820105540276E-005
  0.46464510889524230       -2.0153806038096381E-005   1.2121212121212121E-002   1.0017618885172064        1.0101010101010102E-002   1.0017618885172064        1.0000000000000000        5.7393629282032066E-005
  0.47474650245039435       -1.4453627321406973E-005   1.2121212121212121E-002   1.0017614160739463        1.0101010101010102E-002   1.0017614160739463        1.0000000000000000        4.1158712136279973E-005
  0.48484789990579319       -8.6954435488041686E-006   1.2121212121212121E-002   1.0017611000671138        1.0101010101010102E-002   1.0017611000671138        1.0000000000000000        2.4760806542900582E-005
  0.49494929970756002       -2.9023638548670808E-006   1.2121212121212121E-002   1.0017609417495763        1.0101010101010102E-002   1.0017609417495763        1.0000000000000000        8.2644893462102686E-006
  0.50505070029247867        2.9023637233172936E-006   1.2121212121212121E-002   1.0017609417498292        1.0101010101010102E-002   1.0017609417498292        1.0000000000000000       -8.2645411678683445E-006
  0.51515210009423928        8.6954439275802959E-006   1.2121212121212121E-002   1.0017611000672335        1.0101010101010102E-002   1.0017611000672335        1.0000000000000000       -2.4760730756412386E-005
  0.52525349754964190        1.4453627096094516E-005   1.2121212121212121E-002   1.0017614160738648        1.0101010101010102E-002   1.0017614160738648        1.0000000000000000       -4.1158745012204179E-005
  0.53535489110479251        2.0153806329443439E-005   1.2121212121212121E-002   1.0017618885172819        1.0101010101010102E-002   1.0017618885172819        1.0000000000000000       -5.7393622475032657E-005
  0.54545627922125162        2.5773099887366694E-005   1.2121212121212121E-002   1.0017625155239902        1.0101010101010102E-002   1.0017625155239902        1.0000000000000000       -7.3400777133691975E-005
  0.55555766038217025        3.1288951186259419E-005   1.2121212121212121E-002   1.0017632946077817        1.0101010101010102E-002   1.0017632946077817        1.0000000000000000       -8.9116934849364782E-005
  0.56565903309826160        3.6679212761920108E-005   1.2121212121212121E-002   1.0017642226772097        1.0101010101010102E-002   1.0017642226772097        1.0000000000000000       -1.0447909261035448E-004
  0.57576039591380102        4.1922237286891324E-005   1.2121212121212121E-002   1.0017652960483019        1.0101010101010102E-002   1.0017652960483019        1.0000000000000000       -1.1942665720887646E-004
  0.58586174741234420        4.6996963204267975E-005   1.2121212121212121E-002   1.0017665104611548        1.0101010101010102E-002   1.0017665104611548        1.0000000000000000       -1.3390005985325359E-004
  0.59596308622238270        5.1882996938289194E-005   1.2121212121212121E-002   1.0017678610921308        1.0101010101010102E-002   1.0017678610921308        1.0000000000000000       -1.4784126761302474E-004
  0.60606441102284137        5.6560697622730241E-005   1.2121212121212121E-002   1.0017693425724457        1.0101010101010102E-002   1.0017693425724457        1.0000000000000000       -1.6119457061591902E-004
  0.61616572054836327        6.1011254392010877E-005   1.2121212121212121E-002   1.0017709490118578        1.0101010101010102E-002   1.0017709490118578        1.0000000000000000       -1.7390690022267563E-004
  0.62626701359432457        6.5216758627138722E-005   1.2121212121212121E-002   1.0017726740197619        1.0101010101010102E-002   1.0017726740197619        1.0000000000000000       -1.8592697630470667E-004
  0.63636828902171139        6.9160279548521845E-005   1.2121212121212121E-002   1.0017745107283422        1.0101010101010102E-002   1.0017745107283422        1.0000000000000000       -1.9720650727350630E-004
  0.64646954576167792        7.2825933797110378E-005   1.2121212121212121E-002   1.0017764518190062        1.0101010101010102E-002   1.0017764518190062        1.0000000000000000       -2.0769974508016986E-004
  0.65657078281990155        7.6198944205378290E-005   1.2121212121212121E-002   1.0017784895524768        1.0101010101010102E-002   1.0017784895524768        1.0000000000000000       -2.1736472107924953E-004
  0.66667199928054044        7.9265703877127679E-005   1.2121212121212121E-002   1.0017806157992231        1.0101010101010102E-002   1.0017806157992231        1.0000000000000000       -2.2616199779523782E-004
  0.67677319430998073        8.2013825858563125E-005   1.2121212121212121E-002   1.0017828220674305        1.0101010101010102E-002   1.0017828220674305        1.0000000000000000       -2.3405546215027329E-004
  0.68687436716025929        8.4432203511026371E-005   1.2121212121212121E-002   1.0017850995379829        1.0101010101010102E-002   1.0017850995379829        1.0000000000000000       -2.4101293689238190E-004
  0.69697551717210671        8.6511047679383837E-005   1.2121212121212121E-002   1.0017874391002175        1.0101010101010102E-002   1.0017874391002175        1.0000000000000000       -2.4700584059900166E-004
  0.70707664377766266        8.8241928030768780E-005   1.2121212121212121E-002   1.0017898313874911        1.0101010101010102E-002   1.0017898313874911        1.0000000000000000       -2.5200938169778198E-004
  0.71717774650281330        8.9617807753653996E-005   1.2121212121212121E-002   1.0017922668115935        1.0101010101010102E-002   1.0017922668115935        1.0000000000000000       -2.5600214131138443E-004
  0.72727882496923557        9.0633079798634725E-005   1.2121212121212121E-002   1.0017947356011041        1.0101010101010102E-002   1.0017947356011041        1.0000000000000000       -2.5896733856445309E-004
  0.73737987889597478        9.1283580785172518E-005   1.2121212121212121E-002   1.0017972278427325        1.0101010101010102E-002   1.0017972278427325        1.0000000000000000       -2.6089220090064202E-004
  0.74748090810066159        9.1566613499537898E-005   1.2121212121212121E-002   1.0017997335199931        1.0101010101010102E-002   1.0017997335199931        1.0000000000000000       -2.6176802820998546E-004
  0.75758191250032980        9.1480959083882122E-005   1.2121212121212121E-002   1.0018022425515050        1.0101010101010102E-002   1.0018022425515050        1.0000000000000000       -2.6158998662584310E-004
  0.76768289211187979        9.1026884478394109E-005   1.2121212121212121E-002   1.0018047448311680        1.0101010101010102E-002   1.0018047448311680        1.0000000000000000       -2.6035778324207115E-004
  0.77778384705210513        9.0206141478165768E-005   1.2121212121212121E-002   1.0018072302713990        1.0101010101010102E-002   1.0018072302713990        1.0000000000000000       -2.5807560369894844E-004
  0.78788477753728992        8.9021957304873475E-005   1.2121212121212121E-002   1.0018096888431500        1.0101010101010102E-002   1.0018096888431500        1.0000000000000000       -2.5475152420817437E-004
  0.79798568388245039        8.7479026658465468E-005   1.2121212121212121E-002   1.0018121106154210        1.0101010101010102E-002   1.0018121106154210        1.0000000000000000       -2.5039792872938449E-004
  0.80808656650015354        8.5583495341784717E-005   1.2121212121212121E-002   1.0018144857957141        1.0101010101010102E-002   1.0018144857957141        1.0000000000000000       -2.4503134463049747E-004
  0.81818742589896065        8.3342936652791179E-005   1.2121212121212121E-002   1.0018168047718357        1.0101010101010102E-002   1.0018168047718357        1.0000000000000000       -2.3867289929668800E-004
  0.82828826268141365        8.0766314125043907E-005   1.2121212121212121E-002   1.0018190581512623        1.0101010101010102E-002   1.0018190581512623        1.0000000000000000       -2.3134730523821645E-004
  0.83838907754169900        7.7863954248880553E-005   1.2121212121212121E-002   1.0018212367971879        1.0101010101010102E-002   1.0018212367971879        1.0000000000000000       -2.2308319961883427E-004
  0.84848987126293451        7.4647504895879546E-005   1.2121212121212121E-002   1.0018233318678531        1.0101010101010102E-002   1.0018233318678531        1.0000000000000000       -2.1391350618849003E-004
  0.85859064471404967        7.1129889780367566E-005   1.2121212121212121E-002   1.0018253348553527        1.0101010101010102E-002   1.0018253348553527        1.0000000000000000       -2.0387495587836924E-004
  0.86869139884629587        6.7325249433137512E-005   1.2121212121212121E-002   1.0018272376185486        1.0101010101010102E-002   1.0018272376185486        1.0000000000000000       -1.9300735200200592E-004
  0.87879213468949080        6.3248890573023070E-005   1.2121212121212121E-002   1.0018290324171690        1.0101010101010102E-002   1.0018290324171690        1.0000000000000000       -1.8135449200862297E-004
  0.88889285334785018        5.8917228878973335E-005   1.2121212121212121E-002   1.0018307119447831        1.0101010101010102E-002   1.0018307119447831        1.0000000000000000       -1.6896306572533604E-004
  0.89899355599557940        5.4347715700148465E-005   1.2121212121212121E-002   1.0018322693596096        1.0101010101010102E-002   1.0018322693596096        1.0000000000000000       -1.5588333102911633E-004
  0.90909424387210025        4.9558767714789719E-005   1.2121212121212121E-002   1.0018336983144356        1.0101010101010102E-002   1.0018336983144356        1.0000000000000000       -1.4216817619061572E-004
  0.91919491827704269        4.4569694700367862E-005   1.2121212121212121E-002   1.0018349929811572        1.0101010101010102E-002   1.0018349929811572        1.0000000000000000       -1.2787298900018840E-004
  0.92929558056499861        3.9400627104018401E-005   1.2121212121212121E-002   1.0018361480758058        1.0101010101010102E-002   1.0018361480758058        1.0000000000000000       -1.1305584495158172E-004
  0.93939623214001589        3.4072423635549948E-005   1.2121212121212121E-002   1.0018371588824126        1.0101010101010102E-002   1.0018371588824126        1.0000000000000000       -9.7777154620004580E-005
  0.94949687444987840        2.8606592054992855E-005   1.2121212121212121E-002   1.0018380212737876        1.0101010101010102E-002   1.0018380212737876        1.0000000000000000       -8.2099317519457315E-005
  0.95959750898018514        2.3025200495737841E-005   1.2121212121212121E-002   1.0018387317266892        1.0101010101010102E-002   1.0018387317266892        1.0000000000000000       -6.6085866075482613E-005
  0.96969813724833820        1.7350791719889309E-005   1.2121212121212121E-002   1.0018392873356905        1.0101010101010102E-002   1.0018392873356905        1.0000000000000000       -4.9802104612695075E-005
  0.97979876079735517        1.1606286857295467E-005   1.2121212121212121E-002   1.0018396858292771        1.0101010101010102E-002   1.0018396858292771        1.0000000000000000       -3.3314932515793316E-005
  0.98989938118952314        5.8148902886583211E-006   1.2121212121212121E-002   1.0018399255794181        1.0101010101010102E-002   1.0018399255794181        1.0000000000000000       -1.6691683457636941E-005
   1.0000000000000253       -8.4969260180804001E-014   1.2121212121212121E-002   1.0018400056059378        1.0101010101010102E-002   1.0018400056059378        1.0000000000000000       -1.1285017365025851E-010
   1.0101006188105155       -5.8546235476074689E-006   1.2121212121212121E-002   1.0018399255794936        1.0101010101010102E-002   1.0018399255794936        1.0000000000000000        1.6691747266150969E-005
   1.0202012392026827       -1.1685591475041319E-005   1.2121212121212121E-002   1.0018396858292669        1.0101010101010102E-002   1.0018396858292669        1.0000000000000000        3.3314990858457350E-005
   1.0303018627517007       -1.7469342467982123E-005   1.2121212121212121E-002   1.0018392873356212        1.0101010101010102E-002   1.0018392873356212        1.0000000000000000        4.9802105506202565E-005
   1.0404024910198544       -2.3182514101654832E-005   1.2121212121212121E-002   1.0018387317266659        1.0101010101010102E-002   1.0018387317266659        1.0000000000000000        6.6085850445318783E-005
   1.0505031255501613       -2.8802024038992357E-005   1.2121212121212121E-002   1.0018380212740832        1.0101010101010102E-002   1.0018380212740832        1.0000000000000000        8.2099262873391865E-005
   1.0606037678600173       -3.4305176233924221E-005   1.2121212121212121E-002   1.0018371588827888        1.0101010101010102E-002   1.0018371588827888        1.0000000000000000        9.7777192869408225E-005
   1.0707044194350330       -3.9669749746832464E-005   1.2121212121212121E-002   1.0018361480758582        1.0101010101010102E-002   1.0018361480758582        1.0000000000000000        1.1305587621457391E-004
   1.0808050817229897       -4.4874088949381177E-005   1.2121212121212121E-002   1.0018349929809960        1.0101010101010102E-002   1.0018349929809960        1.0000000000000000        1.2787300871153207E-004
   1.0909057561279347       -4.9897189961210600E-005   1.2121212121212121E-002   1.0018336983141791        1.0101010101010102E-002   1.0018336983141791        1.0000000000000000        7.6274374421539619     
   1.1010064440044587       -5.4718785606868743E-005   1.2121212121212121E-002   1.0018322693596096        1.0101010101010102E-002   1.0018322693596096        1.0000000000000000        93.409481317899321     
  -1.0100618810476858E-002   5.8546238417385138E-006   1.2121212121212121E-002   1.0018399255794181        1.0101010101010102E-002   1.0018399255794181        1.0000000000000000       -1.6691745472030561E-005
  -2.0201239202644827E-002   1.1685591068540787E-005   1.2121212121212121E-002   1.0018396858292771        1.0101010101010102E-002   1.0018396858292771        1.0000000000000000       -3.3314973810760762E-005
  -3.0301862751661801E-002   1.7469342702279388E-005   1.2121212121212121E-002   1.0018392873356905        1.0101010101010102E-002   1.0018392873356905        1.0000000000000000       -4.9802104617135967E-005
  -4.0402491019814857E-002   2.3182513950380510E-005   1.2121212121212121E-002   1.0018387317266892        1.0101010101010102E-002   1.0018387317266892        1.0000000000000000       -6.6085866082588041E-005
  -5.0503125550121597E-002   2.8802024485937989E-005   1.2121212121212121E-002   1.0018380212737876        1.0101010101010102E-002   1.0018380212737876        1.0000000000000000       -8.2099317521233672E-005
  -6.0603767859984115E-002   3.4305176191387195E-005   1.2121212121212121E-002   1.0018371588824126        1.0101010101010102E-002   1.0018371588824126        1.0000000000000000       -9.7777154619116402E-005
  -7.0704419435001387E-002   3.9669749610787521E-005   1.2121212121212121E-002   1.0018361480758058        1.0101010101010102E-002   1.0018361480758058        1.0000000000000000       -1.1305584495513443E-004
  -8.0805081722957306E-002   4.4874088424023960E-005   1.2121212121212121E-002   1.0018349929811572        1.0101010101010102E-002   1.0018349929811572        1.0000000000000000       -1.2787298900107658E-004
  -9.0905756127899751E-002   4.9897190030108525E-005   1.2121212121212121E-002   1.0018336983144356        1.0101010101010102E-002   1.0018336983144356        1.0000000000000000       -7.6274374421556956     
 -0.10100644400442060        5.4718785973896380E-005   1.2121212121212121E-002   1.0018322693596096        1.0101010101010102E-002   1.0018322693596096        1.0000000000000000       -93.409481317926719     
