 # x v h rho m p cs a
   10.600999999999564     
  -1.0943048948613239E-005   3.5251235281137521E-005   1.2121212121212121E-002   1.0017969868708467        1.0101010101010102E-002   1.0017969868708467        1.0000000000000000        1.2434497875801753E-014
   1.0090101020941482E-002   3.4872113833406244E-005   1.2121212121212121E-002   1.0017961539633362        1.0101010101010102E-002   1.0017961539633362        1.0000000000000000       -1.4210854715202004E-014
   2.0191160094048404E-002   3.4733932002991094E-005   1.2121212121212121E-002   1.0017947165283290        1.0101010101010102E-002   1.0017947165283290        1.0000000000000000       -9.9475983006414026E-014
   3.0292233651740566E-002   3.4238392229822345E-005   1.2121212121212121E-002   1.0017931599965728        1.0101010101010102E-002   1.0017931599965728        1.0000000000000000        6.1284310959308641E-014
   4.0393323593553784E-002   3.3576609407037689E-005   1.2121212121212121E-002   1.0017916364948491        1.0101010101010102E-002   1.0017916364948491        1.0000000000000000        3.5527136788005009E-015
   5.0494427924131551E-002   3.3053586548565926E-005   1.2121212121212121E-002   1.0017905365954842        1.0101010101010102E-002   1.0017905365954842        1.0000000000000000        4.4408920985006262E-015
   6.0595539688480117E-002   3.2596844696822726E-005   1.2121212121212121E-002   1.0017898994807928        1.0101010101010102E-002   1.0017898994807928        1.0000000000000000       -8.8817841970012523E-015
   7.0696655721357707E-002   3.1756607466808849E-005   1.2121212121212121E-002   1.0017892133378477        1.0101010101010102E-002   1.0017892133378477        1.0000000000000000       -5.1514348342607263E-014
   8.0797780824790527E-002   3.0458947187698485E-005   1.2121212121212121E-002   1.0017883344205583        1.0101010101010102E-002   1.0017883344205583        1.0000000000000000        2.1316282072803006E-014
   9.0898914739645120E-002   2.9183571190836225E-005   1.2121212121212121E-002   1.0017875493667916        1.0101010101010102E-002   1.0017875493667916        1.0000000000000000        7.1054273576010019E-015
  0.10100005545312460        2.8024996029182707E-005   1.2121212121212121E-002   1.0017869043582286        1.0101010101010102E-002   1.0017869043582286        1.0000000000000000        7.1054273576010019E-015
  0.11110120141933887        2.6700429758718069E-005   1.2121212121212121E-002   1.0017860043133098        1.0101010101010102E-002   1.0017860043133098        1.0000000000000000        3.5527136788005009E-015
  0.12120235982542318        2.5122656565109888E-005   1.2121212121212121E-002   1.0017848045764757        1.0101010101010102E-002   1.0017848045764757        1.0000000000000000        1.9539925233402755E-014
  0.13130353035358749        2.3283613399100519E-005   1.2121212121212121E-002   1.0017838090815987        1.0101010101010102E-002   1.0017838090815987        1.0000000000000000        8.0824236192711396E-014
  0.14140470886633127        2.1669144786537318E-005   1.2121212121212121E-002   1.0017832989739133        1.0101010101010102E-002   1.0017832989739133        1.0000000000000000        2.2204460492503131E-014
  0.15150588927888678        2.0011084972724219E-005   1.2121212121212121E-002   1.0017831613106734        1.0101010101010102E-002   1.0017831613106734        1.0000000000000000       -6.2172489379008766E-015
  0.16160707004580249        1.8320182582742424E-005   1.2121212121212121E-002   1.0017831192088957        1.0101010101010102E-002   1.0017831192088957        1.0000000000000000       -6.2172489379008766E-015
  0.17170825125932393        1.6249169162047712E-005   1.2121212121212121E-002   1.0017831095710013        1.0101010101010102E-002   1.0017831095710013        1.0000000000000000       -6.2172489379008766E-015
  0.18180943178465167        1.4261847603925508E-005   1.2121212121212121E-002   1.0017828663325963        1.0101010101010102E-002   1.0017828663325963        1.0000000000000000       -6.2172489379008766E-015
  0.19191061743930829        1.2387242634022132E-005   1.2121212121212121E-002   1.0017821808475851        1.0101010101010102E-002   1.0017821808475851        1.0000000000000000       -6.2172489379008766E-015
  0.20201181193066081        1.0378129453908779E-005   1.2121212121212121E-002   1.0017813253410104        1.0101010101010102E-002   1.0017813253410104        1.0000000000000000       -6.2172489379008766E-015
  0.21211301550471029        7.8888266105806669E-006   1.2121212121212121E-002   1.0017809208649338        1.0101010101010102E-002   1.0017809208649338        1.0000000000000000       -6.2172489379008766E-015
  0.22221421843053446        5.2740450428020593E-006   1.2121212121212121E-002   1.0017812279603329        1.0101010101010102E-002   1.0017812279603329        1.0000000000000000       -1.7763568394002505E-015
  0.23231541509972081        3.1621869980578765E-006   1.2121212121212121E-002   1.0017817484915585        1.0101010101010102E-002   1.0017817484915585        1.0000000000000000       -5.6843418860808015E-014
  0.24241660686618058        1.4259742132271854E-006   1.2121212121212121E-002   1.0017819529778051        1.0101010101010102E-002   1.0017819529778051        1.0000000000000000       -1.8562928971732617E-013
  0.25251779969498417       -2.6436238410812856E-007   1.2121212121212121E-002   1.0017819420436196        1.0101010101010102E-002   1.0017819420436196        1.0000000000000000        1.8385293287792592E-013
  0.26261899228445440       -2.3053582574916252E-006   1.2121212121212121E-002   1.0017820504920301        1.0101010101010102E-002   1.0017820504920301        1.0000000000000000        5.0626169922907138E-014
  0.27272018255649594       -4.3663428057096766E-006   1.2121212121212121E-002   1.0017820607966659        1.0101010101010102E-002   1.0017820607966659        1.0000000000000000       -6.2172489379008766E-015
  0.28282137469248592       -6.1866999420221724E-006   1.2121212121212121E-002   1.0017818346992373        1.0101010101010102E-002   1.0017818346992373        1.0000000000000000       -6.2172489379008766E-015
  0.29292256992537491       -7.9940658709431707E-006   1.2121212121212121E-002   1.0017816282548857        1.0101010101010102E-002   1.0017816282548857        1.0000000000000000       -6.2172489379008766E-015
  0.30302376590302216       -9.7451326798379237E-006   1.2121212121212121E-002   1.0017812967259752        1.0101010101010102E-002   1.0017812967259752        1.0000000000000000       -6.2172489379008766E-015
  0.31312496700981168       -1.1302837722420239E-005   1.2121212121212121E-002   1.0017804703553341        1.0101010101010102E-002   1.0017804703553341        1.0000000000000000       -6.2172489379008766E-015
  0.32322617986945923       -1.2386357137116362E-005   1.2121212121212121E-002   1.0017794582821269        1.0101010101010102E-002   1.0017794582821269        1.0000000000000000       -6.2172489379008766E-015
  0.33332740154634061       -1.2871517781397804E-005   1.2121212121212121E-002   1.0017785873060716        1.0101010101010102E-002   1.0017785873060716        1.0000000000000000       -6.2172489379008766E-015
  0.34342863109940841       -1.2702784146973168E-005   1.2121212121212121E-002   1.0017775774578612        1.0101010101010102E-002   1.0017775774578612        1.0000000000000000       -6.2172489379008766E-015
  0.35352987245361178       -1.2203086166990492E-005   1.2121212121212121E-002   1.0017762540894601        1.0101010101010102E-002   1.0017762540894601        1.0000000000000000       -6.2172489379008766E-015
  0.36363112835278616       -1.1734673079665284E-005   1.2121212121212121E-002   1.0017746930094529        1.0101010101010102E-002   1.0017746930094529        1.0000000000000000       -6.2172489379008766E-015
  0.37373240013413583       -1.1246711139927560E-005   1.2121212121212121E-002   1.0017726351516882        1.0101010101010102E-002   1.0017726351516882        1.0000000000000000       -6.2172489379008766E-015
  0.38383369612302237       -1.0692353947421186E-005   1.2121212121212121E-002   1.0017697814430351        1.0101010101010102E-002   1.0017697814430351        1.0000000000000000       -6.2172489379008766E-015
  0.39393502528423618       -9.6910225986836387E-006   1.2121212121212121E-002   1.0017667033123703        1.0101010101010102E-002   1.0017667033123703        1.0000000000000000       -6.2172489379008766E-015
  0.40403638285496746       -8.3090045759985864E-006   1.2121212121212121E-002   1.0017638711888082        1.0101010101010102E-002   1.0017638711888082        1.0000000000000000       -6.2172489379008766E-015
  0.41413776780115918       -6.9583290598556130E-006   1.2121212121212121E-002   1.0017612303203560        1.0101010101010102E-002   1.0017612303203560        1.0000000000000000       -6.2172489379008766E-015
  0.42423917776364573       -5.9596835606170808E-006   1.2121212121212121E-002   1.0017589195294527        1.0101010101010102E-002   1.0017589195294527        1.0000000000000000       -6.2172489379008766E-015
  0.43434060899697913       -5.1087611581604476E-006   1.2121212121212121E-002   1.0017573173086325        1.0101010101010102E-002   1.0017573173086325        1.0000000000000000       -6.2172489379008766E-015
  0.44444205089075650       -3.9723458558300356E-006   1.2121212121212121E-002   1.0017565644318973        1.0101010101010102E-002   1.0017565644318973        1.0000000000000000       -6.2172489379008766E-015
  0.45454349613457001       -2.7464537218742143E-006   1.2121212121212121E-002   1.0017561627063249        1.0101010101010102E-002   1.0017561627063249        1.0000000000000000       -6.2172489379008766E-015
  0.46464494561692560       -1.7116032410967446E-006   1.2121212121212121E-002   1.0017558912903941        1.0101010101010102E-002   1.0017558912903941        1.0000000000000000       -6.2172489379008766E-015
  0.47474639666875312       -9.6087092757778434E-007   1.2121212121212121E-002   1.0017559969526968        1.0101010101010102E-002   1.0017559969526968        1.0000000000000000        5.3290705182007514E-015
  0.48484784428834726       -3.5224395660029647E-007   1.2121212121212121E-002   1.0017565926311882        1.0101010101010102E-002   1.0017565926311882        1.0000000000000000       -7.0166095156309893E-014
  0.49494928282042611       -1.0854506536432196E-008   1.2121212121212121E-002   1.0017572101791796        1.0101010101010102E-002   1.0017572101791796        1.0000000000000000       -4.4941828036826337E-013
  0.50505071718000305        1.0854676352577740E-008   1.2121212121212121E-002   1.0017572101790821        1.0101010101010102E-002   1.0017572101790821        1.0000000000000000       -6.9277916736609768E-014
  0.51515215571208417        3.5224411556957241E-007   1.2121212121212121E-002   1.0017565926310914        1.0101010101010102E-002   1.0017565926310914        1.0000000000000000        1.5987211554602254E-014
  0.52525360333167825        9.6087107142368902E-007   1.2121212121212121E-002   1.0017559969527863        1.0101010101010102E-002   1.0017559969527863        1.0000000000000000        1.7763568394002505E-015
  0.53535505438350384        1.7116028900609499E-006   1.2121212121212121E-002   1.0017558912905189        1.0101010101010102E-002   1.0017558912905189        1.0000000000000000        1.7763568394002505E-015
  0.54545650386585820        2.7464537995405058E-006   1.2121212121212121E-002   1.0017561627061189        1.0101010101010102E-002   1.0017561627061189        1.0000000000000000        1.7763568394002505E-015
  0.55555794910967782        3.9723459626526970E-006   1.2121212121212121E-002   1.0017565644318078        1.0101010101010102E-002   1.0017565644318078        1.0000000000000000        1.7763568394002505E-015
  0.56565939100345120        5.1087616382410894E-006   1.2121212121212121E-002   1.0017573173088516        1.0101010101010102E-002   1.0017573173088516        1.0000000000000000        1.7763568394002505E-015
  0.57576082223678338        5.9596831680407184E-006   1.2121212121212121E-002   1.0017589195294994        1.0101010101010102E-002   1.0017589195294994        1.0000000000000000        1.7763568394002505E-015
  0.58586223219927036        6.9583292900367656E-006   1.2121212121212121E-002   1.0017612303202867        1.0101010101010102E-002   1.0017612303202867        1.0000000000000000        1.7763568394002505E-015
  0.59596361714546342        8.3090047246841258E-006   1.2121212121212121E-002   1.0017638711888368        1.0101010101010102E-002   1.0017638711888368        1.0000000000000000        1.7763568394002505E-015
  0.60606497471619225        9.6910227164040456E-006   1.2121212121212121E-002   1.0017667033122208        1.0101010101010102E-002   1.0017667033122208        1.0000000000000000        1.7763568394002505E-015
  0.61616630387741167        1.0692354081975402E-005   1.2121212121212121E-002   1.0017697814428477        1.0101010101010102E-002   1.0017697814428477        1.0000000000000000        1.7763568394002505E-015
  0.62626759986629721        1.1246710944129838E-005   1.2121212121212121E-002   1.0017726351519267        1.0101010101010102E-002   1.0017726351519267        1.0000000000000000        1.7763568394002505E-015
  0.63636887164764189        1.1734673243613781E-005   1.2121212121212121E-002   1.0017746930094442        1.0101010101010102E-002   1.0017746930094442        1.0000000000000000        1.7763568394002505E-015
  0.64647012754682165        1.2203086349089627E-005   1.2121212121212121E-002   1.0017762540893127        1.0101010101010102E-002   1.0017762540893127        1.0000000000000000        1.7763568394002505E-015
  0.65657136890102352        1.2702784289584448E-005   1.2121212121212121E-002   1.0017775774580788        1.0101010101010102E-002   1.0017775774580788        1.0000000000000000        1.7763568394002505E-015
  0.66667259845408733        1.2871517885494920E-005   1.2121212121212121E-002   1.0017785873060270        1.0101010101010102E-002   1.0017785873060270        1.0000000000000000        1.7763568394002505E-015
  0.67677382013097376        1.2386357011597221E-005   1.2121212121212121E-002   1.0017794582819017        1.0101010101010102E-002   1.0017794582819017        1.0000000000000000        1.7763568394002505E-015
  0.68687503299062158        1.1302838178814415E-005   1.2121212121212121E-002   1.0017804703554058        1.0101010101010102E-002   1.0017804703554058        1.0000000000000000        1.7763568394002505E-015
  0.69697623409740872        9.7451324220389044E-006   1.2121212121212121E-002   1.0017812967260096        1.0101010101010102E-002   1.0017812967260096        1.0000000000000000        1.7763568394002505E-015
  0.70707743007505797        7.9940660313887258E-006   1.2121212121212121E-002   1.0017816282550134        1.0101010101010102E-002   1.0017816282550134        1.0000000000000000        1.7763568394002505E-015
  0.71717862530794241        6.1866999193142719E-006   1.2121212121212121E-002   1.0017818346994085        1.0101010101010102E-002   1.0017818346994085        1.0000000000000000        1.7763568394002505E-015
  0.72727981744393266        4.3663429151980490E-006   1.2121212121212121E-002   1.0017820607964132        1.0101010101010102E-002   1.0017820607964132        1.0000000000000000        1.7763568394002505E-015
  0.73738100771597981        2.3053582870404420E-006   1.2121212121212121E-002   1.0017820504918329        1.0101010101010102E-002   1.0017820504918329        1.0000000000000000        1.7763568394002505E-015
  0.74748220030544865        2.6436267736495912E-007   1.2121212121212121E-002   1.0017819420436953        1.0101010101010102E-002   1.0017819420436953        1.0000000000000000        1.7763568394002505E-015
  0.75758339313425194       -1.4259742312783037E-006   1.2121212121212121E-002   1.0017819529780274        1.0101010101010102E-002   1.0017819529780274        1.0000000000000000        1.7763568394002505E-015
  0.76768458490070701       -3.1621872010105045E-006   1.2121212121212121E-002   1.0017817484915732        1.0101010101010102E-002   1.0017817484915732        1.0000000000000000        1.7763568394002505E-015
  0.77778578156989775       -5.2740448847843953E-006   1.2121212121212121E-002   1.0017812279601326        1.0101010101010102E-002   1.0017812279601326        1.0000000000000000        1.7763568394002505E-015
  0.78788698449572214       -7.8888262080097934E-006   1.2121212121212121E-002   1.0017809208648647        1.0101010101010102E-002   1.0017809208648647        1.0000000000000000        1.7763568394002505E-015
  0.79798818806977234       -1.0378129483072696E-005   1.2121212121212121E-002   1.0017813253408743        1.0101010101010102E-002   1.0017813253408743        1.0000000000000000        1.7763568394002505E-015
  0.80808938256112706       -1.2387242489827243E-005   1.2121212121212121E-002   1.0017821808474989        1.0101010101010102E-002   1.0017821808474989        1.0000000000000000        1.7763568394002505E-015
  0.81819056821578340       -1.4261847741098096E-005   1.2121212121212121E-002   1.0017828663326895        1.0101010101010102E-002   1.0017828663326895        1.0000000000000000        1.7763568394002505E-015
  0.82829174874110945       -1.6249169019687101E-005   1.2121212121212121E-002   1.0017831095711682        1.0101010101010102E-002   1.0017831095711682        1.0000000000000000        1.7763568394002505E-015
  0.83839292995462844       -1.8320182640215554E-005   1.2121212121212121E-002   1.0017831192087070        1.0101010101010102E-002   1.0017831192087070        1.0000000000000000        1.7763568394002505E-015
  0.84849411072155134       -2.0011084760687434E-005   1.2121212121212121E-002   1.0017831613106689        1.0101010101010102E-002   1.0017831613106689        1.0000000000000000        1.7763568394002505E-015
  0.85859529113409983       -2.1669144716710141E-005   1.2121212121212121E-002   1.0017832989741315        1.0101010101010102E-002   1.0017832989741315        1.0000000000000000        1.7763568394002505E-015
  0.86869646964684510       -2.3283613616667305E-005   1.2121212121212121E-002   1.0017838090814215        1.0101010101010102E-002   1.0017838090814215        1.0000000000000000        1.7763568394002505E-015
  0.87879764017501272       -2.5122656340534159E-005   1.2121212121212121E-002   1.0017848045765541        1.0101010101010102E-002   1.0017848045765541        1.0000000000000000        1.7763568394002505E-015
  0.88889879858109155       -2.6700429480115891E-005   1.2121212121212121E-002   1.0017860043133311        1.0101010101010102E-002   1.0017860043133311        1.0000000000000000        1.7763568394002505E-015
  0.89899994454731047       -2.8024995922574239E-005   1.2121212121212121E-002   1.0017869043579783        1.0101010101010102E-002   1.0017869043579783        1.0000000000000000        1.7763568394002505E-015
  0.90910108526079125       -2.9183571359807921E-005   1.2121212121212121E-002   1.0017875493668054        1.0101010101010102E-002   1.0017875493668054        1.0000000000000000        1.7763568394002505E-015
  0.91920221917564393       -3.0458947066139442E-005   1.2121212121212121E-002   1.0017883344206568        1.0101010101010102E-002   1.0017883344206568        1.0000000000000000        1.7763568394002505E-015
  0.92930334427907602       -3.1756607507196023E-005   1.2121212121212121E-002   1.0017892133376551        1.0101010101010102E-002   1.0017892133376551        1.0000000000000000        1.7763568394002505E-015
  0.93940446031195901       -3.2596844508507014E-005   1.2121212121212121E-002   1.0017898994807690        1.0101010101010102E-002   1.0017898994807690        1.0000000000000000        1.7763568394002505E-015
  0.94950557207630271       -3.3053586578246577E-005   1.2121212121212121E-002   1.0017905365956559        1.0101010101010102E-002   1.0017905365956559        1.0000000000000000        1.7763568394002505E-015
  0.95960667640688091       -3.3576609363415323E-005   1.2121212121212121E-002   1.0017916364946715        1.0101010101010102E-002   1.0017916364946715        1.0000000000000000        1.7763568394002505E-015
  0.96970776634869815       -3.4238392084057766E-005   1.2121212121212121E-002   1.0017931599965377        1.0101010101010102E-002   1.0017931599965377        1.0000000000000000        8.8817841970012523E-016
  0.97980883990638701       -3.4733931833024114E-005   1.2121212121212121E-002   1.0017947165284575        1.0101010101010102E-002   1.0017947165284575        1.0000000000000000       -3.2862601528904634E-014
  0.98990989897949389       -3.4872113607071044E-005   1.2121212121212121E-002   1.0017961539631941        1.0101010101010102E-002   1.0017961539631941        1.0000000000000000        1.5010215292932116E-013
   1.0000109430493873       -3.5251235433390311E-005   1.2121212121212121E-002   1.0017969868706809        1.0101010101010102E-002   1.0017969868706809        1.0000000000000000        1.0436096431476471E-012
   1.0101119531503975        3.4807071925107431E-005   1.2121212121212121E-002   1.0017961539633362        1.0101010101010102E-002   1.0017986335125502        1.0000000000000000        1.4299672557172016E-013
   1.0202129632514076        3.4653296748323032E-005   1.2121212121212121E-002   1.0017947165283290        1.0101010101010102E-002   1.0018002769708125        1.0000000000000000       -1.9677833450701065E-002
   1.0303139733524178        3.4152305096079424E-005   1.2121212121212121E-002   1.0017931599965728        1.0101010101010102E-002   1.0018004115226273        1.0000000000000000       -1.3138325546267744     
   1.0404149834534280        3.3501944751059749E-005   1.2121212121212121E-002   1.0017916364948491        1.0101010101010102E-002  0.99665637860081713        1.0000000000000000       -4.6453021478719450     
   1.0505159935544381        3.3013969410749398E-005   1.2121212121212121E-002   1.0017905365954842        1.0101010101010102E-002  0.77867798353909146        1.0000000000000000        107.01218865918355     
  -1.0111953149958715E-002  -3.4807071715152907E-005   1.2121212121212121E-002   1.0017961539631941        1.0101010101010102E-002   1.0017986335125761        1.0000000000000000        1.1546319456101628E-014
  -2.0212963250968816E-002  -3.4653296590077342E-005   1.2121212121212121E-002   1.0017947165284575        1.0101010101010102E-002   1.0018002769708194        1.0000000000000000        1.9677833450746363E-002
  -3.0313973351978916E-002  -3.4152304920827771E-005   1.2121212121212121E-002   1.0017931599965377        1.0101010101010102E-002   1.0018004115226338        1.0000000000000000        1.3138325546268277     
  -4.0414983452989023E-002  -3.3501944723196329E-005   1.2121212121212121E-002   1.0017916364946715        1.0101010101010102E-002  0.99665637860082290        1.0000000000000000        4.6453021478716039     
  -5.0515993553999126E-002  -3.3013969459854514E-005   1.2121212121212121E-002   1.0017905365956559        1.0101010101010102E-002  0.77867798353909445        1.0000000000000000       -107.01218865918408     
