 # x v h rho m p cs a
   26.351515151518807     
   1.5602829466151600E-014   8.1652126137862406E-013   1.2121212121212121E-002   1.0017170520724510        1.0101010101010102E-002   1.0017170520724510        1.0000000000000000        1.6310597317215070E-010
   1.0101834007292702E-002  -3.3763493788165931E-006   1.2121212121212121E-002   1.0017172203538143        1.0101010101010102E-002   1.0017172203538143        1.0000000000000000       -3.5106752157787469E-005
   2.0203664687759144E-002  -6.7391669196234118E-006   1.2121212121212121E-002   1.0017177245163769        1.0101010101010102E-002   1.0017177245163769        1.0000000000000000       -7.0070868884108961E-005
   3.0305488728120743E-002  -1.0074977005288282E-005   1.2121212121212121E-002   1.0017185625077145        1.0101010101010102E-002   1.0017185625077145        1.0000000000000000       -1.0474941857463449E-004
   4.0407302842149620E-002  -1.3370411115255157E-005   1.2121212121212121E-002   1.0017197309162469        1.0101010101010102E-002   1.0017197309162469        1.0000000000000000       -1.3900149357670699E-004
   5.0509103784036669E-002  -1.6612256042718707E-005   1.2121212121212121E-002   1.0017212249895564        1.0101010101010102E-002   1.0017212249895564        1.0000000000000000       -1.7268823290716995E-004
   6.0610888361549660E-002  -1.9787512712630065E-005   1.2121212121212121E-002   1.0017230386527103        1.0101010101010102E-002   1.0017230386527103        1.0000000000000000       -2.0567248509451019E-004
   7.0712653449024082E-002  -2.2883445621411449E-005   1.2121212121212121E-002   1.0017251645281184        1.0101010101010102E-002   1.0017251645281184        1.0000000000000000       -2.3781952585366639E-004
   8.0814396000153471E-002  -2.5887634034083934E-005   1.2121212121212121E-002   1.0017275939707631        1.0101010101010102E-002   1.0017275939707631        1.0000000000000000       -2.6899960004200807E-004
   9.0916113060263898E-002  -2.8788016744869159E-005   1.2121212121212121E-002   1.0017303171084919        1.0101010101010102E-002   1.0017303171084919        1.0000000000000000       -2.9908641297282657E-004
  0.10101780177828719       -3.1572945277654134E-005   1.2121212121212121E-002   1.0017333228770333        1.0101010101010102E-002   1.0017333228770333        1.0000000000000000       -3.2795753759096158E-004
  0.11111945941837255       -3.4231228458815455E-005   1.2121212121212121E-002   1.0017365990659874        1.0101010101010102E-002   1.0017365990659874        1.0000000000000000       -3.5549621354302730E-004
  0.12122108337094172       -3.6752179017146447E-005   1.2121212121212121E-002   1.0017401323727340        1.0101010101010102E-002   1.0017401323727340        1.0000000000000000       -3.8159132632387127E-004
  0.13132267116322299       -3.9125651463310471E-005   1.2121212121212121E-002   1.0017439084582465        1.0101010101010102E-002   1.0017439084582465        1.0000000000000000       -4.0613783686094251E-004
  0.14142422046920508       -4.1342086022617887E-005   1.2121212121212121E-002   1.0017479120061665        1.0101010101010102E-002   1.0017479120061665        1.0000000000000000       -4.2903689625273245E-004
  0.15152572911899567       -4.3392549038394278E-005   1.2121212121212121E-002   1.0017521267827720        1.0101010101010102E-002   1.0017521267827720        1.0000000000000000       -4.5019599324902515E-004
  0.16162719510760348       -4.5268766517547054E-005   1.2121212121212121E-002   1.0017565357059757        1.0101010101010102E-002   1.0017565357059757        1.0000000000000000       -4.6953070241340100E-004
  0.17172861660292368       -4.6963158257287589E-005   1.2121212121212121E-002   1.0017611209192099        1.0101010101010102E-002   1.0017611209192099        1.0000000000000000       -4.8696397062553132E-004
  0.18182999195304472       -4.8468867283440144E-005   1.2121212121212121E-002   1.0017658638629297        1.0101010101010102E-002   1.0017658638629297        1.0000000000000000       -5.0242632565833389E-004
  0.19193131969282959       -4.9779792198812929E-005   1.2121212121212121E-002   1.0017707453491884        1.0101010101010102E-002   1.0017707453491884        1.0000000000000000       -5.1585619962679630E-004
  0.20203259854974598       -5.0890607375711299E-005   1.2121212121212121E-002   1.0017757456395502        1.0101010101010102E-002   1.0017757456395502        1.0000000000000000       -5.2720041820819574E-004
  0.21213382744891293       -5.1796790100898237E-005   1.2121212121212121E-002   1.0017808445295302        1.0101010101010102E-002   1.0017808445295302        1.0000000000000000       -5.3641510701840645E-004
  0.22223500551724915       -5.2494634415125789E-005   1.2121212121212121E-002   1.0017860214325627        1.0101010101010102E-002   1.0017860214325627        1.0000000000000000       -5.4346456889753370E-004
  0.23233613208684617       -5.2981271823972144E-005   1.2121212121212121E-002   1.0017912554571460        1.0101010101010102E-002   1.0017912554571460        1.0000000000000000       -5.4832101987400961E-004
  0.24243720669762181       -5.3254679773279342E-005   1.2121212121212121E-002   1.0017965254934345        1.0101010101010102E-002   1.0017965254934345        1.0000000000000000       -5.5096681306654460E-004
  0.25253822909897122       -5.3313694986022558E-005   1.2121212121212121E-002   1.0018018103040096        1.0101010101010102E-002   1.0018018103040096        1.0000000000000000       -5.5139316449270837E-004
  0.26263919925060608       -5.3158014601932214E-005   1.2121212121212121E-002   1.0018070886075290        1.0101010101010102E-002   1.0018070886075290        1.0000000000000000       -5.4959990749026133E-004
  0.27274011732256420       -5.2788201751869243E-005   1.2121212121212121E-002   1.0018123391611049        1.0101010101010102E-002   1.0018123391611049        1.0000000000000000       -5.4559531158826502E-004
  0.28284098369442406       -5.2205682090710871E-005   1.2121212121212121E-002   1.0018175408443715        1.0101010101010102E-002   1.0018175408443715        1.0000000000000000       -5.3939679815862007E-004
  0.29294179895366490       -5.1412743089758734E-005   1.2121212121212121E-002   1.0018226727506521        1.0101010101010102E-002   1.0018226727506521        1.0000000000000000       -5.3103172011503830E-004
  0.30304256389305562       -5.0412518885595377E-005   1.2121212121212121E-002   1.0018277142713183        1.0101010101010102E-002   1.0018277142713183        1.0000000000000000       -5.2053504862481503E-004
  0.31314327950734039       -4.9208986332339859E-005   1.2121212121212121E-002   1.0018326451692545        1.0101010101010102E-002   1.0018326451692545        1.0000000000000000       -5.0794942312926139E-004
  0.32324394698921516       -4.7806941766425094E-005   1.2121212121212121E-002   1.0018374456618622        1.0101010101010102E-002   1.0018374456618622        1.0000000000000000       -4.9332706853011388E-004
  0.33334456772435733       -4.6211992270957575E-005   1.2121212121212121E-002   1.0018420965050561        1.0101010101010102E-002   1.0018420965050561        1.0000000000000000       -4.7672825241207306E-004
  0.34344514328572839       -4.4430524906947890E-005   1.2121212121212121E-002   1.0018465790685613        1.0101010101010102E-002   1.0018465790685613        1.0000000000000000       -4.5822088174585218E-004
  0.35354567542712007       -4.2469682226462527E-005   1.2121212121212121E-002   1.0018508754039963        1.0101010101010102E-002   1.0018508754039963        1.0000000000000000       -4.3787929509342405E-004
  0.36364616607612826       -4.0337341824998018E-005   1.2121212121212121E-002   1.0018549683146414        1.0101010101010102E-002   1.0018549683146414        1.0000000000000000       -4.1578598059466287E-004
  0.37374661732633085       -3.8042077776835353E-005   1.2121212121212121E-002   1.0018588414307219        1.0101010101010102E-002   1.0018588414307219        1.0000000000000000       -3.9203102108942289E-004
  0.38384703142874455       -3.5593127504128982E-005   1.2121212121212121E-002   1.0018624792727704        1.0101010101010102E-002   1.0018624792727704        1.0000000000000000       -3.6671010896771605E-004
  0.39394741078275608       -3.3000354384977075E-005   1.2121212121212121E-002   1.0018658673046696        1.0101010101010102E-002   1.0018658673046696        1.0000000000000000       -3.3992427205298270E-004
  0.40404775792655978       -3.0274210330642943E-005   1.2121212121212121E-002   1.0018689919914283        1.0101010101010102E-002   1.0018689919914283        1.0000000000000000       -3.1178124531550111E-004
  0.41414807552694527       -2.7425692679356513E-005   1.2121212121212121E-002   1.0018718408593938        1.0101010101010102E-002   1.0018718408593938        1.0000000000000000       -2.8239470183066828E-004
  0.42424836636852120       -2.4466300091292289E-005   1.2121212121212121E-002   1.0018744025438495        1.0101010101010102E-002   1.0018744025438495        1.0000000000000000       -2.5188227018180243E-004
  0.43434863334256663       -2.1407978402994199E-005   1.2121212121212121E-002   1.0018766668252033        1.0101010101010102E-002   1.0018766668252033        1.0000000000000000       -2.2036504329303597E-004
  0.44444887943556888       -1.8263086650918704E-005   1.2121212121212121E-002   1.0018786246693163        1.0101010101010102E-002   1.0018786246693163        1.0000000000000000       -1.8796907763984905E-004
  0.45454910771727924       -1.5044332407079505E-005   1.2121212121212121E-002   1.0018802682712293        1.0101010101010102E-002   1.0018802682712293        1.0000000000000000       -1.5482465074256879E-004
  0.46464932132835457       -1.1764729690812088E-005   1.2121212121212121E-002   1.0018815910834242        1.0101010101010102E-002   1.0018815910834242        1.0000000000000000       -1.2106371940667771E-004
  0.47474952346786659       -8.4375378028937669E-006   1.2121212121212121E-002   1.0018825878339988        1.0101010101010102E-002   1.0018825878339988        1.0000000000000000       -8.6820208871074556E-005
  0.48484971738060706       -5.0762137704457642E-006   1.2121212121212121E-002   1.0018832545474363        1.0101010101010102E-002   1.0018832545474363        1.0000000000000000       -5.2230423861487907E-005
  0.49494990634418762       -1.6943559677182268E-006   1.2121212121212121E-002   1.0018835885676018        1.0101010101010102E-002   1.0018835885676018        1.0000000000000000       -1.7433180696357908E-005
  0.50505009365586462        1.6943558012678571E-006   1.2121212121212121E-002   1.0018835885677315        1.0101010101010102E-002   1.0018835885677315        1.0000000000000000        1.7433152169843424E-005
  0.51515028261944196        5.0762140474043418E-006   1.2121212121212121E-002   1.0018832545474601        1.0101010101010102E-002   1.0018832545474601        1.0000000000000000        5.2230476915049451E-005
  0.52525047653218471        8.4375376936624496E-006   1.2121212121212121E-002   1.0018825878336741        1.0101010101010102E-002   1.0018825878336741        1.0000000000000000        8.6820231648410129E-005
  0.53535067867170205        1.1764729580585154E-005   1.2121212121212121E-002   1.0018815910834253        1.0101010101010102E-002   1.0018815910834253        1.0000000000000000        1.2106362208808008E-004
  0.54545089228277244        1.5044332561888540E-005   1.2121212121212121E-002   1.0018802682717438        1.0101010101010102E-002   1.0018802682717438        1.0000000000000000        1.5482464276495023E-004
  0.55555112056447553        1.8263086103631598E-005   1.2121212121212121E-002   1.0018786246692506        1.0101010101010102E-002   1.0018786246692506        1.0000000000000000        1.8796920497798908E-004
  0.56565136665748739        2.1407979001703473E-005   1.2121212121212121E-002   1.0018766668250811        1.0101010101010102E-002   1.0018766668250811        1.0000000000000000        2.2036493365096277E-004
  0.57575163363152637        2.4466299613030128E-005   1.2121212121212121E-002   1.0018744025441078        1.0101010101010102E-002   1.0018744025441078        1.0000000000000000        2.5188229762385106E-004
  0.58585192447310275        2.7425692489455795E-005   1.2121212121212121E-002   1.0018718408595697        1.0101010101010102E-002   1.0018718408595697        1.0000000000000000        2.8239468354218644E-004
  0.59595224207348441        3.0274210941938147E-005   1.2121212121212121E-002   1.0018689919914905        1.0101010101010102E-002   1.0018689919914905        1.0000000000000000        3.1178129950060196E-004
  0.60605258921728999        3.3000354492606353E-005   1.2121212121212121E-002   1.0018658673042899        1.0101010101010102E-002   1.0018658673042899        1.0000000000000000        3.3992430599560919E-004
  0.61615296857130863        3.5593127232943727E-005   1.2121212121212121E-002   1.0018624792727431        1.0101010101010102E-002   1.0018624792727431        1.0000000000000000        3.6671000337396009E-004
  0.62625338267371544        3.8042078046726965E-005   1.2121212121212121E-002   1.0018588414309024        1.0101010101010102E-002   1.0018588414309024        1.0000000000000000        3.9203107901908396E-004
  0.63635383392392064        4.0337341724073392E-005   1.2121212121212121E-002   1.0018549683146372        1.0101010101010102E-002   1.0018549683146372        1.0000000000000000        4.1578596105917853E-004
  0.64645432457292684        4.2469682428532211E-005   1.2121212121212121E-002   1.0018508754040694        1.0101010101010102E-002   1.0018508754040694        1.0000000000000000        4.3787930196881319E-004
  0.65655485671431901        4.4430524688250624E-005   1.2121212121212121E-002   1.0018465790687014        1.0101010101010102E-002   1.0018465790687014        1.0000000000000000        4.5822085634927845E-004
  0.66665543227568669        4.6211992049902291E-005   1.2121212121212121E-002   1.0018420965051709        1.0101010101010102E-002   1.0018420965051709        1.0000000000000000        4.7672828608558149E-004
  0.67675605301082953        4.7806942352250204E-005   1.2121212121212121E-002   1.0018374456617132        1.0101010101010102E-002   1.0018374456617132        1.0000000000000000        4.9332709062088753E-004
  0.68685672049270707        4.9208985529815180E-005   1.2121212121212121E-002   1.0018326451691122        1.0101010101010102E-002   1.0018326451691122        1.0000000000000000        5.0794939936249506E-004
  0.69695743610699212        5.0412519256193969E-005   1.2121212121212121E-002   1.0018277142713230        1.0101010101010102E-002   1.0018277142713230        1.0000000000000000        5.2053503976789983E-004
  0.70705820104638195        5.1412743244708090E-005   1.2121212121212121E-002   1.0018226727505117        1.0101010101010102E-002   1.0018226727505117        1.0000000000000000        5.3103176348479053E-004
  0.71715901630562628        5.2205682148308772E-005   1.2121212121212121E-002   1.0018175408440275        1.0101010101010102E-002   1.0018175408440275        1.0000000000000000        5.3939679733971957E-004
  0.72725988267749064        5.2788200954200115E-005   1.2121212121212121E-002   1.0018123391612235        1.0101010101010102E-002   1.0018123391612235        1.0000000000000000        5.4559520847519138E-004
  0.73736080074944177        5.3158014752519784E-005   1.2121212121212121E-002   1.0018070886079811        1.0101010101010102E-002   1.0018070886079811        1.0000000000000000        5.4959994388692479E-004
  0.74746177090107269        5.3313695416561890E-005   1.2121212121212121E-002   1.0018018103037150        1.0101010101010102E-002   1.0018018103037150        1.0000000000000000        5.5139328432662893E-004
  0.75756279330243326        5.3254679870762229E-005   1.2121212121212121E-002   1.0017965254931205        1.0101010101010102E-002   1.0017965254931205        1.0000000000000000        5.5096670393961489E-004
  0.76766386791320462        5.2981271657082869E-005   1.2121212121212121E-002   1.0017912554572312        1.0101010101010102E-002   1.0017912554572312        1.0000000000000000        5.4832104124535874E-004
  0.77776499448280345        5.2494634819756667E-005   1.2121212121212121E-002   1.0017860214326411        1.0101010101010102E-002   1.0017860214326411        1.0000000000000000        5.4346454345743922E-004
  0.78786617255113645        5.1796789855275826E-005   1.2121212121212121E-002   1.0017808445296232        1.0101010101010102E-002   1.0017808445296232        1.0000000000000000        5.3641513586644152E-004
  0.79796740145030454        5.0890607191669559E-005   1.2121212121212121E-002   1.0017757456395466        1.0101010101010102E-002   1.0017757456395466        1.0000000000000000        5.2720040648512878E-004
  0.80806868030722034        4.9779792177649906E-005   1.2121212121212121E-002   1.0017707453493343        1.0101010101010102E-002   1.0017707453493343        1.0000000000000000        5.1585617960991925E-004
  0.81817000804700257        4.8468867142327159E-005   1.2121212121212121E-002   1.0017658638630320        1.0101010101010102E-002   1.0017658638630320        1.0000000000000000        5.0242635745689768E-004
  0.82827138339712369        4.6963158420870556E-005   1.2121212121212121E-002   1.0017611209189945        1.0101010101010102E-002   1.0017611209189945        1.0000000000000000        4.8696400478043245E-004
  0.83837280489244903        4.5268766821324206E-005   1.2121212121212121E-002   1.0017565357059577        1.0101010101010102E-002   1.0017565357059577        1.0000000000000000        4.6953062864840689E-004
  0.84847427088105198        4.3392549054818904E-005   1.2121212121212121E-002   1.0017521267829315        1.0101010101010102E-002   1.0017521267829315        1.0000000000000000        4.5019602658591396E-004
  0.85857577953084385        4.1342085873902036E-005   1.2121212121212121E-002   1.0017479120062642        1.0101010101010102E-002   1.0017479120062642        1.0000000000000000        4.2903687605555518E-004
  0.86867732883682292        3.9125651473783376E-005   1.2121212121212121E-002   1.0017439084583710        1.0101010101010102E-002   1.0017439084583710        1.0000000000000000        4.0613785079024467E-004
  0.87877891662910490        3.6752178893158672E-005   1.2121212121212121E-002   1.0017401323729496        1.0101010101010102E-002   1.0017401323729496        1.0000000000000000        3.8159129138470860E-004
  0.88888054058166854        3.4231228863157942E-005   1.2121212121212121E-002   1.0017365990659663        1.0101010101010102E-002   1.0017365990659663        1.0000000000000000        3.5549630491971129E-004
  0.89898219822175940        3.1572944940910670E-005   1.2121212121212121E-002   1.0017333228765781        1.0101010101010102E-002   1.0017333228765781        1.0000000000000000        3.2795753544956341E-004
  0.90908388693978781        2.8788016843808028E-005   1.2121212121212121E-002   1.0017303171084837        1.0101010101010102E-002   1.0017303171084837        1.0000000000000000        2.9908632028785576E-004
  0.91918560399989291        2.5887633958118048E-005   1.2121212121212121E-002   1.0017275939710109        1.0101010101010102E-002   1.0017275939710109        1.0000000000000000        2.6899963616777711E-004
  0.92928734655102152        2.2883445913174364E-005   1.2121212121212121E-002   1.0017251645279561        1.0101010101010102E-002   1.0017251645279561        1.0000000000000000        2.3781957727209146E-004
  0.93938911163850070        1.9787512483715498E-005   1.2121212121212121E-002   1.0017230386525409        1.0101010101010102E-002   1.0017230386525409        1.0000000000000000        2.0567243776525856E-004
  0.94949089621601279        1.6612256091934974E-005   1.2121212121212121E-002   1.0017212249896708        1.0101010101010102E-002   1.0017212249896708        1.0000000000000000        1.7268821802218781E-004
  0.95959269715789774        1.3370410900877157E-005   1.2121212121212121E-002   1.0017197309162493        1.0101010101010102E-002   1.0017197309162493        1.0000000000000000        1.3900153248957992E-004
  0.96969451127192852        1.0074976560847161E-005   1.2121212121212121E-002   1.0017185625075211        1.0101010101010102E-002   1.0017185625075211        1.0000000000000000        1.0474942287430622E-004
  0.97979633531229282        6.7391672267392329E-006   1.2121212121212121E-002   1.0017177245164250        1.0101010101010102E-002   1.0017177245164250        1.0000000000000000        7.0070811505118513E-005
  0.98989816599275560        3.3763493605112251E-006   1.2121212121212121E-002   1.0017172203540921        1.0101010101010102E-002   1.0017172203540921        1.0000000000000000        3.5106758739189559E-005
   1.0000000000000300       -5.2235848240218378E-014   1.2121212121212121E-002   1.0017170520724505        1.0101010101010102E-002   1.0017170520724505        1.0000000000000000       -1.0790390803094851E-010
   1.0101018340072927       -3.2908278691440711E-006   1.2121212121212121E-002   1.0017172203538143        1.0101010101010102E-002   1.0017172203538143        1.0000000000000000       -3.5106670377871296E-005
   1.0202036646877592       -6.5684714400380322E-006   1.2121212121212121E-002   1.0017177245163769        1.0101010101010102E-002   1.0017177245163769        1.0000000000000000       -7.0070816820866355E-005
   1.0303054887281207       -9.8198030789539555E-006   1.2121212121212121E-002   1.0017185625077145        1.0101010101010102E-002   1.0017185625077145        1.0000000000000000       -1.0474941656113401E-004
   1.0404073028421497       -1.3031797380485555E-005   1.2121212121212121E-002   1.0017197309162469        1.0101010101010102E-002   1.0017197309162469        1.0000000000000000       -1.3900149452972244E-004
   1.0505091037840366       -1.6191579557611820E-005   1.2121212121212121E-002   1.0017212249895564        1.0101010101010102E-002   1.0017212249895564        1.0000000000000000       -1.7268823152427615E-004
   1.0606108883615497       -1.9286484567232112E-005   1.2121212121212121E-002   1.0017230386527103        1.0101010101010102E-002   1.0017230386527103        1.0000000000000000       -2.0567248590186438E-004
   1.0707126534490241       -2.2304104982063931E-005   1.2121212121212121E-002   1.0017251645281184        1.0101010101010102E-002   1.0017251645281184        1.0000000000000000       -2.3781952646917404E-004
   1.0808143960001535       -2.5232336098572339E-005   1.2121212121212121E-002   1.0017275939707631        1.0101010101010102E-002   1.0017275939707631        1.0000000000000000       -2.6899960047366278E-004
   1.0909161130602638       -2.8059424466671420E-005   1.2121212121212121E-002   1.0017303171084919        1.0101010101010102E-002   1.0017303171084919        1.0000000000000000        7.6203659942721771     
   1.1010178017782872       -3.0774019770010377E-005   1.2121212121212121E-002   1.0017333228770333        1.0101010101010102E-002   1.0017333228770333        1.0000000000000000        93.405549677878923     
  -1.0101834007244404E-002   3.2908278537820723E-006   1.2121212121212121E-002   1.0017172203540921        1.0101010101010102E-002   1.0017172203540921        1.0000000000000000        3.5106677316321111E-005
  -2.0203664687707179E-002   6.5684718635665905E-006   1.2121212121212121E-002   1.0017177245164250        1.0101010101010102E-002   1.0017177245164250        1.0000000000000000        7.0070757259621530E-005
  -3.0305488728071484E-002   9.8198026456662013E-006   1.2121212121212121E-002   1.0017185625075211        1.0101010101010102E-002   1.0017185625075211        1.0000000000000000        1.0474942286720079E-004
  -4.0407302842102255E-002   1.3031797076718050E-005   1.2121212121212121E-002   1.0017197309162493        1.0101010101010102E-002   1.0017197309162493        1.0000000000000000        1.3900153248158631E-004
  -5.0509103783987208E-002   1.6191579631577583E-005   1.2121212121212121E-002   1.0017212249896708        1.0101010101010102E-002   1.0017212249896708        1.0000000000000000        1.7268821802218781E-004
  -6.0610888361499304E-002   1.9286484463043631E-005   1.2121212121212121E-002   1.0017230386525409        1.0101010101010102E-002   1.0017230386525409        1.0000000000000000        2.0567243775282407E-004
  -7.0712653448978480E-002   2.2304105136111821E-005   1.2121212121212121E-002   1.0017251645279561        1.0101010101010102E-002   1.0017251645279561        1.0000000000000000        2.3781957725965697E-004
  -8.0814396000107092E-002   2.5232335945231582E-005   1.2121212121212121E-002   1.0017275939710109        1.0101010101010102E-002   1.0017275939710109        1.0000000000000000        2.6899963615978351E-004
  -9.0916113060212189E-002   2.8059424777034433E-005   1.2121212121212121E-002   1.0017303171084837        1.0101010101010102E-002   1.0017303171084837        1.0000000000000000       -7.6203659943232509     
 -0.10101780177824060        3.0774019459620513E-005   1.2121212121212121E-002   1.0017333228765781        1.0101010101010102E-002   1.0017333228765781        1.0000000000000000       -93.405549677872088     
