 # x v h rho m p cs a
   2.8049999999999624     
   8.7196916354059177E-017   0.0000000000000000        1.2121212121212121E-002   1.0017747832579256        1.0101010101010102E-002   1.0017747832579256        1.0000000000000000        1.2434497875801753E-014
   1.0101522354515826E-002   6.4815068002306672E-006   1.2121212121212121E-002   1.0017543094294523        1.0101010101010102E-002   1.0017543094294523        1.0000000000000000       -1.4210854715202004E-014
   2.0202967615313212E-002   1.2116115054322737E-005   1.2121212121212121E-002   1.0017546073736570        1.0101010101010102E-002   1.0017546073736570        1.0000000000000000       -9.9475983006414026E-014
   3.0304442702899358E-002   1.8062915464337543E-005   1.2121212121212121E-002   1.0017540386880506        1.0101010101010102E-002   1.0017540386880506        1.0000000000000000        6.1284310959308641E-014
   4.0405906698134812E-002   2.3737109235961012E-005   1.2121212121212121E-002   1.0017546408735960        1.0101010101010102E-002   1.0017546408735960        1.0000000000000000        3.5527136788005009E-015
   5.0507367160428078E-002   2.9380804082520751E-005   1.2121212121212121E-002   1.0017552796200344        1.0101010101010102E-002   1.0017552796200344        1.0000000000000000        4.4408920985006262E-015
   6.0608819290833282E-002   3.4975640565212082E-005   1.2121212121212121E-002   1.0017562406938998        1.0101010101010102E-002   1.0017562406938998        1.0000000000000000       -8.8817841970012523E-015
   7.0710260603415787E-002   4.0350905850332914E-005   1.2121212121212121E-002   1.0017574697498277        1.0101010101010102E-002   1.0017574697498277        1.0000000000000000       -5.1514348342607263E-014
   8.0811688384364519E-002   4.5473960741194794E-005   1.2121212121212121E-002   1.0017589123464392        1.0101010101010102E-002   1.0017589123464392        1.0000000000000000        2.1316282072803006E-014
   9.0913100960845664E-002   5.0514223014029408E-005   1.2121212121212121E-002   1.0017604437906662        1.0101010101010102E-002   1.0017604437906662        1.0000000000000000        7.1054273576010019E-015
  0.10101449864310302        5.5429109102196537E-005   1.2121212121212121E-002   1.0017621475206107        1.0101010101010102E-002   1.0017621475206107        1.0000000000000000        7.1054273576010019E-015
  0.11111587757227476        6.0147065486294730E-005   1.2121212121212121E-002   1.0017640325772077        1.0101010101010102E-002   1.0017640325772077        1.0000000000000000        3.5527136788005009E-015
  0.12121723778266680        6.4597981313664420E-005   1.2121212121212121E-002   1.0017659781347901        1.0101010101010102E-002   1.0017659781347901        1.0000000000000000        1.9539925233402755E-014
  0.13131857833911109        6.8738242199418837E-005   1.2121212121212121E-002   1.0017680240948796        1.0101010101010102E-002   1.0017680240948796        1.0000000000000000        8.0824236192711396E-014
  0.14141989829540036        7.2733076234789568E-005   1.2121212121212121E-002   1.0017702807663724        1.0101010101010102E-002   1.0017702807663724        1.0000000000000000        2.2204460492503131E-014
  0.15152119437691780        7.6224746095843074E-005   1.2121212121212121E-002   1.0017728055726132        1.0101010101010102E-002   1.0017728055726132        1.0000000000000000       -6.2172489379008766E-015
  0.16162246405506980        7.9485880821612644E-005   1.2121212121212121E-002   1.0017753819917250        1.0101010101010102E-002   1.0017753819917250        1.0000000000000000       -6.2172489379008766E-015
  0.17172370916302193        8.2422762334065413E-005   1.2121212121212121E-002   1.0017779638045261        1.0101010101010102E-002   1.0017779638045261        1.0000000000000000       -6.2172489379008766E-015
  0.18182492798268116        8.5067648900319468E-005   1.2121212121212121E-002   1.0017806420968993        1.0101010101010102E-002   1.0017806420968993        1.0000000000000000       -6.2172489379008766E-015
  0.19192612022382530        8.7420634992563671E-005   1.2121212121212121E-002   1.0017834488294202        1.0101010101010102E-002   1.0017834488294202        1.0000000000000000       -6.2172489379008766E-015
  0.20202728339793044        8.9423812599330016E-005   1.2121212121212121E-002   1.0017862769857835        1.0101010101010102E-002   1.0017862769857835        1.0000000000000000       -6.2172489379008766E-015
  0.21212841963785078        9.1016926588500193E-005   1.2121212121212121E-002   1.0017890740067643        1.0101010101010102E-002   1.0017890740067643        1.0000000000000000       -6.2172489379008766E-015
  0.22222952798527867        9.2113871822730467E-005   1.2121212121212121E-002   1.0017920792738675        1.0101010101010102E-002   1.0017920792738675        1.0000000000000000       -1.7763568394002505E-015
  0.23233060469622813        9.2954042669054967E-005   1.2121212121212121E-002   1.0017952117969418        1.0101010101010102E-002   1.0017952117969418        1.0000000000000000       -5.6843418860808015E-014
  0.24243165072246931        9.3454636287111192E-005   1.2121212121212121E-002   1.0017982278150019        1.0101010101010102E-002   1.0017982278150019        1.0000000000000000       -1.8562928971732617E-013
  0.25253266791326118        9.3582257058809215E-005   1.2121212121212121E-002   1.0018011601564187        1.0101010101010102E-002   1.0018011601564187        1.0000000000000000        1.8385293287792592E-013
  0.26263365620793977        9.3293605703286995E-005   1.2121212121212121E-002   1.0018041308598125        1.0101010101010102E-002   1.0018041308598125        1.0000000000000000        5.0626169922907138E-014
  0.27273461465750531        9.2625402077373893E-005   1.2121212121212121E-002   1.0018071263398509        1.0101010101010102E-002   1.0018071263398509        1.0000000000000000       -6.2172489379008766E-015
  0.28283554374196956        9.1657879527494502E-005   1.2121212121212121E-002   1.0018101326254785        1.0101010101010102E-002   1.0018101326254785        1.0000000000000000       -6.2172489379008766E-015
  0.29293644278485237        9.0233756717769502E-005   1.2121212121212121E-002   1.0018131361446667        1.0101010101010102E-002   1.0018131361446667        1.0000000000000000       -6.2172489379008766E-015
  0.30303731231762387        8.8339211606139372E-005   1.2121212121212121E-002   1.0018160211751170        1.0101010101010102E-002   1.0018160211751170        1.0000000000000000       -6.2172489379008766E-015
  0.31313815436537679        8.6242991081855275E-005   1.2121212121212121E-002   1.0018187907915594        1.0101010101010102E-002   1.0018187907915594        1.0000000000000000       -6.2172489379008766E-015
  0.32323896931314755        8.3939654073381147E-005   1.2121212121212121E-002   1.0018215229863439        1.0101010101010102E-002   1.0018215229863439        1.0000000000000000       -6.2172489379008766E-015
  0.33333975732649151        8.1123820376982929E-005   1.2121212121212121E-002   1.0018241938665455        1.0101010101010102E-002   1.0018241938665455        1.0000000000000000       -6.2172489379008766E-015
  0.34344051943659987        7.7889606170547011E-005   1.2121212121212121E-002   1.0018267647467665        1.0101010101010102E-002   1.0018267647467665        1.0000000000000000       -6.2172489379008766E-015
  0.35354125665464553        7.4448205060632065E-005   1.2121212121212121E-002   1.0018292337986430        1.0101010101010102E-002   1.0018292337986430        1.0000000000000000       -6.2172489379008766E-015
  0.36364196998044301        7.0687938766517995E-005   1.2121212121212121E-002   1.0018316005808752        1.0101010101010102E-002   1.0018316005808752        1.0000000000000000       -6.2172489379008766E-015
  0.37374266041067172        6.6659268684341716E-005   1.2121212121212121E-002   1.0018338458178055        1.0101010101010102E-002   1.0018338458178055        1.0000000000000000       -6.2172489379008766E-015
  0.38384332925462405        6.2488302223766726E-005   1.2121212121212121E-002   1.0018358998694799        1.0101010101010102E-002   1.0018358998694799        1.0000000000000000       -6.2172489379008766E-015
  0.39394397908753931        5.7937912256993089E-005   1.2121212121212121E-002   1.0018377621399042        1.0101010101010102E-002   1.0018377621399042        1.0000000000000000       -6.2172489379008766E-015
  0.40404461138237319        5.2980098125107911E-005   1.2121212121212121E-002   1.0018395715994044        1.0101010101010102E-002   1.0018395715994044        1.0000000000000000       -6.2172489379008766E-015
  0.41414522545075905        4.7992485649079583E-005   1.2121212121212121E-002   1.0018413157924464        1.0101010101010102E-002   1.0018413157924464        1.0000000000000000       -6.2172489379008766E-015
  0.42424582293297147        4.2949772757332372E-005   1.2121212121212121E-002   1.0018427950312008        1.0101010101010102E-002   1.0018427950312008        1.0000000000000000       -6.2172489379008766E-015
  0.43434640778193451        3.7566976421007049E-005   1.2121212121212121E-002   1.0018440087201854        1.0101010101010102E-002   1.0018440087201854        1.0000000000000000       -6.2172489379008766E-015
  0.44444698153619988        3.1991348372030387E-005   1.2121212121212121E-002   1.0018450987834078        1.0101010101010102E-002   1.0018450987834078        1.0000000000000000       -6.2172489379008766E-015
  0.45454754480685233        2.6378391599950401E-005   1.2121212121212121E-002   1.0018460530554125        1.0101010101010102E-002   1.0018460530554125        1.0000000000000000       -6.2172489379008766E-015
  0.46464809967200182        2.0592295753988467E-005   1.2121212121212121E-002   1.0018468516339438        1.0101010101010102E-002   1.0018468516339438        1.0000000000000000       -6.2172489379008766E-015
  0.47474864720041954        1.4734120326382697E-005   1.2121212121212121E-002   1.0018475005969121        1.0101010101010102E-002   1.0018475005969121        1.0000000000000000        5.3290705182007514E-015
  0.48484918899209034        8.9570150179921929E-006   1.2121212121212121E-002   1.0018478572312255        1.0101010101010102E-002   1.0018478572312255        1.0000000000000000       -7.0166095156309893E-014
  0.49494972944392052        3.0407030225059808E-006   1.2121212121212121E-002   1.0018479134710407        1.0101010101010102E-002   1.0018479134710407        1.0000000000000000       -4.4941828036826337E-013
  0.50505027055607932       -3.0407030525134464E-006   1.2121212121212121E-002   1.0018479134709846        1.0101010101010102E-002   1.0018479134709846        1.0000000000000000       -6.9277916736609768E-014
  0.51515081100791082       -8.9570150495539975E-006   1.2121212121212121E-002   1.0018478572311802        1.0101010101010102E-002   1.0018478572311802        1.0000000000000000        1.5987211554602254E-014
  0.52525135279958135       -1.4734120265120874E-005   1.2121212121212121E-002   1.0018475005969758        1.0101010101010102E-002   1.0018475005969758        1.0000000000000000        1.7763568394002505E-015
  0.53535190032799795       -2.0592295820584630E-005   1.2121212121212121E-002   1.0018468516340335        1.0101010101010102E-002   1.0018468516340335        1.0000000000000000        1.7763568394002505E-015
  0.54545245519314645       -2.6378391491493270E-005   1.2121212121212121E-002   1.0018460530553472        1.0101010101010102E-002   1.0018460530553472        1.0000000000000000        1.7763568394002505E-015
  0.55555301846380156       -3.1991348495114703E-005   1.2121212121212121E-002   1.0018450987833927        1.0101010101010102E-002   1.0018450987833927        1.0000000000000000        1.7763568394002505E-015
  0.56565359221806466       -3.7566976321545032E-005   1.2121212121212121E-002   1.0018440087202707        1.0101010101010102E-002   1.0018440087202707        1.0000000000000000        1.7763568394002505E-015
  0.57575417706702792       -4.2949772856944497E-005   1.2121212121212121E-002   1.0018427950311823        1.0101010101010102E-002   1.0018427950311823        1.0000000000000000        1.7763568394002505E-015
  0.58585477454924051       -4.7992485590107374E-005   1.2121212121212121E-002   1.0018413157923338        1.0101010101010102E-002   1.0018413157923338        1.0000000000000000        1.7763568394002505E-015
  0.59595538861762876       -5.2980098136970119E-005   1.2121212121212121E-002   1.0018395715993877        1.0101010101010102E-002   1.0018395715993877        1.0000000000000000        1.7763568394002505E-015
  0.60605602091246058       -5.7937912313866235E-005   1.2121212121212121E-002   1.0018377621399877        1.0101010101010102E-002   1.0018377621399877        1.0000000000000000        1.7763568394002505E-015
  0.61615667074537595       -6.2488302248564097E-005   1.2121212121212121E-002   1.0018358998695021        1.0101010101010102E-002   1.0018358998695021        1.0000000000000000        1.7763568394002505E-015
  0.62625733958932783       -6.6659268627944392E-005   1.2121212121212121E-002   1.0018338458178115        1.0101010101010102E-002   1.0018338458178115        1.0000000000000000        1.7763568394002505E-015
  0.63635803001955682       -7.0687938757715886E-005   1.2121212121212121E-002   1.0018316005808483        1.0101010101010102E-002   1.0018316005808483        1.0000000000000000        1.7763568394002505E-015
  0.64645874334535469       -7.4448205117817523E-005   1.2121212121212121E-002   1.0018292337986539        1.0101010101010102E-002   1.0018292337986539        1.0000000000000000        1.7763568394002505E-015
  0.65655948056339974       -7.7889606174297443E-005   1.2121212121212121E-002   1.0018267647468060        1.0101010101010102E-002   1.0018267647468060        1.0000000000000000        1.7763568394002505E-015
  0.66666024267350776       -8.1123820305504895E-005   1.2121212121212121E-002   1.0018241938665227        1.0101010101010102E-002   1.0018241938665227        1.0000000000000000        1.7763568394002505E-015
  0.67676103068685256       -8.3939654126139238E-005   1.2121212121212121E-002   1.0018215229862857        1.0101010101010102E-002   1.0018215229862857        1.0000000000000000        1.7763568394002505E-015
  0.68686184563462382       -8.6242991038965565E-005   1.2121212121212121E-002   1.0018187907915708        1.0101010101010102E-002   1.0018187907915708        1.0000000000000000        1.7763568394002505E-015
  0.69696268768237590       -8.8339211626803357E-005   1.2121212121212121E-002   1.0018160211751426        1.0101010101010102E-002   1.0018160211751426        1.0000000000000000        1.7763568394002505E-015
  0.70706355721514769       -9.0233756697874758E-005   1.2121212121212121E-002   1.0018131361446765        1.0101010101010102E-002   1.0018131361446765        1.0000000000000000        1.7763568394002505E-015
  0.71716445625803005       -9.1657879538017755E-005   1.2121212121212121E-002   1.0018101326254842        1.0101010101010102E-002   1.0018101326254842        1.0000000000000000        1.7763568394002505E-015
  0.72726538534249463       -9.2625402068490333E-005   1.2121212121212121E-002   1.0018071263398560        1.0101010101010102E-002   1.0018071263398560        1.0000000000000000        1.7763568394002505E-015
  0.73736634379205979       -9.3293605698179874E-005   1.2121212121212121E-002   1.0018041308598389        1.0101010101010102E-002   1.0018041308598389        1.0000000000000000        1.7763568394002505E-015
  0.74746733208673821       -9.3582257004958926E-005   1.2121212121212121E-002   1.0018011601564509        1.0101010101010102E-002   1.0018011601564509        1.0000000000000000        1.7763568394002505E-015
  0.75756834927752958       -9.3454636324994856E-005   1.2121212121212121E-002   1.0017982278150208        1.0101010101010102E-002   1.0017982278150208        1.0000000000000000        1.7763568394002505E-015
  0.76766939530377087       -9.2954042672138533E-005   1.2121212121212121E-002   1.0017952117969362        1.0101010101010102E-002   1.0017952117969362        1.0000000000000000        1.7763568394002505E-015
  0.77777047201472038       -9.2113871824433613E-005   1.2121212121212121E-002   1.0017920792738690        1.0101010101010102E-002   1.0017920792738690        1.0000000000000000        1.7763568394002505E-015
  0.78787158036214822       -9.1016926642517950E-005   1.2121212121212121E-002   1.0017890740067852        1.0101010101010102E-002   1.0017890740067852        1.0000000000000000        1.7763568394002505E-015
  0.79797271660206803       -8.9423812549532935E-005   1.2121212121212121E-002   1.0017862769857406        1.0101010101010102E-002   1.0017862769857406        1.0000000000000000        1.7763568394002505E-015
  0.80807387977617473       -8.7420635050518126E-005   1.2121212121212121E-002   1.0017834488294008        1.0101010101010102E-002   1.0017834488294008        1.0000000000000000        1.7763568394002505E-015
  0.81817507201731765       -8.5067648857243519E-005   1.2121212121212121E-002   1.0017806420968856        1.0101010101010102E-002   1.0017806420968856        1.0000000000000000        1.7763568394002505E-015
  0.82827629083697840       -8.2422762386881576E-005   1.2121212121212121E-002   1.0017779638045368        1.0101010101010102E-002   1.0017779638045368        1.0000000000000000        1.7763568394002505E-015
  0.83837753594492881       -7.9485880731458767E-005   1.2121212121212121E-002   1.0017753819917636        1.0101010101010102E-002   1.0017753819917636        1.0000000000000000        1.7763568394002505E-015
  0.84847880562308164       -7.6224746072737777E-005   1.2121212121212121E-002   1.0017728055726127        1.0101010101010102E-002   1.0017728055726127        1.0000000000000000        1.7763568394002505E-015
  0.85858010170459831       -7.2733076277146162E-005   1.2121212121212121E-002   1.0017702807663538        1.0101010101010102E-002   1.0017702807663538        1.0000000000000000        1.7763568394002505E-015
  0.86868142166088869       -6.8738242191217281E-005   1.2121212121212121E-002   1.0017680240948370        1.0101010101010102E-002   1.0017680240948370        1.0000000000000000        1.7763568394002505E-015
  0.87878276221733298       -6.4597981319784945E-005   1.2121212121212121E-002   1.0017659781348569        1.0101010101010102E-002   1.0017659781348569        1.0000000000000000        1.7763568394002505E-015
  0.88888412242772341       -6.0147065520217675E-005   1.2121212121212121E-002   1.0017640325772383        1.0101010101010102E-002   1.0017640325772383        1.0000000000000000        1.7763568394002505E-015
  0.89898550135689625       -5.5429109066420528E-005   1.2121212121212121E-002   1.0017621475206504        1.0101010101010102E-002   1.0017621475206504        1.0000000000000000        1.7763568394002505E-015
  0.90908689903915174       -5.0514223075702283E-005   1.2121212121212121E-002   1.0017604437907259        1.0101010101010102E-002   1.0017604437907259        1.0000000000000000        1.7763568394002505E-015
  0.91918831161563341       -4.5473960720135888E-005   1.2121212121212121E-002   1.0017589123464310        1.0101010101010102E-002   1.0017589123464310        1.0000000000000000        1.7763568394002505E-015
  0.92928973939658188       -4.0350905815082072E-005   1.2121212121212121E-002   1.0017574697498002        1.0101010101010102E-002   1.0017574697498002        1.0000000000000000        1.7763568394002505E-015
  0.93939118070916516       -3.4975640560152985E-005   1.2121212121212121E-002   1.0017562406938505        1.0101010101010102E-002   1.0017562406938505        1.0000000000000000        1.7763568394002505E-015
  0.94949263283957075       -2.9380804114398362E-005   1.2121212121212121E-002   1.0017552796200548        1.0101010101010102E-002   1.0017552796200548        1.0000000000000000        1.7763568394002505E-015
  0.95959409330186307       -2.3737109307673955E-005   1.2121212121212121E-002   1.0017546408736062        1.0101010101010102E-002   1.0017546408736062        1.0000000000000000        1.7763568394002505E-015
  0.96969555729709933       -1.8062915389738145E-005   1.2121212121212121E-002   1.0017540386880777        1.0101010101010102E-002   1.0017540386880777        1.0000000000000000        8.8817841970012523E-016
  0.97979703238468407       -1.2116114924443159E-005   1.2121212121212121E-002   1.0017546073736694        1.0101010101010102E-002   1.0017546073736694        1.0000000000000000       -3.2862601528904634E-014
  0.98989847764548256       -6.4815068541309100E-006   1.2121212121212121E-002   1.0017543094294197        1.0101010101010102E-002   1.0017543094294197        1.0000000000000000        1.5010215292932116E-013
  0.99999999999999800        0.0000000000000000        1.2121212121212121E-002   1.0017747832579316        1.0101010101010102E-002   1.0017747832579316        1.0000000000000000        1.0436096431476471E-012
