 # x v h rho m p cs a
   30.351515151521031     
   2.4533676997919920E-014  -4.2066067800822721E-013   1.2121212121212121E-002   1.0017938860274063        1.0101010101010102E-002   1.0017938860274063        1.0000000000000000        1.0148060169967721E-010
   1.0101074592683232E-002  -6.3412596369251754E-006   1.2121212121212121E-002   1.0017938992802904        1.0101010101010102E-002   1.0017938992802904        1.0000000000000000       -2.7645819020705176E-006
   2.0202148923369176E-002  -1.2656831357605262E-005   1.2121212121212121E-002   1.0017939389847523        1.0101010101010102E-002   1.0017939389847523        1.0000000000000000       -5.5175645607974388E-006
   3.0303222731213667E-002  -1.8921132795423963E-005   1.2121212121212121E-002   1.0017940049741660        1.0101010101010102E-002   1.0017940049741660        1.0000000000000000       -8.2475041649487935E-006
   4.0404295757532634E-002  -2.5108792687688663E-005   1.2121212121212121E-002   1.0017940969745567        1.0101010101010102E-002   1.0017940969745567        1.0000000000000000       -1.0943306584465518E-005
   5.0505367746866897E-002  -3.1194755713550718E-005   1.2121212121212121E-002   1.0017942146027687        1.0101010101010102E-002   1.0017942146027687        1.0000000000000000       -1.3593335971506804E-005
   6.0606438448108632E-002  -3.7154385540732190E-005   1.2121212121212121E-002   1.0017943573691495        1.0101010101010102E-002   1.0017943573691495        1.0000000000000000       -1.6186992461975080E-005
   7.0707507615478435E-002  -4.2963567625527746E-005   1.2121212121212121E-002   1.0017945246800313        1.0101010101010102E-002   1.0017945246800313        1.0000000000000000       -1.8713157162508764E-005
   8.0808575009601216E-002  -4.8598807053876742E-005   1.2121212121212121E-002   1.0017947158392484        1.0101010101010102E-002   1.0017947158392484        1.0000000000000000       -2.1161599979002688E-005
   9.0909640398464830E-002  -5.4037321450697567E-005   1.2121212121212121E-002   1.0017949300542048        1.0101010101010102E-002   1.0017949300542048        1.0000000000000000       -2.3522423095556633E-005
  0.10101070355835737       -5.9257138292426574E-005   1.2121212121212121E-002   1.0017951664370859        1.0101010101010102E-002   1.0017951664370859        1.0000000000000000       -2.5785663615884857E-005
  0.11111176427481423       -6.4237188612854856E-005   1.2121212121212121E-002   1.0017954240076101        1.0101010101010102E-002   1.0017954240076101        1.0000000000000000       -2.7941998189007222E-005
  0.12121282234350682       -6.8957381488516718E-005   1.2121212121212121E-002   1.0017957017004011        1.0101010101010102E-002   1.0017957017004011        1.0000000000000000       -2.9982974890430114E-005
  0.13131387757102700       -7.3398692435442512E-005   1.2121212121212121E-002   1.0017959983682703        1.0101010101010102E-002   1.0017959983682703        1.0000000000000000       -3.1900013846453135E-005
  0.14141492977572384       -7.7543242542235712E-005   1.2121212121212121E-002   1.0017963127876350        1.0101010101010102E-002   1.0017963127876350        1.0000000000000000       -3.3685749206036064E-005
  0.15151597878837547       -8.1374366083367949E-005   1.2121212121212121E-002   1.0017966436636307        1.0101010101010102E-002   1.0017966436636307        1.0000000000000000       -3.5332667689402797E-005
  0.16161702445292553       -8.4876680344372289E-005   1.2121212121212121E-002   1.0017969896352745        1.0101010101010102E-002   1.0017969896352745        1.0000000000000000       -3.6834501790039553E-005
  0.17171806662705755       -8.8036137531985321E-005   1.2121212121212121E-002   1.0017973492828955        1.0101010101010102E-002   1.0017973492828955        1.0000000000000000       -3.8185267369428288E-005
  0.18181910518277589       -9.0840096442250254E-005   1.2121212121212121E-002   1.0017977211334419        1.0101010101010102E-002   1.0017977211334419        1.0000000000000000       -3.9379844726461499E-005
  0.19192014000688182       -9.3277362599491890E-005   1.2121212121212121E-002   1.0017981036667067        1.0101010101010102E-002   1.0017981036667067        1.0000000000000000       -4.0413473509914866E-005
  0.20202117100142603       -9.5338229719243384E-005   1.2121212121212121E-002   1.0017984953204100        1.0101010101010102E-002   1.0017984953204100        1.0000000000000000       -4.1282173272705336E-005
  0.21212219808409780       -9.7014517672355913E-005   1.2121212121212121E-002   1.0017988945004632        1.0101010101010102E-002   1.0017988945004632        1.0000000000000000       -4.1983274072343590E-005
  0.22222322118845270       -9.8299611491228545E-005   1.2121212121212121E-002   1.0017992995853064        1.0101010101010102E-002   1.0017992995853064        1.0000000000000000       -4.2513735922788953E-005
  0.23232424026423032       -9.9188477996555680E-005   1.2121212121212121E-002   1.0017997089314732        1.0101010101010102E-002   1.0017997089314732        1.0000000000000000       -4.2872017192330247E-005
  0.24242525527747505       -9.9677688210829838E-005   1.2121212121212121E-002   1.0018001208823575        1.0101010101010102E-002   1.0018001208823575        1.0000000000000000       -4.3056905584926142E-005
  0.25252626621067081       -9.9765419900814522E-005   1.2121212121212121E-002   1.0018005337750200        1.0101010101010102E-002   1.0018005337750200        1.0000000000000000       -4.3068325831008281E-005
  0.26262727306273193       -9.9451472466444434E-005   1.2121212121212121E-002   1.0018009459469488        1.0101010101010102E-002   1.0018009459469488        1.0000000000000000       -4.2906439344569947E-005
  0.27272827584900061       -9.8737268186416854E-005   1.2121212121212121E-002   1.0018013557412320        1.0101010101010102E-002   1.0018013557412320        1.0000000000000000       -4.2572245276595311E-005
  0.28282927460114149       -9.7625830847870797E-005   1.2121212121212121E-002   1.0018017615132884        1.0101010101010102E-002   1.0018017615132884        1.0000000000000000       -4.2067297170156337E-005
  0.29293026936700578       -9.6121776698699981E-005   1.2121212121212121E-002   1.0018021616390842        1.0101010101010102E-002   1.0018021616390842        1.0000000000000000       -4.1394362369828741E-005
  0.30303126021036031       -9.4231297753326348E-005   1.2121212121212121E-002   1.0018025545226450        1.0101010101010102E-002   1.0018025545226450        1.0000000000000000       -4.0556535056524012E-005
  0.31313224721059479       -9.1962135593175615E-005   1.2121212121212121E-002   1.0018029385985885        1.0101010101010102E-002   1.0018029385985885        1.0000000000000000       -3.9557081309204989E-005
  0.32323323046241564       -8.9323543114205355E-005   1.2121212121212121E-002   1.0018033123378751        1.0101010101010102E-002   1.0018033123378751        1.0000000000000000       -3.8400312772246536E-005
  0.33333421007544273       -8.6326236121958710E-005   1.2121212121212121E-002   1.0018036742582344        1.0101010101010102E-002   1.0018036742582344        1.0000000000000000       -3.7091679523371113E-005
  0.34343518617367602       -8.2982370912333778E-005   1.2121212121212121E-002   1.0018040229279108        1.0101010101010102E-002   1.0018040229279108        1.0000000000000000       -3.5636297719854326E-005
  0.35353615889502960       -7.9305484591381508E-005   1.2121212121212121E-002   1.0018043569684902        1.0101010101010102E-002   1.0018043569684902        1.0000000000000000       -3.4040156864811877E-005
  0.36363712839075013       -7.5310429099079588E-005   1.2121212121212121E-002   1.0018046750613829        1.0101010101010102E-002   1.0018046750613829        1.0000000000000000       -3.2309722370449379E-005
  0.37373809482481574       -7.1013319448166805E-005   1.2121212121212121E-002   1.0018049759542453        1.0101010101010102E-002   1.0018049759542453        1.0000000000000000       -3.0452388758206439E-005
  0.38383905837322596       -6.6431467920171998E-005   1.2121212121212121E-002   1.0018052584657666        1.0101010101010102E-002   1.0018052584657666        1.0000000000000000       -2.8475561611784883E-005
  0.39394001922330046       -6.1583322674138206E-005   1.2121212121212121E-002   1.0018055214865198        1.0101010101010102E-002   1.0018055214865198        1.0000000000000000       -2.6386841809333816E-005
  0.40404097757297069       -5.6488378220562134E-005   1.2121212121212121E-002   1.0018057639852873        1.0101010101010102E-002   1.0018057639852873        1.0000000000000000       -2.4194904865382227E-005
  0.41414193362993806       -5.1167097153996626E-005   1.2121212121212121E-002   1.0018059850132213        1.0101010101010102E-002   1.0018059850132213        1.0000000000000000       -2.1908282022309322E-005
  0.42424288761088769       -4.5640844705472761E-005   1.2121212121212121E-002   1.0018061837073899        1.0101010101010102E-002   1.0018061837073899        1.0000000000000000       -1.9536389898711093E-005
  0.43434383974057544       -3.9931797161155162E-005   1.2121212121212121E-002   1.0018063592931485        1.0101010101010102E-002   1.0018063592931485        1.0000000000000000       -1.7088186160307828E-005
  0.44444479025099115       -3.4062844029402420E-005   1.2121212121212121E-002   1.0018065110840753        1.0101010101010102E-002   1.0018065110840753        1.0000000000000000       -1.4573118881422431E-005
  0.45454573938046489       -2.8057503896467554E-005   1.2121212121212121E-002   1.0018066384885120        1.0101010101010102E-002   1.0018066384885120        1.0000000000000000       -1.2001504888559111E-005
  0.46464668737268111       -2.1939834514633626E-005   1.2121212121212121E-002   1.0018067410122837        1.0101010101010102E-002   1.0018067410122837        1.0000000000000000       -9.3833864651671206E-006
  0.47474763447573010       -1.5734341356342026E-005   1.2121212121212121E-002   1.0018068182566622        1.0101010101010102E-002   1.0018068182566622        1.0000000000000000       -6.7286132132693410E-006
  0.48484858094117700       -9.4658687472947070E-006   1.2121212121212121E-002   1.0018068699198424        1.0101010101010102E-002   1.0018068699198424        1.0000000000000000       -4.0475361444691771E-006
  0.49494952702308292       -3.1595054719584195E-006   1.2121212121212121E-002   1.0018068958012645        1.0101010101010102E-002   1.0018068958012645        1.0000000000000000       -1.3509185219362507E-006
  0.50505047297697436        3.1595057033086262E-006   1.2121212121212121E-002   1.0018068958011193        1.0101010101010102E-002   1.0018068958011193        1.0000000000000000        1.3509474747763761E-006
  0.51515141905888395        9.4658684619738796E-006   1.2121212121212121E-002   1.0018068699198146        1.0101010101010102E-002   1.0018068699198146        1.0000000000000000        4.0474848272964437E-006
  0.52525236552432764        1.5734341545403015E-005   1.2121212121212121E-002   1.0018068182567070        1.0101010101010102E-002   1.0018068182567070        1.0000000000000000        6.7286488603102157E-006
  0.53535331262737840        2.1939834384402829E-005   1.2121212121212121E-002   1.0018067410121070        1.0101010101010102E-002   1.0018067410121070        1.0000000000000000        9.3833963665801434E-006
  0.54545426061959690        2.8057504291713564E-005   1.2121212121212121E-002   1.0018066384884063        1.0101010101010102E-002   1.0018066384884063        1.0000000000000000        1.2001482833312593E-005
  0.55555520974907047        3.4062844008840566E-005   1.2121212121212121E-002   1.0018065110840710        1.0101010101010102E-002   1.0018065110840710        1.0000000000000000        1.4573118639837901E-005
  0.56565616025948628        3.9931796583426142E-005   1.2121212121212121E-002   1.0018063592931821        1.0101010101010102E-002   1.0018063592931821        1.0000000000000000        1.7088173097867809E-005
  0.57575711238917360        4.5640844735827691E-005   1.2121212121212121E-002   1.0018061837075887        1.0101010101010102E-002   1.0018061837075887        1.0000000000000000        1.9536375146955720E-005
  0.58585806637011872        5.1167097437662993E-005   1.2121212121212121E-002   1.0018059850130705        1.0101010101010102E-002   1.0018059850130705        1.0000000000000000        2.1908364637113209E-005
  0.59595902242709453        5.6488377427751709E-005   1.2121212121212121E-002   1.0018057639852698        1.0101010101010102E-002   1.0018057639852698        1.0000000000000000        2.4194797263454859E-005
  0.60605998077675638        6.1583323624805824E-005   1.2121212121212121E-002   1.0018055214864854        1.0101010101010102E-002   1.0018055214864854        1.0000000000000000        2.6386955898516362E-005
  0.61616094162683921        6.6431467803521928E-005   1.2121212121212121E-002   1.0018052584653612        1.0101010101010102E-002   1.0018052584653612        1.0000000000000000        2.8475521248516600E-005
  0.62626190517525060        7.1013319108970171E-005   1.2121212121212121E-002   1.0018049759542451        1.0101010101010102E-002   1.0018049759542451        1.0000000000000000        3.0452347973941585E-005
  0.63636287160931448        7.5310428999862566E-005   1.2121212121212121E-002   1.0018046750615228        1.0101010101010102E-002   1.0018046750615228        1.0000000000000000        3.2309727238555297E-005
  0.64646384110503352        7.9305484819565760E-005   1.2121212121212121E-002   1.0018043569684845        1.0101010101010102E-002   1.0018043569684845        1.0000000000000000        3.4040188695350082E-005
  0.65656481382638876        8.2982371302903082E-005   1.2121212121212121E-002   1.0018040229278151        1.0101010101010102E-002   1.0018040229278151        1.0000000000000000        3.5636281084272525E-005
  0.66666578992462322        8.6326236206138253E-005   1.2121212121212121E-002   1.0018036742585301        1.0101010101010102E-002   1.0018036742585301        1.0000000000000000        3.7091614373707671E-005
  0.67676676953764225        8.9323541983227556E-005   1.2121212121212121E-002   1.0018033123379915        1.0101010101010102E-002   1.0018033123379915        1.0000000000000000        3.8400415776962404E-005
  0.68686775278946843        9.1962136234517778E-005   1.2121212121212121E-002   1.0018029385982898        1.0101010101010102E-002   1.0018029385982898        1.0000000000000000        3.9557068723716782E-005
  0.69696873978970464        9.4231297732316679E-005   1.2121212121212121E-002   1.0018025545225739        1.0101010101010102E-002   1.0018025545225739        1.0000000000000000        4.0556499538269009E-005
  0.70706973063305900        9.6121776400243409E-005   1.2121212121212121E-002   1.0018021616393429        1.0101010101010102E-002   1.0018021616393429        1.0000000000000000        4.1394321858234662E-005
  0.71717072539891757        9.7625831259199185E-005   1.2121212121212121E-002   1.0018017615134127        1.0101010101010102E-002   1.0018017615134127        1.0000000000000000        4.2067370701559526E-005
  0.72727172415106112        9.8737267907141242E-005   1.2121212121212121E-002   1.0018013557409058        1.0101010101010102E-002   1.0018013557409058        1.0000000000000000        4.2572271429897057E-005
  0.73737272693733480        9.9451472961857579E-005   1.2121212121212121E-002   1.0018009459468749        1.0101010101010102E-002   1.0018009459468749        1.0000000000000000        4.2906354642546773E-005
  0.74747373378939319        9.9765419722250870E-005   1.2121212121212121E-002   1.0018005337756337        1.0101010101010102E-002   1.0018005337756337        1.0000000000000000        4.3068261780021544E-005
  0.75757474472257769        9.9677687912503004E-005   1.2121212121212121E-002   1.0018001208826126        1.0101010101010102E-002   1.0018001208826126        1.0000000000000000        4.3057047777850244E-005
  0.76767575973582813        9.9188478487538260E-005   1.2121212121212121E-002   1.0017997089310784        1.0101010101010102E-002   1.0017997089310784        1.0000000000000000        4.2872016067896368E-005
  0.77777677881160967        9.8299611403082190E-005   1.2121212121212121E-002   1.0017992995852663        1.0101010101010102E-002   1.0017992995852663        1.0000000000000000        4.2513661560938942E-005
  0.78787780191596124        9.7014517865220504E-005   1.2121212121212121E-002   1.0017988945006810        1.0101010101010102E-002   1.0017988945006810        1.0000000000000000        4.1983290539171492E-005
  0.79797882899863071        9.5338229127114486E-005   1.2121212121212121E-002   1.0017984953201544        1.0101010101010102E-002   1.0017984953201544        1.0000000000000000        4.1282260323072251E-005
  0.80807985999318299        9.3277362918246096E-005   1.2121212121212121E-002   1.0017981036663841        1.0101010101010102E-002   1.0017981036663841        1.0000000000000000        4.0413399857719412E-005
  0.81818089481728851        9.0840096485854792E-005   1.2121212121212121E-002   1.0017977211337517        1.0101010101010102E-002   1.0017977211337517        1.0000000000000000        3.9379782621473680E-005
  0.82828193337299982        8.8036137677578399E-005   1.2121212121212121E-002   1.0017973492831165        1.0101010101010102E-002   1.0017973492831165        1.0000000000000000        3.8185346448393886E-005
  0.83838297554713381        8.4876680109735977E-005   1.2121212121212121E-002   1.0017969896350065        1.0101010101010102E-002   1.0017969896350065        1.0000000000000000        3.6834530559026746E-005
  0.84848402121168831        8.1374366188752739E-005   1.2121212121212121E-002   1.0017966436634902        1.0101010101010102E-002   1.0017966436634902        1.0000000000000000        3.5332611046712259E-005
  0.85858507022433861        7.7543242169307637E-005   1.2121212121212121E-002   1.0017963127878076        1.0101010101010102E-002   1.0017963127878076        1.0000000000000000        3.3685738390687447E-005
  0.86868612242903220        7.3398692419679364E-005   1.2121212121212121E-002   1.0017959983681213        1.0101010101010102E-002   1.0017959983681213        1.0000000000000000        3.1900093001802077E-005
  0.87878717765655889        6.8957381446480316E-005   1.2121212121212121E-002   1.0017957017001002        1.0101010101010102E-002   1.0017957017001002        1.0000000000000000        2.9982928916538754E-005
  0.88888823572525189        6.4237189280505903E-005   1.2121212121212121E-002   1.0017954240076863        1.0101010101010102E-002   1.0017954240076863        1.0000000000000000        2.7941965070610308E-005
  0.89898929644170611        5.9257138245210972E-005   1.2121212121212121E-002   1.0017951664371640        1.0101010101010102E-002   1.0017951664371640        1.0000000000000000        2.5785693821056554E-005
  0.90909035960159956        5.4037321085592906E-005   1.2121212121212121E-002   1.0017949300541804        1.0101010101010102E-002   1.0017949300541804        1.0000000000000000        2.3522412267773518E-005
  0.91919142499046336        4.8598806854052576E-005   1.2121212121212121E-002   1.0017947158394105        1.0101010101010102E-002   1.0017947158394105        1.0000000000000000        2.1161577293149492E-005
  0.92929249238458178        4.2963567870657455E-005   1.2121212121212121E-002   1.0017945246798865        1.0101010101010102E-002   1.0017945246798865        1.0000000000000000        1.8713241042078721E-005
  0.93939356155195941        3.7154385654284193E-005   1.2121212121212121E-002   1.0017943573690100        1.0101010101010102E-002   1.0017943573690100        1.0000000000000000        1.6186910436921664E-005
  0.94949463225319641        3.1194755259138751E-005   1.2121212121212121E-002   1.0017942146028396        1.0101010101010102E-002   1.0017942146028396        1.0000000000000000        1.3593375331133473E-005
  0.95959570424253360        2.5108792908164979E-005   1.2121212121212121E-002   1.0017940969746555        1.0101010101010102E-002   1.0017940969746555        1.0000000000000000        1.0943251657735686E-005
  0.96969677726884840        1.8921132944946980E-005   1.2121212121212121E-002   1.0017940049746001        1.0101010101010102E-002   1.0017940049746001        1.0000000000000000        8.2474972113999456E-006
  0.97979785107668704        1.2656831363616808E-005   1.2121212121212121E-002   1.0017939389847799        1.0101010101010102E-002   1.0017939389847799        1.0000000000000000        5.5176503455101056E-006
  0.98989892540737912        6.3412598235252750E-006   1.2121212121212121E-002   1.0017938992803053        1.0101010101010102E-002   1.0017938992803053        1.0000000000000000        2.7645065525661039E-006
   1.0000000000000313        2.9681288780241769E-013   1.2121212121212121E-002   1.0017938860274043        1.0101010101010102E-002   1.0017938860274043        1.0000000000000000       -2.5923263535787555E-011
   1.0101010745926833       -6.3337614884419220E-006   1.2121212121212121E-002   1.0017938992802904        1.0101010101010102E-002   1.0017938992802904        1.0000000000000000       -2.7645439182322207E-006
   1.0202021489233692       -1.2641866434556361E-005   1.2121212121212121E-002   1.0017939389847523        1.0101010101010102E-002   1.0017939389847523        1.0000000000000000       -5.5175403339546847E-006
   1.0303032227312137       -1.8898763498415306E-005   1.2121212121212121E-002   1.0017940049741660        1.0101010101010102E-002   1.0017940049741660        1.0000000000000000       -8.2475035592111112E-006
   1.0404042957575326       -2.5079111583017503E-005   1.2121212121212121E-002   1.0017940969745567        1.0101010101010102E-002   1.0017940969745567        1.0000000000000000       -1.0943304608268534E-005
   1.0505053677468670       -3.1157886737933034E-005   1.2121212121212121E-002   1.0017942146027687        1.0101010101010102E-002   1.0017942146027687        1.0000000000000000       -1.3593338005435385E-005
   1.0606064384481086       -3.7110481540334682E-005   1.2121212121212121E-002   1.0017943573691495        1.0101010101010102E-002   1.0017943573691495        1.0000000000000000       -1.6186992614741769E-005
   1.0707075076154784       -4.2912811396142114E-005   1.2121212121212121E-002   1.0017945246800313        1.0101010101010102E-002   1.0017945246800313        1.0000000000000000       -1.8713155691685301E-005
   1.0808085750096013       -4.8541409108540822E-005   1.2121212121212121E-002   1.0017947158392484        1.0101010101010102E-002   1.0017947158392484        1.0000000000000000       -2.1161600912478207E-005
   1.0909096403984648       -5.3973519321549434E-005   1.2121212121212121E-002   1.0017949300542048        1.0101010101010102E-002   1.0017949300542048        1.0000000000000000        7.6247854709687886     
   1.1010107035583574       -5.9187196496299173E-005   1.2121212121212121E-002   1.0017951664370859        1.0101010101010102E-002   1.0017951664370859        1.0000000000000000        93.408007198209290     
  -1.0101074592620884E-002   6.3337618422241136E-006   1.2121212121212121E-002   1.0017938992803053        1.0101010101010102E-002   1.0017938992803053        1.0000000000000000        2.7644680447025394E-006
  -2.0202148923312957E-002   1.2641866245794147E-005   1.2121212121212121E-002   1.0017939389847799        1.0101010101010102E-002   1.0017939389847799        1.0000000000000000        5.5176247801824729E-006
  -3.0303222731151602E-002   1.8898763659926041E-005   1.2121212121212121E-002   1.0017940049746001        1.0101010101010102E-002   1.0017940049746001        1.0000000000000000        8.2474972034063398E-006
  -4.0404295757466402E-002   2.5079111918542533E-005   1.2121212121212121E-002   1.0017940969746555        1.0101010101010102E-002   1.0017940969746555        1.0000000000000000        1.0943251658623865E-005
  -5.0505367746803587E-002   3.1157886221873948E-005   1.2121212121212121E-002   1.0017942146028396        1.0101010101010102E-002   1.0017942146028396        1.0000000000000000        1.3593375333798008E-005
  -6.0606438448040589E-002   3.7110481836287309E-005   1.2121212121212121E-002   1.0017943573690100        1.0101010101010102E-002   1.0017943573690100        1.0000000000000000        1.6186910444027092E-005
  -7.0707507615418219E-002   4.2912811427744039E-005   1.2121212121212121E-002   1.0017945246798865        1.0101010101010102E-002   1.0017945246798865        1.0000000000000000        1.8713241042966899E-005
  -8.0808575009536643E-002   4.8541408968241835E-005   1.2121212121212121E-002   1.0017947158394105        1.0101010101010102E-002   1.0017947158394105        1.0000000000000000        2.1161577294925848E-005
  -9.0909640398400438E-002   5.3973518998517516E-005   1.2121212121212121E-002   1.0017949300541804        1.0101010101010102E-002   1.0017949300541804        1.0000000000000000       -7.6247854709856000     
 -0.10101070355829389        5.9187196384243321E-005   1.2121212121212121E-002   1.0017951664371640        1.0101010101010102E-002   1.0017951664371640        1.0000000000000000       -93.408007198196785     
