 # x v h rho m p cs a
   21.100606060606797     
   1.9261676959051047E-014  -8.5813215119659524E-013   1.2121212121212121E-002   1.0018622760509590        1.0101010101010102E-002   1.0018622760509590        1.0000000000000000       -2.7375435251997260E-011
   1.0100398736851984E-002   4.9288412960999592E-006   1.2121212121212121E-002   1.0018621519066735        1.0101010101010102E-002   1.0018621519066735        1.0000000000000000        2.5892552080186704E-005
   2.0200799927187586E-002   9.8378548884087164E-006   1.2121212121212121E-002   1.0018617799655170        1.0101010101010102E-002   1.0018617799655170        1.0000000000000000        5.1682511318595914E-005
   3.0301206014817516E-002   1.4707291420565915E-005   1.2121212121212121E-002   1.0018611617058097        1.0101010101010102E-002   1.0018611617058097        1.0000000000000000        7.7266865570635446E-005
   4.0401619424040275E-002   1.9517561973509062E-005   1.2121212121212121E-002   1.0018602995861274        1.0101010101010102E-002   1.0018602995861274        1.0000000000000000        1.0254418768251838E-004
   5.0502042550073005E-002   2.4249316010016777E-005   1.2121212121212121E-002   1.0018591970339881        1.0101010101010102E-002   1.0018591970339881        1.0000000000000000        1.2741389076609266E-004
   6.0602477749500484E-002   2.8883514530878635E-005   1.2121212121212121E-002   1.0018578584326927        1.0101010101010102E-002   1.0018578584326927        1.0000000000000000        1.5177728559478965E-004
   7.0702927330946783E-002   3.3401510588569194E-005   1.2121212121212121E-002   1.0018562891065907        1.0101010101010102E-002   1.0018562891065907        1.0000000000000000        1.7553681182125302E-004
   8.0803393545808164E-002   3.7785126729120163E-005   1.2121212121212121E-002   1.0018544953008917        1.0101010101010102E-002   1.0018544953008917        1.0000000000000000        1.9859802612565147E-004
   9.0903878579319031E-002   4.2016722417365002E-005   1.2121212121212121E-002   1.0018524841544083        1.0101010101010102E-002   1.0018524841544083        1.0000000000000000        2.2086900867357429E-004
  0.10100438454184123        4.6079266478939708E-005   1.2121212121212121E-002   1.0018502636747941        1.0101010101010102E-002   1.0018502636747941        1.0000000000000000        2.4226053894871313E-004
  0.11110491346039993        4.9956406035139424E-005   1.2121212121212121E-002   1.0018478427072568        1.0101010101010102E-002   1.0018478427072568        1.0000000000000000        2.6268713247290520E-004
  0.12120546727060004        5.3632535523926789E-005   1.2121212121212121E-002   1.0018452309012136        1.0101010101010102E-002   1.0018452309012136        1.0000000000000000        2.8206654325657610E-004
  0.13130604780881389        5.7092854934333188E-005   1.2121212121212121E-002   1.0018424386720566        1.0101010101010102E-002   1.0018424386720566        1.0000000000000000        3.0032128772017330E-004
  0.14140665680485318        6.0323428147697293E-005   1.2121212121212121E-002   1.0018394771591150        1.0101010101010102E-002   1.0018394771591150        1.0000000000000000        3.1737782790841607E-004
  0.15150729587499917        6.3311245699261600E-005   1.2121212121212121E-002   1.0018363581862189        1.0101010101010102E-002   1.0018363581862189        1.0000000000000000        3.3316693134199937E-004
  0.16160796651543125        6.6044269764912902E-005   1.2121212121212121E-002   1.0018330942139617        1.0101010101010102E-002   1.0018330942139617        1.0000000000000000        3.4762497515750113E-004
  0.17170867009621113        6.8511490727311781E-005   1.2121212121212121E-002   1.0018296982897030        1.0101010101010102E-002   1.0018296982897030        1.0000000000000000        3.6069316071341007E-004
  0.18180940785570415        7.0702961845894275E-005   1.2121212121212121E-002   1.0018261839986464        1.0101010101010102E-002   1.0018261839986464        1.0000000000000000        3.7231808491799967E-004
  0.19191018089551631        7.2609849859918424E-005   1.2121212121212121E-002   1.0018225654096202        1.0101010101010102E-002   1.0018225654096202        1.0000000000000000        3.8245219037857936E-004
  0.20201099017599602        7.4224460371580836E-005   1.2121212121212121E-002   1.0018188570203483        1.0101010101010102E-002   1.0018188570203483        1.0000000000000000        3.9105353046053892E-004
  0.21211183651224461        7.5540278992902482E-005   1.2121212121212121E-002   1.0018150736990776        1.0101010101010102E-002   1.0018150736990776        1.0000000000000000        3.9808670629781773E-004
  0.22221272057077709        7.6551990943665753E-005   1.2121212121212121E-002   1.0018112306259654        1.0101010101010102E-002   1.0018112306259654        1.0000000000000000        4.0352198257131988E-004
  0.23231364286669084        7.7255504274093231E-005   1.2121212121212121E-002   1.0018073432345769        1.0101010101010102E-002   1.0018073432345769        1.0000000000000000        4.0733615047372496E-004
  0.24241460376147406        7.7647969207069592E-005   1.2121212121212121E-002   1.0018034271494238        1.0101010101010102E-002   1.0018034271494238        1.0000000000000000        4.0951249987308813E-004
  0.25251560346141266        7.7727786025531009E-005   1.2121212121212121E-002   1.0017994981220324        1.0101010101010102E-002   1.0017994981220324        1.0000000000000000        4.1004118520859834E-004
  0.26261664201666696        7.7494615935549770E-005   1.2121212121212121E-002   1.0017955719686602        1.0101010101010102E-002   1.0017955719686602        1.0000000000000000        4.0891844971646663E-004
  0.27271771932090794        7.6949377896822705E-005   1.2121212121212121E-002   1.0017916645087901        1.0101010101010102E-002   1.0017916645087901        1.0000000000000000        4.0614729562271634E-004
  0.28281883511159817        7.6094248193510550E-005   1.2121212121212121E-002   1.0017877914987954        1.0101010101010102E-002   1.0017877914987954        1.0000000000000000        4.0173777771723707E-004
  0.29291998897095373        7.4932655277174895E-005   1.2121212121212121E-002   1.0017839685683534        1.0101010101010102E-002   1.0017839685683534        1.0000000000000000        3.9570621024065389E-004
  0.30302118032747688        7.3469259049267196E-005   1.2121212121212121E-002   1.0017802111575704        1.0101010101010102E-002   1.0017802111575704        1.0000000000000000        3.8807573721122424E-004
  0.31312240845816081        7.1709935800431788E-005   1.2121212121212121E-002   1.0017765344545169        1.0101010101010102E-002   1.0017765344545169        1.0000000000000000        3.7887569441430458E-004
  0.32322367249125677        6.9661756068574307E-005   1.2121212121212121E-002   1.0017729533329289        1.0101010101010102E-002   1.0017729533329289        1.0000000000000000        3.6814225749193241E-004
  0.33332497140970946        6.7332955667392686E-005   1.2121212121212121E-002   1.0017694822898624        1.0101010101010102E-002   1.0017694822898624        1.0000000000000000        3.5591774642806939E-004
  0.34342630405516572        6.4732901293739487E-005   1.2121212121212121E-002   1.0017661353877034        1.0101010101010102E-002   1.0017661353877034        1.0000000000000000        3.4225048033231786E-004
  0.35352766913254585        6.1872053887539701E-005   1.2121212121212121E-002   1.0017629261952843        1.0101010101010102E-002   1.0017629261952843        1.0000000000000000        3.2719502505962339E-004
  0.36362906521522620        5.8761928580311820E-005   1.2121212121212121E-002   1.0017598677325437        1.0101010101010102E-002   1.0017598677325437        1.0000000000000000        3.1081126812004811E-004
  0.37373049075070003        5.5415043073765350E-005   1.2121212121212121E-002   1.0017569724163036        1.0101010101010102E-002   1.0017569724163036        1.0000000000000000        2.9316511896659847E-004
  0.38383194406683169        5.1844873482180710E-005   1.2121212121212121E-002   1.0017542520068534        1.0101010101010102E-002   1.0017542520068534        1.0000000000000000        2.7432759956358410E-004
  0.39393342337858561        4.8065797488357742E-005   1.2121212121212121E-002   1.0017517175612742        1.0101010101010102E-002   1.0017517175612742        1.0000000000000000        2.5437436086139797E-004
  0.40403492679519365        4.4093034376522807E-005   1.2121212121212121E-002   1.0017493793879406        1.0101010101010102E-002   1.0017493793879406        1.0000000000000000        2.3338592745947295E-004
  0.41413645232778068        3.9942587034160273E-005   1.2121212121212121E-002   1.0017472470003046        1.0101010101010102E-002   1.0017472470003046        1.0000000000000000        2.1144761438041115E-004
  0.42423799789746069        3.5631175076244143E-005   1.2121212121212121E-002   1.0017453290777143        1.0101010101010102E-002   1.0017453290777143        1.0000000000000000        1.8864813437691197E-004
  0.43433956134373408        3.1176169847222232E-005   1.2121212121212121E-002   1.0017436334313434        1.0101010101010102E-002   1.0017436334313434        1.0000000000000000        1.6507990088943103E-004
  0.44444114043324839        2.6595521714649091E-005   1.2121212121212121E-002   1.0017421669699216        1.0101010101010102E-002   1.0017421669699216        1.0000000000000000        1.4083877132531342E-004
  0.45454273286888203        2.1907688595491308E-005   1.2121212121212121E-002   1.0017409356694984        1.0101010101010102E-002   1.0017409356694984        1.0000000000000000        1.1602352999240395E-004
  0.46464433629910473        1.7131561037801678E-005   1.2121212121212121E-002   1.0017399445485127        1.0101010101010102E-002   1.0017399445485127        1.0000000000000000        9.0735187151302910E-005
  0.47474594832755784        1.2286387711121855E-005   1.2121212121212121E-002   1.0017391976492132        1.0101010101010102E-002   1.0017391976492132        1.0000000000000000        6.5076438826139338E-005
  0.48484756652276773        7.3916969600343200E-006   1.2121212121212121E-002   1.0017386980178540        1.0101010101010102E-002   1.0017386980178540        1.0000000000000000        3.9152407631526387E-005
  0.49494918842813340        2.4672132669182865E-006   1.2121212121212121E-002   1.0017384476916140        1.0101010101010102E-002   1.0017384476916140        1.0000000000000000        1.3068550026140713E-005
  0.50505081157189713       -2.4672131709501351E-006   1.2121212121212121E-002   1.0017384476915550        1.0101010101010102E-002   1.0017384476915550        1.0000000000000000       -1.3068531173665576E-005
  0.51515243347726336       -7.3916972329152225E-006   1.2121212121212121E-002   1.0017386980174241        1.0101010101010102E-002   1.0017386980174241        1.0000000000000000       -3.9152353556559660E-005
  0.52525405167248240       -1.2286387904958331E-005   1.2121212121212121E-002   1.0017391976490810        1.0101010101010102E-002   1.0017391976490810        1.0000000000000000       -6.5076556904131166E-005
  0.53535566370092902       -1.7131560374364925E-005   1.2121212121212121E-002   1.0017399445487123        1.0101010101010102E-002   1.0017399445487123        1.0000000000000000       -9.0735138047470798E-005
  0.54545726713115306       -2.1907688539699786E-005   1.2121212121212121E-002   1.0017409356693887        1.0101010101010102E-002   1.0017409356693887        1.0000000000000000       -1.1602351870365624E-004
  0.55555885956678852       -2.6595522308347393E-005   1.2121212121212121E-002   1.0017421669699966        1.0101010101010102E-002   1.0017421669699966        1.0000000000000000       -1.4083881558679678E-004
  0.56566043865629922       -3.1176169740305620E-005   1.2121212121212121E-002   1.0017436334314718        1.0101010101010102E-002   1.0017436334314718        1.0000000000000000       -1.6507986974101385E-004
  0.57576200210257333       -3.5631175123367127E-005   1.2121212121212121E-002   1.0017453290777110        1.0101010101010102E-002   1.0017453290777110        1.0000000000000000       -1.8864813893859633E-004
  0.58586354767225324       -3.9942586722176626E-005   1.2121212121212121E-002   1.0017472470004489        1.0101010101010102E-002   1.0017472470004489        1.0000000000000000       -2.1144763951319590E-004
  0.59596507320483727       -4.4093034721474068E-005   1.2121212121212121E-002   1.0017493793880972        1.0101010101010102E-002   1.0017493793880972        1.0000000000000000       -2.3338590775701107E-004
  0.60606657662144492       -4.8065796864779594E-005   1.2121212121212121E-002   1.0017517175612594        1.0101010101010102E-002   1.0017517175612594        1.0000000000000000       -2.5437434061803543E-004
  0.61616805593319945       -5.1844873308817372E-005   1.2121212121212121E-002   1.0017542520066420        1.0101010101010102E-002   1.0017542520066420        1.0000000000000000       -2.7432757811496344E-004
  0.62626950924933533       -5.5415043559205610E-005   1.2121212121212121E-002   1.0017569724162627        1.0101010101010102E-002   1.0017569724162627        1.0000000000000000       -2.9316517901101236E-004
  0.63637093478480578       -5.8761928366262807E-005   1.2121212121212121E-002   1.0017598677326782        1.0101010101010102E-002   1.0017598677326782        1.0000000000000000       -3.1081124454424014E-004
  0.64647233086748601       -6.1872053913176176E-005   1.2121212121212121E-002   1.0017629261951391        1.0101010101010102E-002   1.0017629261951391        1.0000000000000000       -3.2719498961775173E-004
  0.65657369594486958       -6.4732901579218403E-005   1.2121212121212121E-002   1.0017661353875225        1.0101010101010102E-002   1.0017661353875225        1.0000000000000000       -3.4225050766245602E-004
  0.66667502859032646       -6.7332955639386673E-005   1.2121212121212121E-002   1.0017694822899079        1.0101010101010102E-002   1.0017694822899079        1.0000000000000000       -3.5591776454335644E-004
  0.67677632750877692       -6.9661755742983665E-005   1.2121212121212121E-002   1.0017729533328508        1.0101010101010102E-002   1.0017729533328508        1.0000000000000000       -3.6814221931891211E-004
  0.68687759154187722       -7.1709935728866652E-005   1.2121212121212121E-002   1.0017765344545788        1.0101010101010102E-002   1.0017765344545788        1.0000000000000000       -3.7887575697759246E-004
  0.69697881967255515       -7.3469258992928433E-005   1.2121212121212121E-002   1.0017802111575560        1.0101010101010102E-002   1.0017802111575560        1.0000000000000000       -3.8807565991660908E-004
  0.70708001102908469       -7.4932655669547783E-005   1.2121212121212121E-002   1.0017839685683183        1.0101010101010102E-002   1.0017839685683183        1.0000000000000000       -3.9570628435914301E-004
  0.71718116488843497       -7.6094248147361810E-005   1.2121212121212121E-002   1.0017877914989501        1.0101010101010102E-002   1.0017877914989501        1.0000000000000000       -4.0173774022989051E-004
  0.72728228067912681       -7.6949377776801037E-005   1.2121212121212121E-002   1.0017916645088332        1.0101010101010102E-002   1.0017916645088332        1.0000000000000000       -4.0614731558541450E-004
  0.73738335798336585       -7.7494616052993910E-005   1.2121212121212121E-002   1.0017955719688241        1.0101010101010102E-002   1.0017955719688241        1.0000000000000000       -4.0891845083290690E-004
  0.74748439653861831       -7.7727786315001998E-005   1.2121212121212121E-002   1.0017994981220379        1.0101010101010102E-002   1.0017994981220379        1.0000000000000000       -4.1004115306630950E-004
  0.75758539623855869       -7.7647968967493140E-005   1.2121212121212121E-002   1.0018034271492826        1.0101010101010102E-002   1.0018034271492826        1.0000000000000000       -4.0951249685683422E-004
  0.76768635713334310       -7.7255504319757672E-005   1.2121212121212121E-002   1.0018073432344148        1.0101010101010102E-002   1.0018073432344148        1.0000000000000000       -4.0733615244725740E-004
  0.77778727942925929       -7.6551990849422157E-005   1.2121212121212121E-002   1.0018112306260087        1.0101010101010102E-002   1.0018112306260087        1.0000000000000000       -4.0352202205085064E-004
  0.78788816348778790       -7.5540279115768257E-005   1.2121212121212121E-002   1.0018150736990266        1.0101010101010102E-002   1.0018150736990266        1.0000000000000000       -3.9808664921192616E-004
  0.79798900982404164       -7.4224460484791153E-005   1.2121212121212121E-002   1.0018188570203308        1.0101010101010102E-002   1.0018188570203308        1.0000000000000000       -3.9105359376989668E-004
  0.80808981910451672       -7.2609849496371856E-005   1.2121212121212121E-002   1.0018225654097312        1.0101010101010102E-002   1.0018225654097312        1.0000000000000000       -3.8245215216115014E-004
  0.81819059214433087       -7.0702962489420279E-005   1.2121212121212121E-002   1.0018261839986706        1.0101010101010102E-002   1.0018261839986706        1.0000000000000000       -3.7231811055171704E-004
  0.82829132990382193       -6.8511490140722776E-005   1.2121212121212121E-002   1.0018296982898660        1.0101010101010102E-002   1.0018296982898660        1.0000000000000000       -3.6069315851694483E-004
  0.83839203348459979       -6.6044269967954330E-005   1.2121212121212121E-002   1.0018330942138658        1.0101010101010102E-002   1.0018330942138658        1.0000000000000000       -3.4762492542750323E-004
  0.84849270412503619       -6.3311245257882882E-005   1.2121212121212121E-002   1.0018363581860694        1.0101010101010102E-002   1.0018363581860694        1.0000000000000000       -3.3316696773599830E-004
  0.85859334319518110       -6.0323428572566682E-005   1.2121212121212121E-002   1.0018394771590886        1.0101010101010102E-002   1.0018394771590886        1.0000000000000000       -3.1737781654683772E-004
  0.86869395219122170       -5.7092854397771474E-005   1.2121212121212121E-002   1.0018424386720179        1.0101010101010102E-002   1.0018424386720179        1.0000000000000000       -3.0032130182089389E-004
  0.87879453272943542       -5.3632535466536688E-005   1.2121212121212121E-002   1.0018452309013484        1.0101010101010102E-002   1.0018452309013484        1.0000000000000000       -2.8206656252294238E-004
  0.88889508653963234       -4.9956406388242164E-005   1.2121212121212121E-002   1.0018478427072177        1.0101010101010102E-002   1.0018478427072177        1.0000000000000000       -2.6268707666066149E-004
  0.89899561545819506       -4.6079266539016034E-005   1.2121212121212121E-002   1.0018502636746147        1.0101010101010102E-002   1.0018502636746147        1.0000000000000000       -2.4226056528853235E-004
  0.90909612142071738       -4.2016721875266091E-005   1.2121212121212121E-002   1.0018524841544141        1.0101010101010102E-002   1.0018524841544141        1.0000000000000000       -2.2086901725604235E-004
  0.91919660645422752       -3.7785126858254104E-005   1.2121212121212121E-002   1.0018544953008648        1.0101010101010102E-002   1.0018544953008648        1.0000000000000000       -1.9859801829014145E-004
  0.92929707266909078       -3.3401511103127737E-005   1.2121212121212121E-002   1.0018562891068243        1.0101010101010102E-002   1.0018562891068243        1.0000000000000000       -1.7553687093130321E-004
  0.93939752225052986       -2.8883514284568051E-005   1.2121212121212121E-002   1.0018578584328037        1.0101010101010102E-002   1.0018578584328037        1.0000000000000000       -1.5177720164860631E-004
  0.94949795744996224       -2.4249315790037902E-005   1.2121212121212121E-002   1.0018591970338950        1.0101010101010102E-002   1.0018591970338950        1.0000000000000000       -1.2741392898174553E-004
  0.95959838057599245       -1.9517562326025279E-005   1.2121212121212121E-002   1.0018602995861374        1.0101010101010102E-002   1.0018602995861374        1.0000000000000000       -1.0254417347521638E-004
  0.96969879398521763       -1.4707292084760731E-005   1.2121212121212121E-002   1.0018611617059738        1.0101010101010102E-002   1.0018611617059738        1.0000000000000000       -7.7266914307649870E-005
  0.97979920007284116       -9.8378544821689095E-006   1.2121212121212121E-002   1.0018617799654168        1.0101010101010102E-002   1.0018617799654168        1.0000000000000000       -5.1682402257391402E-005
  0.98989960126318499       -4.9288410424171016E-006   1.2121212121212121E-002   1.0018621519062534        1.0101010101010102E-002   1.0018621519062534        1.0000000000000000       -2.5892592462994912E-005
   1.0000000000000191        7.6346182951286246E-013   1.2121212121212121E-002   1.0018622760509592        1.0101010101010102E-002   1.0018622760509592        1.0000000000000000       -2.4144242161128204E-011
   1.0101003987368520        4.8654604304941269E-006   1.2121212121212121E-002   1.0018621519066735        1.0101010101010102E-002   1.0018621519066735        1.0000000000000000        2.5892551468231773E-005
   1.0202007999271876        9.7113443344966160E-006   1.2121212121212121E-002   1.0018617799655170        1.0101010101010102E-002   1.0018617799655170        1.0000000000000000        5.1682510368245005E-005
   1.0303012060148176        1.4518154534556788E-005   1.2121212121212121E-002   1.0018611617058097        1.0101010101010102E-002   1.0018611617058097        1.0000000000000000        7.7266864604297325E-005
   1.0404016194240402        1.9266550410864816E-005   1.2121212121212121E-002   1.0018602995861274        1.0101010101010102E-002   1.0018602995861274        1.0000000000000000        1.0254418974842139E-004
   1.0505020425500731        2.3937427558035053E-005   1.2121212121212121E-002   1.0018591970339881        1.0101010101010102E-002   1.0018591970339881        1.0000000000000000        1.2741388893111605E-004
   1.0606024777495004        2.8511988707698736E-005   1.2121212121212121E-002   1.0018578584326927        1.0101010101010102E-002   1.0018578584326927        1.0000000000000000        1.5177728586568406E-004
   1.0707029273309467        3.2971825753269914E-005   1.2121212121212121E-002   1.0018562891065907        1.0101010101010102E-002   1.0018562891065907        1.0000000000000000        1.7553681239679264E-004
   1.0808033935458081        3.7298992334146950E-005   1.2121212121212121E-002   1.0018544953008917        1.0101010101010102E-002   1.0018544953008917        1.0000000000000000        1.9859802620647571E-004
   1.0909038785793190        4.1476072959920827E-005   1.2121212121212121E-002   1.0018524841544083        1.0101010101010102E-002   1.0018524841544083        1.0000000000000000        7.6287219832387194     
   1.1010043845418411        4.5486254880854071E-005   1.2121212121212121E-002   1.0018502636747941        1.0101010101010102E-002   1.0018502636747941        1.0000000000000000        93.410195253518481     
  -1.0100398736815008E-002  -4.8654600890926144E-006   1.2121212121212121E-002   1.0018621519062534        1.0101010101010102E-002   1.0018621519062534        1.0000000000000000       -2.5892591447806979E-005
  -2.0200799927158841E-002  -9.7113442137884088E-006   1.2121212121212121E-002   1.0018617799654168        1.0101010101010102E-002   1.0018617799654168        1.0000000000000000       -5.1682401630337438E-005
  -3.0301206014782367E-002  -1.4518155051940555E-005   1.2121212121212121E-002   1.0018611617059738        1.0101010101010102E-002   1.0018611617059738        1.0000000000000000       -7.7266914300544443E-005
  -4.0401619424007551E-002  -1.9266550784653175E-005   1.2121212121212121E-002   1.0018602995861374        1.0101010101010102E-002   1.0018602995861374        1.0000000000000000       -1.0254417347521638E-004
  -5.0502042550037762E-002  -2.3937427266832881E-005   1.2121212121212121E-002   1.0018591970338950        1.0101010101010102E-002   1.0018591970338950        1.0000000000000000       -1.2741392897464010E-004
  -6.0602477749470141E-002  -2.8511988677888370E-005   1.2121212121212121E-002   1.0018578584328037        1.0101010101010102E-002   1.0018578584328037        1.0000000000000000       -1.5177720164771813E-004
  -7.0702927330909215E-002  -3.2971826100166206E-005   1.2121212121212121E-002   1.0018562891068243        1.0101010101010102E-002   1.0018562891068243        1.0000000000000000       -1.7553687092597414E-004
  -8.0803393545772484E-002  -3.7298992471580248E-005   1.2121212121212121E-002   1.0018544953008648        1.0101010101010102E-002   1.0018544953008648        1.0000000000000000       -1.9859801828481238E-004
  -9.0903878579282615E-002  -4.1476072431396514E-005   1.2121212121212121E-002   1.0018524841544141        1.0101010101010102E-002   1.0018524841544141        1.0000000000000000       -7.6287219832327224     
 -0.10100438454180494       -4.5486254874167376E-005   1.2121212121212121E-002   1.0018502636746147        1.0101010101010102E-002   1.0018502636746147        1.0000000000000000       -93.410195253527576     
