 # x v h rho m p cs a
   3.4509999999997309     
   3.1281688576399818E-005  -2.2484378890312979E-006   1.2121212121212121E-002   1.0018039045704263        1.0101010101010102E-002   1.0018039045704263        1.0000000000000000        1.2434497875801753E-014
   1.0132229411042162E-002  -2.0445577767662387E-006   1.2121212121212121E-002   1.0018100032805202        1.0101010101010102E-002   1.0018100032805202        1.0000000000000000       -1.4210854715202004E-014
   2.0233113052660148E-002  -2.2655745297933228E-006   1.2121212121212121E-002   1.0018167323443328        1.0101010101010102E-002   1.0018167323443328        1.0000000000000000       -9.9475983006414026E-014
   3.0333927109937330E-002  -2.7115141602658594E-006   1.2121212121212121E-002   1.0018234472698919        1.0101010101010102E-002   1.0018234472698919        1.0000000000000000        6.1284310959308641E-014
   4.0434677245409285E-002  -3.0851419089202927E-006   1.2121212121212121E-002   1.0018296479975750        1.0101010101010102E-002   1.0018296479975750        1.0000000000000000        3.5527136788005009E-015
   5.0535368889828021E-002  -3.4292689081192315E-006   1.2121212121212121E-002   1.0018353642586659        1.0101010101010102E-002   1.0018353642586659        1.0000000000000000        4.4408920985006262E-015
   6.0636006297385414E-002  -3.7277665129516786E-006   1.2121212121212121E-002   1.0018407603034964        1.0101010101010102E-002   1.0018407603034964        1.0000000000000000       -8.8817841970012523E-015
   7.0736592019451594E-002  -3.8475595830182085E-006   1.2121212121212121E-002   1.0018462800334478        1.0101010101010102E-002   1.0018462800334478        1.0000000000000000       -5.1514348342607263E-014
   8.0837121109021262E-002  -3.8145307751808678E-006   1.2121212121212121E-002   1.0018523407126569        1.0101010101010102E-002   1.0018523407126569        1.0000000000000000        2.1316282072803006E-014
   9.0937586296109513E-002  -3.9680161201540118E-006   1.2121212121212121E-002   1.0018584434914506        1.0101010101010102E-002   1.0018584434914506        1.0000000000000000        7.1054273576010019E-015
  0.10103799308099384       -4.2964664098014464E-006   1.2121212121212121E-002   1.0018635619954421        1.0101010101010102E-002   1.0018635619954421        1.0000000000000000        7.1054273576010019E-015
  0.11113835707922909       -4.5375805580521632E-006   1.2121212121212121E-002   1.0018676585242083        1.0101010101010102E-002   1.0018676585242083        1.0000000000000000        3.5527136788005009E-015
  0.12123868458713674       -4.6453870714622130E-006   1.2121212121212121E-002   1.0018717131859651        1.0101010101010102E-002   1.0018717131859651        1.0000000000000000        1.9539925233402755E-014
  0.13133896924614466       -4.9527425065347716E-006   1.2121212121212121E-002   1.0018762057516710        1.0101010101010102E-002   1.0018762057516710        1.0000000000000000        8.0824236192711396E-014
  0.14143920716858926       -5.0640605025397663E-006   1.2121212121212121E-002   1.0018806779390375        1.0101010101010102E-002   1.0018806779390375        1.0000000000000000        2.2204460492503131E-014
  0.15153940293788720       -4.9148996106320410E-006   1.2121212121212121E-002   1.0018847667068729        1.0101010101010102E-002   1.0018847667068729        1.0000000000000000       -6.2172489379008766E-015
  0.16163955973565844       -4.6408180408665697E-006   1.2121212121212121E-002   1.0018882310797292        1.0101010101010102E-002   1.0018882310797292        1.0000000000000000       -6.2172489379008766E-015
  0.17173968670826517       -4.5771765998376990E-006   1.2121212121212121E-002   1.0018908670479367        1.0101010101010102E-002   1.0018908670479367        1.0000000000000000       -6.2172489379008766E-015
  0.18183979171157269       -5.0091776927300859E-006   1.2121212121212121E-002   1.0018928703802461        1.0101010101010102E-002   1.0018928703802461        1.0000000000000000       -6.2172489379008766E-015
  0.19193988015044647       -5.5670746210030686E-006   1.2121212121212121E-002   1.0018948754203241        1.0101010101010102E-002   1.0018948754203241        1.0000000000000000       -6.2172489379008766E-015
  0.20203994605064191       -5.7235274732348691E-006   1.2121212121212121E-002   1.0018971611512340        1.0101010101010102E-002   1.0018971611512340        1.0000000000000000       -6.2172489379008766E-015
  0.21213998808204149       -5.0441164375201070E-006   1.2121212121212121E-002   1.0018990189865120        1.0101010101010102E-002   1.0018990189865120        1.0000000000000000       -6.2172489379008766E-015
  0.22224001682733835       -4.3861950774440200E-006   1.2121212121212121E-002   1.0019001643169143        1.0101010101010102E-002   1.0019001643169143        1.0000000000000000       -1.7763568394002505E-015
  0.23234003693500579       -4.2371642103151685E-006   1.2121212121212121E-002   1.0019009678173225        1.0101010101010102E-002   1.0019009678173225        1.0000000000000000       -5.6843418860808015E-014
  0.24244004967600194       -4.4737659471024059E-006   1.2121212121212121E-002   1.0019013490069404        1.0101010101010102E-002   1.0019013490069404        1.0000000000000000       -1.8562928971732617E-013
  0.25254006142604335       -4.8172310730001099E-006   1.2121212121212121E-002   1.0019008420613364        1.0101010101010102E-002   1.0019008420613364        1.0000000000000000        1.8385293287792592E-013
  0.26264008440402337       -5.0347791488110754E-006   1.2121212121212121E-002   1.0018995915270297        1.0101010101010102E-002   1.0018995915270297        1.0000000000000000        5.0626169922907138E-014
  0.27274012204860976       -4.9774227632988312E-006   1.2121212121212121E-002   1.0018983139770026        1.0101010101010102E-002   1.0018983139770026        1.0000000000000000       -6.2172489379008766E-015
  0.28284017083468777       -4.3890873008163383E-006   1.2121212121212121E-002   1.0018973758729868        1.0101010101010102E-002   1.0018973758729868        1.0000000000000000       -6.2172489379008766E-015
  0.29294022666816549       -3.6676975097660179E-006   1.2121212121212121E-002   1.0018965500010120        1.0101010101010102E-002   1.0018965500010120        1.0000000000000000       -6.2172489379008766E-015
  0.30304029058163284       -3.2773944065885244E-006   1.2121212121212121E-002   1.0018950995829490        1.0101010101010102E-002   1.0018950995829490        1.0000000000000000       -6.2172489379008766E-015
  0.31314037421737589       -3.0054009428122304E-006   1.2121212121212121E-002   1.0018925058857235        1.0101010101010102E-002   1.0018925058857235        1.0000000000000000       -6.2172489379008766E-015
  0.32324048989276172       -2.6977847151578306E-006   1.2121212121212121E-002   1.0018890616620362        1.0101010101010102E-002   1.0018890616620362        1.0000000000000000       -6.2172489379008766E-015
  0.33334064235953598       -2.9238645087758005E-006   1.2121212121212121E-002   1.0018852439313228        1.0101010101010102E-002   1.0018852439313228        1.0000000000000000       -6.2172489379008766E-015
  0.34344083352730148       -3.6479906942347708E-006   1.2121212121212121E-002   1.0018811367466369        1.0101010101010102E-002   1.0018811367466369        1.0000000000000000       -6.2172489379008766E-015
  0.35354106725038287       -3.8036799586657959E-006   1.2121212121212121E-002   1.0018768417657691        1.0101010101010102E-002   1.0018768417657691        1.0000000000000000       -6.2172489379008766E-015
  0.36364134394883890       -3.0571991624933932E-006   1.2121212121212121E-002   1.0018727642614662        1.0101010101010102E-002   1.0018727642614662        1.0000000000000000       -6.2172489379008766E-015
  0.37374165852551239       -1.9869025957883753E-006   1.2121212121212121E-002   1.0018690747190868        1.0101010101010102E-002   1.0018690747190868        1.0000000000000000       -6.2172489379008766E-015
  0.38384200749537717       -9.8832949379697105E-007   1.2121212121212121E-002   1.0018653923303551        1.0101010101010102E-002   1.0018653923303551        1.0000000000000000       -6.2172489379008766E-015
  0.39394239401112269       -2.5077435348110887E-007   1.2121212121212121E-002   1.0018612026205276        1.0101010101010102E-002   1.0018612026205276        1.0000000000000000       -6.2172489379008766E-015
  0.40404282537555675        2.1904508497549981E-007   1.2121212121212121E-002   1.0018562363489785        1.0101010101010102E-002   1.0018562363489785        1.0000000000000000       -6.2172489379008766E-015
  0.41414330981466391        5.5894034671058334E-007   1.2121212121212121E-002   1.0018503603097166        1.0101010101010102E-002   1.0018503603097166        1.0000000000000000       -6.2172489379008766E-015
  0.42424385725426988        3.1305684161846190E-007   1.2121212121212121E-002   1.0018435838984441        1.0101010101010102E-002   1.0018435838984441        1.0000000000000000       -6.2172489379008766E-015
  0.43434447621612299       -8.8968766455790023E-007   1.2121212121212121E-002   1.0018363099134804        1.0101010101010102E-002   1.0018363099134804        1.0000000000000000       -6.2172489379008766E-015
  0.44444516822550151       -2.0909025666403967E-006   1.2121212121212121E-002   1.0018290738587312        1.0101010101010102E-002   1.0018290738587312        1.0000000000000000       -6.2172489379008766E-015
  0.45454593056769393       -2.4144122863764977E-006   1.2121212121212121E-002   1.0018221778221807        1.0101010101010102E-002   1.0018221778221807        1.0000000000000000       -6.2172489379008766E-015
  0.46464675938555322       -2.3947842932816969E-006   1.2121212121212121E-002   1.0018160027031253        1.0101010101010102E-002   1.0018160027031253        1.0000000000000000       -6.2172489379008766E-015
  0.47474764466676589       -2.4116452713576769E-006   1.2121212121212121E-002   1.0018111245863299        1.0101010101010102E-002   1.0018111245863299        1.0000000000000000        5.3290705182007514E-015
  0.48484857030756606       -1.9128660812173076E-006   1.2121212121212121E-002   1.0018078369444894        1.0101010101010102E-002   1.0018078369444894        1.0000000000000000       -7.0166095156309893E-014
  0.49494952053373797       -7.2120636652293091E-007   1.2121212121212121E-002   1.0018061583570239        1.0101010101010102E-002   1.0018061583570239        1.0000000000000000       -4.4941828036826337E-013
  0.50505047946630677        7.2120643022429803E-007   1.2121212121212121E-002   1.0018061583569471        1.0101010101010102E-002   1.0018061583569471        1.0000000000000000       -6.9277916736609768E-014
  0.51515142969248029        1.9128660347583399E-006   1.2121212121212121E-002   1.0018078369443235        1.0101010101010102E-002   1.0018078369443235        1.0000000000000000        1.5987211554602254E-014
  0.52525235533328252        2.4116453553825703E-006   1.2121212121212121E-002   1.0018111245862891        1.0101010101010102E-002   1.0018111245862891        1.0000000000000000        1.7763568394002505E-015
  0.53535324061449374        2.3947843351915268E-006   1.2121212121212121E-002   1.0018160027031142        1.0101010101010102E-002   1.0018160027031142        1.0000000000000000        1.7763568394002505E-015
  0.54545406943235464        2.4144122533461620E-006   1.2121212121212121E-002   1.0018221778221699        1.0101010101010102E-002   1.0018221778221699        1.0000000000000000        1.7763568394002505E-015
  0.55555483177454590        2.0909025708487960E-006   1.2121212121212121E-002   1.0018290738588240        1.0101010101010102E-002   1.0018290738588240        1.0000000000000000        1.7763568394002505E-015
  0.56565552378392325        8.8968776801091913E-007   1.2121212121212121E-002   1.0018363099134173        1.0101010101010102E-002   1.0018363099134173        1.0000000000000000        1.7763568394002505E-015
  0.57575614274577902       -3.1305681437724058E-007   1.2121212121212121E-002   1.0018435838983561        1.0101010101010102E-002   1.0018435838983561        1.0000000000000000        1.7763568394002505E-015
  0.58585669018538433       -5.5894039091513179E-007   1.2121212121212121E-002   1.0018503603097446        1.0101010101010102E-002   1.0018503603097446        1.0000000000000000        1.7763568394002505E-015
  0.59595717462449127       -2.1904499859399205E-007   1.2121212121212121E-002   1.0018562363489540        1.0101010101010102E-002   1.0018562363489540        1.0000000000000000        1.7763568394002505E-015
  0.60605760598892622        2.5077438278233919E-007   1.2121212121212121E-002   1.0018612026205320        1.0101010101010102E-002   1.0018612026205320        1.0000000000000000        1.7763568394002505E-015
  0.61615799250467063        9.8832978644693903E-007   1.2121212121212121E-002   1.0018653923303213        1.0101010101010102E-002   1.0018653923303213        1.0000000000000000        1.7763568394002505E-015
  0.62625834147453718        1.9869024328450957E-006   1.2121212121212121E-002   1.0018690747190191        1.0101010101010102E-002   1.0018690747190191        1.0000000000000000        1.7763568394002505E-015
  0.63635865605121045        3.0571991584839682E-006   1.2121212121212121E-002   1.0018727642614726        1.0101010101010102E-002   1.0018727642614726        1.0000000000000000        1.7763568394002505E-015
  0.64645893274966626        3.8036798536485809E-006   1.2121212121212121E-002   1.0018768417656956        1.0101010101010102E-002   1.0018768417656956        1.0000000000000000        1.7763568394002505E-015
  0.65655916647274959        3.6479908936888571E-006   1.2121212121212121E-002   1.0018811367466207        1.0101010101010102E-002   1.0018811367466207        1.0000000000000000        1.7763568394002505E-015
  0.66665935764051343        2.9238646672792519E-006   1.2121212121212121E-002   1.0018852439313408        1.0101010101010102E-002   1.0018852439313408        1.0000000000000000        1.7763568394002505E-015
  0.67675951010728874        2.6977844833852721E-006   1.2121212121212121E-002   1.0018890616619633        1.0101010101010102E-002   1.0018890616619633        1.0000000000000000        1.7763568394002505E-015
  0.68685962578267534        3.0054010792345145E-006   1.2121212121212121E-002   1.0018925058857628        1.0101010101010102E-002   1.0018925058857628        1.0000000000000000        1.7763568394002505E-015
  0.69695970941841667        3.2773946195292599E-006   1.2121212121212121E-002   1.0018950995830067        1.0101010101010102E-002   1.0018950995830067        1.0000000000000000        1.7763568394002505E-015
  0.70705977333188419        3.6676974251533269E-006   1.2121212121212121E-002   1.0018965500008727        1.0101010101010102E-002   1.0018965500008727        1.0000000000000000        1.7763568394002505E-015
  0.71715982916536503        4.3890874280650451E-006   1.2121212121212121E-002   1.0018973758729299        1.0101010101010102E-002   1.0018973758729299        1.0000000000000000        1.7763568394002505E-015
  0.72725987795144109        4.9774225308906621E-006   1.2121212121212121E-002   1.0018983139770601        1.0101010101010102E-002   1.0018983139770601        1.0000000000000000        1.7763568394002505E-015
  0.73735991559602798        5.0347791472924791E-006   1.2121212121212121E-002   1.0018995915270301        1.0101010101010102E-002   1.0018995915270301        1.0000000000000000        1.7763568394002505E-015
  0.74745993857400750        4.8172310447396442E-006   1.2121212121212121E-002   1.0019008420612734        1.0101010101010102E-002   1.0019008420612734        1.0000000000000000        1.7763568394002505E-015
  0.75755995032405077        4.4737661889831918E-006   1.2121212121212121E-002   1.0019013490068847        1.0101010101010102E-002   1.0019013490068847        1.0000000000000000        1.7763568394002505E-015
  0.76765996306504636        4.2371642245280171E-006   1.2121212121212121E-002   1.0019009678173809        1.0101010101010102E-002   1.0019009678173809        1.0000000000000000        1.7763568394002505E-015
  0.77775998317271289        4.3861950661771190E-006   1.2121212121212121E-002   1.0019001643169212        1.0101010101010102E-002   1.0019001643169212        1.0000000000000000        1.7763568394002505E-015
  0.78786001191801058        5.0441163607009941E-006   1.2121212121212121E-002   1.0018990189864856        1.0101010101010102E-002   1.0018990189864856        1.0000000000000000        1.7763568394002505E-015
  0.79796005394940994        5.7235275159654239E-006   1.2121212121212121E-002   1.0018971611512200        1.0101010101010102E-002   1.0018971611512200        1.0000000000000000        1.7763568394002505E-015
  0.80806011984960568        5.5670748192221308E-006   1.2121212121212121E-002   1.0018948754202246        1.0101010101010102E-002   1.0018948754202246        1.0000000000000000        1.7763568394002505E-015
  0.81816020828848124        5.0091775970201714E-006   1.2121212121212121E-002   1.0018928703801364        1.0101010101010102E-002   1.0018928703801364        1.0000000000000000        1.7763568394002505E-015
  0.82826031329178951        4.5771765140545457E-006   1.2121212121212121E-002   1.0018908670480102        1.0101010101010102E-002   1.0018908670480102        1.0000000000000000        1.7763568394002505E-015
  0.83836044026439371        4.6408181778691887E-006   1.2121212121212121E-002   1.0018882310798169        1.0101010101010102E-002   1.0018882310798169        1.0000000000000000        1.7763568394002505E-015
  0.84846059706216570        4.9148997496604384E-006   1.2121212121212121E-002   1.0018847667069293        1.0101010101010102E-002   1.0018847667069293        1.0000000000000000        1.7763568394002505E-015
  0.85856079283146169        5.0640604516628144E-006   1.2121212121212121E-002   1.0018806779390115        1.0101010101010102E-002   1.0018806779390115        1.0000000000000000        1.7763568394002505E-015
  0.86866103075390866        4.9527425758826600E-006   1.2121212121212121E-002   1.0018762057515178        1.0101010101010102E-002   1.0018762057515178        1.0000000000000000        1.7763568394002505E-015
  0.87876131541291747        4.6453871846980091E-006   1.2121212121212121E-002   1.0018717131858095        1.0101010101010102E-002   1.0018717131858095        1.0000000000000000        1.7763568394002505E-015
  0.88886164292082737        4.5375803643259661E-006   1.2121212121212121E-002   1.0018676585241140        1.0101010101010102E-002   1.0018676585241140        1.0000000000000000        1.7763568394002505E-015
  0.89896200691906258        4.2964665321892471E-006   1.2121212121212121E-002   1.0018635619955945        1.0101010101010102E-002   1.0018635619955945        1.0000000000000000        1.7763568394002505E-015
  0.90906241370394347        3.9680162512818330E-006   1.2121212121212121E-002   1.0018584434915869        1.0101010101010102E-002   1.0018584434915869        1.0000000000000000        1.7763568394002505E-015
  0.91916287889103210        3.8145307623479667E-006   1.2121212121212121E-002   1.0018523407125570        1.0101010101010102E-002   1.0018523407125570        1.0000000000000000        1.7763568394002505E-015
  0.92926340798060370        3.8475595701336117E-006   1.2121212121212121E-002   1.0018462800332937        1.0101010101010102E-002   1.0018462800332937        1.0000000000000000        1.7763568394002505E-015
  0.93936399370267121        3.7277666459162458E-006   1.2121212121212121E-002   1.0018407603034318        1.0101010101010102E-002   1.0018407603034318        1.0000000000000000        1.7763568394002505E-015
  0.94946463111022861        3.4292688058347181E-006   1.2121212121212121E-002   1.0018353642587254        1.0101010101010102E-002   1.0018353642587254        1.0000000000000000        1.7763568394002505E-015
  0.95956532275464590        3.0851419643195145E-006   1.2121212121212121E-002   1.0018296479976034        1.0101010101010102E-002   1.0018296479976034        1.0000000000000000        1.7763568394002505E-015
  0.96966607289011852        2.7115141886367935E-006   1.2121212121212121E-002   1.0018234472697798        1.0101010101010102E-002   1.0018234472697798        1.0000000000000000        8.8817841970012523E-016
  0.97976688694739777        2.2655745664073900E-006   1.2121212121212121E-002   1.0018167323443572        1.0101010101010102E-002   1.0018167323443572        1.0000000000000000       -3.2862601528904634E-014
  0.98986777058901299        2.0445579428887010E-006   1.2121212121212121E-002   1.0018100032805657        1.0101010101010102E-002   1.0018100032805657        1.0000000000000000        1.5010215292932116E-013
  0.99996871831148038        2.2484378316844950E-006   1.2121212121212121E-002   1.0018039045703586        1.0101010101010102E-002   1.0018039045703586        1.0000000000000000        1.0436096431476471E-012
   1.0100697284124904       -1.6937336331576975E-006   1.2121212121212121E-002   1.0018100032805202        1.0101010101010102E-002   1.0018007412023966        1.0000000000000000        1.4299672557172016E-013
   1.0201707385135006       -1.9011508624336527E-006   1.2121212121212121E-002   1.0018167323443328        1.0101010101010102E-002   1.0018004189858531        1.0000000000000000       -1.9677833450701065E-002
   1.0302717486145108       -2.3723129855455541E-006   1.2121212121212121E-002   1.0018234472698919        1.0101010101010102E-002   1.0018004115226273        1.0000000000000000       -1.3138325546267744     
   1.0403727587155209       -2.7766093176687728E-006   1.2121212121212121E-002   1.0018296479975750        1.0101010101010102E-002  0.99665637860081713        1.0000000000000000       -4.6453021478719450     
   1.0504737688165311       -3.1443978695453453E-006   1.2121212121212121E-002   1.0018353642586659        1.0101010101010102E-002  0.77867798353909146        1.0000000000000000        107.01218865918355     
  -1.0069728412433702E-002   1.6937337840065994E-006   1.2121212121212121E-002   1.0018100032805657        1.0101010101010102E-002   1.0018007412024077        1.0000000000000000        1.1546319456101628E-014
  -2.0170738513443805E-002   1.9011509170155691E-006   1.2121212121212121E-002   1.0018167323443572        1.0101010101010102E-002   1.0018004189858596        1.0000000000000000        1.9677833450746363E-002
  -3.0271748614453906E-002   2.3723130099307878E-006   1.2121212121212121E-002   1.0018234472697798        1.0101010101010102E-002   1.0018004115226335        1.0000000000000000        1.3138325546268277     
  -4.0372758715464009E-002   2.7766093626629842E-006   1.2121212121212121E-002   1.0018296479976034        1.0101010101010102E-002  0.99665637860082268        1.0000000000000000        4.6453021478716039     
  -5.0473768816474113E-002   3.1443977733004453E-006   1.2121212121212121E-002   1.0018353642587254        1.0101010101010102E-002  0.77867798353909445        1.0000000000000000       -107.01218865918408     
