 # x v h rho m p cs a
   7.6500000000008894     
  -2.0563496594051609E-005   1.5690404113111942E-005   1.2121212121212121E-002   1.0017969085007465        1.0101010101010102E-002   1.0017969085007465        1.0000000000000000        1.2434497875801753E-014
   1.0080498506207954E-002   1.5528689914216811E-005   1.2121212121212121E-002   1.0017931352927578        1.0101010101010102E-002   1.0017931352927578        1.0000000000000000       -1.4210854715202004E-014
   2.0181600051073056E-002   1.5423387166958739E-005   1.2121212121212121E-002   1.0017890008098214        1.0101010101010102E-002   1.0017890008098214        1.0000000000000000       -9.9475983006414026E-014
   3.0282743731252299E-002   1.5044056564043705E-005   1.2121212121212121E-002   1.0017845900837175        1.0101010101010102E-002   1.0017845900837175        1.0000000000000000        6.1284310959308641E-014
   4.0383932969523806E-002   1.4918814853174882E-005   1.2121212121212121E-002   1.0017802488433973        1.0101010101010102E-002   1.0017802488433973        1.0000000000000000        3.5527136788005009E-015
   5.0485163261311625E-002   1.5140951781129565E-005   1.2121212121212121E-002   1.0017764620740763        1.0101010101010102E-002   1.0017764620740763        1.0000000000000000        4.4408920985006262E-015
   6.0586427080392247E-002   1.5624967827754095E-005   1.2121212121212121E-002   1.0017730887474101        1.0101010101010102E-002   1.0017730887474101        1.0000000000000000       -8.8817841970012523E-015
   7.0687723215293902E-002   1.5448397767298867E-005   1.2121212121212121E-002   1.0017696500785340        1.0101010101010102E-002   1.0017696500785340        1.0000000000000000       -5.1514348342607263E-014
   8.0789054964572379E-002   1.4827317315558414E-005   1.2121212121212121E-002   1.0017661250619478        1.0101010101010102E-002   1.0017661250619478        1.0000000000000000        2.1316282072803006E-014
   9.0890421401064667E-002   1.4130142217588949E-005   1.2121212121212121E-002   1.0017628669295684        1.0101010101010102E-002   1.0017628669295684        1.0000000000000000        7.1054273576010019E-015
  0.10099181729928612        1.3591363655931807E-005   1.2121212121212121E-002   1.0017597398508087        1.0101010101010102E-002   1.0017597398508087        1.0000000000000000        7.1054273576010019E-015
  0.11109324485946942        1.2973483266893885E-005   1.2121212121212121E-002   1.0017563568952459        1.0101010101010102E-002   1.0017563568952459        1.0000000000000000        3.5527136788005009E-015
  0.12119470776115474        1.2545575626987981E-005   1.2121212121212121E-002   1.0017528225939032        1.0101010101010102E-002   1.0017528225939032        1.0000000000000000        1.9539925233402755E-014
  0.13129620620396679        1.2299241013500571E-005   1.2121212121212121E-002   1.0017497834484392        1.0101010101010102E-002   1.0017497834484392        1.0000000000000000        8.0824236192711396E-014
  0.14139773009788636        1.1747545054199120E-005   1.2121212121212121E-002   1.0017477887117265        1.0101010101010102E-002   1.0017477887117265        1.0000000000000000        2.2204460492503131E-014
  0.15149926727221985        1.0928661082318020E-005   1.2121212121212121E-002   1.0017464154618048        1.0101010101010102E-002   1.0017464154618048        1.0000000000000000       -6.2172489379008766E-015
  0.16160081675990931        1.0339544111810987E-005   1.2121212121212121E-002   1.0017447399221406        1.0101010101010102E-002   1.0017447399221406        1.0000000000000000       -6.2172489379008766E-015
  0.17170238686184650        9.7934587567700743E-006   1.2121212121212121E-002   1.0017426229086261        1.0101010101010102E-002   1.0017426229086261        1.0000000000000000       -6.2172489379008766E-015
  0.18180397905730003        8.8393292208368253E-006   1.2121212121212121E-002   1.0017405584060659        1.0101010101010102E-002   1.0017405584060659        1.0000000000000000       -6.2172489379008766E-015
  0.19190559010090641        7.6127460743228356E-006   1.2121212121212121E-002   1.0017386786886360        1.0101010101010102E-002   1.0017386786886360        1.0000000000000000       -6.2172489379008766E-015
  0.20200721958263787        6.5373151514428971E-006   1.2121212121212121E-002   1.0017371072737831        1.0101010101010102E-002   1.0017371072737831        1.0000000000000000       -6.2172489379008766E-015
  0.21210886241779064        5.7015126354322898E-006   1.2121212121212121E-002   1.0017362726109624        1.0101010101010102E-002   1.0017362726109624        1.0000000000000000       -6.2172489379008766E-015
  0.22221050843037735        4.9301471380829611E-006   1.2121212121212121E-002   1.0017361922588961        1.0101010101010102E-002   1.0017361922588961        1.0000000000000000       -1.7763568394002505E-015
  0.23231215205941921        4.0831005062860065E-006   1.2121212121212121E-002   1.0017363943971711        1.0101010101010102E-002   1.0017363943971711        1.0000000000000000       -5.6843418860808015E-014
  0.24241379365544535        3.3188312848489242E-006   1.2121212121212121E-002   1.0017365996454024        1.0101010101010102E-002   1.0017365996454024        1.0000000000000000       -1.8562928971732617E-013
  0.25251543324932663        2.5963872396251080E-006   1.2121212121212121E-002   1.0017367980455543        1.0101010101010102E-002   1.0017367980455543        1.0000000000000000        1.8385293287792592E-013
  0.26261707091263842        1.8635039082306725E-006   1.2121212121212121E-002   1.0017370019511893        1.0101010101010102E-002   1.0017370019511893        1.0000000000000000        5.0626169922907138E-014
  0.27271870683330690        8.6954924090851801E-007   1.2121212121212121E-002   1.0017374225220814        1.0101010101010102E-002   1.0017374225220814        1.0000000000000000       -6.2172489379008766E-015
  0.28282033635757914       -4.8020729652376300E-007   1.2121212121212121E-002   1.0017381583366602        1.0101010101010102E-002   1.0017381583366602        1.0000000000000000       -6.2172489379008766E-015
  0.29292195738737631       -2.1761090490180815E-006   1.2121212121212121E-002   1.0017390212146238        1.0101010101010102E-002   1.0017390212146238        1.0000000000000000       -6.2172489379008766E-015
  0.30302356990119794       -3.7958229419488690E-006   1.2121212121212121E-002   1.0017400506141285        1.0101010101010102E-002   1.0017400506141285        1.0000000000000000       -6.2172489379008766E-015
  0.31312517124373002       -4.5886108155463841E-006   1.2121212121212121E-002   1.0017416340062737        1.0101010101010102E-002   1.0017416340062737        1.0000000000000000       -6.2172489379008766E-015
  0.32322675269704249       -4.6457475558947303E-006   1.2121212121212121E-002   1.0017439069678975        1.0101010101010102E-002   1.0017439069678975        1.0000000000000000       -6.2172489379008766E-015
  0.33332830854578666       -4.9736349141206170E-006   1.2121212121212121E-002   1.0017465400195549        1.0101010101010102E-002   1.0017465400195549        1.0000000000000000       -6.2172489379008766E-015
  0.34342983769648494       -5.8689909006262340E-006   1.2121212121212121E-002   1.0017493636996990        1.0101010101010102E-002   1.0017493636996990        1.0000000000000000       -6.2172489379008766E-015
  0.35353133798727282       -6.7734459327426044E-006   1.2121212121212121E-002   1.0017524699093796        1.0101010101010102E-002   1.0017524699093796        1.0000000000000000       -6.2172489379008766E-015
  0.36363280509714402       -7.4785673113852250E-006   1.2121212121212121E-002   1.0017554608323223        1.0101010101010102E-002   1.0017554608323223        1.0000000000000000       -6.2172489379008766E-015
  0.37373424556486246       -8.1283607902785318E-006   1.2121212121212121E-002   1.0017579314549672        1.0101010101010102E-002   1.0017579314549672        1.0000000000000000       -6.2172489379008766E-015
  0.38383566457604762       -9.1464759417262887E-006   1.2121212121212121E-002   1.0017602809023531        1.0101010101010102E-002   1.0017602809023531        1.0000000000000000       -6.2172489379008766E-015
  0.39393705906192289       -1.0338630730337969E-005   1.2121212121212121E-002   1.0017627815999917        1.0101010101010102E-002   1.0017627815999917        1.0000000000000000       -6.2172489379008766E-015
  0.40403842828608921       -1.1448378560658838E-005   1.2121212121212121E-002   1.0017652489324635        1.0101010101010102E-002   1.0017652489324635        1.0000000000000000       -6.2172489379008766E-015
  0.41413977407955360       -1.2203701614336189E-005   1.2121212121212121E-002   1.0017677452679783        1.0101010101010102E-002   1.0017677452679783        1.0000000000000000       -6.2172489379008766E-015
  0.42424109483982053       -1.2797218987409338E-005   1.2121212121212121E-002   1.0017707621458853        1.0101010101010102E-002   1.0017707621458853        1.0000000000000000       -6.2172489379008766E-015
  0.43434238091093053       -1.2860534403466360E-005   1.2121212121212121E-002   1.0017742394738554        1.0101010101010102E-002   1.0017742394738554        1.0000000000000000       -6.2172489379008766E-015
  0.44444363208944127       -1.1710575359018804E-005   1.2121212121212121E-002   1.0017776702684420        1.0101010101010102E-002   1.0017776702684420        1.0000000000000000       -6.2172489379008766E-015
  0.45454485020124952       -1.0024637876459109E-005   1.2121212121212121E-002   1.0017809155859820        1.0101010101010102E-002   1.0017809155859820        1.0000000000000000       -6.2172489379008766E-015
  0.46464603721479891       -8.3652235846555611E-006   1.2121212121212121E-002   1.0017839399001844        1.0101010101010102E-002   1.0017839399001844        1.0000000000000000       -6.2172489379008766E-015
  0.47474719542185390       -6.6424163139947457E-006   1.2121212121212121E-002   1.0017866373714197        1.0101010101010102E-002   1.0017866373714197        1.0000000000000000        5.3290705182007514E-015
  0.48484832867929584       -4.3743497665275077E-006   1.2121212121212121E-002   1.0017887214246775        1.0101010101010102E-002   1.0017887214246775        1.0000000000000000       -7.0166095156309893E-014
  0.49494944527862628       -1.5114273804864701E-006   1.2121212121212121E-002   1.0017899035933850        1.0101010101010102E-002   1.0017899035933850        1.0000000000000000       -4.4941828036826337E-013
  0.50505055472160920        1.5114274843892212E-006   1.2121212121212121E-002   1.0017899035933118        1.0101010101010102E-002   1.0017899035933118        1.0000000000000000       -6.9277916736609768E-014
  0.51515167132094108        4.3743498369795027E-006   1.2121212121212121E-002   1.0017887214244898        1.0101010101010102E-002   1.0017887214244898        1.0000000000000000        1.5987211554602254E-014
  0.52525280457838597        6.6424162401327341E-006   1.2121212121212121E-002   1.0017866373714861        1.0101010101010102E-002   1.0017866373714861        1.0000000000000000        1.7763568394002505E-015
  0.53535396278543634        8.3652237517439518E-006   1.2121212121212121E-002   1.0017839399003241        1.0101010101010102E-002   1.0017839399003241        1.0000000000000000        1.7763568394002505E-015
  0.54545514979898724        1.0024637959113738E-005   1.2121212121212121E-002   1.0017809155860045        1.0101010101010102E-002   1.0017809155860045        1.0000000000000000        1.7763568394002505E-015
  0.55555636791079399        1.1710575478588946E-005   1.2121212121212121E-002   1.0017776702685541        1.0101010101010102E-002   1.0017776702685541        1.0000000000000000        1.7763568394002505E-015
  0.56565761908930345        1.2860534283214131E-005   1.2121212121212121E-002   1.0017742394737768        1.0101010101010102E-002   1.0017742394737768        1.0000000000000000        1.7763568394002505E-015
  0.57575890516041661        1.2797219112048476E-005   1.2121212121212121E-002   1.0017707621457757        1.0101010101010102E-002   1.0017707621457757        1.0000000000000000        1.7763568394002505E-015
  0.58586022592068254        1.2203701942022309E-005   1.2121212121212121E-002   1.0017677452678690        1.0101010101010102E-002   1.0017677452678690        1.0000000000000000        1.7763568394002505E-015
  0.59596157171415043        1.1448378355795637E-005   1.2121212121212121E-002   1.0017652489325353        1.0101010101010102E-002   1.0017652489325353        1.0000000000000000        1.7763568394002505E-015
  0.60606294093831159        1.0338630867145084E-005   1.2121212121212121E-002   1.0017627816000987        1.0101010101010102E-002   1.0017627816000987        1.0000000000000000        1.7763568394002505E-015
  0.61616433542418947        9.1464760287975572E-006   1.2121212121212121E-002   1.0017602809022532        1.0101010101010102E-002   1.0017602809022532        1.0000000000000000        1.7763568394002505E-015
  0.62626575443537436        8.1283608649053870E-006   1.2121212121212121E-002   1.0017579314548530        1.0101010101010102E-002   1.0017579314548530        1.0000000000000000        1.7763568394002505E-015
  0.63636719490309557        7.4785670363279806E-006   1.2121212121212121E-002   1.0017554608323429        1.0101010101010102E-002   1.0017554608323429        1.0000000000000000        1.7763568394002505E-015
  0.64646866201296338        6.7734463589591132E-006   1.2121212121212121E-002   1.0017524699094129        1.0101010101010102E-002   1.0017524699094129        1.0000000000000000        1.7763568394002505E-015
  0.65657016230375365        5.8689908992245351E-006   1.2121212121212121E-002   1.0017493636995731        1.0101010101010102E-002   1.0017493636995731        1.0000000000000000        1.7763568394002505E-015
  0.66667169145445271        4.9736348472409004E-006   1.2121212121212121E-002   1.0017465400196055        1.0101010101010102E-002   1.0017465400196055        1.0000000000000000        1.7763568394002505E-015
  0.67677324730319444        4.6457477526225775E-006   1.2121212121212121E-002   1.0017439069677980        1.0101010101010102E-002   1.0017439069677980        1.0000000000000000        1.7763568394002505E-015
  0.68687482875651162        4.5886108501172359E-006   1.2121212121212121E-002   1.0017416340061855        1.0101010101010102E-002   1.0017416340061855        1.0000000000000000        1.7763568394002505E-015
  0.69697643009904109        3.7958227626544684E-006   1.2121212121212121E-002   1.0017400506142535        1.0101010101010102E-002   1.0017400506142535        1.0000000000000000        1.7763568394002505E-015
  0.70707804261286233        2.1761091993965298E-006   1.2121212121212121E-002   1.0017390212146817        1.0101010101010102E-002   1.0017390212146817        1.0000000000000000        1.7763568394002505E-015
  0.71717966364265873        4.8020741752094134E-007   1.2121212121212121E-002   1.0017381583366360        1.0101010101010102E-002   1.0017381583366360        1.0000000000000000        1.7763568394002505E-015
  0.72728129316693269       -8.6954905250550699E-007   1.2121212121212121E-002   1.0017374225222082        1.0101010101010102E-002   1.0017374225222082        1.0000000000000000        1.7763568394002505E-015
  0.73738292908759639       -1.8635039666785016E-006   1.2121212121212121E-002   1.0017370019511733        1.0101010101010102E-002   1.0017370019511733        1.0000000000000000        1.7763568394002505E-015
  0.74748456675091313       -2.5963872626215896E-006   1.2121212121212121E-002   1.0017367980453347        1.0101010101010102E-002   1.0017367980453347        1.0000000000000000        1.7763568394002505E-015
  0.75758620634479479       -3.3188311911445903E-006   1.2121212121212121E-002   1.0017365996454961        1.0101010101010102E-002   1.0017365996454961        1.0000000000000000        1.7763568394002505E-015
  0.76768784794081790       -4.0831003583009785E-006   1.2121212121212121E-002   1.0017363943971869        1.0101010101010102E-002   1.0017363943971869        1.0000000000000000        1.7763568394002505E-015
  0.77778949156986255       -4.9301472373985440E-006   1.2121212121212121E-002   1.0017361922588215        1.0101010101010102E-002   1.0017361922588215        1.0000000000000000        1.7763568394002505E-015
  0.78789113758244789       -5.7015124689769300E-006   1.2121212121212121E-002   1.0017362726107830        1.0101010101010102E-002   1.0017362726107830        1.0000000000000000        1.7763568394002505E-015
  0.79799278041760591       -6.5373150873956553E-006   1.2121212121212121E-002   1.0017371072736985        1.0101010101010102E-002   1.0017371072736985        1.0000000000000000        1.7763568394002505E-015
  0.80809440989933401       -7.6127459901047383E-006   1.2121212121212121E-002   1.0017386786887472        1.0101010101010102E-002   1.0017386786887472        1.0000000000000000        1.7763568394002505E-015
  0.81819602094294075       -8.8393291500379033E-006   1.2121212121212121E-002   1.0017405584059564        1.0101010101010102E-002   1.0017405584059564        1.0000000000000000        1.7763568394002505E-015
  0.82829761313839667       -9.7934588055111656E-006   1.2121212121212121E-002   1.0017426229085924        1.0101010101010102E-002   1.0017426229085924        1.0000000000000000        1.7763568394002505E-015
  0.83839918324033225       -1.0339544089335896E-005   1.2121212121212121E-002   1.0017447399222525        1.0101010101010102E-002   1.0017447399222525        1.0000000000000000        1.7763568394002505E-015
  0.84850073272802073       -1.0928660909119363E-005   1.2121212121212121E-002   1.0017464154618667        1.0101010101010102E-002   1.0017464154618667        1.0000000000000000        1.7763568394002505E-015
  0.85860226990235411       -1.1747545127745462E-005   1.2121212121212121E-002   1.0017477887117949        1.0101010101010102E-002   1.0017477887117949        1.0000000000000000        1.7763568394002505E-015
  0.86870379379627227       -1.2299241004060774E-005   1.2121212121212121E-002   1.0017497834484141        1.0101010101010102E-002   1.0017497834484141        1.0000000000000000        1.7763568394002505E-015
  0.87880529223908610       -1.2545575364959147E-005   1.2121212121212121E-002   1.0017528225937100        1.0101010101010102E-002   1.0017528225937100        1.0000000000000000        1.7763568394002505E-015
  0.88890675514077366       -1.2973483368411143E-005   1.2121212121212121E-002   1.0017563568950318        1.0101010101010102E-002   1.0017563568950318        1.0000000000000000        1.7763568394002505E-015
  0.89900818270095961       -1.3591363467707103E-005   1.2121212121212121E-002   1.0017597398509284        1.0101010101010102E-002   1.0017597398509284        1.0000000000000000        1.7763568394002505E-015
  0.90910957859917529       -1.4130142036112596E-005   1.2121212121212121E-002   1.0017628669296064        1.0101010101010102E-002   1.0017628669296064        1.0000000000000000        1.7763568394002505E-015
  0.91921094503567224       -1.4827317329296165E-005   1.2121212121212121E-002   1.0017661250617074        1.0101010101010102E-002   1.0017661250617074        1.0000000000000000        1.7763568394002505E-015
  0.92931227678495176       -1.5448397936890422E-005   1.2121212121212121E-002   1.0017696500785220        1.0101010101010102E-002   1.0017696500785220        1.0000000000000000        1.7763568394002505E-015
  0.93941357291985228       -1.5624967693254570E-005   1.2121212121212121E-002   1.0017730887474934        1.0101010101010102E-002   1.0017730887474934        1.0000000000000000        1.7763568394002505E-015
  0.94951483673893255       -1.5140951657469288E-005   1.2121212121212121E-002   1.0017764620742844        1.0101010101010102E-002   1.0017764620742844        1.0000000000000000        1.7763568394002505E-015
  0.95961606703071567       -1.4918814597346517E-005   1.2121212121212121E-002   1.0017802488432377        1.0101010101010102E-002   1.0017802488432377        1.0000000000000000        1.7763568394002505E-015
  0.96971725626899574       -1.5044056821290291E-005   1.2121212121212121E-002   1.0017845900835702        1.0101010101010102E-002   1.0017845900835702        1.0000000000000000        8.8817841970012523E-016
  0.97981839994916986       -1.5423386820049290E-005   1.2121212121212121E-002   1.0017890008099763        1.0101010101010102E-002   1.0017890008099763        1.0000000000000000       -3.2862601528904634E-014
  0.98991950149403607       -1.5528689952014732E-005   1.2121212121212121E-002   1.0017931352927192        1.0101010101010102E-002   1.0017931352927192        1.0000000000000000        1.5010215292932116E-013
   1.0000205634968382       -1.5690404136807411E-005   1.2121212121212121E-002   1.0017969085007321        1.0101010101010102E-002   1.0017969085007321        1.0000000000000000        1.0436096431476471E-012
   1.0101215735978484        1.5316926526903709E-005   1.2121212121212121E-002   1.0017931352927578        1.0101010101010102E-002   1.0017994879014080        1.0000000000000000        1.4299672557172016E-013
   1.0202225836988585        1.5199104251395536E-005   1.2121212121212121E-002   1.0017890008098214        1.0101010101010102E-002   1.0018003523073571        1.0000000000000000       -1.9677833450701065E-002
   1.0303235937998687        1.4805226144103821E-005   1.2121212121212121E-002   1.0017845900837175        1.0101010101010102E-002   1.0018004115226273        1.0000000000000000       -1.3138325546267744     
   1.0404246039008789        1.4702678459202772E-005   1.2121212121212121E-002   1.0017802488433973        1.0101010101010102E-002  0.99665637860081713        1.0000000000000000       -4.6453021478719450     
   1.0505256140018890        1.4962746808524443E-005   1.2121212121212121E-002   1.0017764620740763        1.0101010101010102E-002  0.77867798353909146        1.0000000000000000        107.01218865918355     
  -1.0121573597604154E-002  -1.5316926566628531E-005   1.2121212121212121E-002   1.0017931352927192        1.0101010101010102E-002   1.0017994879014154        1.0000000000000000        1.1546319456101628E-014
  -2.0222583698614256E-002  -1.5199103920520819E-005   1.2121212121212121E-002   1.0017890008099763        1.0101010101010102E-002   1.0018003523073633        1.0000000000000000        1.9677833450746363E-002
  -3.0323593799624356E-002  -1.4805226354040695E-005   1.2121212121212121E-002   1.0017845900835702        1.0101010101010102E-002   1.0018004115226335        1.0000000000000000        1.3138325546268277     
  -4.0424603900634459E-002  -1.4702678249476640E-005   1.2121212121212121E-002   1.0017802488432377        1.0101010101010102E-002  0.99665637860082268        1.0000000000000000        4.6453021478716039     
  -5.0525614001644563E-002  -1.4962746677204072E-005   1.2121212121212121E-002   1.0017764620742844        1.0101010101010102E-002  0.77867798353909445        1.0000000000000000       -107.01218865918408     
