 # x v h rho m p cs a
   17.551515151513915     
   1.2664828557358072E-014  -5.2827129875919210E-013   1.2121212121212121E-002   1.0017051585491155        1.0101010101010102E-002   1.0017051585491155        1.0000000000000000       -7.4296124807915476E-012
   1.0101951570501960E-002   1.6003775627434617E-006   1.2121212121212121E-002   1.0017053501301640        1.0101010101010102E-002   1.0017053501301640        1.0000000000000000       -3.9967868360690773E-005
   2.0203899353503977E-002   3.1942347615926872E-006   1.2121212121212121E-002   1.0017059241052599        1.0101010101010102E-002   1.0017059241052599        1.0000000000000000       -7.9775457795250304E-005
   3.0305839576717664E-002   4.7750751791699369E-006   1.2121212121212121E-002   1.0017068781728840        1.0101010101010102E-002   1.0017068781728840        1.0000000000000000       -1.1926295848319057E-004
   4.0407768498184886E-002   6.3364608945055135E-006   1.2121212121212121E-002   1.0017082085076647        1.0101010101010102E-002   1.0017082085076647        1.0000000000000000       -1.5827213484786995E-004
   5.0509682421272462E-002   7.8720352278942239E-006   1.2121212121212121E-002   1.0017099097749831        1.0101010101010102E-002   1.0017099097749831        1.0000000000000000       -1.9664623546322701E-004
   6.0611577709545103E-002   9.3755496574888179E-006   1.2121212121212121E-002   1.0017119751524506        1.0101010101010102E-002   1.0017119751524506        1.0000000000000000       -2.3423151029078326E-004
   7.0713450801319244E-002   1.0840889401619715E-005   1.2121212121212121E-002   1.0017143963569499        1.0101010101010102E-002   1.0017143963569499        1.0000000000000000       -2.7087684977100679E-004
   8.0815298223998883E-002   1.2262101946445781E-005   1.2121212121212121E-002   1.0017171636767128        1.0101010101010102E-002   1.0017171636767128        1.0000000000000000       -3.0643523520712534E-004
   9.0917116607999199E-002   1.3633420063889393E-005   1.2121212121212121E-002   1.0017202660110969        1.0101010101010102E-002   1.0017202660110969        1.0000000000000000       -3.4076384337122789E-004
  0.10101890270028546        1.4949285653530571E-005   1.2121212121212121E-002   1.0017236909136797        1.0101010101010102E-002   1.0017236909136797        1.0000000000000000       -3.7372469228635907E-004
  0.11112065337744940        1.6204371217201532E-005   1.2121212121212121E-002   1.0017274246418879        1.0101010101010102E-002   1.0017274246418879        1.0000000000000000       -4.0518531563904503E-004
  0.12122236565826186        1.7393604120372337E-005   1.2121212121212121E-002   1.0017314522117291        1.0101010101010102E-002   1.0017314522117291        1.0000000000000000       -4.3501917570409887E-004
  0.13132403671566339        1.8512188897248448E-005   1.2121212121212121E-002   1.0017357574567174        1.0101010101010102E-002   1.0017357574567174        1.0000000000000000       -4.6310610873057101E-004
  0.14142566388815167        1.9555621705753998E-005   1.2121212121212121E-002   1.0017403230921396        1.0101010101010102E-002   1.0017403230921396        1.0000000000000000       -4.8933302852471883E-004
  0.15152724469050111        2.0519712038808128E-005   1.2121212121212121E-002   1.0017451307853762        1.0101010101010102E-002   1.0017451307853762        1.0000000000000000       -5.1359445318688302E-004
  0.16162877682374868        2.1400596878316912E-005   1.2121212121212121E-002   1.0017501612275124        1.0101010101010102E-002   1.0017501612275124        1.0000000000000000       -5.3579225810018727E-004
  0.17173025818450194        2.2194760433656929E-005   1.2121212121212121E-002   1.0017553942095418        1.0101010101010102E-002   1.0017553942095418        1.0000000000000000       -5.5583688027116551E-004
  0.18183168687341925        2.2899044906121907E-005   1.2121212121212121E-002   1.0017608087047436        1.0101010101010102E-002   1.0017608087047436        1.0000000000000000       -5.7364739622034477E-004
  0.19193306120287734        2.3510659667179541E-005   1.2121212121212121E-002   1.0017663829519192        1.0101010101010102E-002   1.0017663829519192        1.0000000000000000       -5.8915163133921311E-004
  0.20203437970380841        2.4027195318109026E-005   1.2121212121212121E-002   1.0017720945415955        1.0101010101010102E-002   1.0017720945415955        1.0000000000000000       -6.0228667934847380E-004
  0.21213564113166655        2.4446633690837562E-005   1.2121212121212121E-002   1.0017779205073900        1.0101010101010102E-002   1.0017779205073900        1.0000000000000000       -6.1299940159464938E-004
  0.22223684447144462        2.4767354278361244E-005   1.2121212121212121E-002   1.0017838374161396        1.0101010101010102E-002   1.0017838374161396        1.0000000000000000       -6.2124574474076155E-004
  0.23233798894186991        2.4988134528055944E-005   1.2121212121212121E-002   1.0017898214626886        1.0101010101010102E-002   1.0017898214626886        1.0000000000000000       -6.2699234329688380E-004
  0.24243907399854064        2.5108160597667723E-005   1.2121212121212121E-002   1.0017958485662708        1.0101010101010102E-002   1.0017958485662708        1.0000000000000000       -6.3021523854178696E-004
  0.25254009933620924        2.5127025339586310E-005   1.2121212121212121E-002   1.0018018944650890        1.0101010101010102E-002   1.0018018944650890        1.0000000000000000       -6.3090083858963197E-004
  0.26264106489006267        2.5044731973816428E-005   1.2121212121212121E-002   1.0018079348157651        1.0101010101010102E-002   1.0018079348157651        1.0000000000000000       -6.2904588738632583E-004
  0.27274197083602653        2.4861687651802048E-005   1.2121212121212121E-002   1.0018139452909058        1.0101010101010102E-002   1.0018139452909058        1.0000000000000000       -6.2465718412241245E-004
  0.28284281759012253        2.4578705680132030E-005   1.2121212121212121E-002   1.0018199016770075        1.0101010101010102E-002   1.0018199016770075        1.0000000000000000       -6.1775188981982865E-004
  0.29294360580683804        2.4196999114430126E-005   1.2121212121212121E-002   1.0018257799724863        1.0101010101010102E-002   1.0018257799724863        1.0000000000000000       -6.0835721124608000E-004
  0.30304433637654105        2.3718173462055587E-005   1.2121212121212121E-002   1.0018315564829219        1.0101010101010102E-002   1.0018315564829219        1.0000000000000000       -5.9651019780559977E-004
  0.31314501042197934        2.3144221859057188E-005   1.2121212121212121E-002   1.0018372079187605        1.0101010101010102E-002   1.0018372079187605        1.0000000000000000       -5.8225841720727090E-004
  0.32324562929375628        2.2477512324522465E-005   1.2121212121212121E-002   1.0018427114901662        1.0101010101010102E-002   1.0018427114901662        1.0000000000000000       -5.6565870159452913E-004
  0.33334619456495451        2.1720780364019151E-005   1.2121212121212121E-002   1.0018480449973453        1.0101010101010102E-002   1.0018480449973453        1.0000000000000000       -5.4677743048880956E-004
  0.34344670802483712        2.0877118713665448E-005   1.2121212121212121E-002   1.0018531869206555        1.0101010101010102E-002   1.0018531869206555        1.0000000000000000       -5.2569019616033330E-004
  0.35354717167169042        1.9949956680738953E-005   1.2121212121212121E-002   1.0018581165093101        1.0101010101010102E-002   1.0018581165093101        1.0000000000000000       -5.0248190284918337E-004
  0.36364758770477112        1.8943053387453978E-005   1.2121212121212121E-002   1.0018628138661119        1.0101010101010102E-002   1.0018628138661119        1.0000000000000000       -4.7724576139440700E-004
  0.37374795851547199        1.7860479595820782E-005   1.2121212121212121E-002   1.0018672600256702        1.0101010101010102E-002   1.0018672600256702        1.0000000000000000       -4.5008298578963490E-004
  0.38384828667774040        1.6706602246436043E-005   1.2121212121212121E-002   1.0018714370332851        1.0101010101010102E-002   1.0018714370332851        1.0000000000000000       -4.2110318925470125E-004
  0.39394857493767715        1.5486062688280108E-005   1.2121212121212121E-002   1.0018753280189134        1.0101010101010102E-002   1.0018753280189134        1.0000000000000000       -3.9042303245118148E-004
  0.40404882620249566        1.4203760750549987E-005   1.2121212121212121E-002   1.0018789172652700        1.0101010101010102E-002   1.0018789172652700        1.0000000000000000       -3.5816629682994261E-004
  0.41414904352877940        1.2864840245837125E-005   1.2121212121212121E-002   1.0018821902708370        1.0101010101010102E-002   1.0018821902708370        1.0000000000000000       -3.2446272547126398E-004
  0.42424923011020010        1.1474657539438150E-005   1.2121212121212121E-002   1.0018851338086916        1.0101010101010102E-002   1.0018851338086916        1.0000000000000000       -2.8944837337707696E-004
  0.43434938926461986        1.0038770052016463E-005   1.2121212121212121E-002   1.0018877359830587        1.0101010101010102E-002   1.0018877359830587        1.0000000000000000       -2.5326477070830578E-004
  0.44444952442068364        8.5629104698833871E-006   1.2121212121212121E-002   1.0018899862776465        1.0101010101010102E-002   1.0018899862776465        1.0000000000000000       -2.1605803738022900E-004
  0.45454963910396956        7.0529667640349869E-006   1.2121212121212121E-002   1.0018918755960173        1.0101010101010102E-002   1.0018918755960173        1.0000000000000000       -1.7797806745623035E-004
  0.46464973692279454        5.5149544110014480E-006   1.2121212121212121E-002   1.0018933962988932        1.0101010101010102E-002   1.0018933962988932        1.0000000000000000       -1.3917875183366846E-004
  0.47474982155362933        3.9549989602672227E-006   1.2121212121212121E-002   1.0018945422382262        1.0101010101010102E-002   1.0018945422382262        1.0000000000000000       -9.9817108162092438E-005
  0.48484989672622220        2.3793097609201002E-006   1.2121212121212121E-002   1.0018953087821045        1.0101010101010102E-002   1.0018953087821045        1.0000000000000000       -6.0052211624750385E-005
  0.49494996620852461        7.9415616879984674E-007   1.2121212121212121E-002   1.0018956928311240        1.0101010101010102E-002   1.0018956928311240        1.0000000000000000       -2.0044453191481182E-005
  0.50505003379150126       -7.9415593105365982E-007   1.2121212121212121E-002   1.0018956928312044        1.0101010101010102E-002   1.0018956928312044        1.0000000000000000        2.0044437713195862E-005
  0.51515010327380151       -2.3793097803784295E-006   1.2121212121212121E-002   1.0018953087820555        1.0101010101010102E-002   1.0018953087820555        1.0000000000000000        6.0052251220632513E-005
  0.52525017844639765       -3.9549989936469370E-006   1.2121212121212121E-002   1.0018945422381054        1.0101010101010102E-002   1.0018945422381054        1.0000000000000000        9.9817085295939023E-005
  0.53535026307723166       -5.5149542572122691E-006   1.2121212121212121E-002   1.0018933962987617        1.0101010101010102E-002   1.0018933962987617        1.0000000000000000        1.3917877951019619E-004
  0.54545036089605980       -7.0529668065728841E-006   1.2121212121212121E-002   1.0018918755957960        1.0101010101010102E-002   1.0018918755957960        1.0000000000000000        1.7797805648811504E-004
  0.55555047557934756       -8.5629108534817509E-006   1.2121212121212121E-002   1.0018899862776700        1.0101010101010102E-002   1.0018899862776700        1.0000000000000000        2.1605799755519683E-004
  0.56565061073540890       -1.0038769881538471E-005   1.2121212121212121E-002   1.0018877359832570        1.0101010101010102E-002   1.0018877359832570        1.0000000000000000        2.5326476994269598E-004
  0.57575076988982687       -1.1474657747580930E-005   1.2121212121212121E-002   1.0018851338088726        1.0101010101010102E-002   1.0018851338088726        1.0000000000000000        2.8944837869371298E-004
  0.58585095647124552       -1.2864839745937572E-005   1.2121212121212121E-002   1.0018821902708432        1.0101010101010102E-002   1.0018821902708432        1.0000000000000000        3.2446276024522547E-004
  0.59595117379753126       -1.4203761411082466E-005   1.2121212121212121E-002   1.0018789172651488        1.0101010101010102E-002   1.0018789172651488        1.0000000000000000        3.5816628809737239E-004
  0.60605142506235066       -1.5486062358419905E-005   1.2121212121212121E-002   1.0018753280189365        1.0101010101010102E-002   1.0018753280189365        1.0000000000000000        3.9042300959035714E-004
  0.61615171332228580       -1.6706601941956995E-005   1.2121212121212121E-002   1.0018714370333019        1.0101010101010102E-002   1.0018714370333019        1.0000000000000000        4.2110321503319170E-004
  0.62625204148455504       -1.7860479986306426E-005   1.2121212121212121E-002   1.0018672600254586        1.0101010101010102E-002   1.0018672600254586        1.0000000000000000        4.5008300726401274E-004
  0.63635241229526007       -1.8943053476826786E-005   1.2121212121212121E-002   1.0018628138661072        1.0101010101010102E-002   1.0018628138661072        1.0000000000000000        4.7724569738782918E-004
  0.64645282832833662       -1.9949956853954145E-005   1.2121212121212121E-002   1.0018581165094744        1.0101010101010102E-002   1.0018581165094744        1.0000000000000000        5.0248192965174354E-004
  0.65655329197519030       -2.0877118169165798E-005   1.2121212121212121E-002   1.0018531869207041        1.0101010101010102E-002   1.0018531869207041        1.0000000000000000        5.2569019141657236E-004
  0.66665380543507191       -2.1720780798580825E-005   1.2121212121212121E-002   1.0018480449974321        1.0101010101010102E-002   1.0018480449974321        1.0000000000000000        5.4677743160613801E-004
  0.67675437070626909       -2.2477512072623421E-005   1.2121212121212121E-002   1.0018427114901309        1.0101010101010102E-002   1.0018427114901309        1.0000000000000000        5.6565872386027394E-004
  0.68685498957804803       -2.3144221987632399E-005   1.2121212121212121E-002   1.0018372079187168        1.0101010101010102E-002   1.0018372079187168        1.0000000000000000        5.8225839901915322E-004
  0.69695566362348516       -2.3718173322269909E-005   1.2121212121212121E-002   1.0018315564828715        1.0101010101010102E-002   1.0018315564828715        1.0000000000000000        5.9651021884032929E-004
  0.70705639419319044       -2.4196999536418704E-005   1.2121212121212121E-002   1.0018257799725234        1.0101010101010102E-002   1.0018257799725234        1.0000000000000000        6.0835716417884100E-004
  0.71715718240990356       -2.4578705144631339E-005   1.2121212121212121E-002   1.0018199016774136        1.0101010101010102E-002   1.0018199016774136        1.0000000000000000        6.1775186421542116E-004
  0.72725802916399240       -2.4861687764038366E-005   1.2121212121212121E-002   1.0018139452908708        1.0101010101010102E-002   1.0018139452908708        1.0000000000000000        6.2465730097205352E-004
  0.73735893510996464       -2.5044732097605828E-005   1.2121212121212121E-002   1.0018079348155613        1.0101010101010102E-002   1.0018079348155613        1.0000000000000000        6.2904580684897127E-004
  0.74745990066381462       -2.5127025096033997E-005   1.2121212121212121E-002   1.0018018944652041        1.0101010101010102E-002   1.0018018944652041        1.0000000000000000        6.3090085645889360E-004
  0.75756092600148317       -2.5108160493916128E-005   1.2121212121212121E-002   1.0017958485660963        1.0101010101010102E-002   1.0017958485660963        1.0000000000000000        6.3021527391171617E-004
  0.76766201105815823       -2.4988134663579568E-005   1.2121212121212121E-002   1.0017898214626300        1.0101010101010102E-002   1.0017898214626300        1.0000000000000000        6.2699229076912388E-004
  0.77776315552858022       -2.4767354931051989E-005   1.2121212121212121E-002   1.0017838374161718        1.0101010101010102E-002   1.0017838374161718        1.0000000000000000        6.2124577326638786E-004
  0.78786435886836104       -2.4446633566662380E-005   1.2121212121212121E-002   1.0017779205075439        1.0101010101010102E-002   1.0017779205075439        1.0000000000000000        6.1299934516778620E-004
  0.79796562029621321       -2.4027194758690426E-005   1.2121212121212121E-002   1.0017720945417357        1.0101010101010102E-002   1.0017720945417357        1.0000000000000000        6.0228674491646927E-004
  0.80806693879714675       -2.3510659500878926E-005   1.2121212121212121E-002   1.0017663829516810        1.0101010101010102E-002   1.0017663829516810        1.0000000000000000        5.8915164150263877E-004
  0.81816831312660832       -2.2899045283572155E-005   1.2121212121212121E-002   1.0017608087047742        1.0101010101010102E-002   1.0017608087047742        1.0000000000000000        5.7364733135134571E-004
  0.82826974181552115       -2.2194760381764956E-005   1.2121212121212121E-002   1.0017553942096418        1.0101010101010102E-002   1.0017553942096418        1.0000000000000000        5.5583693097727149E-004
  0.83837122317627610       -2.1400596886166166E-005   1.2121212121212121E-002   1.0017501612272672        1.0101010101010102E-002   1.0017501612272672        1.0000000000000000        5.3579227742428515E-004
  0.84847275530952804       -2.0519712119594271E-005   1.2121212121212121E-002   1.0017451307854119        1.0101010101010102E-002   1.0017451307854119        1.0000000000000000        5.1359437751941073E-004
  0.85857433611187206       -1.9555621691081521E-005   1.2121212121212121E-002   1.0017403230922812        1.0101010101010102E-002   1.0017403230922812        1.0000000000000000        4.8933308067145020E-004
  0.86867596328436225       -1.8512188426415223E-005   1.2121212121212121E-002   1.0017357574565939        1.0101010101010102E-002   1.0017357574565939        1.0000000000000000        4.6310611008681946E-004
  0.87877763434176515       -1.7393604780920989E-005   1.2121212121212121E-002   1.0017314522117640        1.0101010101010102E-002   1.0017314522117640        1.0000000000000000        4.3501914584709311E-004
  0.88887934662257517       -1.6204370971772936E-005   1.2121212121212121E-002   1.0017274246419041        1.0101010101010102E-002   1.0017274246419041        1.0000000000000000        4.0518534588240840E-004
  0.89898109729974118       -1.4949285632187531E-005   1.2121212121212121E-002   1.0017236909136438        1.0101010101010102E-002   1.0017236909136438        1.0000000000000000        3.7372467445351276E-004
  0.90908288339202625       -1.3633419728278345E-005   1.2121212121212121E-002   1.0017202660111058        1.0101010101010102E-002   1.0017202660111058        1.0000000000000000        3.4076385041004187E-004
  0.91918470177602762       -1.2262102452842377E-005   1.2121212121212121E-002   1.0017171636767754        1.0101010101010102E-002   1.0017171636767754        1.0000000000000000        3.0643521899698101E-004
  0.92928654919870457       -1.0840889389066483E-005   1.2121212121212121E-002   1.0017143963568660        1.0101010101010102E-002   1.0017143963568660        1.0000000000000000        2.7087689373495039E-004
  0.93938842229048358       -9.3755492222459575E-006   1.2121212121212121E-002   1.0017119751524768        1.0101010101010102E-002   1.0017119751524768        1.0000000000000000        2.3423144721768097E-004
  0.94949031757875046       -7.8720352550001235E-006   1.2121212121212121E-002   1.0017099097749491        1.0101010101010102E-002   1.0017099097749491        1.0000000000000000        1.9664630835070085E-004
  0.95959223150184469       -6.3364605900012077E-006   1.2121212121212121E-002   1.0017082085076867        1.0101010101010102E-002   1.0017082085076867        1.0000000000000000        1.5827204998863920E-004
  0.96969416042330492       -4.7750755428138435E-006   1.2121212121212121E-002   1.0017068781730036        1.0101010101010102E-002   1.0017068781730036        1.0000000000000000        1.1926302436737757E-004
  0.97979610064652278       -3.1942342473998822E-006   1.2121212121212121E-002   1.0017059241052428        1.0101010101010102E-002   1.0017059241052428        1.0000000000000000        7.9775418324601333E-005
  0.98989804842952134       -1.6003779533828783E-006   1.2121212121212121E-002   1.0017053501301947        1.0101010101010102E-002   1.0017053501301947        1.0000000000000000        3.9967900506532317E-005
   1.0000000000000133        6.1379935207822621E-014   1.2121212121212121E-002   1.0017051585491190        1.0101010101010102E-002   1.0017051585491190        1.0000000000000000       -1.9910295634417707E-011
   1.0101019515705019        1.6970611386545579E-006   1.2121212121212121E-002   1.0017053501301640        1.0101010101010102E-002   1.0017053501301640        1.0000000000000000       -3.9967862189627112E-005
   1.0202038993535041        3.3872141705949410E-006   1.2121212121212121E-002   1.0017059241052599        1.0101010101010102E-002   1.0017059241052599        1.0000000000000000       -7.9775457276554107E-005
   1.0303058395767177        5.0635762763810081E-006   1.2121212121212121E-002   1.0017068781728840        1.0101010101010102E-002   1.0017068781728840        1.0000000000000000       -1.1926295886866001E-004
   1.0404077684981849        6.7193267034406835E-006   1.2121212121212121E-002   1.0017082085076647        1.0101010101010102E-002   1.0017082085076647        1.0000000000000000       -1.5827213518804228E-004
   1.0505096824212725        8.3477296193638512E-006   1.2121212121212121E-002   1.0017099097749831        1.0101010101010102E-002   1.0017099097749831        1.0000000000000000       -1.9664623626258759E-004
   1.0606115777095451        9.9421645907630437E-006   1.2121212121212121E-002   1.0017119751524506        1.0101010101010102E-002   1.0017119751524506        1.0000000000000000       -2.3423150924717362E-004
   1.0707134508013192        1.1496151411802063E-005   1.2121212121212121E-002   1.0017143963569499        1.0101010101010102E-002   1.0017143963569499        1.0000000000000000       -2.7087684863058570E-004
   1.0808152982239989        1.3003381906564904E-005   1.2121212121212121E-002   1.0017171636767128        1.0101010101010102E-002   1.0017171636767128        1.0000000000000000       -3.0643523629070302E-004
   1.0909171166079992        1.4457743353391105E-005   1.2121212121212121E-002   1.0017202660110969        1.0101010101010102E-002   1.0017202660110969        1.0000000000000000        7.6196789454124172     
   1.1010189027002855        1.5853343855715754E-005   1.2121212121212121E-002   1.0017236909136797        1.0101010101010102E-002   1.0017236909136797        1.0000000000000000        93.405167488668468     
  -1.0101951570478662E-002  -1.6970615913189726E-006   1.2121212121212121E-002   1.0017053501301947        1.0101010101010102E-002   1.0017053501301947        1.0000000000000000        3.9967897030201982E-005
  -2.0203899353477217E-002  -3.3872136020262376E-006   1.2121212121212121E-002   1.0017059241052428        1.0101010101010102E-002   1.0017059241052428        1.0000000000000000        7.9775415825267260E-005
  -3.0305839576695082E-002  -5.0635767661990018E-006   1.2121212121212121E-002   1.0017068781730036        1.0101010101010102E-002   1.0017068781730036        1.0000000000000000        1.1926302437625935E-004
  -4.0407768498155305E-002  -6.7193262119807410E-006   1.2121212121212121E-002   1.0017082085076867        1.0101010101010102E-002   1.0017082085076867        1.0000000000000000        1.5827204999219191E-004
  -5.0509682421249535E-002  -8.3477298064129206E-006   1.2121212121212121E-002   1.0017099097749491        1.0101010101010102E-002   1.0017099097749491        1.0000000000000000        1.9664630835514174E-004
  -6.0611577709516418E-002  -9.9421640294516008E-006   1.2121212121212121E-002   1.0017119751524768        1.0101010101010102E-002   1.0017119751524768        1.0000000000000000        2.3423144722833911E-004
  -7.0713450801295430E-002  -1.1496151502067596E-005   1.2121212121212121E-002   1.0017143963568660        1.0101010101010102E-002   1.0017143963568660        1.0000000000000000        2.7087689372962132E-004
  -8.0815298223972376E-002  -1.3003382343025791E-005   1.2121212121212121E-002   1.0017171636767754        1.0101010101010102E-002   1.0017171636767754        1.0000000000000000        3.0643521900941550E-004
  -9.0917116607973747E-002  -1.4457743057180727E-005   1.2121212121212121E-002   1.0017202660111058        1.0101010101010102E-002   1.0017202660111058        1.0000000000000000       -7.6196789454016738     
 -0.10101890270025882       -1.5853343790033770E-005   1.2121212121212121E-002   1.0017236909136438        1.0101010101010102E-002   1.0017236909136438        1.0000000000000000       -93.405167488676824     
