 # x v h rho
   5.60519386E-45
   0.00000000       0.00000000       0.00000000       0.00000000    
   1.01010101E-02   6.34239223E-06   1.21212127E-02   477.506500    
   2.02020202E-02   1.26592458E-05   1.21212127E-02   739.389465    
   3.03030312E-02   1.89251259E-05   1.21212136E-02   1102.48645    
   4.04040404E-02   2.51147976E-05   1.21212117E-02   1457.93567    
   5.05050495E-02   3.12033444E-05   1.21212117E-02   1805.74194    
   6.06060587E-02   3.71662463E-05   1.21212117E-02   2145.90918    
   7.07070678E-02   4.29794891E-05   1.21212117E-02   2478.42578    
   8.08080807E-02   4.86196732E-05   1.21212164E-02   2803.29858    
   9.09090936E-02   5.40640831E-05   1.21212164E-02   3120.53003    
  0.101010107       5.92907963E-05   1.21212164E-02   3430.11426    
  0.111111119       6.42787709E-05   1.21212164E-02   3732.06348    
  0.121212132       6.90079032E-05   1.21212164E-02   4026.36035    
  0.131313145       7.34591740E-05   1.21212164E-02   4313.01367    
  0.141414151       7.76146480E-05   1.21212071E-02   4592.02393    
  0.151515156       8.14575978E-05   1.21212071E-02   4863.39209    
  0.161616161       8.49725402E-05   1.21212071E-02   5127.10889    
  0.171717167       8.81453379E-05   1.21212071E-02   5383.19629    
  0.181818172       9.09631926E-05   1.21212071E-02   5631.62402    
  0.191919178       9.34147829E-05   1.21212071E-02   5872.41699    
  0.202020183       9.54902207E-05   1.21212071E-02   6105.56641    
  0.212121189       9.71811533E-05   1.21212071E-02   6331.05908    
  0.222222194       9.84807702E-05   1.21212071E-02   6548.92236    
  0.232323200       9.93838403E-05   1.21212071E-02   6759.12646    
  0.242424205       9.98867326E-05   1.21212071E-02   6961.70557    
  0.252525210       9.99874101E-05   1.21212071E-02   7156.62158    
  0.262626231       9.96854724E-05   1.21212248E-02   7343.90039    
  0.272727251       9.89821419E-05   1.21212248E-02   7523.52686    
  0.282828271       9.78802418E-05   1.21212248E-02   7695.53027    
  0.292929292       9.63842103E-05   1.21212248E-02   7859.86963    
  0.303030312       9.45000720E-05   1.21212248E-02   8016.58008    
  0.313131332       9.22354229E-05   1.21212248E-02   8165.64648    
  0.323232353       8.95993653E-05   1.21212248E-02   8307.05273    
  0.333333373       8.66025221E-05   1.21212248E-02   8440.83105    
  0.343434393       8.32569640E-05   1.21212248E-02   8566.95117    
  0.353535414       7.95761589E-05   1.21212248E-02   8685.44141    
  0.363636434       7.55749352E-05   1.21212248E-02   8796.27344    
  0.373737454       7.12693654E-05   1.21212248E-02   8899.47559    
  0.383838475       6.66768465E-05   1.21212248E-02   8995.03320    
  0.393939495       6.18158374E-05   1.21212248E-02   9082.93359    
  0.404040515       5.67059215E-05   1.21212248E-02   9163.19824    
  0.414141536       5.13676678E-05   1.21212248E-02   9235.81055    
  0.424242556       4.58225768E-05   1.21212248E-02   9300.79395    
  0.434343576       4.00929530E-05   1.21212248E-02   9358.12012    
  0.444444597       3.42019084E-05   1.21212248E-02   9407.80664    
  0.454545617       2.81731445E-05   1.21212248E-02   9449.85449    
  0.464646637       2.20309394E-05   1.21212248E-02   9484.24805    
  0.474747658       1.58000221E-05   1.21212248E-02   9511.00879    
  0.484848678       9.50548110E-06   1.21212248E-02   9530.11621    
  0.494949698       3.17266677E-06   1.21212248E-02   9541.58105    
  0.505050719      -3.17294666E-06   1.21212248E-02   9545.39844    
  0.515151739      -9.50575941E-06   1.21212248E-02   9541.58203    
  0.525252759      -1.58002968E-05   1.21212248E-02   9530.12109    
  0.535353780      -2.20312104E-05   1.21212248E-02   9511.00684    
  0.545454800      -2.81734137E-05   1.21212248E-02   9484.25391    
  0.555555820      -3.42021740E-05   1.21212248E-02   9449.85059    
  0.565656841      -4.00932076E-05   1.21212248E-02   9407.81250    
  0.575757861      -4.58228278E-05   1.21212248E-02   9358.12207    
  0.585858881      -5.13679151E-05   1.21212248E-02   9300.79492    
  0.595959902      -5.67061543E-05   1.21212248E-02   9235.82031    
  0.606060922      -6.18160557E-05   1.21212248E-02   9163.19727    
  0.616161942      -6.66770575E-05   1.21212248E-02   9082.93848    
  0.626262963      -7.12695619E-05   1.21212248E-02   8995.02832    
  0.636363983      -7.55751098E-05   1.21212248E-02   8899.47852    
  0.646465003      -7.95763262E-05   1.21212248E-02   8796.27832    
  0.656566024      -8.32571168E-05   1.21212248E-02   8685.44238    
  0.666667044      -8.66026603E-05   1.21212248E-02   8566.96191    
  0.676768064      -8.95994890E-05   1.21212248E-02   8440.82910    
  0.686869085      -9.22355248E-05   1.21212248E-02   8307.06250    
  0.696970105      -9.45001666E-05   1.21212248E-02   8165.64014    
  0.707071126      -9.63842831E-05   1.21212248E-02   8016.58496    
  0.717172146      -9.78802927E-05   1.21212248E-02   7859.88281    
  0.727273166      -9.89821856E-05   1.21212248E-02   7695.53076    
  0.737374187      -9.96855015E-05   1.21212248E-02   7523.54053    
  0.747475207      -9.99874173E-05   1.21212248E-02   7343.89990    
  0.757576227      -9.98867181E-05   1.21212248E-02   7156.62305    
  0.767677248      -9.93838039E-05   1.21212248E-02   6961.69531    
  0.777778268      -9.84807193E-05   1.21212248E-02   6759.12842    
  0.787879288      -9.71810732E-05   1.21212248E-02   6548.91260    
  0.797980309      -9.54901188E-05   1.21212248E-02   6331.05664    
  0.808081329      -9.34146592E-05   1.21212248E-02   6105.55664    
  0.818182349      -9.09630544E-05   1.21212248E-02   5872.40967    
  0.828283370      -8.81451706E-05   1.21212248E-02   5631.62256    
  0.838384390      -8.49723583E-05   1.21212248E-02   5383.18750    
  0.848485410      -8.14573868E-05   1.21212248E-02   5127.11035    
  0.858586431      -7.76144152E-05   1.21212248E-02   4863.38721    
  0.868687451      -7.34589266E-05   1.21212248E-02   4592.02197    
  0.878788471      -6.90076049E-05   1.21212248E-02   4313.01172    
  0.888889492      -6.42784435E-05   1.21212248E-02   4026.35742    
  0.898990512      -5.92904544E-05   1.21212248E-02   3732.06006    
  0.909091532      -5.40637302E-05   1.21212248E-02   3430.11743    
  0.919192553      -4.86193021E-05   1.21212248E-02   3120.53076    
  0.929293573      -4.29791035E-05   1.21212248E-02   2803.30005    
  0.939394593      -3.71658462E-05   1.21212248E-02   2478.42505    
  0.949495614      -3.12029370E-05   1.21212248E-02   2145.90625    
  0.959596634      -2.51143774E-05   1.21212248E-02   1805.74341    
  0.969697654      -1.89246948E-05   1.21212248E-02   1457.93628    
  0.979798675      -1.26588084E-05   1.21212248E-02   1102.48511    
  0.989899695      -6.34194885E-06   1.21212248E-02   739.389771    
   1.00000072       4.46637977E-10   1.21212248E-02   477.506073    
