 # x v h rho m p cs a
   9.6500000000000909     
  -1.9397907609297857E-007  -3.9920963588058739E-006   1.2121212121212121E-002   1.0018001960432208        1.0101010101010102E-002   1.0018001960432208        1.0000000000000000        1.2434497875801753E-014
   1.0100823341556833E-002  -4.0219406821921244E-006   1.2121212121212121E-002   1.0017991593169706        1.0101010101010102E-002   1.0017991593169706        1.0000000000000000       -1.4210854715202004E-014
   2.0201850951809264E-002  -4.6260373147292190E-006   1.2121212121212121E-002   1.0017980604192269        1.0101010101010102E-002   1.0017980604192269        1.0000000000000000       -9.9475983006414026E-014
   3.0302890018612697E-002  -6.1521261720215151E-006   1.2121212121212121E-002   1.0017970085339503        1.0101010101010102E-002   1.0017970085339503        1.0000000000000000        6.1284310959308641E-014
   4.0403939144153155E-002  -8.3430022076971069E-006   1.2121212121212121E-002   1.0017964403712103        1.0101010101010102E-002   1.0017964403712103        1.0000000000000000        3.5527136788005009E-015
   5.0504989821745318E-002  -1.0538220832238783E-005   1.2121212121212121E-002   1.0017966019343050        1.0101010101010102E-002   1.0017966019343050        1.0000000000000000        4.4408920985006262E-015
   6.0606035566738992E-002  -1.2707004881720117E-005   1.2121212121212121E-002   1.0017973678655301        1.0101010101010102E-002   1.0017973678655301        1.0000000000000000       -8.8817841970012523E-015
   7.0707070364331770E-002  -1.5433010593668506E-005   1.2121212121212121E-002   1.0017982816260722        1.0101010101010102E-002   1.0017982816260722        1.0000000000000000       -5.1514348342607263E-014
   8.0808097604161341E-002  -1.8335079651485999E-005   1.2121212121212121E-002   1.0017990722360701        1.0101010101010102E-002   1.0017990722360701        1.0000000000000000        2.1316282072803006E-014
   9.0909117224569305E-002  -2.1182816529206714E-005   1.2121212121212121E-002   1.0017999585630266        1.0101010101010102E-002   1.0017999585630266        1.0000000000000000        7.1054273576010019E-015
  0.10101012671600300       -2.3732835254509352E-005   1.2121212121212121E-002   1.0018008072077635        1.0101010101010102E-002   1.0018008072077635        1.0000000000000000        7.1054273576010019E-015
  0.11111112912616827       -2.6432752597473765E-005   1.2121212121212121E-002   1.0018013701318440        1.0101010101010102E-002   1.0018013701318440        1.0000000000000000        3.5527136788005009E-015
  0.12121212779051170       -2.8836769694482872E-005   1.2121212121212121E-002   1.0018018108593354        1.0101010101010102E-002   1.0018018108593354        1.0000000000000000        1.9539925233402755E-014
  0.13131312183206828       -3.0783905499907762E-005   1.2121212121212121E-002   1.0018022908680417        1.0101010101010102E-002   1.0018022908680417        1.0000000000000000        8.0824236192711396E-014
  0.14141411008019525       -3.2067832436727768E-005   1.2121212121212121E-002   1.0018022818281507        1.0101010101010102E-002   1.0018022818281507        1.0000000000000000        2.2204460492503131E-014
  0.15151510399801657       -3.3026789308075570E-005   1.2121212121212121E-002   1.0018016124734590        1.0101010101010102E-002   1.0018016124734590        1.0000000000000000       -6.2172489379008766E-015
  0.16161610642114241       -3.3899121817833173E-005   1.2121212121212121E-002   1.0018008231750450        1.0101010101010102E-002   1.0018008231750450        1.0000000000000000       -6.2172489379008766E-015
  0.17171711624291178       -3.4693581159820119E-005   1.2121212121212121E-002   1.0018001314269505        1.0101010101010102E-002   1.0018001314269505        1.0000000000000000       -6.2172489379008766E-015
  0.18181813222397658       -3.5600449785322084E-005   1.2121212121212121E-002   1.0017995127529036        1.0101010101010102E-002   1.0017995127529036        1.0000000000000000       -6.2172489379008766E-015
  0.19191915472715362       -3.6703105121235004E-005   1.2121212121212121E-002   1.0017992378491642        1.0101010101010102E-002   1.0017992378491642        1.0000000000000000       -6.2172489379008766E-015
  0.20202017646466666       -3.7773899171602944E-005   1.2121212121212121E-002   1.0017994784102293        1.0101010101010102E-002   1.0017994784102293        1.0000000000000000       -6.2172489379008766E-015
  0.21212119350124536       -3.8257244954982828E-005   1.2121212121212121E-002   1.0017998372132786        1.0101010101010102E-002   1.0017998372132786        1.0000000000000000       -6.2172489379008766E-015
  0.22222220799824827       -3.8569721829873634E-005   1.2121212121212121E-002   1.0018002106140307        1.0101010101010102E-002   1.0018002106140307        1.0000000000000000       -1.7763568394002505E-015
  0.23232321801587441       -3.9344863113387986E-005   1.2121212121212121E-002   1.0018007727770393        1.0101010101010102E-002   1.0018007727770393        1.0000000000000000       -5.6843418860808015E-014
  0.24242422095343472       -4.0413673245844925E-005   1.2121212121212121E-002   1.0018012480160854        1.0101010101010102E-002   1.0018012480160854        1.0000000000000000       -1.8562928971732617E-013
  0.25252522084929219       -4.0981083322838070E-005   1.2121212121212121E-002   1.0018012118179676        1.0101010101010102E-002   1.0018012118179676        1.0000000000000000        1.8385293287792592E-013
  0.26262622479000836       -4.0631938852896628E-005   1.2121212121212121E-002   1.0018008320084391        1.0101010101010102E-002   1.0018008320084391        1.0000000000000000        5.0626169922907138E-014
  0.27272723299946289       -3.9770181564559632E-005   1.2121212121212121E-002   1.0018005813297566        1.0101010101010102E-002   1.0018005813297566        1.0000000000000000       -6.2172489379008766E-015
  0.28282824185003713       -3.8825547931585990E-005   1.2121212121212121E-002   1.0018004508045055        1.0101010101010102E-002   1.0018004508045055        1.0000000000000000       -6.2172489379008766E-015
  0.29292925214216220       -3.7879008421882279E-005   1.2121212121212121E-002   1.0018001631057689        1.0101010101010102E-002   1.0018001631057689        1.0000000000000000       -6.2172489379008766E-015
  0.30303026682670919       -3.7038327066497353E-005   1.2121212121212121E-002   1.0017998092096716        1.0101010101010102E-002   1.0017998092096716        1.0000000000000000       -6.2172489379008766E-015
  0.31313128472876778       -3.6313820668224603E-005   1.2121212121212121E-002   1.0017997467375437        1.0101010101010102E-002   1.0017997467375437        1.0000000000000000       -6.2172489379008766E-015
  0.32323230062405844       -3.5495635068858319E-005   1.2121212121212121E-002   1.0017999731490592        1.0101010101010102E-002   1.0017999731490592        1.0000000000000000       -6.2172489379008766E-015
  0.33333331365166624       -3.4632779793616679E-005   1.2121212121212121E-002   1.0018002453503738        1.0101010101010102E-002   1.0018002453503738        1.0000000000000000       -6.2172489379008766E-015
  0.34343432389510514       -3.3613275446405347E-005   1.2121212121212121E-002   1.0018003908942503        1.0101010101010102E-002   1.0018003908942503        1.0000000000000000       -6.2172489379008766E-015
  0.35353533411320115       -3.2250546536026537E-005   1.2121212121212121E-002   1.0018004556933007        1.0101010101010102E-002   1.0018004556933007        1.0000000000000000       -6.2172489379008766E-015
  0.36363634350944668       -3.0535811018526748E-005   1.2121212121212121E-002   1.0018006826005312        1.0101010101010102E-002   1.0018006826005312        1.0000000000000000       -6.2172489379008766E-015
  0.37373734910241485       -2.8506007819677805E-005   1.2121212121212121E-002   1.0018009733640099        1.0101010101010102E-002   1.0018009733640099        1.0000000000000000       -6.2172489379008766E-015
  0.38383835197013838       -2.6325150546445816E-005   1.2121212121212121E-002   1.0018008541310406        1.0101010101010102E-002   1.0018008541310406        1.0000000000000000       -6.2172489379008766E-015
  0.39393935950695708       -2.4241477707459531E-005   1.2121212121212121E-002   1.0018001067797055        1.0101010101010102E-002   1.0018001067797055        1.0000000000000000       -6.2172489379008766E-015
  0.40404037825225114       -2.2321004181552987E-005   1.2121212121212121E-002   1.0017993946297328        1.0101010101010102E-002   1.0017993946297328        1.0000000000000000       -6.2172489379008766E-015
  0.41414140089281837       -2.0239807566777356E-005   1.2121212121212121E-002   1.0017993420048044        1.0101010101010102E-002   1.0017993420048044        1.0000000000000000       -6.2172489379008766E-015
  0.42424242029723030       -1.8356997671744421E-005   1.2121212121212121E-002   1.0017997593013610        1.0101010101010102E-002   1.0017997593013610        1.0000000000000000       -6.2172489379008766E-015
  0.43434343419716676       -1.6454687115396619E-005   1.2121212121212121E-002   1.0018003291785180        1.0101010101010102E-002   1.0018003291785180        1.0000000000000000       -6.2172489379008766E-015
  0.44444444201864336       -1.4052906048936944E-005   1.2121212121212121E-002   1.0018008281532040        1.0101010101010102E-002   1.0018008281532040        1.0000000000000000       -6.2172489379008766E-015
  0.45454544576294409       -1.1099519278945180E-005   1.2121212121212121E-002   1.0018010517677669        1.0101010101010102E-002   1.0018010517677669        1.0000000000000000       -6.2172489379008766E-015
  0.46464644877760680       -8.4784971194750208E-006   1.2121212121212121E-002   1.0018007740159656        1.0101010101010102E-002   1.0018007740159656        1.0000000000000000       -6.2172489379008766E-015
  0.47474745820784603       -6.2279209449486454E-006   1.2121212121212121E-002   1.0018001404521084        1.0101010101010102E-002   1.0018001404521084        1.0000000000000000        5.3290705182007514E-015
  0.48484847478299103       -3.7846052237214668E-006   1.2121212121212121E-002   1.0017997615513219        1.0101010101010102E-002   1.0017997615513219        1.0000000000000000       -7.0166095156309893E-014
  0.49494949185040660       -1.3133194008384886E-006   1.2121212121212121E-002   1.0017997442234956        1.0101010101010102E-002   1.0017997442234956        1.0000000000000000       -4.4941828036826337E-013
  0.50505050814996000        1.3133192799556422E-006   1.2121212121212121E-002   1.0017997442233377        1.0101010101010102E-002   1.0017997442233377        1.0000000000000000       -6.9277916736609768E-014
  0.51515152521737984        3.7846054271361026E-006   1.2121212121212121E-002   1.0017997615514262        1.0101010101010102E-002   1.0017997615514262        1.0000000000000000        1.5987211554602254E-014
  0.52525254179251812        6.2279210407918820E-006   1.2121212121212121E-002   1.0018001404522909        1.0101010101010102E-002   1.0018001404522909        1.0000000000000000        1.7763568394002505E-015
  0.53535355122275996        8.4784970733374733E-006   1.2121212121212121E-002   1.0018007740159507        1.0101010101010102E-002   1.0018007740159507        1.0000000000000000        1.7763568394002505E-015
  0.54545455423742095        1.1099519491571671E-005   1.2121212121212121E-002   1.0018010517678533        1.0101010101010102E-002   1.0018010517678533        1.0000000000000000        1.7763568394002505E-015
  0.55555555798172140        1.4052906279214296E-005   1.2121212121212121E-002   1.0018008281532396        1.0101010101010102E-002   1.0018008281532396        1.0000000000000000        1.7763568394002505E-015
  0.56565656580319723        1.6454686973634349E-005   1.2121212121212121E-002   1.0018003291783226        1.0101010101010102E-002   1.0018003291783226        1.0000000000000000        1.7763568394002505E-015
  0.57575757970313901        1.8356997921085866E-005   1.2121212121212121E-002   1.0017997593013246        1.0101010101010102E-002   1.0017997593013246        1.0000000000000000        1.7763568394002505E-015
  0.58585859910754656        2.0239807665278364E-005   1.2121212121212121E-002   1.0017993420050260        1.0101010101010102E-002   1.0017993420050260        1.0000000000000000        1.7763568394002505E-015
  0.59595962174811257        2.2321003955340065E-005   1.2121212121212121E-002   1.0017993946295631        1.0101010101010102E-002   1.0017993946295631        1.0000000000000000        1.7763568394002505E-015
  0.60606064049341202        2.4241477866202308E-005   1.2121212121212121E-002   1.0018001067795661        1.0101010101010102E-002   1.0018001067795661        1.0000000000000000        1.7763568394002505E-015
  0.61616164803022855        2.6325150556009926E-005   1.2121212121212121E-002   1.0018008541311936        1.0101010101010102E-002   1.0018008541311936        1.0000000000000000        1.7763568394002505E-015
  0.62626265089795030        2.8506008055868494E-005   1.2121212121212121E-002   1.0018009733639746        1.0101010101010102E-002   1.0018009733639746        1.0000000000000000        1.7763568394002505E-015
  0.63636365649092130        3.0535810892872453E-005   1.2121212121212121E-002   1.0018006826004724        1.0101010101010102E-002   1.0018006826004724        1.0000000000000000        1.7763568394002505E-015
  0.64646466588716534        3.2250546958635343E-005   1.2121212121212121E-002   1.0018004556933158        1.0101010101010102E-002   1.0018004556933158        1.0000000000000000        1.7763568394002505E-015
  0.65656567610526217        3.3613275296455945E-005   1.2121212121212121E-002   1.0018003908941600        1.0101010101010102E-002   1.0018003908941600        1.0000000000000000        1.7763568394002505E-015
  0.66666668634870241        3.4632779717551250E-005   1.2121212121212121E-002   1.0018002453503831        1.0101010101010102E-002   1.0018002453503831        1.0000000000000000        1.7763568394002505E-015
  0.67676769937630887        3.5495635168539982E-005   1.2121212121212121E-002   1.0017999731492617        1.0101010101010102E-002   1.0017999731492617        1.0000000000000000        1.7763568394002505E-015
  0.68686871527159621        3.6313821051307634E-005   1.2121212121212121E-002   1.0017997467375945        1.0101010101010102E-002   1.0017997467375945        1.0000000000000000        1.7763568394002505E-015
  0.69696973317365751        3.7038327012248904E-005   1.2121212121212121E-002   1.0017998092097344        1.0101010101010102E-002   1.0017998092097344        1.0000000000000000        1.7763568394002505E-015
  0.70707074785820001        3.7879008332736439E-005   1.2121212121212121E-002   1.0018001631055740        1.0101010101010102E-002   1.0018001631055740        1.0000000000000000        1.7763568394002505E-015
  0.71717175815033374        3.8825548076298574E-005   1.2121212121212121E-002   1.0018004508042406        1.0101010101010102E-002   1.0018004508042406        1.0000000000000000        1.7763568394002505E-015
  0.72727276700090537        3.9770181567228416E-005   1.2121212121212121E-002   1.0018005813298678        1.0101010101010102E-002   1.0018005813298678        1.0000000000000000        1.7763568394002505E-015
  0.73737377521035963        4.0631938882527995E-005   1.2121212121212121E-002   1.0018008320085776        1.0101010101010102E-002   1.0018008320085776        1.0000000000000000        1.7763568394002505E-015
  0.74747477915107341        4.0981083851233180E-005   1.2121212121212121E-002   1.0018012118181159        1.0101010101010102E-002   1.0018012118181159        1.0000000000000000        1.7763568394002505E-015
  0.75757577904692985        4.0413673054392256E-005   1.2121212121212121E-002   1.0018012480159983        1.0101010101010102E-002   1.0018012480159983        1.0000000000000000        1.7763568394002505E-015
  0.76767678198449341        3.9344862772595047E-005   1.2121212121212121E-002   1.0018007727769884        1.0101010101010102E-002   1.0018007727769884        1.0000000000000000        1.7763568394002505E-015
  0.77777779200211750        3.8569721978832340E-005   1.2121212121212121E-002   1.0018002106141199        1.0101010101010102E-002   1.0018002106141199        1.0000000000000000        1.7763568394002505E-015
  0.78787880649912012        3.8257245298711678E-005   1.2121212121212121E-002   1.0017998372132144        1.0101010101010102E-002   1.0017998372132144        1.0000000000000000        1.7763568394002505E-015
  0.79797982353570074        3.7773899032741027E-005   1.2121212121212121E-002   1.0017994784102016        1.0101010101010102E-002   1.0017994784102016        1.0000000000000000        1.7763568394002505E-015
  0.80808084527321256        3.6703105122353656E-005   1.2121212121212121E-002   1.0017992378492597        1.0101010101010102E-002   1.0017992378492597        1.0000000000000000        1.7763568394002505E-015
  0.81818186777638868        3.5600449931520492E-005   1.2121212121212121E-002   1.0017995127529653        1.0101010101010102E-002   1.0017995127529653        1.0000000000000000        1.7763568394002505E-015
  0.82828288375745274        3.4693581296159477E-005   1.2121212121212121E-002   1.0018001314267539        1.0101010101010102E-002   1.0018001314267539        1.0000000000000000        1.7763568394002505E-015
  0.83838389357922760        3.3899121804079493E-005   1.2121212121212121E-002   1.0018008231750515        1.0101010101010102E-002   1.0018008231750515        1.0000000000000000        1.7763568394002505E-015
  0.84848489600234767        3.3026789579971303E-005   1.2121212121212121E-002   1.0018016124735869        1.0101010101010102E-002   1.0018016124735869        1.0000000000000000        1.7763568394002505E-015
  0.85858588992017149        3.2067832329844861E-005   1.2121212121212121E-002   1.0018022818280101        1.0101010101010102E-002   1.0018022818280101        1.0000000000000000        1.7763568394002505E-015
  0.86868687816829959        3.0783905674049292E-005   1.2121212121212121E-002   1.0018022908680533        1.0101010101010102E-002   1.0018022908680533        1.0000000000000000        1.7763568394002505E-015
  0.87878787220985422        2.8836769809653864E-005   1.2121212121212121E-002   1.0018018108592364        1.0101010101010102E-002   1.0018018108592364        1.0000000000000000        1.7763568394002505E-015
  0.88888887087420210        2.6432752528282293E-005   1.2121212121212121E-002   1.0018013701319022        1.0101010101010102E-002   1.0018013701319022        1.0000000000000000        1.7763568394002505E-015
  0.89898987328436153        2.3732835262914653E-005   1.2121212121212121E-002   1.0018008072078468        1.0101010101010102E-002   1.0018008072078468        1.0000000000000000        1.7763568394002505E-015
  0.90909088277579897        2.1182816462630775E-005   1.2121212121212121E-002   1.0017999585629063        1.0101010101010102E-002   1.0017999585629063        1.0000000000000000        1.7763568394002505E-015
  0.91919190239620630        1.8335080138338138E-005   1.2121212121212121E-002   1.0017990722361354        1.0101010101010102E-002   1.0017990722361354        1.0000000000000000        1.7763568394002505E-015
  0.92929292963603516        1.5433010429727051E-005   1.2121212121212121E-002   1.0017982816262934        1.0101010101010102E-002   1.0017982816262934        1.0000000000000000        1.7763568394002505E-015
  0.93939396443362355        1.2707004946877872E-005   1.2121212121212121E-002   1.0017973678654895        1.0101010101010102E-002   1.0017973678654895        1.0000000000000000        1.7763568394002505E-015
  0.94949501017862237        1.0538220867911213E-005   1.2121212121212121E-002   1.0017966019339983        1.0101010101010102E-002   1.0017966019339983        1.0000000000000000        1.7763568394002505E-015
  0.95959606085621663        8.3430022063001971E-006   1.2121212121212121E-002   1.0017964403712749        1.0101010101010102E-002   1.0017964403712749        1.0000000000000000        1.7763568394002505E-015
  0.96969710998175307        6.1521262222355391E-006   1.2121212121212121E-002   1.0017970085340731        1.0101010101010102E-002   1.0017970085340731        1.0000000000000000        8.8817841970012523E-016
  0.97979814904855800        4.6260376167045479E-006   1.2121212121212121E-002   1.0017980604193220        1.0101010101010102E-002   1.0017980604193220        1.0000000000000000       -3.2862601528904634E-014
  0.98989917665880700        4.0219407517679528E-006   1.2121212121212121E-002   1.0017991593169944        1.0101010101010102E-002   1.0017991593169944        1.0000000000000000        1.5010215292932116E-013
   1.0000001939794427        3.9920963436401208E-006   1.2121212121212121E-002   1.0018001960431013        1.0101010101010102E-002   1.0018001960431013        1.0000000000000000        1.0436096431476471E-012
   1.0101012040804529       -4.0802829457865929E-006   1.2121212121212121E-002   1.0017991593169706        1.0101010101010102E-002   1.0018005731362942        1.0000000000000000        1.4299672557172016E-013
   1.0202022141814631       -4.6869240493895338E-006   1.2121212121212121E-002   1.0017980604192269        1.0101010101010102E-002   1.0018004269666094        1.0000000000000000       -1.9677833450701065E-002
   1.0303032242824732       -6.2035699780343670E-006   1.2121212121212121E-002   1.0017970085339503        1.0101010101010102E-002   1.0018004115226273        1.0000000000000000       -1.3138325546267744     
   1.0404042343834834       -8.3529060289530929E-006   1.2121212121212121E-002   1.0017964403712103        1.0101010101010102E-002  0.99665637860081713        1.0000000000000000       -4.6453021478719450     
   1.0505052444844936       -1.0510186216710200E-005   1.2121212121212121E-002   1.0017966019343050        1.0101010101010102E-002  0.77867798353909146        1.0000000000000000        107.01218865918355     
  -1.0101204080086195E-002   4.0802829935172290E-006   1.2121212121212121E-002   1.0017991593169944        1.0101010101010102E-002   1.0018005731363093        1.0000000000000000        1.1546319456101628E-014
  -2.0202214181096297E-002   4.6869243642634339E-006   1.2121212121212121E-002   1.0017980604193220        1.0101010101010102E-002   1.0018004269666156        1.0000000000000000        1.9677833450746363E-002
  -3.0303224282106397E-002   6.2035700113432465E-006   1.2121212121212121E-002   1.0017970085340731        1.0101010101010102E-002   1.0018004115226338        1.0000000000000000        1.3138325546268277     
  -4.0404234383116501E-002   8.3529060537987461E-006   1.2121212121212121E-002   1.0017964403712749        1.0101010101010102E-002  0.99665637860082290        1.0000000000000000        4.6453021478716039     
  -5.0505244484126605E-002   1.0510186264007998E-005   1.2121212121212121E-002   1.0017966019339983        1.0101010101010102E-002  0.77867798353909445        1.0000000000000000       -107.01218865918408     
