 # x v h rho m p cs a
   5.6024242424239823     
   2.0642904180204926E-015   1.4490550173914725E-013   1.2121212121212121E-002   1.0018913691349451        1.0101010101010102E-002   1.0018913691349451        1.0000000000000000       -1.5456969038041279E-011
   1.0100111255775594E-002   2.4278545377314242E-006   1.2121212121212121E-002   1.0018911860745243        1.0101010101010102E-002   1.0018911860745243        1.0000000000000000        3.8178972393332344E-005
   2.0200226129231946E-002   4.8459124735584881E-006   1.2121212121212121E-002   1.0018906376290444        1.0101010101010102E-002   1.0018906376290444        1.0000000000000000        7.6204527452716775E-005
   3.0300348223521859E-002   7.2444177446746487E-006   1.2121212121212121E-002   1.0018897260045656        1.0101010101010102E-002   1.0018897260045656        1.0000000000000000        1.1392360982664940E-004
   4.0400481112754440E-002   9.6136928249693557E-006   1.2121212121212121E-002   1.0018884548675588        1.0101010101010102E-002   1.0018884548675588        1.0000000000000000        1.5118482303577707E-004
   5.0500628327660002E-002   1.1944178746428252E-005   1.2121212121212121E-002   1.0018868293291709        1.0101010101010102E-002   1.0018868293291709        1.0000000000000000        1.8783838018965326E-004
   6.0600793341398382E-002   1.4226474146691115E-005   1.2121212121212121E-002   1.0018848559270983        1.0101010101010102E-002   1.0018848559270983        1.0000000000000000        2.2373666843389373E-004
   7.0700979555566423E-002   1.6451374821101737E-005   1.2121212121212121E-002   1.0018825425986957        1.0101010101010102E-002   1.0018825425986957        1.0000000000000000        2.5873547252519558E-004
   8.0801190286541882E-002   1.8609907519376573E-005   1.2121212121212121E-002   1.0018798986480679        1.0101010101010102E-002   1.0018798986480679        1.0000000000000000        2.9269405289333861E-004
   9.0901428752142452E-002   2.0693367772639250E-005   1.2121212121212121E-002   1.0018769347090319        1.0101010101010102E-002   1.0018769347090319        1.0000000000000000        3.2547592283105331E-004
  0.10100169805869692        2.2693357037647742E-005   1.2121212121212121E-002   1.0018736627027791        1.0101010101010102E-002   1.0018736627027791        1.0000000000000000        3.5694910565009508E-004
  0.11110200118854228        2.4601815493806584E-005   1.2121212121212121E-002   1.0018700957917306        1.0101010101010102E-002   1.0018700957917306        1.0000000000000000        3.8698674175297043E-004
  0.12120234098799448        2.6411053669671309E-005   1.2121212121212121E-002   1.0018662483246226        1.0101010101010102E-002   1.0018662483246226        1.0000000000000000        4.1546830141303559E-004
  0.13130272015593727        2.8113783398166860E-005   1.2121212121212121E-002   1.0018621357778872        1.0101010101010102E-002   1.0018621357778872        1.0000000000000000        4.4227912113026235E-004
  0.14140314123295511        2.9703147941867900E-005   1.2121212121212121E-002   1.0018577746966895        1.0101010101010102E-002   1.0018577746966895        1.0000000000000000        4.6731095529572997E-004
  0.15150360659106918        3.1172752010139604E-005   1.2121212121212121E-002   1.0018531826276922        1.0101010101010102E-002   1.0018531826276922        1.0000000000000000        4.9046310479550215E-004
  0.16160411842420419        3.2516683330104176E-005   1.2121212121212121E-002   1.0018483780474765        1.0101010101010102E-002   1.0018483780474765        1.0000000000000000        5.1164227162736609E-004
  0.17170467873933840        3.3729537129099033E-005   1.2121212121212121E-002   1.0018433802882909        1.0101010101010102E-002   1.0018433802882909        1.0000000000000000        5.3076323001466363E-004
  0.18180528934843457        3.4806439768071268E-005   1.2121212121212121E-002   1.0018382094610638        1.0101010101010102E-002   1.0018382094610638        1.0000000000000000        5.4774868969964530E-004
  0.19190595186110937        3.5743068245975995E-005   1.2121212121212121E-002   1.0018328863757271        1.0101010101010102E-002   1.0018328863757271        1.0000000000000000        5.6253002987194378E-004
  0.20200666767813139        3.6535665266297212E-005   1.2121212121212121E-002   1.0018274324563530        1.0101010101010102E-002   1.0018274324563530        1.0000000000000000        5.7504764773685935E-004
  0.21210743798577106        3.7181054201797281E-005   1.2121212121212121E-002   1.0018218696542893        1.0101010101010102E-002   1.0018218696542893        1.0000000000000000        5.8525104530460226E-004
  0.22220826375101568        3.7676654252992633E-005   1.2121212121212121E-002   1.0018162203608925        1.0101010101010102E-002   1.0018162203608925        1.0000000000000000        5.9309878461455412E-004
  0.23230914571763997        3.8020488613778471E-005   1.2121212121212121E-002   1.0018105073185688        1.0101010101010102E-002   1.0018105073185688        1.0000000000000000        5.9855891336280109E-004
  0.24241008440317294        3.8211192820496831E-005   1.2121212121212121E-002   1.0018047535278396        1.0101010101010102E-002   1.0018047535278396        1.0000000000000000        6.0160936722475356E-004
  0.25251108009681139        3.8248018552118877E-005   1.2121212121212121E-002   1.0017989821544899        1.0101010101010102E-002   1.0017989821544899        1.0000000000000000        6.0223758114386072E-004
  0.26261213285822010        3.8130837014100854E-005   1.2121212121212121E-002   1.0017932164368382        1.0101010101010102E-002   1.0017932164368382        1.0000000000000000        6.0044081257260018E-004
  0.27271324251727719        3.7860141626683803E-005   1.2121212121212121E-002   1.0017874795929871        1.0101010101010102E-002   1.0017874795929871        1.0000000000000000        5.9622582611318364E-004
  0.28281440867470542        3.7437042434364535E-005   1.2121212121212121E-002   1.0017817947271892        1.0101010101010102E-002   1.0017817947271892        1.0000000000000000        5.8960942354513435E-004
  0.29291563070366755        3.6863261274748577E-005   1.2121212121212121E-002   1.0017761847352633        1.0101010101010102E-002   1.0017761847352633        1.0000000000000000        5.8061812282961256E-004
  0.30301690775227291        3.6141126333620375E-005   1.2121212121212121E-002   1.0017706722123585        1.0101010101010102E-002   1.0017706722123585        1.0000000000000000        5.6928797143740439E-004
  0.31311823874699762        3.5273563336070797E-005   1.2121212121212121E-002   1.0017652793638776        1.0101010101010102E-002   1.0017652793638776        1.0000000000000000        5.5566403512496976E-004
  0.32321962239694718        3.4264081558154140E-005   1.2121212121212121E-002   1.0017600279163366        1.0101010101010102E-002   1.0017600279163366        1.0000000000000000        5.3980100128381281E-004
  0.33332105719903493        3.3116757486333857E-005   1.2121212121212121E-002   1.0017549390260920        1.0101010101010102E-002   1.0017549390260920        1.0000000000000000        5.2176299332185039E-004
  0.34342254144406742        3.1836222264053779E-005   1.2121212121212121E-002   1.0017500331952824        1.0101010101010102E-002   1.0017500331952824        1.0000000000000000        5.0162226226202478E-004
  0.35352407322357920        3.0427642136116580E-005   1.2121212121212121E-002   1.0017453301916603        1.0101010101010102E-002   1.0017453301916603        1.0000000000000000        4.7945962862705471E-004
  0.36362565043749662        2.8896696967558058E-005   1.2121212121212121E-002   1.0017408489676878        1.0101010101010102E-002   1.0017408489676878        1.0000000000000000        4.5536425319880891E-004
  0.37372727080257861        2.7249552869868775E-005   1.2121212121212121E-002   1.0017366075817331        1.0101010101010102E-002   1.0017366075817331        1.0000000000000000        4.2943344235624181E-004
  0.38382893186164863        2.5492844527815508E-005   1.2121212121212121E-002   1.0017326231261587        1.0101010101010102E-002   1.0017326231261587        1.0000000000000000        4.0177137941999064E-004
  0.39393063099345438        2.3633646228949874E-005   1.2121212121212121E-002   1.0017289116598789        1.0101010101010102E-002   1.0017289116598789        1.0000000000000000        3.7248942390633033E-004
  0.40403236542323151        2.1679440111423458E-005   1.2121212121212121E-002   1.0017254881431796        1.0101010101010102E-002   1.0017254881431796        1.0000000000000000        3.4170538560918118E-004
  0.41413413223385509        1.9638088789626016E-005   1.2121212121212121E-002   1.0017223663754560        1.0101010101010102E-002   1.0017223663754560        1.0000000000000000        3.0954367194535592E-004
  0.42423592837764157        1.7517802254881388E-005   1.2121212121212121E-002   1.0017195589391643        1.0101010101010102E-002   1.0017195589391643        1.0000000000000000        2.7613377919344373E-004
  0.43433775068861419        1.5327109752534898E-005   1.2121212121212121E-002   1.0017170771517829        1.0101010101010102E-002   1.0017170771517829        1.0000000000000000        2.4161015634227567E-004
  0.44443959589524379        1.3074818877908194E-005   1.2121212121212121E-002   1.0017149310190099        1.0101010101010102E-002   1.0017149310190099        1.0000000000000000        2.0611205485288053E-004
  0.45454146063364859        1.0769983752275745E-005   1.2121212121212121E-002   1.0017131291927837        1.0101010101010102E-002   1.0017131291927837        1.0000000000000000        1.6978275479484495E-004
  0.46464334146116887        8.4218676096539691E-006   1.2121212121212121E-002   1.0017116789359803        1.0101010101010102E-002   1.0017116789359803        1.0000000000000000        1.3276886483648553E-004
  0.47474523487026993        6.0399089964709363E-006   1.2121212121212121E-002   1.0017105860955249        1.0101010101010102E-002   1.0017105860955249        1.0000000000000000        9.5219262296275531E-005
  0.48484713730264029        3.6336815698869570E-006   1.2121212121212121E-002   1.0017098550787276        1.0101010101010102E-002   1.0017098550787276        1.0000000000000000        5.7285514299287854E-005
  0.49494904516356264        1.2128520265382372E-006   1.2121212121212121E-002   1.0017094888324687        1.0101010101010102E-002   1.0017094888324687        1.0000000000000000        1.9120867719379930E-005
  0.50505095483643714       -1.2128517558691507E-006   1.2121212121212121E-002   1.0017094888322291        1.0101010101010102E-002   1.0017094888322291        1.0000000000000000       -1.9120816496354109E-005
  0.51515286269736515       -3.6336816114012221E-006   1.2121212121212121E-002   1.0017098550785120        1.0101010101010102E-002   1.0017098550785120        1.0000000000000000       -5.7285569151410698E-005
  0.52525476512973457       -6.0399094167831089E-006   1.2121212121212121E-002   1.0017105860956017        1.0101010101010102E-002   1.0017105860956017        1.0000000000000000       -9.5219270670021672E-005
  0.53535665853883430       -8.4218673815237289E-006   1.2121212121212121E-002   1.0017116789359508        1.0101010101010102E-002   1.0017116789359508        1.0000000000000000       -1.3276883689261609E-004
  0.54545853936635669       -1.0769983666107525E-005   1.2121212121212121E-002   1.0017131291927293        1.0101010101010102E-002   1.0017131291927293        1.0000000000000000       -1.6978277390133911E-004
  0.55556040410476060       -1.3074819023609320E-005   1.2121212121212121E-002   1.0017149310190201        1.0101010101010102E-002   1.0017149310190201        1.0000000000000000       -2.0611204975651276E-004
  0.56566224931139086       -1.5327109486024224E-005   1.2121212121212121E-002   1.0017170771518558        1.0101010101010102E-002   1.0017170771518558        1.0000000000000000       -2.4161017726065381E-004
  0.57576407162236143       -1.7517802570817688E-005   1.2121212121212121E-002   1.0017195589393098        1.0101010101010102E-002   1.0017195589393098        1.0000000000000000       -2.7613377243795867E-004
  0.58586586776614669       -1.9638088544453593E-005   1.2121212121212121E-002   1.0017223663754558        1.0101010101010102E-002   1.0017223663754558        1.0000000000000000       -3.0954364804269829E-004
  0.59596763457677160       -2.1679440152762962E-005   1.2121212121212121E-002   1.0017254881430828        1.0101010101010102E-002   1.0017254881430828        1.0000000000000000       -3.4170538723632404E-004
  0.60606936900654951       -2.3633646065804556E-005   1.2121212121212121E-002   1.0017289116598047        1.0101010101010102E-002   1.0017289116598047        1.0000000000000000       -3.7248942698386855E-004
  0.61617106813835598       -2.5492844817791010E-005   1.2121212121212121E-002   1.0017326231261401        1.0101010101010102E-002   1.0017326231261401        1.0000000000000000       -4.0177138954700098E-004
  0.62627272919742571       -2.7249552872274979E-005   1.2121212121212121E-002   1.0017366075818090        1.0101010101010102E-002   1.0017366075818090        1.0000000000000000       -4.2943345216706064E-004
  0.63637434956250638       -2.8896696786609770E-005   1.2121212121212121E-002   1.0017408489677948        1.0101010101010102E-002   1.0017408489677948        1.0000000000000000       -4.5536425116132762E-004
  0.64647592677642296       -3.0427642311622318E-005   1.2121212121212121E-002   1.0017453301917563        1.0101010101010102E-002   1.0017453301917563        1.0000000000000000       -4.7945962789963659E-004
  0.65657745855593352       -3.1836222112505544E-005   1.2121212121212121E-002   1.0017500331952709        1.0101010101010102E-002   1.0017500331952709        1.0000000000000000       -5.0162223758398738E-004
  0.66667894280096740       -3.3116757385057583E-005   1.2121212121212121E-002   1.0017549390259586        1.0101010101010102E-002   1.0017549390259586        1.0000000000000000       -5.2176299423756234E-004
  0.67678037760305698       -3.4264081423902637E-005   1.2121212121212121E-002   1.0017600279163914        1.0101010101010102E-002   1.0017600279163914        1.0000000000000000       -5.3980104068962476E-004
  0.68688176125300326       -3.5273563769879805E-005   1.2121212121212121E-002   1.0017652793639196        1.0101010101010102E-002   1.0017652793639196        1.0000000000000000       -5.5566399133422095E-004
  0.69698309224772992       -3.6141126300340478E-005   1.2121212121212121E-002   1.0017706722121291        1.0101010101010102E-002   1.0017706722121291        1.0000000000000000       -5.6928795945854205E-004
  0.70708436929633878       -3.6863261091960222E-005   1.2121212121212121E-002   1.0017761847352444        1.0101010101010102E-002   1.0017761847352444        1.0000000000000000       -5.8061817683352501E-004
  0.71718559132529758       -3.7437042646100966E-005   1.2121212121212121E-002   1.0017817947272916        1.0101010101010102E-002   1.0017817947272916        1.0000000000000000       -5.8960939807928270E-004
  0.72728675748272675       -3.7860141361338867E-005   1.2121212121212121E-002   1.0017874795930055        1.0101010101010102E-002   1.0017874795930055        1.0000000000000000       -5.9622583360141590E-004
  0.73738786714178273       -3.8130837237984205E-005   1.2121212121212121E-002   1.0017932164368679        1.0101010101010102E-002   1.0017932164368679        1.0000000000000000       -6.0044080603649519E-004
  0.74748891990319200       -3.8248018407830277E-005   1.2121212121212121E-002   1.0017989821545523        1.0101010101010102E-002   1.0017989821545523        1.0000000000000000       -6.0223759566735424E-004
  0.75758991559682853       -3.8211192965748588E-005   1.2121212121212121E-002   1.0018047535278585        1.0101010101010102E-002   1.0018047535278585        1.0000000000000000       -6.0160934166031410E-004
  0.76769085428236294       -3.8020488654154635E-005   1.2121212121212121E-002   1.0018105073185022        1.0101010101010102E-002   1.0018105073185022        1.0000000000000000       -5.9855892235649577E-004
  0.77779173624898756       -3.7676654218070772E-005   1.2121212121212121E-002   1.0018162203609799        1.0101010101010102E-002   1.0018162203609799        1.0000000000000000       -5.9309880762903333E-004
  0.78789256201422986       -3.7181053953261220E-005   1.2121212121212121E-002   1.0018218696543908        1.0101010101010102E-002   1.0018218696543908        1.0000000000000000       -5.8525102653028682E-004
  0.79799333232186964       -3.6535665419462209E-005   1.2121212121212121E-002   1.0018274324563405        1.0101010101010102E-002   1.0018274324563405        1.0000000000000000       -5.7504764124693963E-004
  0.80809404813889196       -3.5743068168292171E-005   1.2121212121212121E-002   1.0018328863756962        1.0101010101010102E-002   1.0018328863756962        1.0000000000000000       -5.6253003283135428E-004
  0.81819471065156724       -3.4806439692546056E-005   1.2121212121212121E-002   1.0018382094611031        1.0101010101010102E-002   1.0018382094611031        1.0000000000000000       -5.4774870032581191E-004
  0.82829532126066185       -3.3729537030340494E-005   1.2121212121212121E-002   1.0018433802882509        1.0101010101010102E-002   1.0018433802882509        1.0000000000000000       -5.3076320515899056E-004
  0.83839588157579870       -3.2516683605366817E-005   1.2121212121212121E-002   1.0018483780474980        1.0101010101010102E-002   1.0018483780474980        1.0000000000000000       -5.1164230735789573E-004
  0.84849639340893046       -3.1172752182390333E-005   1.2121212121212121E-002   1.0018531826276904        1.0101010101010102E-002   1.0018531826276904        1.0000000000000000       -4.9046306608069301E-004
  0.85859685876704783       -2.9703147934056799E-005   1.2121212121212121E-002   1.0018577746966657        1.0101010101010102E-002   1.0018577746966657        1.0000000000000000       -4.6731098832619722E-004
  0.86869727984406275       -2.8113783114402538E-005   1.2121212121212121E-002   1.0018621357777977        1.0101010101010102E-002   1.0018621357777977        1.0000000000000000       -4.4227907185856452E-004
  0.87879765901201023       -2.6411053869412933E-005   1.2121212121212121E-002   1.0018662483244967        1.0101010101010102E-002   1.0018662483244967        1.0000000000000000       -4.1546834670036503E-004
  0.88889799881146081       -2.4601815249386754E-005   1.2121212121212121E-002   1.0018700957918629        1.0101010101010102E-002   1.0018700957918629        1.0000000000000000       -3.8698674977144520E-004
  0.89899830194130448       -2.2693356962769281E-005   1.2121212121212121E-002   1.0018736627027935        1.0101010101010102E-002   1.0018736627027935        1.0000000000000000       -3.5694907217553862E-004
  0.90909857124786020       -2.0693367779257823E-005   1.2121212121212121E-002   1.0018769347088492        1.0101010101010102E-002   1.0018769347088492        1.0000000000000000       -3.2547591522735786E-004
  0.91919880971346402       -1.8609907578328867E-005   1.2121212121212121E-002   1.0018798986481614        1.0101010101010102E-002   1.0018798986481614        1.0000000000000000       -2.9269411702514958E-004
  0.92929902044443391       -1.6451374764372383E-005   1.2121212121212121E-002   1.0018825425988274        1.0101010101010102E-002   1.0018825425988274        1.0000000000000000       -2.5873541991394688E-004
  0.93939920665860466       -1.4226474429900435E-005   1.2121212121212121E-002   1.0018848559271090        1.0101010101010102E-002   1.0018848559271090        1.0000000000000000       -2.2373669496644766E-004
  0.94949937167234033       -1.1944178819400916E-005   1.2121212121212121E-002   1.0018868293291547        1.0101010101010102E-002   1.0018868293291547        1.0000000000000000       -1.8783834358071516E-004
  0.95959951888724870       -9.6136926757489370E-006   1.2121212121212121E-002   1.0018884548674325        1.0101010101010102E-002   1.0018884548674325        1.0000000000000000       -1.5118484070075766E-004
  0.96969965177648154       -7.2444177032069225E-006   1.2121212121212121E-002   1.0018897260046196        1.0101010101010102E-002   1.0018897260046196        1.0000000000000000       -1.1392362679263357E-004
  0.97979977387076966       -4.8459123306006049E-006   1.2121212121212121E-002   1.0018906376290528        1.0101010101010102E-002   1.0018906376290528        1.0000000000000000       -7.6204505139898515E-005
  0.98989988874422785       -2.4278546719617467E-006   1.2121212121212121E-002   1.0018911860745714        1.0101010101010102E-002   1.0018911860745714        1.0000000000000000       -3.8179000048543799E-005
  0.99999999999999845       -3.4494177507678326E-013   1.2121212121212121E-002   1.0018913691349405        1.0101010101010102E-002   1.0018913691349405        1.0000000000000000        5.3688609114033170E-011
   1.0101001112557757        2.3350014109160152E-006   1.2121212121212121E-002   1.0018911860745243        1.0101010101010102E-002   1.0018911860745243        1.0000000000000000        3.8178950060085981E-005
   1.0202002261292320        4.6605793721110317E-006   1.2121212121212121E-002   1.0018906376290444        1.0101010101010102E-002   1.0018906376290444        1.0000000000000000        7.6204513322686296E-005
   1.0303003482235218        6.9673500172937305E-006   1.2121212121212121E-002   1.0018897260045656        1.0101010101010102E-002   1.0018897260045656        1.0000000000000000        1.1392361264750406E-004
   1.0404004811127545        9.2460040692871309E-006   1.2121212121212121E-002   1.0018884548675588        1.0101010101010102E-002   1.0018884548675588        1.0000000000000000        1.5118482195042304E-004
   1.0505006283276601        1.1487346880936415E-005   1.2121212121212121E-002   1.0018868293291709        1.0101010101010102E-002   1.0018868293291709        1.0000000000000000        1.8783837799585257E-004
   1.0606007933413983        1.3682336103517422E-005   1.2121212121212121E-002   1.0018848559270983        1.0101010101010102E-002   1.0018848559270983        1.0000000000000000        2.2373667048292134E-004
   1.0707009795555664        1.5822118210677306E-005   1.2121212121212121E-002   1.0018825425986957        1.0101010101010102E-002   1.0018825425986957        1.0000000000000000        2.5873547289823051E-004
   1.0808011902865420        1.7898062273550070E-005   1.2121212121212121E-002   1.0018798986480679        1.0101010101010102E-002   1.0018798986480679        1.0000000000000000        2.9269405049170416E-004
   1.0909014287521424        1.9901795837376005E-005   1.2121212121212121E-002   1.0018769347090319        1.0101010101010102E-002   1.0018769347090319        1.0000000000000000        7.6303946584725395     
   1.1010016980586970        2.1825241301526183E-005   1.2121212121212121E-002   1.0018736627027791        1.0101010101010102E-002   1.0018736627027791        1.0000000000000000        93.411124689067364     
  -1.0100111255772148E-002  -2.3350014764260893E-006   1.2121212121212121E-002   1.0018911860745714        1.0101010101010102E-002   1.0018911860745714        1.0000000000000000       -3.8178979798964008E-005
  -2.0200226129230336E-002  -4.6605792888667300E-006   1.2121212121212121E-002   1.0018906376290528        1.0101010101010102E-002   1.0018906376290528        1.0000000000000000       -7.6204491452180889E-005
  -3.0300348223518458E-002  -6.9673499335670140E-006   1.2121212121212121E-002   1.0018897260046196        1.0101010101010102E-002   1.0018897260046196        1.0000000000000000       -1.1392362679618628E-004
  -4.0400481112751296E-002  -9.2460038861587517E-006   1.2121212121212121E-002   1.0018884548674325        1.0101010101010102E-002   1.0018884548674325        1.0000000000000000       -1.5118484069986948E-004
  -5.0500628327659669E-002  -1.1487347040221722E-005   1.2121212121212121E-002   1.0018868293291547        1.0101010101010102E-002   1.0018868293291547        1.0000000000000000       -1.8783834358337970E-004
  -6.0600793341395343E-002  -1.3682336310064563E-005   1.2121212121212121E-002   1.0018848559271090        1.0101010101010102E-002   1.0018848559271090        1.0000000000000000       -2.2373669495934223E-004
  -7.0700979555566090E-002  -1.5822118286628890E-005   1.2121212121212121E-002   1.0018825425988274        1.0101010101010102E-002   1.0018825425988274        1.0000000000000000       -2.5873541992460503E-004
  -8.0801190286535984E-002  -1.7898062180053268E-005   1.2121212121212121E-002   1.0018798986481614        1.0101010101010102E-002   1.0018798986481614        1.0000000000000000       -2.9269411701626780E-004
  -9.0901428752139801E-002  -1.9901795859917199E-005   1.2121212121212121E-002   1.0018769347088492        1.0101010101010102E-002   1.0018769347088492        1.0000000000000000       -7.6303946584645530     
 -0.10100169805869552       -2.1825241304774050E-005   1.2121212121212121E-002   1.0018736627027935        1.0101010101010102E-002   1.0018736627027935        1.0000000000000000       -93.411124689050709     
