 # x v h rho m p cs a
   23.052121212123033     
   2.2881483097390070E-014  -3.3688445972240104E-013   1.2121212121212121E-002   1.0018497109090891        1.0101010101010102E-002   1.0018497109090891        1.0000000000000000       -7.7617912097593944E-011
   1.0100522903340932E-002   5.4829489525588793E-006   1.2121212121212121E-002   1.0018496120579201        1.0101010101010102E-002   1.0018496120579201        1.0000000000000000        2.0617646433684911E-005
   2.0201047760340079E-002   1.0943876012627259E-005   1.2121212121212121E-002   1.0018493158940995        1.0101010101010102E-002   1.0018493158940995        1.0000000000000000        4.1153837054608289E-005
   3.0301576516986055E-002   1.6360843209846387E-005   1.2121212121212121E-002   1.0018488235916865        1.0101010101010102E-002   1.0018488235916865        1.0000000000000000        6.1526745069429012E-005
   4.0402111103768887E-002   2.1712090166735902E-005   1.2121212121212121E-002   1.0018481371026648        1.0101010101010102E-002   1.0018481371026648        1.0000000000000000        8.1655894075716162E-005
   5.0502653428082314E-002   2.6976121263642506E-005   1.2121212121212121E-002   1.0018472591465803        1.0101010101010102E-002   1.0018472591465803        1.0000000000000000        1.0146173061009733E-004
   6.0603205366688964E-002   3.2131785326838452E-005   1.2121212121212121E-002   1.0018461932028264        1.0101010101010102E-002   1.0018461932028264        1.0000000000000000        1.2086537086464233E-004
   7.0703768758240207E-002   3.7158362867458458E-005   1.2121212121212121E-002   1.0018449434993049        1.0101010101010102E-002   1.0018449434993049        1.0000000000000000        1.3978958695481936E-004
   8.0804345395959931E-002   4.2035650726581967E-005   1.2121212121212121E-002   1.0018435149944032        1.0101010101010102E-002   1.0018435149944032        1.0000000000000000        1.5815926865503371E-004
   9.0904937020528293E-002   4.6744043205733010E-005   1.2121212121212121E-002   1.0018419133568741        1.0101010101010102E-002   1.0018419133568741        1.0000000000000000        1.7590141931478342E-004
  0.10100554531316512        5.1264607488054092E-005   1.2121212121212121E-002   1.0018401449454335        1.0101010101010102E-002   1.0018401449454335        1.0000000000000000        1.9294513778067568E-004
  0.11110617188891442        5.5579157823916402E-005   1.2121212121212121E-002   1.0018382167867543        1.0101010101010102E-002   1.0018382167867543        1.0000000000000000        2.0922200750739250E-004
  0.12120681829015238        5.9670334368416509E-005   1.2121212121212121E-002   1.0018361365467390        1.0101010101010102E-002   1.0018361365467390        1.0000000000000000        2.2466711972413123E-004
  0.13130748598044750        6.3521672152048935E-005   1.2121212121212121E-002   1.0018339124998021        1.0101010101010102E-002   1.0018339124998021        1.0000000000000000        2.3921848662311618E-004
  0.14140817633867941        6.7117661449802064E-005   1.2121212121212121E-002   1.0018315534988840        1.0101010101010102E-002   1.0018315534988840        1.0000000000000000        2.5281742614691183E-004
  0.15150889065348455        7.0443813282587966E-005   1.2121212121212121E-002   1.0018290689427434        1.0101010101010102E-002   1.0018290689427434        1.0000000000000000        2.6540873954594701E-004
  0.16160963011801693        7.3486718349960009E-005   1.2121212121212121E-002   1.0018264687384009        1.0101010101010102E-002   1.0018264687384009        1.0000000000000000        2.7694159475100122E-004
  0.17171039582513919        7.6234108382900300E-005   1.2121212121212121E-002   1.0018237632610960        1.0101010101010102E-002   1.0018237632610960        1.0000000000000000        2.8736917049343447E-004
  0.18181118876297930        7.8674889762282122E-005   1.2121212121212121E-002   1.0018209633150448        1.0101010101010102E-002   1.0018209633150448        1.0000000000000000        2.9664877730706252E-004
  0.19191200981089532        8.0799200673185368E-005   1.2121212121212121E-002   1.0018180800941396        1.0101010101010102E-002   1.0018180800941396        1.0000000000000000        3.0474177121320167E-004
  0.20201285973579636        8.2598448924593555E-005   1.2121212121212121E-002   1.0018151251362872        1.0101010101010102E-002   1.0018151251362872        1.0000000000000000        3.1161499801335424E-004
  0.21211373918901660        8.4065348987306639E-005   1.2121212121212121E-002   1.0018121102756521        1.0101010101010102E-002   1.0018121102756521        1.0000000000000000        3.1723978727882240E-004
  0.22221464870358926        8.5193946187448361E-005   1.2121212121212121E-002   1.0018090475982420        1.0101010101010102E-002   1.0018090475982420        1.0000000000000000        3.2159225968086957E-004
  0.23231558869198635        8.5979643901950230E-005   1.2121212121212121E-002   1.0018059493950513        1.0101010101010102E-002   1.0018059493950513        1.0000000000000000        3.2465344011889385E-004
  0.24241655944432111        8.6419227505549827E-005   1.2121212121212121E-002   1.0018028281135771        1.0101010101010102E-002   1.0018028281135771        1.0000000000000000        3.2640960827379217E-004
  0.25251756112703966        8.6510873508916766E-005   1.2121212121212121E-002   1.0017996963051536        1.0101010101010102E-002   1.0017996963051536        1.0000000000000000        3.2685279335975537E-004
  0.26261859378217628        8.6254158448302213E-005   1.2121212121212121E-002   1.0017965665750139        1.0101010101010102E-002   1.0017965665750139        1.0000000000000000        3.2597966868319617E-004
  0.27271965732703302        8.5650059300347261E-005   1.2121212121212121E-002   1.0017934515355578        1.0101010101010102E-002   1.0017934515355578        1.0000000000000000        3.2379198403109655E-004
  0.28282075155434122        8.4700954661109116E-005   1.2121212121212121E-002   1.0017903637534873        1.0101010101010102E-002   1.0017903637534873        1.0000000000000000        3.2029747463724334E-004
  0.29292187613299286        8.3410618645859315E-005   1.2121212121212121E-002   1.0017873156950017        1.0101010101010102E-002   1.0017873156950017        1.0000000000000000        3.1550931074164623E-004
  0.30302303060930513        8.1784196422774193E-005   1.2121212121212121E-002   1.0017843196795089        1.0101010101010102E-002   1.0017843196795089        1.0000000000000000        3.0944492363449427E-004
  0.31312421440864197        7.9828190877355963E-005   1.2121212121212121E-002   1.0017813878292208        1.0101010101010102E-002   1.0017813878292208        1.0000000000000000        3.0212792406736355E-004
  0.32322542683768329        7.7550435112354134E-005   1.2121212121212121E-002   1.0017785320182815        1.0101010101010102E-002   1.0017785320182815        1.0000000000000000        2.9358638151144589E-004
  0.33332666708705549        7.4960070046568860E-005   1.2121212121212121E-002   1.0017757638234186        1.0101010101010102E-002   1.0017757638234186        1.0000000000000000        2.8385427973098842E-004
  0.34342793423457096        7.2067494859521497E-005   1.2121212121212121E-002   1.0017730944741410        1.0101010101010102E-002   1.0017730944741410        1.0000000000000000        2.7297000614545652E-004
  0.35352922724886049        6.8884328583111755E-005   1.2121212121212121E-002   1.0017705348108696        1.0101010101010102E-002   1.0017705348108696        1.0000000000000000        2.6097630760801849E-004
  0.36363054499341779        6.5423372475003125E-005   1.2121212121212121E-002   1.0017680952390791        1.0101010101010102E-002   1.0017680952390791        1.0000000000000000        2.4792109296178921E-004
  0.37373188623114562        6.1698552830283048E-005   1.2121212121212121E-002   1.0017657856826010        1.0101010101010102E-002   1.0017657856826010        1.0000000000000000        2.3385694868593987E-004
  0.38383324962933135        5.7724864998850052E-005   1.2121212121212121E-002   1.0017636155411211        1.0101010101010102E-002   1.0017636155411211        1.0000000000000000        2.1884062703403373E-004
  0.39393463376504118        5.3518307461158717E-005   1.2121212121212121E-002   1.0017615936555193        1.0101010101010102E-002   1.0017615936555193        1.0000000000000000        2.0293190937081818E-004
  0.40403603713076258        4.9095829781135496E-005   1.2121212121212121E-002   1.0017597282707131        1.0101010101010102E-002   1.0017597282707131        1.0000000000000000        1.8619530947994178E-004
  0.41413745814053288        4.4475259037380071E-005   1.2121212121212121E-002   1.0017580269957358        1.0101010101010102E-002   1.0017580269957358        1.0000000000000000        1.6869898765392577E-004
  0.42423889513639212        3.9675221213356751E-005   1.2121212121212121E-002   1.0017564967725117        1.0101010101010102E-002   1.0017564967725117        1.0000000000000000        1.5051398893906054E-004
  0.43434034639512364        3.4715072215880583E-005   1.2121212121212121E-002   1.0017551438504797        1.0101010101010102E-002   1.0017551438504797        1.0000000000000000        1.3171370211129130E-004
  0.44444181013519612        2.9614819306358981E-005   1.2121212121212121E-002   1.0017539737593950        1.0101010101010102E-002   1.0017539737593950        1.0000000000000000        1.1237487461013274E-004
  0.45454328452404358        2.4395041113881819E-005   1.2121212121212121E-002   1.0017529912813108        1.0101010101010102E-002   1.0017529912813108        1.0000000000000000        9.2576782830811055E-005
  0.46464476768557922        1.9076800954814691E-005   1.2121212121212121E-002   1.0017522004314041        1.0101010101010102E-002   1.0017522004314041        1.0000000000000000        7.2400197550948064E-005
  0.47474625770784790        1.3681556068292698E-005   1.2121212121212121E-002   1.0017516044441972        1.0101010101010102E-002   1.0017516044441972        1.0000000000000000        5.1927186121680791E-005
  0.48484775265080521        8.2310867157563793E-006   1.2121212121212121E-002   1.0017512057602642        1.0101010101010102E-002   1.0017512057602642        1.0000000000000000        3.1241318626307191E-005
  0.49494925055422795        2.7473918154120877E-006   1.2121212121212121E-002   1.0017510060110171        1.0101010101010102E-002   1.0017510060110171        1.0000000000000000        1.0427903084142542E-005
  0.50505074944581063       -2.7473919232631301E-006   1.2121212121212121E-002   1.0017510060109771        1.0101010101010102E-002   1.0017510060109771        1.0000000000000000       -1.0427898349263387E-005
  0.51515224734923459       -8.2310862335155485E-006   1.2121212121212121E-002   1.0017512057603317        1.0101010101010102E-002   1.0017512057603317        1.0000000000000000       -3.1241341622134655E-005
  0.52525374229218869       -1.3681556597149025E-005   1.2121212121212121E-002   1.0017516044440276        1.0101010101010102E-002   1.0017516044440276        1.0000000000000000       -5.1927111478278221E-005
  0.53535523231446414       -1.9076800895388825E-005   1.2121212121212121E-002   1.0017522004311359        1.0101010101010102E-002   1.0017522004311359        1.0000000000000000       -7.2400256424742793E-005
  0.54545671547599939       -2.4395040835815208E-005   1.2121212121212121E-002   1.0017529912814966        1.0101010101010102E-002   1.0017529912814966        1.0000000000000000       -9.2576812648736961E-005
  0.55555818986484207       -2.9614819837556477E-005   1.2121212121212121E-002   1.0017539737592891        1.0101010101010102E-002   1.0017539737592891        1.0000000000000000       -1.1237479110270954E-004
  0.56565965360492232       -3.4715071981116890E-005   1.2121212121212121E-002   1.0017551438505252        1.0101010101010102E-002   1.0017551438505252        1.0000000000000000       -1.3171381414522898E-004
  0.57576110486364529       -3.9675221171587638E-005   1.2121212121212121E-002   1.0017564967727737        1.0101010101010102E-002   1.0017564967727737        1.0000000000000000       -1.5051392203524472E-004
  0.58586254185950692       -4.4475258872617607E-005   1.2121212121212121E-002   1.0017580269956916        1.0101010101010102E-002   1.0017580269956916        1.0000000000000000       -1.6869899254068343E-004
  0.59596396286927633       -4.9095829971615635E-005   1.2121212121212121E-002   1.0017597282706718        1.0101010101010102E-002   1.0017597282706718        1.0000000000000000       -1.8619530064611922E-004
  0.60606536623499951       -5.3518307254211641E-005   1.2121212121212121E-002   1.0017615936555444        1.0101010101010102E-002   1.0017615936555444        1.0000000000000000       -2.0293193408615906E-004
  0.61616675037070689       -5.7724864644117323E-005   1.2121212121212121E-002   1.0017636155411340        1.0101010101010102E-002   1.0017636155411340        1.0000000000000000       -2.1884060289067975E-004
  0.62626811376889502       -6.1698553125590799E-005   1.2121212121212121E-002   1.0017657856826829        1.0101010101010102E-002   1.0017657856826829        1.0000000000000000       -2.3385698470335115E-004
  0.63636945500661835       -6.5423372150618631E-005   1.2121212121212121E-002   1.0017680952389696        1.0101010101010102E-002   1.0017680952389696        1.0000000000000000       -2.4792101579595993E-004
  0.64647077275118248       -6.8884328669993700E-005   1.2121212121212121E-002   1.0017705348106727        1.0101010101010102E-002   1.0017705348106727        1.0000000000000000       -2.6097636815958225E-004
  0.65657206576546967       -7.2067494451990717E-005   1.2121212121212121E-002   1.0017730944741692        1.0101010101010102E-002   1.0017730944741692        1.0000000000000000       -2.7296998810921735E-004
  0.66667333291298614       -7.4960070618032717E-005   1.2121212121212121E-002   1.0017757638233029        1.0101010101010102E-002   1.0017757638233029        1.0000000000000000       -2.8385427511068428E-004
  0.67677457316236045       -7.7550435307240220E-005   1.2121212121212121E-002   1.0017785320184232        1.0101010101010102E-002   1.0017785320184232        1.0000000000000000       -2.9358643414578722E-004
  0.68687578559139628       -7.9828190465753462E-005   1.2121212121212121E-002   1.0017813878293349        1.0101010101010102E-002   1.0017813878293349        1.0000000000000000       -3.0212787138950148E-004
  0.69697696939073650       -8.1784196768732982E-005   1.2121212121212121E-002   1.0017843196796388        1.0101010101010102E-002   1.0017843196796388        1.0000000000000000       -3.0944497724583186E-004
  0.70707812386704261       -8.3410618860621416E-005   1.2121212121212121E-002   1.0017873156950297        1.0101010101010102E-002   1.0017873156950297        1.0000000000000000       -3.1550923312639867E-004
  0.71717924844569969       -8.4700954446813602E-005   1.2121212121212121E-002   1.0017903637533425        1.0101010101010102E-002   1.0017903637533425        1.0000000000000000       -3.2029751776629922E-004
  0.72728034267300601       -8.5650058891928289E-005   1.2121212121212121E-002   1.0017934515356071        1.0101010101010102E-002   1.0017934515356071        1.0000000000000000       -3.2379197926424297E-004
  0.73738140621786330       -8.6254158853736851E-005   1.2121212121212121E-002   1.0017965665750905        1.0101010101010102E-002   1.0017965665750905        1.0000000000000000       -3.2597968323155868E-004
  0.74748243887299792       -8.6510874049915680E-005   1.2121212121212121E-002   1.0017996963052740        1.0101010101010102E-002   1.0017996963052740        1.0000000000000000       -3.2685278807065288E-004
  0.75758344055571603       -8.6419226940707411E-005   1.2121212121212121E-002   1.0018028281136877        1.0101010101010102E-002   1.0018028281136877        1.0000000000000000       -3.2640961087349041E-004
  0.76768441130804865       -8.5979643823507444E-005   1.2121212121212121E-002   1.0018059493949270        1.0101010101010102E-002   1.0018059493949270        1.0000000000000000       -3.2465338531739718E-004
  0.77778535129645043       -8.5193946599280144E-005   1.2121212121212121E-002   1.0018090475979511        1.0101010101010102E-002   1.0018090475979511        1.0000000000000000       -3.2159228192885081E-004
  0.78788626081102486       -8.4065348658258300E-005   1.2121212121212121E-002   1.0018121102755690        1.0101010101010102E-002   1.0018121102755690        1.0000000000000000       -3.1723980272513330E-004
  0.79798714026424422       -8.2598448760719053E-005   1.2121212121212121E-002   1.0018151251360676        1.0101010101010102E-002   1.0018151251360676        1.0000000000000000       -3.1161496170373226E-004
  0.80808799018915145       -8.0799200767689281E-005   1.2121212121212121E-002   1.0018180800942700        1.0101010101010102E-002   1.0018180800942700        1.0000000000000000       -3.0474187789142348E-004
  0.81818881123705822       -7.8674890201937148E-005   1.2121212121212121E-002   1.0018209633152770        1.0101010101010102E-002   1.0018209633152770        1.0000000000000000       -2.9664869381473835E-004
  0.82828960417490249       -7.6234107871743156E-005   1.2121212121212121E-002   1.0018237632611546        1.0101010101010102E-002   1.0018237632611546        1.0000000000000000       -2.8736921991256992E-004
  0.83839036988201998       -7.3486718565650200E-005   1.2121212121212121E-002   1.0018264687385403        1.0101010101010102E-002   1.0018264687385403        1.0000000000000000       -2.7694155706381451E-004
  0.84849110934655370       -7.0443813195285513E-005   1.2121212121212121E-002   1.0018290689426148        1.0101010101010102E-002   1.0018290689426148        1.0000000000000000       -2.6540872340063970E-004
  0.85859182366136033       -6.7117661418172471E-005   1.2121212121212121E-002   1.0018315534986315        1.0101010101010102E-002   1.0018315534986315        1.0000000000000000       -2.5281741158877935E-004
  0.86869251401959602       -6.3521671558922774E-005   1.2121212121212121E-002   1.0018339124996216        1.0101010101010102E-002   1.0018339124996216        1.0000000000000000       -2.3921851989516796E-004
  0.87879318170989129       -5.9670334794519476E-005   1.2121212121212121E-002   1.0018361365468238        1.0101010101010102E-002   1.0018361365468238        1.0000000000000000       -2.2466714318714054E-004
  0.88889382811112694       -5.5579158074884899E-005   1.2121212121212121E-002   1.0018382167868345        1.0101010101010102E-002   1.0018382167868345        1.0000000000000000       -2.0922198319972551E-004
  0.89899445468687678       -5.1264607031946962E-005   1.2121212121212121E-002   1.0018401449454013        1.0101010101010102E-002   1.0018401449454013        1.0000000000000000       -1.9294513779488653E-004
  0.90909506297951415       -4.6744042848141605E-005   1.2121212121212121E-002   1.0018419133569623        1.0101010101010102E-002   1.0018419133569623        1.0000000000000000       -1.7590144345014380E-004
  0.91919565460408004       -4.2035651167372769E-005   1.2121212121212121E-002   1.0018435149945235        1.0101010101010102E-002   1.0018435149945235        1.0000000000000000       -1.5815925372653084E-004
  0.92929623124179972       -3.7158363401713194E-005   1.2121212121212121E-002   1.0018449434993670        1.0101010101010102E-002   1.0018449434993670        1.0000000000000000       -1.3978958814941933E-004
  0.93939679463334969       -3.2131784976211752E-005   1.2121212121212121E-002   1.0018461932027851        1.0101010101010102E-002   1.0018461932027851        1.0000000000000000       -1.2086534728616982E-004
  0.94949734657195861       -2.6976121239178050E-005   1.2121212121212121E-002   1.0018472591465419        1.0101010101010102E-002   1.0018472591465419        1.0000000000000000       -1.0146175563363613E-004
  0.95959788889627062       -2.1712090390244397E-005   1.2121212121212121E-002   1.0018481371026804        1.0101010101010102E-002   1.0018481371026804        1.0000000000000000       -8.1655877606223726E-005
  0.96969842348305424       -1.6360843377505263E-005   1.2121212121212121E-002   1.0018488235916103        1.0101010101010102E-002   1.0018488235916103        1.0000000000000000       -6.1526745983364606E-005
  0.97979895223970159       -1.0943875583622133E-005   1.2121212121212121E-002   1.0018493158942718        1.0101010101010102E-002   1.0018493158942718        1.0000000000000000       -4.1153887268663425E-005
  0.98989947709669557       -5.4829492480792641E-006   1.2121212121212121E-002   1.0018496120581317        1.0101010101010102E-002   1.0018496120581317        1.0000000000000000       -2.0617607515482916E-005
   1.0000000000000142        5.1760220056093942E-013   1.2121212121212121E-002   1.0018497109090927        1.0101010101010102E-002   1.0018497109090927        1.0000000000000000        8.5358387025280535E-011
   1.0101005229033408        5.4322869058378747E-006   1.2121212121212121E-002   1.0018496120579201        1.0101010101010102E-002   1.0018496120579201        1.0000000000000000        2.0617598639027790E-005
   1.0202010477603400        1.0842752031388958E-005   1.2121212121212121E-002   1.0018493158940995        1.0101010101010102E-002   1.0018493158940995        1.0000000000000000        4.1153804650306824E-005
   1.0303015765169861        1.6209658578039085E-005   1.2121212121212121E-002   1.0018488235916865        1.0101010101010102E-002   1.0018488235916865        1.0000000000000000        6.1526744621787088E-005
   1.0404021111037689        2.1511443975810253E-005   1.2121212121212121E-002   1.0018481371026648        1.0101010101010102E-002   1.0018481371026648        1.0000000000000000        8.1655893946042113E-005
   1.0505026534280824        2.6726807978370998E-005   1.2121212121212121E-002   1.0018472591465803        1.0101010101010102E-002   1.0018472591465803        1.0000000000000000        1.0146172946967624E-004
   1.0606032053666890        3.1834793286903506E-005   1.2121212121212121E-002   1.0018461932028264        1.0101010101010102E-002   1.0018461932028264        1.0000000000000000        1.2086537112931950E-004
   1.0707037687582401        3.6814870250247641E-005   1.2121212121212121E-002   1.0018449434993049        1.0101010101010102E-002   1.0018449434993049        1.0000000000000000        1.3978958865745739E-004
   1.0808043453959599        4.1647020303086553E-005   1.2121212121212121E-002   1.0018435149944032        1.0101010101010102E-002   1.0018435149944032        1.0000000000000000        1.5815926841877825E-004
   1.0909049370205284        4.6311817051295833E-005   1.2121212121212121E-002   1.0018419133568741        1.0101010101010102E-002   1.0018419133568741        1.0000000000000000        7.6279989310008602     
   1.1010055453131651        5.0790501862373029E-005   1.2121212121212121E-002   1.0018401449454335        1.0101010101010102E-002   1.0018401449454335        1.0000000000000000        93.409793424718146     
  -1.0100522903304432E-002  -5.4322872725740199E-006   1.2121212121212121E-002   1.0018496120581317        1.0101010101010102E-002   1.0018496120581317        1.0000000000000000       -2.0617558289082183E-005
  -2.0201047760298407E-002  -1.0842751511414985E-005   1.2121212121212121E-002   1.0018493158942718        1.0101010101010102E-002   1.0018493158942718        1.0000000000000000       -4.1153854555275871E-005
  -3.0301576516945761E-002  -1.6209658735919386E-005   1.2121212121212121E-002   1.0018488235916103        1.0101010101010102E-002   1.0018488235916103        1.0000000000000000       -6.1526745980700071E-005
  -4.0402111103729377E-002  -2.1511444223744193E-005   1.2121212121212121E-002   1.0018481371026804        1.0101010101010102E-002   1.0018481371026804        1.0000000000000000       -8.1655877606223726E-005
  -5.0502653428041389E-002  -2.6726807897894246E-005   1.2121212121212121E-002   1.0018472591465419        1.0101010101010102E-002   1.0018472591465419        1.0000000000000000       -1.0146175563097160E-004
  -6.0603205366650315E-002  -3.1834793020196209E-005   1.2121212121212121E-002   1.0018461932027851        1.0101010101010102E-002   1.0018461932027851        1.0000000000000000       -1.2086534728705800E-004
  -7.0703768758200281E-002  -3.6814870758843167E-005   1.2121212121212121E-002   1.0018449434993670        1.0101010101010102E-002   1.0018449434993670        1.0000000000000000       -1.3978958815208387E-004
  -8.0804345395919963E-002  -4.1647020756385064E-005   1.2121212121212121E-002   1.0018435149945235        1.0101010101010102E-002   1.0018435149945235        1.0000000000000000       -1.5815925373185991E-004
  -9.0904937020485854E-002  -4.6311816657938300E-005   1.2121212121212121E-002   1.0018419133569623        1.0101010101010102E-002   1.0018419133569623        1.0000000000000000       -7.6279989310218923     
 -0.10100554531312322       -5.0790501429068934E-005   1.2121212121212121E-002   1.0018401449454013        1.0101010101010102E-002   1.0018401449454013        1.0000000000000000       -93.409793424718842     
