 # x v h rho m p cs a
   12.402424242422780     
   8.0424929444308965E-015  -1.1950575209553181E-013   1.2121212121212121E-002   1.0018732246828943        1.0101010101010102E-002   1.0018732246828943        1.0000000000000000       -3.6324721008895722E-011
   1.0100290546728900E-002   4.2668633955972777E-006   1.2121212121212121E-002   1.0018730783246714        1.0101010101010102E-002   1.0018730783246714        1.0000000000000000        3.0525224968158682E-005
   2.0200583985919385E-002   8.5165372555626474E-006   1.2121212121212121E-002   1.0018726398347650        1.0101010101010102E-002   1.0018726398347650        1.0000000000000000        6.0928446818486748E-005
   3.0300883198489306E-002   1.2731903589203388E-005   1.2121212121212121E-002   1.0018719109676957        1.0101010101010102E-002   1.0018719109676957        1.0000000000000000        9.1087907435394300E-005
   4.0401191042253162E-002   1.6895983330648854E-005   1.2121212121212121E-002   1.0018708946406607        1.0101010101010102E-002   1.0018708946406607        1.0000000000000000        1.2088290178180472E-004
   5.0501510340491974E-002   2.0992002251643958E-005   1.2121212121212121E-002   1.0018695949209293        1.0101010101010102E-002   1.0018695949209293        1.0000000000000000        1.5019437703767125E-004
   6.0601843870672120E-002   2.5003459426620117E-005   1.2121212121212121E-002   1.0018680170089904        1.0101010101010102E-002   1.0018680170089904        1.0000000000000000        1.7890510250495595E-004
   7.0702194353346695E-002   2.8914196759893983E-005   1.2121212121212121E-002   1.0018661672209648        1.0101010101010102E-002   1.0018661672209648        1.0000000000000000        2.0689969526443974E-004
   8.0802564441206634E-002   3.2708465274253898E-005   1.2121212121212121E-002   1.0018640529628133        1.0101010101010102E-002   1.0018640529628133        1.0000000000000000        2.3406628238831217E-004
   9.0902956708496796E-002   3.6370980407992752E-005   1.2121212121212121E-002   1.0018616826995093        1.0101010101010102E-002   1.0018616826995093        1.0000000000000000        2.6029591464116208E-004
  0.10100337364068222        3.9886990346809501E-005   1.2121212121212121E-002   1.0018590659231594        1.0101010101010102E-002   1.0018590659231594        1.0000000000000000        2.8548336627221005E-004
  0.11110381762448424        4.3242334817569107E-005   1.2121212121212121E-002   1.0018562131157345        1.0101010101010102E-002   1.0018562131157345        1.0000000000000000        3.0952742423018265E-004
  0.12120429093828357        4.6423504000252048E-005   1.2121212121212121E-002   1.0018531357071760        1.0101010101010102E-002   1.0018531357071760        1.0000000000000000        3.3233160509738013E-004
  0.13130479574298487        4.9417685326961797E-005   1.2121212121212121E-002   1.0018498460302840        1.0101010101010102E-002   1.0018498460302840        1.0000000000000000        3.5380407916285606E-004
  0.14140533407331038        5.2212822497280978E-005   1.2121212121212121E-002   1.0018463572727343        1.0101010101010102E-002   1.0018463572727343        1.0000000000000000        3.7385837443704162E-004
  0.15150590782960610        5.4797660495405220E-005   1.2121212121212121E-002   1.0018426834239056        1.0101010101010102E-002   1.0018426834239056        1.0000000000000000        3.9241371728948593E-004
  0.16160651877019164        5.7161795866210402E-005   1.2121212121212121E-002   1.0018388392201742        1.0101010101010102E-002   1.0018388392201742        1.0000000000000000        4.0939504759940348E-004
  0.17170716850424134        5.9295710424725951E-005   1.2121212121212121E-002   1.0018348400866122        1.0101010101010102E-002   1.0018348400866122        1.0000000000000000        4.2473372395246400E-004
  0.18180785848528483        6.1190813132145047E-005   1.2121212121212121E-002   1.0018307020751627        1.0101010101010102E-002   1.0018307020751627        1.0000000000000000        4.3836758936510734E-004
  0.19190859000530994        6.2839479338490720E-005   1.2121212121212121E-002   1.0018264418004685        1.0101010101010102E-002   1.0018264418004685        1.0000000000000000        4.5024136202709286E-004
  0.20200936418953341        6.4235075389823247E-005   1.2121212121212121E-002   1.0018220763752077        1.0101010101010102E-002   1.0018220763752077        1.0000000000000000        4.6030635065541503E-004
  0.21211018199177395        6.5371987662474085E-005   1.2121212121212121E-002   1.0018176233415867        1.0101010101010102E-002   1.0018176233415867        1.0000000000000000        4.6852157193022492E-004
  0.22221104419057544        6.6245642980514047E-005   1.2121212121212121E-002   1.0018131005992723        1.0101010101010102E-002   1.0018131005992723        1.0000000000000000        4.7485334548724722E-004
  0.23231195138601418        6.6852530042447707E-005   1.2121212121212121E-002   1.0018085263356344        1.0101010101010102E-002   1.0018085263356344        1.0000000000000000        4.7927525363533618E-004
  0.24241290399718932        6.7190212651982854E-005   1.2121212121212121E-002   1.0018039189531269        1.0101010101010102E-002   1.0018039189531269        1.0000000000000000        4.8176871902771978E-004
  0.25251390226046699        6.7257339705619628E-005   1.2121212121212121E-002   1.0017992969949323        1.0101010101010102E-002   1.0017992969949323        1.0000000000000000        4.8232285227634009E-004
  0.26261494622844095        6.7053645319856887E-005   1.2121212121212121E-002   1.0017946790698711        1.0101010101010102E-002   1.0017946790698711        1.0000000000000000        4.8093474245991530E-004
  0.27271603576966230        6.6579957577109702E-005   1.2121212121212121E-002   1.0017900837778735        1.0101010101010102E-002   1.0017900837778735        1.0000000000000000        4.7760903541149702E-004
  0.28281717056907213        6.5838191820591165E-005   1.2121212121212121E-002   1.0017855296356275        1.0101010101010102E-002   1.0017855296356275        1.0000000000000000        4.7235833666370297E-004
  0.29291835012919798        6.4831342503045582E-005   1.2121212121212121E-002   1.0017810350011314        1.0101010101010102E-002   1.0017810350011314        1.0000000000000000        4.6520301348351722E-004
  0.30301957377208288        6.3563467555887874E-005   1.2121212121212121E-002   1.0017766179998291        1.0101010101010102E-002   1.0017766179998291        1.0000000000000000        4.5617111750662076E-004
  0.31312084064193785        6.2039680260470221E-005   1.2121212121212121E-002   1.0017722964504825        1.0101010101010102E-002   1.0017722964504825        1.0000000000000000        4.4529845837004700E-004
  0.32322214970854252        6.0266121060111129E-005   1.2121212121212121E-002   1.0017680877938584        1.0101010101010102E-002   1.0017680877938584        1.0000000000000000        4.3262797605780889E-004
  0.33332349977130304        5.8249937245251601E-005   1.2121212121212121E-002   1.0017640090218167        1.0101010101010102E-002   1.0017640090218167        1.0000000000000000        4.1821029138144894E-004
  0.34342488946405492        5.5999250800912438E-005   1.2121212121212121E-002   1.0017600766068298        1.0101010101010102E-002   1.0017600766068298        1.0000000000000000        4.0210304575261091E-004
  0.35352631726052286        5.3523126464511696E-005   1.2121212121212121E-002   1.0017563064361625        1.0101010101010102E-002   1.0017563064361625        1.0000000000000000        3.8437061954610385E-004
  0.36362778148041852        5.0831538656832167E-005   1.2121212121212121E-002   1.0017527137471585        1.0101010101010102E-002   1.0017527137471585        1.0000000000000000        3.6508413154567876E-004
  0.37372928029618324        4.7935327120671690E-005   1.2121212121212121E-002   1.0017493130646737        1.0101010101010102E-002   1.0017493130646737        1.0000000000000000        3.4432105967674431E-004
  0.38383081174032269        4.4846154901719575E-005   1.2121212121212121E-002   1.0017461181405174        1.0101010101010102E-002   1.0017461181405174        1.0000000000000000        3.2216516599525846E-004
  0.39393237371335404        4.1576457974872587E-005   1.2121212121212121E-002   1.0017431418981588        1.0101010101010102E-002   1.0017431418981588        1.0000000000000000        2.9870546400267983E-004
  0.40403396399223168        3.8139403241201012E-005   1.2121212121212121E-002   1.0017403963808456        1.0101010101010102E-002   1.0017403963808456        1.0000000000000000        2.7403655753310829E-004
  0.41413558023931607        3.4548828947551269E-005   1.2121212121212121E-002   1.0017378927004981        1.0101010101010102E-002   1.0017378927004981        1.0000000000000000        2.4825812377748946E-004
  0.42423722001182035        3.0819189659038479E-005   1.2121212121212121E-002   1.0017356409922356        1.0101010101010102E-002   1.0017356409922356        1.0000000000000000        2.2147429894214810E-004
  0.43433888077167582        2.6965498029809701E-005   1.2121212121212121E-002   1.0017336503729859        1.0101010101010102E-002   1.0017336503729859        1.0000000000000000        1.9379337618463666E-004
  0.44444055989579928        2.3003267843841615E-005   1.2121212121212121E-002   1.0017319289045912        1.0101010101010102E-002   1.0017319289045912        1.0000000000000000        1.6532720980588778E-004
  0.45454225468668580        1.8948449247882634E-005   1.2121212121212121E-002   1.0017304835598004        1.0101010101010102E-002   1.0017304835598004        1.0000000000000000        1.3619119996466367E-004
  0.46464396238335332        1.4817363485761979E-005   1.2121212121212121E-002   1.0017293201933102        1.0101010101010102E-002   1.0017293201933102        1.0000000000000000        1.0650325307448583E-004
  0.47474568017251007        1.0626636732081384E-005   1.2121212121212121E-002   1.0017284435185025        1.0101010101010102E-002   1.0017284435185025        1.0000000000000000        7.6383630840837213E-005
  0.48484740519995567        6.3931391152082011E-006   1.2121212121212121E-002   1.0017278570876860        1.0101010101010102E-002   1.0017278570876860        1.0000000000000000        4.5954354968458233E-005
  0.49494913458214257        2.1339092054154026E-006   1.2121212121212121E-002   1.0017275632771503        1.0101010101010102E-002   1.0017275632771503        1.0000000000000000        1.5338834937317358E-005
  0.50505086541787259       -2.1339092009802246E-006   1.2121212121212121E-002   1.0017275632770555        1.0101010101010102E-002   1.0017275632770555        1.0000000000000000       -1.5338814086440777E-005
  0.51515259480006181       -6.3931388613508665E-006   1.2121212121212121E-002   1.0017278570876551        1.0101010101010102E-002   1.0017278570876551        1.0000000000000000       -4.5954390103908338E-005
  0.52525431982750603       -1.0626637293762558E-005   1.2121212121212121E-002   1.0017284435187157        1.0101010101010102E-002   1.0017284435187157        1.0000000000000000       -7.6383647436450985E-005
  0.53535603761665929       -1.4817362926596376E-005   1.2121212121212121E-002   1.0017293201934061        1.0101010101010102E-002   1.0017293201934061        1.0000000000000000       -1.0650321333560697E-004
  0.54545774531332847       -1.8948449528526648E-005   1.2121212121212121E-002   1.0017304835597953        1.0101010101010102E-002   1.0017304835597953        1.0000000000000000       -1.3619121634800280E-004
  0.55555944010421365       -2.3003267870692749E-005   1.2121212121212121E-002   1.0017319289046138        1.0101010101010102E-002   1.0017319289046138        1.0000000000000000       -1.6532719937156770E-004
  0.56566111922833784       -2.6965497773149404E-005   1.2121212121212121E-002   1.0017336503729539        1.0101010101010102E-002   1.0017336503729539        1.0000000000000000       -1.9379337464275892E-004
  0.57576277998819314       -3.0819189680944831E-005   1.2121212121212121E-002   1.0017356409921132        1.0101010101010102E-002   1.0017356409921132        1.0000000000000000       -2.2147428040852901E-004
  0.58586441976070036       -3.4548829189591503E-005   1.2121212121212121E-002   1.0017378927004945        1.0101010101010102E-002   1.0017378927004945        1.0000000000000000       -2.4825816949558543E-004
  0.59596603600778209       -3.8139403365341625E-005   1.2121212121212121E-002   1.0017403963810654        1.0101010101010102E-002   1.0017403963810654        1.0000000000000000       -2.7403656095881246E-004
  0.60606762628665745       -4.1576458058864740E-005   1.2121212121212121E-002   1.0017431418982565        1.0101010101010102E-002   1.0017431418982565        1.0000000000000000       -2.9870543364385327E-004
  0.61616918825968880       -4.4846154287936089E-005   1.2121212121212121E-002   1.0017461181402947        1.0101010101010102E-002   1.0017461181402947        1.0000000000000000       -3.2216512394267482E-004
  0.62627071970383319       -4.7935327225296102E-005   1.2121212121212121E-002   1.0017493130644557        1.0101010101010102E-002   1.0017493130644557        1.0000000000000000       -3.4432110474558186E-004
  0.63637221851959802       -5.0831538800043984E-005   1.2121212121212121E-002   1.0017527137473574        1.0101010101010102E-002   1.0017527137473574        1.0000000000000000       -3.6508417703107199E-004
  0.64647368273948891       -5.3523126332362163E-005   1.2121212121212121E-002   1.0017563064363733        1.0101010101010102E-002   1.0017563064363733        1.0000000000000000       -3.8437057888351944E-004
  0.65657511053595696       -5.5999250699591041E-005   1.2121212121212121E-002   1.0017600766067509        1.0101010101010102E-002   1.0017600766067509        1.0000000000000000       -4.0210302106036266E-004
  0.66667650022871061       -5.8249937512155728E-005   1.2121212121212121E-002   1.0017640090216349        1.0101010101010102E-002   1.0017640090216349        1.0000000000000000       -4.1821029300148638E-004
  0.67677785029147342       -6.0266121051537028E-005   1.2121212121212121E-002   1.0017680877938411        1.0101010101010102E-002   1.0017680877938411        1.0000000000000000       -4.3262801046761723E-004
  0.68687915935807597       -6.2039679811291942E-005   1.2121212121212121E-002   1.0017722964505460        1.0101010101010102E-002   1.0017722964505460        1.0000000000000000       -4.4529844535290408E-004
  0.69698042622793166       -6.3563467869352799E-005   1.2121212121212121E-002   1.0017766179998704        1.0101010101010102E-002   1.0017766179998704        1.0000000000000000       -4.5617112183826691E-004
  0.70708164987081457       -6.4831342273147978E-005   1.2121212121212121E-002   1.0017810350009095        1.0101010101010102E-002   1.0017810350009095        1.0000000000000000       -4.6520295253760224E-004
  0.71718282943094736       -6.5838192094685877E-005   1.2121212121212121E-002   1.0017855296354583        1.0101010101010102E-002   1.0017855296354583        1.0000000000000000       -4.7235840854309430E-004
  0.72728396423035402       -6.6579957487318829E-005   1.2121212121212121E-002   1.0017900837780107        1.0101010101010102E-002   1.0017900837780107        1.0000000000000000       -4.7760903086402351E-004
  0.73738505377157537       -6.7053645739911192E-005   1.2121212121212121E-002   1.0017946790700616        1.0101010101010102E-002   1.0017946790700616        1.0000000000000000       -4.8093475936195063E-004
  0.74748609773954522       -6.7257339582218122E-005   1.2121212121212121E-002   1.0017992969949703        1.0101010101010102E-002   1.0017992969949703        1.0000000000000000       -4.8232280094051561E-004
  0.75758709600282648       -6.7190212960570442E-005   1.2121212121212121E-002   1.0018039189531354        1.0101010101010102E-002   1.0018039189531354        1.0000000000000000       -4.8176876481509368E-004
  0.76768804861399809       -6.6852529695765904E-005   1.2121212121212121E-002   1.0018085263357226        1.0101010101010102E-002   1.0018085263357226        1.0000000000000000       -4.7927522224355812E-004
  0.77778895580943808       -6.6245642807138464E-005   1.2121212121212121E-002   1.0018131005991759        1.0101010101010102E-002   1.0018131005991759        1.0000000000000000       -4.7485334071328822E-004
  0.78788981800824076       -6.5371987794060342E-005   1.2121212121212121E-002   1.0018176233415848        1.0101010101010102E-002   1.0018176233415848        1.0000000000000000       -4.6852159600430099E-004
  0.79799063581048013       -6.4235075404251810E-005   1.2121212121212121E-002   1.0018220763752930        1.0101010101010102E-002   1.0018220763752930        1.0000000000000000       -4.6030634410865190E-004
  0.80809140999470253       -6.2839479006842938E-005   1.2121212121212121E-002   1.0018264418003489        1.0101010101010102E-002   1.0018264418003489        1.0000000000000000       -4.5024132661097838E-004
  0.81819214151473163       -6.1190813521365726E-005   1.2121212121212121E-002   1.0018307020751254        1.0101010101010102E-002   1.0018307020751254        1.0000000000000000       -4.3836764040072751E-004
  0.82829283149577193       -5.9295710111243862E-005   1.2121212121212121E-002   1.0018348400866997        1.0101010101010102E-002   1.0018348400866997        1.0000000000000000       -4.2473370061912874E-004
  0.83839348122982271       -5.7161795711910394E-005   1.2121212121212121E-002   1.0018388392201802        1.0101010101010102E-002   1.0018388392201802        1.0000000000000000       -4.0939505454673508E-004
  0.84849409217040717       -5.4797661125566460E-005   1.2121212121212121E-002   1.0018426834238880        1.0101010101010102E-002   1.0018426834238880        1.0000000000000000       -3.9241370427145483E-004
  0.85859466592670441       -5.2212821891672973E-005   1.2121212121212121E-002   1.0018463572727490        1.0101010101010102E-002   1.0018463572727490        1.0000000000000000       -3.7385839433135004E-004
  0.86869520425702795       -4.9417685556444056E-005   1.2121212121212121E-002   1.0018498460302518        1.0101010101010102E-002   1.0018498460302518        1.0000000000000000       -3.5380405000484672E-004
  0.87879570906173188       -4.6423504004483235E-005   1.2121212121212121E-002   1.0018531357071041        1.0101010101010102E-002   1.0018531357071041        1.0000000000000000       -3.3233162309720399E-004
  0.88889618237553003       -4.3242334927331146E-005   1.2121212121212121E-002   1.0018562131156632        1.0101010101010102E-002   1.0018562131156632        1.0000000000000000       -3.0952740850587190E-004
  0.89899662635933508       -3.9886989979878853E-005   1.2121212121212121E-002   1.0018590659233246        1.0101010101010102E-002   1.0018590659233246        1.0000000000000000       -2.8548343457579506E-004
  0.90909704329151386       -3.6370980273726069E-005   1.2121212121212121E-002   1.0018616826996956        1.0101010101010102E-002   1.0018616826996956        1.0000000000000000       -2.6029584636599878E-004
  0.91919743555880618       -3.2708465260000603E-005   1.2121212121212121E-002   1.0018640529626004        1.0101010101010102E-002   1.0018640529626004        1.0000000000000000       -2.3406626993072166E-004
  0.92929780564666942       -2.8914197251618479E-005   1.2121212121212121E-002   1.0018661672209965        1.0101010101010102E-002   1.0018661672209965        1.0000000000000000       -2.0689975569077035E-004
  0.93939815612933963       -2.5003459187315875E-005   1.2121212121212121E-002   1.0018680170090604        1.0101010101010102E-002   1.0018680170090604        1.0000000000000000       -1.7890505166118231E-004
  0.94949848965952222       -2.0992002561533046E-005   1.2121212121212121E-002   1.0018695949207526        1.0101010101010102E-002   1.0018695949207526        1.0000000000000000       -1.5019437687602277E-004
  0.95959880895776295       -1.6895983294872958E-005   1.2121212121212121E-002   1.0018708946406913        1.0101010101010102E-002   1.0018708946406913        1.0000000000000000       -1.2088294346579431E-004
  0.96969911680152410       -1.2731903420466671E-005   1.2121212121212121E-002   1.0018719109678575        1.0101010101010102E-002   1.0018719109678575        1.0000000000000000       -9.1087896816333114E-005
  0.97979941601409315       -8.5165373949959816E-006   1.2121212121212121E-002   1.0018726398348377        1.0101010101010102E-002   1.0018726398348377        1.0000000000000000       -6.0928437586760253E-005
  0.98989970945328309       -4.2668634095015175E-006   1.2121212121212121E-002   1.0018730783246601        1.0101010101010102E-002   1.0018730783246601        1.0000000000000000       -3.0525215017007667E-005
   1.0000000000000049        2.2268390202439338E-013   1.2121212121212121E-002   1.0018732246828945        1.0101010101010102E-002   1.0018732246828945        1.0000000000000000        2.3287149986117583E-011
   1.0101002905467289        4.1923343609923243E-006   1.2121212121212121E-002   1.0018730783246714        1.0101010101010102E-002   1.0018730783246714        1.0000000000000000        3.0525206966558471E-005
   1.0202005839859194        8.3677771575638137E-006   1.2121212121212121E-002   1.0018726398347650        1.0101010101010102E-002   1.0018726398347650        1.0000000000000000        6.0928434563400913E-005
   1.0303008831984892        1.2509507632917692E-005   1.2121212121212121E-002   1.0018719109676957        1.0101010101010102E-002   1.0018719109676957        1.0000000000000000        9.1087909574127934E-005
   1.0404011910422533        1.6600841365486884E-005   1.2121212121212121E-002   1.0018708946406607        1.0101010101010102E-002   1.0018708946406607        1.0000000000000000        1.2088289970257904E-004
   1.0505015103404920        2.0625294857290903E-005   1.2121212121212121E-002   1.0018695949209293        1.0101010101010102E-002   1.0018695949209293        1.0000000000000000        1.5019437729524299E-004
   1.0606018438706721        2.4566653528949410E-005   1.2121212121212121E-002   1.0018680170089904        1.0101010101010102E-002   1.0018680170089904        1.0000000000000000        1.7890510361251444E-004
   1.0707021943533468        2.8409040975773358E-005   1.2121212121212121E-002   1.0018661672209648        1.0101010101010102E-002   1.0018661672209648        1.0000000000000000        2.0689969357245985E-004
   1.0808025644412067        3.2136981219568689E-005   1.2121212121212121E-002   1.0018640529628133        1.0101010101010102E-002   1.0018640529628133        1.0000000000000000        2.3406628066435786E-004
   1.0909029567084967        3.5735455845478575E-005   1.2121212121212121E-002   1.0018616826995093        1.0101010101010102E-002   1.0018616826995093        1.0000000000000000        7.6293512813207087     
   1.1010033736406821        3.9189969990780914E-005   1.2121212121212121E-002   1.0018590659231594        1.0101010101010102E-002   1.0018590659231594        1.0000000000000000        93.410544944284965     
  -1.0100290546716906E-002  -4.1923343970127451E-006   1.2121212121212121E-002   1.0018730783246601        1.0101010101010102E-002   1.0018730783246601        1.0000000000000000       -3.0525197136199722E-005
  -2.0200583985906850E-002  -8.3677773105609762E-006   1.2121212121212121E-002   1.0018726398348377        1.0101010101010102E-002   1.0018726398348377        1.0000000000000000       -6.0928425665629504E-005
  -3.0300883198475903E-002  -1.2509507500748086E-005   1.2121212121212121E-002   1.0018719109678575        1.0101010101010102E-002   1.0018719109678575        1.0000000000000000       -9.1087896815444935E-005
  -4.0401191042237050E-002  -1.6600841233008275E-005   1.2121212121212121E-002   1.0018708946406913        1.0101010101010102E-002   1.0018708946406913        1.0000000000000000       -1.2088294345691253E-004
  -5.0501510340477784E-002  -2.0625295150695398E-005   1.2121212121212121E-002   1.0018695949207526        1.0101010101010102E-002   1.0018695949207526        1.0000000000000000       -1.5019437687691095E-004
  -6.0601843870660366E-002  -2.4566653433098366E-005   1.2121212121212121E-002   1.0018680170090604        1.0101010101010102E-002   1.0018680170090604        1.0000000000000000       -1.7890505164963599E-004
  -7.0702194353330583E-002  -2.8409041301068290E-005   1.2121212121212121E-002   1.0018661672209965        1.0101010101010102E-002   1.0018661672209965        1.0000000000000000       -2.0689975568988217E-004
  -8.0802564441193825E-002  -3.2136981238595712E-005   1.2121212121212121E-002   1.0018640529626004        1.0101010101010102E-002   1.0018640529626004        1.0000000000000000       -2.3406626993072166E-004
  -9.0902956708486138E-002  -3.5735455874245921E-005   1.2121212121212121E-002   1.0018616826996956        1.0101010101010102E-002   1.0018616826996956        1.0000000000000000       -7.6293512812637374     
 -0.10100337364066492       -3.9189969479159001E-005   1.2121212121212121E-002   1.0018590659233246        1.0101010101010102E-002   1.0018590659233246        1.0000000000000000       -93.410544944324144     
