 # x v h rho m p cs a
   3.7549999999999422     
   1.1672884880908789E-016   0.0000000000000000        1.2121212121212121E-002   1.0018766013367031        1.0101010101010102E-002   1.0018766013367031        1.0000000000000000        1.2434497875801753E-014
   1.0099487171333058E-002   2.5297231172021866E-007   1.2121212121212121E-002   1.0019372521761964        1.0101010101010102E-002   1.0019372521761964        1.0000000000000000       -1.4210854715202004E-014
   2.0199208100787597E-002   2.6783700584423492E-007   1.2121212121212121E-002   1.0019360187800743        1.0101010101010102E-002   1.0019360187800743        1.0000000000000000       -9.9475983006414026E-014
   3.0298842880106886E-002   4.1989760124160744E-007   1.2121212121212121E-002   1.0019372711173582        1.0101010101010102E-002   1.0019372711173582        1.0000000000000000        6.1284310959308641E-014
   4.0398516604427601E-002   6.2593329372241204E-007   1.2121212121212121E-002   1.0019349000516742        1.0101010101010102E-002   1.0019349000516742        1.0000000000000000        3.5527136788005009E-015
   5.0498206721153384E-002   7.6646366553727628E-007   1.2121212121212121E-002   1.0019325063403683        1.0101010101010102E-002   1.0019325063403683        1.0000000000000000        4.4408920985006262E-015
   6.0597925841169679E-002   8.4198708507021416E-007   1.2121212121212121E-002   1.0019294704549491        1.0101010101010102E-002   1.0019294704549491        1.0000000000000000       -8.8817841970012523E-015
   7.0697676440956078E-002   1.0516487158752974E-006   1.2121212121212121E-002   1.0019259740402746        1.0101010101010102E-002   1.0019259740402746        1.0000000000000000       -5.1514348342607263E-014
   8.0797464378008138E-002   1.1952277028207196E-006   1.2121212121212121E-002   1.0019218994777201        1.0101010101010102E-002   1.0019218994777201        1.0000000000000000        2.1316282072803006E-014
   9.0897295489211299E-002   1.2559207674719544E-006   1.2121212121212121E-002   1.0019172543911594        1.0101010101010102E-002   1.0019172543911594        1.0000000000000000        7.1054273576010019E-015
  0.10099717538451203        1.3652811553880226E-006   1.2121212121212121E-002   1.0019121597181371        1.0101010101010102E-002   1.0019121597181371        1.0000000000000000        7.1054273576010019E-015
  0.11109710733173028        1.5657219999421001E-006   1.2121212121212121E-002   1.0019067281979275        1.0101010101010102E-002   1.0019067281979275        1.0000000000000000        3.5527136788005009E-015
  0.12119709443555010        1.6483600602170583E-006   1.2121212121212121E-002   1.0019009064545330        1.0101010101010102E-002   1.0019009064545330        1.0000000000000000        1.9539925233402755E-014
  0.13129714120701497        1.7238264722034052E-006   1.2121212121212121E-002   1.0018945839471169        1.0101010101010102E-002   1.0018945839471169        1.0000000000000000        8.0824236192711396E-014
  0.14139725324742231        1.8344328068393590E-006   1.2121212121212121E-002   1.0018877829843209        1.0101010101010102E-002   1.0018877829843209        1.0000000000000000        2.2204460492503131E-014
  0.15149743468053900        1.9746584337804144E-006   1.2121212121212121E-002   1.0018806855416349        1.0101010101010102E-002   1.0018806855416349        1.0000000000000000       -6.2172489379008766E-015
  0.16159768713275693        1.9562155312643053E-006   1.2121212121212121E-002   1.0018733997643008        1.0101010101010102E-002   1.0018733997643008        1.0000000000000000       -6.2172489379008766E-015
  0.17169801219728972        2.0483661811580214E-006   1.2121212121212121E-002   1.0018657631336287        1.0101010101010102E-002   1.0018657631336287        1.0000000000000000       -6.2172489379008766E-015
  0.18179841563518367        2.1725047950685035E-006   1.2121212121212121E-002   1.0018578278909751        1.0101010101010102E-002   1.0018578278909751        1.0000000000000000       -6.2172489379008766E-015
  0.19189889760979656        2.2639744284025340E-006   1.2121212121212121E-002   1.0018496685164535        1.0101010101010102E-002   1.0018496685164535        1.0000000000000000       -6.2172489379008766E-015
  0.20199946215747380        2.2506917024011498E-006   1.2121212121212121E-002   1.0018412472448284        1.0101010101010102E-002   1.0018412472448284        1.0000000000000000       -6.2172489379008766E-015
  0.21210011077891847        2.1693540753465088E-006   1.2121212121212121E-002   1.0018327132320028        1.0101010101010102E-002   1.0018327132320028        1.0000000000000000       -6.2172489379008766E-015
  0.22220084408249141        2.2721924987122799E-006   1.2121212121212121E-002   1.0018241532968735        1.0101010101010102E-002   1.0018241532968735        1.0000000000000000       -1.7763568394002505E-015
  0.23230166174795422        2.2832933306036134E-006   1.2121212121212121E-002   1.0018155120823176        1.0101010101010102E-002   1.0018155120823176        1.0000000000000000       -5.6843418860808015E-014
  0.24240256556953621        2.3284389827683137E-006   1.2121212121212121E-002   1.0018066758525455        1.0101010101010102E-002   1.0018066758525455        1.0000000000000000       -1.8562928971732617E-013
  0.25250355820157888        2.2203525565623352E-006   1.2121212121212121E-002   1.0017978524644864        1.0101010101010102E-002   1.0017978524644864        1.0000000000000000        1.8385293287792592E-013
  0.26260463656754424        2.0512221771740562E-006   1.2121212121212121E-002   1.0017891603836508        1.0101010101010102E-002   1.0017891603836508        1.0000000000000000        5.0626169922907138E-014
  0.27270580072294914        2.0019202189017234E-006   1.2121212121212121E-002   1.0017804781968800        1.0101010101010102E-002   1.0017804781968800        1.0000000000000000       -6.2172489379008766E-015
  0.28280705068322282        1.9856740453487494E-006   1.2121212121212121E-002   1.0017718235952338        1.0101010101010102E-002   1.0017718235952338        1.0000000000000000       -6.2172489379008766E-015
  0.29290838610552744        1.8908010640826992E-006   1.2121212121212121E-002   1.0017633416985556        1.0101010101010102E-002   1.0017633416985556        1.0000000000000000       -6.2172489379008766E-015
  0.30300980376146153        1.7719221999513763E-006   1.2121212121212121E-002   1.0017550743510413        1.0101010101010102E-002   1.0017550743510413        1.0000000000000000       -6.2172489379008766E-015
  0.31311130220212441        1.7622465175999663E-006   1.2121212121212121E-002   1.0017468266574718        1.0101010101010102E-002   1.0017468266574718        1.0000000000000000       -6.2172489379008766E-015
  0.32321288292977080        1.6554823834259420E-006   1.2121212121212121E-002   1.0017386497787979        1.0101010101010102E-002   1.0017386497787979        1.0000000000000000       -6.2172489379008766E-015
  0.33331454340780631        1.5795320267207187E-006   1.2121212121212121E-002   1.0017308023229026        1.0101010101010102E-002   1.0017308023229026        1.0000000000000000       -6.2172489379008766E-015
  0.34341627924589246        1.6550772235431365E-006   1.2121212121212121E-002   1.0017233137911932        1.0101010101010102E-002   1.0017233137911932        1.0000000000000000       -6.2172489379008766E-015
  0.35351808757293107        1.6578265482231205E-006   1.2121212121212121E-002   1.0017161056176167        1.0101010101010102E-002   1.0017161056176167        1.0000000000000000       -6.2172489379008766E-015
  0.36361996592477419        1.5657701068899319E-006   1.2121212121212121E-002   1.0017092065284130        1.0101010101010102E-002   1.0017092065284130        1.0000000000000000       -6.2172489379008766E-015
  0.37372191066150345        1.5131083984141675E-006   1.2121212121212121E-002   1.0017026593308034        1.0101010101010102E-002   1.0017026593308034        1.0000000000000000       -6.2172489379008766E-015
  0.38382391851754388        1.3950516359304542E-006   1.2121212121212121E-002   1.0016965384021124        1.0101010101010102E-002   1.0016965384021124        1.0000000000000000       -6.2172489379008766E-015
  0.39392598442408500        1.1489731806861615E-006   1.2121212121212121E-002   1.0016909518872941        1.0101010101010102E-002   1.0016909518872941        1.0000000000000000       -6.2172489379008766E-015
  0.40402810251025040        9.9024910781876323E-007   1.2121212121212121E-002   1.0016857991428330        1.0101010101010102E-002   1.0016857991428330        1.0000000000000000       -6.2172489379008766E-015
  0.41413027012639758        9.5603890259690890E-007   1.2121212121212121E-002   1.0016810125680360        1.0101010101010102E-002   1.0016810125680360        1.0000000000000000       -6.2172489379008766E-015
  0.42423248313883222        9.1207155326696304E-007   1.2121212121212121E-002   1.0016767651204579        1.0101010101010102E-002   1.0016767651204579        1.0000000000000000       -6.2172489379008766E-015
  0.43433473462979777        8.3278099254400211E-007   1.2121212121212121E-002   1.0016730135395553        1.0101010101010102E-002   1.0016730135395553        1.0000000000000000       -6.2172489379008766E-015
  0.44443702145726255        7.1008611776673880E-007   1.2121212121212121E-002   1.0016695814620444        1.0101010101010102E-002   1.0016695814620444        1.0000000000000000       -6.2172489379008766E-015
  0.45453934114021849        5.6347150193973450E-007   1.2121212121212121E-002   1.0016666735569930        1.0101010101010102E-002   1.0016666735569930        1.0000000000000000       -6.2172489379008766E-015
  0.46464168580313414        4.5527424879079708E-007   1.2121212121212121E-002   1.0016644988932346        1.0101010101010102E-002   1.0016644988932346        1.0000000000000000       -6.2172489379008766E-015
  0.47474404818622057        3.1969182213917055E-007   1.2121212121212121E-002   1.0016629106702042        1.0101010101010102E-002   1.0016629106702042        1.0000000000000000        5.3290705182007514E-015
  0.48484642416266072        1.1628603172859745E-007   1.2121212121212121E-002   1.0016618561555415        1.0101010101010102E-002   1.0016618561555415        1.0000000000000000       -7.0166095156309893E-014
  0.49494880751016312        4.4454077956940009E-009   1.2121212121212121E-002   1.0016613893688788        1.0101010101010102E-002   1.0016613893688788        1.0000000000000000       -4.4941828036826337E-013
  0.50505119248982910       -4.4454311951196902E-009   1.2121212121212121E-002   1.0016613893689106        1.0101010101010102E-002   1.0016613893689106        1.0000000000000000       -6.9277916736609768E-014
  0.51515357583733068       -1.1628606990292563E-007   1.2121212121212121E-002   1.0016618561555273        1.0101010101010102E-002   1.0016618561555273        1.0000000000000000        1.5987211554602254E-014
  0.52525595181377194       -3.1969177835664668E-007   1.2121212121212121E-002   1.0016629106701389        1.0101010101010102E-002   1.0016629106701389        1.0000000000000000        1.7763568394002505E-015
  0.53535831419685864       -4.5527420987590014E-007   1.2121212121212121E-002   1.0016644988931802        1.0101010101010102E-002   1.0016644988931802        1.0000000000000000        1.7763568394002505E-015
  0.54546065885977524       -5.6347154784595012E-007   1.2121212121212121E-002   1.0016666735570285        1.0101010101010102E-002   1.0016666735570285        1.0000000000000000        1.7763568394002505E-015
  0.55556297854272940       -7.1008606648621867E-007   1.2121212121212121E-002   1.0016695814620948        1.0101010101010102E-002   1.0016695814620948        1.0000000000000000        1.7763568394002505E-015
  0.56566526537019479       -8.3278105699552004E-007   1.2121212121212121E-002   1.0016730135395238        1.0101010101010102E-002   1.0016730135395238        1.0000000000000000        1.7763568394002505E-015
  0.57576751686116046       -9.1207160160470373E-007   1.2121212121212121E-002   1.0016767651203982        1.0101010101010102E-002   1.0016767651203982        1.0000000000000000        1.7763568394002505E-015
  0.58586972987359631       -9.5603894045855595E-007   1.2121212121212121E-002   1.0016810125680358        1.0101010101010102E-002   1.0016810125680358        1.0000000000000000        1.7763568394002505E-015
  0.59597189748974222       -9.9024914331337247E-007   1.2121212121212121E-002   1.0016857991428640        1.0101010101010102E-002   1.0016857991428640        1.0000000000000000        1.7763568394002505E-015
  0.60607401557590823       -1.1489731435902865E-006   1.2121212121212121E-002   1.0016909518873249        1.0101010101010102E-002   1.0016909518873249        1.0000000000000000        1.7763568394002505E-015
  0.61617608148244818       -1.3950516324864583E-006   1.2121212121212121E-002   1.0016965384021641        1.0101010101010102E-002   1.0016965384021641        1.0000000000000000        1.7763568394002505E-015
  0.62627808933848861       -1.5131083255350959E-006   1.2121212121212121E-002   1.0017026593307969        1.0101010101010102E-002   1.0017026593307969        1.0000000000000000        1.7763568394002505E-015
  0.63638003407521804       -1.5657702369794836E-006   1.2121212121212121E-002   1.0017092065283646        1.0101010101010102E-002   1.0017092065283646        1.0000000000000000        1.7763568394002505E-015
  0.64648191242706199       -1.6578265198422519E-006   1.2121212121212121E-002   1.0017161056175545        1.0101010101010102E-002   1.0017161056175545        1.0000000000000000        1.7763568394002505E-015
  0.65658372075410099       -1.6550771971229104E-006   1.2121212121212121E-002   1.0017233137911217        1.0101010101010102E-002   1.0017233137911217        1.0000000000000000        1.7763568394002505E-015
  0.66668545659218825       -1.5795320974564825E-006   1.2121212121212121E-002   1.0017308023228748        1.0101010101010102E-002   1.0017308023228748        1.0000000000000000        1.7763568394002505E-015
  0.67678711707022332       -1.6554823896043489E-006   1.2121212121212121E-002   1.0017386497788698        1.0101010101010102E-002   1.0017386497788698        1.0000000000000000        1.7763568394002505E-015
  0.68688869779786843       -1.7622464871011817E-006   1.2121212121212121E-002   1.0017468266574798        1.0101010101010102E-002   1.0017468266574798        1.0000000000000000        1.7763568394002505E-015
  0.69699019623853242       -1.7719221415084276E-006   1.2121212121212121E-002   1.0017550743509762        1.0101010101010102E-002   1.0017550743509762        1.0000000000000000        1.7763568394002505E-015
  0.70709161389446695       -1.8908011229636444E-006   1.2121212121212121E-002   1.0017633416985603        1.0101010101010102E-002   1.0017633416985603        1.0000000000000000        1.7763568394002505E-015
  0.71719294931677091       -1.9856741135001737E-006   1.2121212121212121E-002   1.0017718235952500        1.0101010101010102E-002   1.0017718235952500        1.0000000000000000        1.7763568394002505E-015
  0.72729419927704497       -2.0019202140358889E-006   1.2121212121212121E-002   1.0017804781969193        1.0101010101010102E-002   1.0017804781969193        1.0000000000000000        1.7763568394002505E-015
  0.73739536343244860       -2.0512219830226020E-006   1.2121212121212121E-002   1.0017891603836486        1.0101010101010102E-002   1.0017891603836486        1.0000000000000000        1.7763568394002505E-015
  0.74749644179841523       -2.2203526560027217E-006   1.2121212121212121E-002   1.0017978524644211        1.0101010101010102E-002   1.0017978524644211        1.0000000000000000        1.7763568394002505E-015
  0.75759743443045813       -2.3284390001974214E-006   1.2121212121212121E-002   1.0018066758525326        1.0101010101010102E-002   1.0018066758525326        1.0000000000000000        1.7763568394002505E-015
  0.76769833825204015       -2.2832932961205782E-006   1.2121212121212121E-002   1.0018155120823582        1.0101010101010102E-002   1.0018155120823582        1.0000000000000000        1.7763568394002505E-015
  0.77779915591750193       -2.2721924727463714E-006   1.2121212121212121E-002   1.0018241532968566        1.0101010101010102E-002   1.0018241532968566        1.0000000000000000        1.7763568394002505E-015
  0.78789988922107623       -2.1693542369634283E-006   1.2121212121212121E-002   1.0018327132319289        1.0101010101010102E-002   1.0018327132319289        1.0000000000000000        1.7763568394002505E-015
  0.79800053784252123       -2.2506917046166225E-006   1.2121212121212121E-002   1.0018412472448257        1.0101010101010102E-002   1.0018412472448257        1.0000000000000000        1.7763568394002505E-015
  0.80810110239019806       -2.2639743413205345E-006   1.2121212121212121E-002   1.0018496685164551        1.0101010101010102E-002   1.0018496685164551        1.0000000000000000        1.7763568394002505E-015
  0.81820158436481127       -2.1725047861615573E-006   1.2121212121212121E-002   1.0018578278909418        1.0101010101010102E-002   1.0018578278909418        1.0000000000000000        1.7763568394002505E-015
  0.82830198780270547       -2.0483662323052339E-006   1.2121212121212121E-002   1.0018657631335299        1.0101010101010102E-002   1.0018657631335299        1.0000000000000000        1.7763568394002505E-015
  0.83840231286724021       -1.9562155782881335E-006   1.2121212121212121E-002   1.0018733997642693        1.0101010101010102E-002   1.0018733997642693        1.0000000000000000        1.7763568394002505E-015
  0.84850256531945678       -1.9746583091304983E-006   1.2121212121212121E-002   1.0018806855416578        1.0101010101010102E-002   1.0018806855416578        1.0000000000000000        1.7763568394002505E-015
  0.85860274675257431       -1.8344328966694244E-006   1.2121212121212121E-002   1.0018877829843524        1.0101010101010102E-002   1.0018877829843524        1.0000000000000000        1.7763568394002505E-015
  0.86870285879298015       -1.7238263778307284E-006   1.2121212121212121E-002   1.0018945839471214        1.0101010101010102E-002   1.0018945839471214        1.0000000000000000        1.7763568394002505E-015
  0.87880290556444629       -1.6483600688244967E-006   1.2121212121212121E-002   1.0019009064544515        1.0101010101010102E-002   1.0019009064544515        1.0000000000000000        1.7763568394002505E-015
  0.88890289266826683       -1.5657220120937546E-006   1.2121212121212121E-002   1.0019067281979577        1.0101010101010102E-002   1.0019067281979577        1.0000000000000000        1.7763568394002505E-015
  0.89900282461548342       -1.3652811591067817E-006   1.2121212121212121E-002   1.0019121597181093        1.0101010101010102E-002   1.0019121597181093        1.0000000000000000        1.7763568394002505E-015
  0.90910270451078645       -1.2559208050904312E-006   1.2121212121212121E-002   1.0019172543911206        1.0101010101010102E-002   1.0019172543911206        1.0000000000000000        1.7763568394002505E-015
  0.91920253562198828       -1.1952276708746314E-006   1.2121212121212121E-002   1.0019218994777710        1.0101010101010102E-002   1.0019218994777710        1.0000000000000000        1.7763568394002505E-015
  0.92930232355904030       -1.0516486802159104E-006   1.2121212121212121E-002   1.0019259740402247        1.0101010101010102E-002   1.0019259740402247        1.0000000000000000        1.7763568394002505E-015
  0.93940207415882793       -8.4198712794175107E-007   1.2121212121212121E-002   1.0019294704548933        1.0101010101010102E-002   1.0019294704548933        1.0000000000000000        1.7763568394002505E-015
  0.94950179327884410       -7.6646365688725428E-007   1.2121212121212121E-002   1.0019325063403230        1.0101010101010102E-002   1.0019325063403230        1.0000000000000000        1.7763568394002505E-015
  0.95960148339557094       -6.2593331998288810E-007   1.2121212121212121E-002   1.0019349000516595        1.0101010101010102E-002   1.0019349000516595        1.0000000000000000        1.7763568394002505E-015
  0.96970115711989080       -4.1989760166660130E-007   1.2121212121212121E-002   1.0019372711173320        1.0101010101010102E-002   1.0019372711173320        1.0000000000000000        8.8817841970012523E-016
  0.97980079189921154       -2.6783695505464830E-007   1.2121212121212121E-002   1.0019360187800797        1.0101010101010102E-002   1.0019360187800797        1.0000000000000000       -3.2862601528904634E-014
  0.98990051282866454       -2.5297239007863971E-007   1.2121212121212121E-002   1.0019372521762382        1.0101010101010102E-002   1.0019372521762382        1.0000000000000000        1.5010215292932116E-013
  0.99999999999999800        0.0000000000000000        1.2121212121212121E-002   1.0018766013366809        1.0101010101010102E-002   1.0018766013366809        1.0000000000000000        1.0436096431476471E-012
