 # x v h rho m p cs a
   13.250999999998095     
  -1.0933106497358894E-005   1.8909405405370879E-005   1.2121212121212121E-002   1.0017974084537966        1.0101010101010102E-002   1.0017974084537966        1.0000000000000000        1.2434497875801753E-014
   1.0090117495129752E-002   1.9225786951844899E-005   1.2121212121212121E-002   1.0017953394119554        1.0101010101010102E-002   1.0017953394119554        1.0000000000000000       -1.4210854715202004E-014
   2.0191187503178717E-002   1.9102313875177166E-005   1.2121212121212121E-002   1.0017933846193174        1.0101010101010102E-002   1.0017933846193174        1.0000000000000000       -9.9475983006414026E-014
   3.0292276795188137E-002   1.8569664296359834E-005   1.2121212121212121E-002   1.0017915955321772        1.0101010101010102E-002   1.0017915955321772        1.0000000000000000        6.1284310959308641E-014
   4.0393382229357760E-002   1.8388039709931209E-005   1.2121212121212121E-002   1.0017900147141057        1.0101010101010102E-002   1.0017900147141057        1.0000000000000000        3.5527136788005009E-015
   5.0494502709939902E-002   1.8407812541338922E-005   1.2121212121212121E-002   1.0017886079179863        1.0101010101010102E-002   1.0017886079179863        1.0000000000000000        4.4408920985006262E-015
   6.0595635741402476E-002   1.8094056131360895E-005   1.2121212121212121E-002   1.0017872366252227        1.0101010101010102E-002   1.0017872366252227        1.0000000000000000       -8.8817841970012523E-015
   7.0696782897096300E-002   1.7530712340738865E-005   1.2121212121212121E-002   1.0017856410850723        1.0101010101010102E-002   1.0017856410850723        1.0000000000000000       -5.1514348342607263E-014
   8.0797947275363824E-002   1.7076033134678538E-005   1.2121212121212121E-002   1.0017836991035831        1.0101010101010102E-002   1.0017836991035831        1.0000000000000000        2.1316282072803006E-014
   9.0899132858201045E-002   1.6405806572128033E-005   1.2121212121212121E-002   1.0017814723520151        1.0101010101010102E-002   1.0017814723520151        1.0000000000000000        7.1054273576010019E-015
  0.10100034204691008        1.5610577529941738E-005   1.2121212121212121E-002   1.0017794693127213        1.0101010101010102E-002   1.0017794693127213        1.0000000000000000        7.1054273576010019E-015
  0.11110156810887989        1.4897204777969472E-005   1.2121212121212121E-002   1.0017782200465961        1.0101010101010102E-002   1.0017782200465961        1.0000000000000000        3.5527136788005009E-015
  0.12120280154783318        1.4302087931874877E-005   1.2121212121212121E-002   1.0017774715386050        1.0101010101010102E-002   1.0017774715386050        1.0000000000000000        1.9539925233402755E-014
  0.13130404141076982        1.3414035059346623E-005   1.2121212121212121E-002   1.0017766340567369        1.0101010101010102E-002   1.0017766340567369        1.0000000000000000        8.0824236192711396E-014
  0.14140529132277624        1.2373739115825841E-005   1.2121212121212121E-002   1.0017756379362399        1.0101010101010102E-002   1.0017756379362399        1.0000000000000000        2.2204460492503131E-014
  0.15150655134154425        1.1518507287180953E-005   1.2121212121212121E-002   1.0017747315129619        1.0101010101010102E-002   1.0017747315129619        1.0000000000000000       -6.2172489379008766E-015
  0.16160781884154302        1.0822264236287269E-005   1.2121212121212121E-002   1.0017737469520258        1.0101010101010102E-002   1.0017737469520258        1.0000000000000000       -6.2172489379008766E-015
  0.17170909817063365        1.0089017051157820E-005   1.2121212121212121E-002   1.0017726175513710        1.0101010101010102E-002   1.0017726175513710        1.0000000000000000       -6.2172489379008766E-015
  0.18181038863164220        9.0180375274418583E-006   1.2121212121212121E-002   1.0017717091345990        1.0101010101010102E-002   1.0017717091345990        1.0000000000000000       -6.2172489379008766E-015
  0.19191168605120373        7.5218642031352659E-006   1.2121212121212121E-002   1.0017711162225569        1.0101010101010102E-002   1.0017711162225569        1.0000000000000000       -6.2172489379008766E-015
  0.20201298788651409        6.0244218596075734E-006   1.2121212121212121E-002   1.0017706421429926        1.0101010101010102E-002   1.0017706421429926        1.0000000000000000       -6.2172489379008766E-015
  0.21211429449993627        4.7091000639568654E-006   1.2121212121212121E-002   1.0017701854225514        1.0101010101010102E-002   1.0017701854225514        1.0000000000000000       -6.2172489379008766E-015
  0.22221560566061971        3.7731746000311855E-006   1.2121212121212121E-002   1.0017699159365714        1.0101010101010102E-002   1.0017699159365714        1.0000000000000000       -1.7763568394002505E-015
  0.23231691775378616        2.5927303910167136E-006   1.2121212121212121E-002   1.0017699352868297        1.0101010101010102E-002   1.0017699352868297        1.0000000000000000       -5.6843418860808015E-014
  0.24241822850213404        1.5316559277941209E-006   1.2121212121212121E-002   1.0017702334181817        1.0101010101010102E-002   1.0017702334181817        1.0000000000000000       -1.8562928971732617E-013
  0.25251953468786442        6.0993806325377571E-007   1.2121212121212121E-002   1.0017707674724172        1.0101010101010102E-002   1.0017707674724172        1.0000000000000000        1.8385293287792592E-013
  0.26262083424628624       -2.0999248851651356E-007   1.2121212121212121E-002   1.0017711634531561        1.0101010101010102E-002   1.0017711634531561        1.0000000000000000        5.0626169922907138E-014
  0.27272213239449350       -1.1953587981481091E-006   1.2121212121212121E-002   1.0017713004863271        1.0101010101010102E-002   1.0017713004863271        1.0000000000000000       -6.2172489379008766E-015
  0.28282342988441195       -2.7036125789423707E-006   1.2121212121212121E-002   1.0017715538577356        1.0101010101010102E-002   1.0017715538577356        1.0000000000000000       -6.2172489379008766E-015
  0.29292472345897558       -4.3271556672979922E-006   1.2121212121212121E-002   1.0017721677337641        1.0101010101010102E-002   1.0017721677337641        1.0000000000000000       -6.2172489379008766E-015
  0.30302600812850422       -5.8956230517331720E-006   1.2121212121212121E-002   1.0017727583571765        1.0101010101010102E-002   1.0017727583571765        1.0000000000000000       -6.2172489379008766E-015
  0.31312728977495935       -6.9793052694018923E-006   1.2121212121212121E-002   1.0017731762014894        1.0101010101010102E-002   1.0017731762014894        1.0000000000000000       -6.2172489379008766E-015
  0.32322856681206202       -7.9926884804004732E-006   1.2121212121212121E-002   1.0017737649525214        1.0101010101010102E-002   1.0017737649525214        1.0000000000000000       -6.2172489379008766E-015
  0.33332983684432338       -8.8092307040640356E-006   1.2121212121212121E-002   1.0017745701460059        1.0101010101010102E-002   1.0017745701460059        1.0000000000000000       -6.2172489379008766E-015
  0.34343109801939248       -9.4204939905088697E-006   1.2121212121212121E-002   1.0017756164373821        1.0101010101010102E-002   1.0017756164373821        1.0000000000000000       -6.2172489379008766E-015
  0.35353234728817334       -1.0056458997728363E-005   1.2121212121212121E-002   1.0017768446893383        1.0101010101010102E-002   1.0017768446893383        1.0000000000000000       -6.2172489379008766E-015
  0.36363358396260737       -1.0847531823322124E-005   1.2121212121212121E-002   1.0017781123266825        1.0101010101010102E-002   1.0017781123266825        1.0000000000000000       -6.2172489379008766E-015
  0.37373480803317766       -1.1353318620893649E-005   1.2121212121212121E-002   1.0017793292356387        1.0101010101010102E-002   1.0017793292356387        1.0000000000000000       -6.2172489379008766E-015
  0.38383602078249973       -1.1257347327809072E-005   1.2121212121212121E-002   1.0017805408015386        1.0101010101010102E-002   1.0017805408015386        1.0000000000000000       -6.2172489379008766E-015
  0.39393722058557662       -1.1061960230189009E-005   1.2121212121212121E-002   1.0017815198725812        1.0101010101010102E-002   1.0017815198725812        1.0000000000000000       -6.2172489379008766E-015
  0.40403841304677990       -1.0950673215551246E-005   1.2121212121212121E-002   1.0017817220972405        1.0101010101010102E-002   1.0017817220972405        1.0000000000000000       -6.2172489379008766E-015
  0.41413960901162461       -1.0968622772473393E-005   1.2121212121212121E-002   1.0017812453682611        1.0101010101010102E-002   1.0017812453682611        1.0000000000000000       -6.2172489379008766E-015
  0.42424081199253744       -1.0859931692738675E-005   1.2121212121212121E-002   1.0017807467941560        1.0101010101010102E-002   1.0017807467941560        1.0000000000000000       -6.2172489379008766E-015
  0.43434201826791807       -1.0612066667762479E-005   1.2121212121212121E-002   1.0017805066147909        1.0101010101010102E-002   1.0017805066147909        1.0000000000000000       -6.2172489379008766E-015
  0.44444322527554447       -9.8409207190256528E-006   1.2121212121212121E-002   1.0017801092928467        1.0101010101010102E-002   1.0017801092928467        1.0000000000000000       -6.2172489379008766E-015
  0.45454443882715689       -8.4871937756447308E-006   1.2121212121212121E-002   1.0017792305817961        1.0101010101010102E-002   1.0017792305817961        1.0000000000000000       -6.2172489379008766E-015
  0.46464566398210788       -6.9519418848369772E-006   1.2121212121212121E-002   1.0017783149018200        1.0101010101010102E-002   1.0017783149018200        1.0000000000000000       -6.2172489379008766E-015
  0.47474689617076749       -5.2654332764574685E-006   1.2121212121212121E-002   1.0017776884067029        1.0101010101010102E-002   1.0017776884067029        1.0000000000000000        5.3290705182007514E-015
  0.48484813326251985       -3.3108574075845642E-006   1.2121212121212121E-002   1.0017771280731473        1.0101010101010102E-002   1.0017771280731473        1.0000000000000000       -7.0166095156309893E-014
  0.49494937656133497       -1.0856202068787567E-006   1.2121212121212121E-002   1.0017766651532705        1.0101010101010102E-002   1.0017766651532705        1.0000000000000000       -4.4941828036826337E-013
  0.50505062343929796        1.0856201288979547E-006   1.2121212121212121E-002   1.0017766651532345        1.0101010101010102E-002   1.0017766651532345        1.0000000000000000       -6.9277916736609768E-014
  0.51515186673811375        3.3108575912563388E-006   1.2121212121212121E-002   1.0017771280730314        1.0101010101010102E-002   1.0017771280730314        1.0000000000000000        1.5987211554602254E-014
  0.52525310382986801        5.2654334157482022E-006   1.2121212121212121E-002   1.0017776884066669        1.0101010101010102E-002   1.0017776884066669        1.0000000000000000        1.7763568394002505E-015
  0.53535433601852667        6.9519422144282280E-006   1.2121212121212121E-002   1.0017783149019874        1.0101010101010102E-002   1.0017783149019874        1.0000000000000000        1.7763568394002505E-015
  0.54545556117347482        8.4871935485885233E-006   1.2121212121212121E-002   1.0017792305819031        1.0101010101010102E-002   1.0017792305819031        1.0000000000000000        1.7763568394002505E-015
  0.55555677472508769        9.8409207274681826E-006   1.2121212121212121E-002   1.0017801092927381        1.0101010101010102E-002   1.0017801092927381        1.0000000000000000        1.7763568394002505E-015
  0.56565798173271631        1.0612067247301409E-005   1.2121212121212121E-002   1.0017805066147554        1.0101010101010102E-002   1.0017805066147554        1.0000000000000000        1.7763568394002505E-015
  0.57575918800809556        1.0859931325229305E-005   1.2121212121212121E-002   1.0017807467942843        1.0101010101010102E-002   1.0017807467942843        1.0000000000000000        1.7763568394002505E-015
  0.58586039098900700        1.0968623037665788E-005   1.2121212121212121E-002   1.0017812453684016        1.0101010101010102E-002   1.0017812453684016        1.0000000000000000        1.7763568394002505E-015
  0.59596158695384982        1.0950672986584173E-005   1.2121212121212121E-002   1.0017817220971119        1.0101010101010102E-002   1.0017817220971119        1.0000000000000000        1.7763568394002505E-015
  0.60606277941505771        1.1061960697189740E-005   1.2121212121212121E-002   1.0017815198723150        1.0101010101010102E-002   1.0017815198723150        1.0000000000000000        1.7763568394002505E-015
  0.61616397921813626        1.1257347075241835E-005   1.2121212121212121E-002   1.0017805408016816        1.0101010101010102E-002   1.0017805408016816        1.0000000000000000        1.7763568394002505E-015
  0.62626519196745301        1.1353318916895331E-005   1.2121212121212121E-002   1.0017793292357344        1.0101010101010102E-002   1.0017793292357344        1.0000000000000000        1.7763568394002505E-015
  0.63636641603802613        1.0847532218061414E-005   1.2121212121212121E-002   1.0017781123263971        1.0101010101010102E-002   1.0017781123263971        1.0000000000000000        1.7763568394002505E-015
  0.64646765271246409        1.0056458730178113E-005   1.2121212121212121E-002   1.0017768446892905        1.0101010101010102E-002   1.0017768446892905        1.0000000000000000        1.7763568394002505E-015
  0.65656890198124207        9.4204939966850935E-006   1.2121212121212121E-002   1.0017756164376332        1.0101010101010102E-002   1.0017756164376332        1.0000000000000000        1.7763568394002505E-015
  0.66667016315630789        8.8092310375911529E-006   1.2121212121212121E-002   1.0017745701459295        1.0101010101010102E-002   1.0017745701459295        1.0000000000000000        1.7763568394002505E-015
  0.67677143318857502        7.9926884068551994E-006   1.2121212121212121E-002   1.0017737649526111        1.0101010101010102E-002   1.0017737649526111        1.0000000000000000        1.7763568394002505E-015
  0.68687271022566998        6.9793055375514620E-006   1.2121212121212121E-002   1.0017731762016642        1.0101010101010102E-002   1.0017731762016642        1.0000000000000000        1.7763568394002505E-015
  0.69697399187212872        5.8956230175075522E-006   1.2121212121212121E-002   1.0017727583570790        1.0101010101010102E-002   1.0017727583570790        1.0000000000000000        1.7763568394002505E-015
  0.70707527654165614        4.3271555143133895E-006   1.2121212121212121E-002   1.0017721677336138        1.0101010101010102E-002   1.0017721677336138        1.0000000000000000        1.7763568394002505E-015
  0.71717657011622371        2.7036127994110505E-006   1.2121212121212121E-002   1.0017715538574470        1.0101010101010102E-002   1.0017715538574470        1.0000000000000000        1.7763568394002505E-015
  0.72727786760614455        1.1953590909308869E-006   1.2121212121212121E-002   1.0017713004862361        1.0101010101010102E-002   1.0017713004862361        1.0000000000000000        1.7763568394002505E-015
  0.73737916575435103        2.0999237856076198E-007   1.2121212121212121E-002   1.0017711634531967        1.0101010101010102E-002   1.0017711634531967        1.0000000000000000        1.7763568394002505E-015
  0.74748046531277301       -6.0993775774068196E-007   1.2121212121212121E-002   1.0017707674726437        1.0101010101010102E-002   1.0017707674726437        1.0000000000000000        1.7763568394002505E-015
  0.75758177149849781       -1.5316560529018405E-006   1.2121212121212121E-002   1.0017702334180956        1.0101010101010102E-002   1.0017702334180956        1.0000000000000000        1.7763568394002505E-015
  0.76768308224685344       -2.5927303693157088E-006   1.2121212121212121E-002   1.0017699352866962        1.0101010101010102E-002   1.0017699352866962        1.0000000000000000        1.7763568394002505E-015
  0.77778439434001578       -3.7731745412753946E-006   1.2121212121212121E-002   1.0017699159368947        1.0101010101010102E-002   1.0017699159368947        1.0000000000000000        1.7763568394002505E-015
  0.78788570550069525       -4.7090999580317853E-006   1.2121212121212121E-002   1.0017701854224441        1.0101010101010102E-002   1.0017701854224441        1.0000000000000000        1.7763568394002505E-015
  0.79798701211412404       -6.0244219296968147E-006   1.2121212121212121E-002   1.0017706421427104        1.0101010101010102E-002   1.0017706421427104        1.0000000000000000        1.7763568394002505E-015
  0.80808831394943426       -7.5218638070963886E-006   1.2121212121212121E-002   1.0017711162226131        1.0101010101010102E-002   1.0017711162226131        1.0000000000000000        1.7763568394002505E-015
  0.81818961136899437       -9.0180375036996264E-006   1.2121212121212121E-002   1.0017717091347602        1.0101010101010102E-002   1.0017717091347602        1.0000000000000000        1.7763568394002505E-015
  0.82829090183000065       -1.0089017117396816E-005   1.2121212121212121E-002   1.0017726175513468        1.0101010101010102E-002   1.0017726175513468        1.0000000000000000        1.7763568394002505E-015
  0.83839218115909442       -1.0822264124327816E-005   1.2121212121212121E-002   1.0017737469520116        1.0101010101010102E-002   1.0017737469520116        1.0000000000000000        1.7763568394002505E-015
  0.84849344865909038       -1.1518507182123297E-005   1.2121212121212121E-002   1.0017747315129915        1.0101010101010102E-002   1.0017747315129915        1.0000000000000000        1.7763568394002505E-015
  0.85859470867786036       -1.2373738951957153E-005   1.2121212121212121E-002   1.0017756379361835        1.0101010101010102E-002   1.0017756379361835        1.0000000000000000        1.7763568394002505E-015
  0.86869595858986615       -1.3414034676503621E-005   1.2121212121212121E-002   1.0017766340566947        1.0101010101010102E-002   1.0017766340566947        1.0000000000000000        1.7763568394002505E-015
  0.87879719845280402       -1.4302088310221318E-005   1.2121212121212121E-002   1.0017774715384666        1.0101010101010102E-002   1.0017774715384666        1.0000000000000000        1.7763568394002505E-015
  0.88889843189175910       -1.4897204588642870E-005   1.2121212121212121E-002   1.0017782200465082        1.0101010101010102E-002   1.0017782200465082        1.0000000000000000        1.7763568394002505E-015
  0.89899965795372871       -1.5610577435446414E-005   1.2121212121212121E-002   1.0017794693126316        1.0101010101010102E-002   1.0017794693126316        1.0000000000000000        1.7763568394002505E-015
  0.90910086714243998       -1.6405806687319170E-005   1.2121212121212121E-002   1.0017814723520799        1.0101010101010102E-002   1.0017814723520799        1.0000000000000000        1.7763568394002505E-015
  0.91920205272527389       -1.7076032722740222E-005   1.2121212121212121E-002   1.0017836991038733        1.0101010101010102E-002   1.0017836991038733        1.0000000000000000        1.7763568394002505E-015
  0.92930321710353792       -1.7530712289766648E-005   1.2121212121212121E-002   1.0017856410850119        1.0101010101010102E-002   1.0017856410850119        1.0000000000000000        1.7763568394002505E-015
  0.93940436425923701       -1.8094056167018525E-005   1.2121212121212121E-002   1.0017872366251015        1.0101010101010102E-002   1.0017872366251015        1.0000000000000000        1.7763568394002505E-015
  0.94950549729069700       -1.8407812592043995E-005   1.2121212121212121E-002   1.0017886079179812        1.0101010101010102E-002   1.0017886079179812        1.0000000000000000        1.7763568394002505E-015
  0.95960661777128153       -1.8388039770396118E-005   1.2121212121212121E-002   1.0017900147140617        1.0101010101010102E-002   1.0017900147140617        1.0000000000000000        1.7763568394002505E-015
  0.96970772320544962       -1.8569663888993325E-005   1.2121212121212121E-002   1.0017915955321059        1.0101010101010102E-002   1.0017915955321059        1.0000000000000000        8.8817841970012523E-016
  0.97980881249746254       -1.9102313918041387E-005   1.2121212121212121E-002   1.0017933846195064        1.0101010101010102E-002   1.0017933846195064        1.0000000000000000       -3.2862601528904634E-014
  0.98990988250550360       -1.9225786780941023E-005   1.2121212121212121E-002   1.0017953394120305        1.0101010101010102E-002   1.0017953394120305        1.0000000000000000        1.5010215292932116E-013
   1.0000109331071367       -1.8909405361841829E-005   1.2121212121212121E-002   1.0017974084535468        1.0101010101010102E-002   1.0017974084535468        1.0000000000000000        1.0436096431476471E-012
   1.0101119432081469        1.9121191019104972E-005   1.2121212121212121E-002   1.0017953394119554        1.0101010101010102E-002   1.0017993775173997        1.0000000000000000        1.4299672557172016E-013
   1.0202129533091571        1.9002066233898803E-005   1.2121212121212121E-002   1.0017933846193174        1.0101010101010102E-002   1.0018003397418043        1.0000000000000000       -1.9677833450701065E-002
   1.0303139634101672        1.8483202645813123E-005   1.2121212121212121E-002   1.0017915955321772        1.0101010101010102E-002   1.0018004115226273        1.0000000000000000       -1.3138325546267744     
   1.0404149735111774        1.8310160536271453E-005   1.2121212121212121E-002   1.0017900147141057        1.0101010101010102E-002  0.99665637860081713        1.0000000000000000       -4.6453021478719450     
   1.0505159836121876        1.8340662435955649E-005   1.2121212121212121E-002   1.0017886079179863        1.0101010101010102E-002  0.77867798353909146        1.0000000000000000        107.01218865918355     
  -1.0111943207507461E-002  -1.9121190898011031E-005   1.2121212121212121E-002   1.0017953394120305        1.0101010101010102E-002   1.0017993775174239        1.0000000000000000        1.1546319456101628E-014
  -2.0212953308517561E-002  -1.9002066239896071E-005   1.2121212121212121E-002   1.0017933846195064        1.0101010101010102E-002   1.0018003397418100        1.0000000000000000        1.9677833450746363E-002
  -3.0313963409527661E-002  -1.8483202247944794E-005   1.2121212121212121E-002   1.0017915955321059        1.0101010101010102E-002   1.0018004115226335        1.0000000000000000        1.3138325546268277     
  -4.0414973510537765E-002  -1.8310160588825799E-005   1.2121212121212121E-002   1.0017900147140617        1.0101010101010102E-002  0.99665637860082268        1.0000000000000000        4.6453021478716039     
  -5.0515983611547868E-002  -1.8340662498980199E-005   1.2121212121212121E-002   1.0017886079179812        1.0101010101010102E-002  0.77867798353909445        1.0000000000000000       -107.01218865918408     
