 # x v h rho m p cs a
   10.450999999999647     
  -1.5151110585679803E-005   1.8735683688630272E-005   1.2121212121212121E-002   1.0017969038258010        1.0101010101010102E-002   1.0017969038258010        1.0000000000000000        1.2434497875801753E-014
   1.0085909063803163E-002   1.9170890169623524E-005   1.2121212121212121E-002   1.0017939624687777        1.0101010101010102E-002   1.0017939624687777        1.0000000000000000       -1.4210854715202004E-014
   2.0186996619051770E-002   1.8821130751114503E-005   1.2121212121212121E-002   1.0017910421341611        1.0101010101010102E-002   1.0017910421341611        1.0000000000000000       -9.9475983006414026E-014
   3.0288114425168360E-002   1.8301372105865031E-005   1.2121212121212121E-002   1.0017881791396253        1.0101010101010102E-002   1.0017881791396253        1.0000000000000000        6.1284310959308641E-014
   4.0389259352195228E-002   1.7986407411773141E-005   1.2121212121212121E-002   1.0017858099877348        1.0101010101010102E-002   1.0017858099877348        1.0000000000000000        3.5527136788005009E-015
   5.0490423693206547E-002   1.7933336865866469E-005   1.2121212121212121E-002   1.0017837512719583        1.0101010101010102E-002   1.0017837512719583        1.0000000000000000        4.4408920985006262E-015
   6.0591608034552179E-002   1.8007110680421194E-005   1.2121212121212121E-002   1.0017812645984008        1.0101010101010102E-002   1.0017812645984008        1.0000000000000000       -8.8817841970012523E-015
   7.0692821458025787E-002   1.7956400781322811E-005   1.2121212121212121E-002   1.0017782998692999        1.0101010101010102E-002   1.0017782998692999        1.0000000000000000       -5.1514348342607263E-014
   8.0794065288234573E-002   1.7567689503038689E-005   1.2121212121212121E-002   1.0017753960048676        1.0101010101010102E-002   1.0017753960048676        1.0000000000000000        2.1316282072803006E-014
   9.0895336630464965E-002   1.6802775419189666E-005   1.2121212121212121E-002   1.0017728908730856        1.0101010101010102E-002   1.0017728908730856        1.0000000000000000        7.1054273576010019E-015
  0.10099662970495060        1.5755476138120712E-005   1.2121212121212121E-002   1.0017706542684335        1.0101010101010102E-002   1.0017706542684335        1.0000000000000000        7.1054273576010019E-015
  0.11109794505449801        1.4757459586587784E-005   1.2121212121212121E-002   1.0017685741111240        1.0101010101010102E-002   1.0017685741111240        1.0000000000000000        3.5527136788005009E-015
  0.12119927942051831        1.3924953579258996E-005   1.2121212121212121E-002   1.0017667422068508        1.0101010101010102E-002   1.0017667422068508        1.0000000000000000        1.9539925233402755E-014
  0.13130063088920824        1.3579111405220628E-005   1.2121212121212121E-002   1.0017651152877789        1.0101010101010102E-002   1.0017651152877789        1.0000000000000000        8.0824236192711396E-014
  0.14140199728110681        1.3134732762611927E-005   1.2121212121212121E-002   1.0017636025294607        1.0101010101010102E-002   1.0017636025294607        1.0000000000000000        2.2204460492503131E-014
  0.15150337832661598        1.2510018533907562E-005   1.2121212121212121E-002   1.0017620235845790        1.0101010101010102E-002   1.0017620235845790        1.0000000000000000       -6.2172489379008766E-015
  0.16160477605120052        1.1471035294188290E-005   1.2121212121212121E-002   1.0017604505035336        1.0101010101010102E-002   1.0017604505035336        1.0000000000000000       -6.2172489379008766E-015
  0.17170618845475211        1.0417523550290170E-005   1.2121212121212121E-002   1.0017590563898779        1.0101010101010102E-002   1.0017590563898779        1.0000000000000000       -6.2172489379008766E-015
  0.18180761396146977        9.2140053095754334E-006   1.2121212121212121E-002   1.0017579763064131        1.0101010101010102E-002   1.0017579763064131        1.0000000000000000       -6.2172489379008766E-015
  0.19190904749124485        7.8586180817325965E-006   1.2121212121212121E-002   1.0017570815054100        1.0101010101010102E-002   1.0017570815054100        1.0000000000000000       -6.2172489379008766E-015
  0.20201049035611546        6.5318985092016257E-006   1.2121212121212121E-002   1.0017561840412803        1.0101010101010102E-002   1.0017561840412803        1.0000000000000000       -6.2172489379008766E-015
  0.21211194177740639        5.3637405865111315E-006   1.2121212121212121E-002   1.0017553745385077        1.0101010101010102E-002   1.0017553745385077        1.0000000000000000       -6.2172489379008766E-015
  0.22221340099716491        4.2940837106321107E-006   1.2121212121212121E-002   1.0017548808153152        1.0101010101010102E-002   1.0017548808153152        1.0000000000000000       -1.7763568394002505E-015
  0.23231486249447714        3.3189068893662820E-006   1.2121212121212121E-002   1.0017548913919310        1.0101010101010102E-002   1.0017548913919310        1.0000000000000000       -5.6843418860808015E-014
  0.24241632128010476        2.7402804738847387E-006   1.2121212121212121E-002   1.0017552752198495        1.0101010101010102E-002   1.0017552752198495        1.0000000000000000       -1.8562928971732617E-013
  0.25251777481700849        1.9928467700131797E-006   1.2121212121212121E-002   1.0017557970272015        1.0101010101010102E-002   1.0017557970272015        1.0000000000000000        1.8385293287792592E-013
  0.26261922309078245        6.5132279896245010E-007   1.2121212121212121E-002   1.0017563274901267        1.0101010101010102E-002   1.0017563274901267        1.0000000000000000        5.0626169922907138E-014
  0.27272066621628810       -1.1460620014567155E-006   1.2121212121212121E-002   1.0017568838973430        1.0101010101010102E-002   1.0017568838973430        1.0000000000000000       -6.2172489379008766E-015
  0.28282210323248036       -2.7726513522861399E-006   1.2121212121212121E-002   1.0017573038861374        1.0101010101010102E-002   1.0017573038861374        1.0000000000000000       -6.2172489379008766E-015
  0.29292353772786561       -3.8466325590882064E-006   1.2121212121212121E-002   1.0017574339953044        1.0101010101010102E-002   1.0017574339953044        1.0000000000000000       -6.2172489379008766E-015
  0.30302497312153820       -4.8049081909784812E-006   1.2121212121212121E-002   1.0017578493049721        1.0101010101010102E-002   1.0017578493049721        1.0000000000000000       -6.2172489379008766E-015
  0.31312640042826612       -6.0056971408604145E-006   1.2121212121212121E-002   1.0017591352223560        1.0101010101010102E-002   1.0017591352223560        1.0000000000000000       -6.2172489379008766E-015
  0.32322780956752467       -7.4038407706840406E-006   1.2121212121212121E-002   1.0017608231484703        1.0101010101010102E-002   1.0017608231484703        1.0000000000000000       -6.2172489379008766E-015
  0.33332920272396227       -8.5296384951880303E-006   1.2121212121212121E-002   1.0017624536237182        1.0101010101010102E-002   1.0017624536237182        1.0000000000000000       -6.2172489379008766E-015
  0.34343058034577584       -9.2820405664340419E-006   1.2121212121212121E-002   1.0017643958792259        1.0101010101010102E-002   1.0017643958792259        1.0000000000000000       -6.2172489379008766E-015
  0.35353193529938531       -9.6895095798005209E-006   1.2121212121212121E-002   1.0017667330325215        1.0101010101010102E-002   1.0017667330325215        1.0000000000000000       -6.2172489379008766E-015
  0.36363326566426546       -1.0070695225047812E-005   1.2121212121212121E-002   1.0017688533342075        1.0101010101010102E-002   1.0017688533342075        1.0000000000000000       -6.2172489379008766E-015
  0.37373457851265618       -1.0730975725693574E-005   1.2121212121212121E-002   1.0017706248557763        1.0101010101010102E-002   1.0017706248557763        1.0000000000000000       -6.2172489379008766E-015
  0.38383587464814944       -1.1393404837781858E-005   1.2121212121212121E-002   1.0017724605243783        1.0101010101010102E-002   1.0017724605243783        1.0000000000000000       -6.2172489379008766E-015
  0.39393715083432568       -1.2034738270800103E-005   1.2121212121212121E-002   1.0017741506913378        1.0101010101010102E-002   1.0017741506913378        1.0000000000000000       -6.2172489379008766E-015
  0.40403841301069993       -1.2680962069438147E-005   1.2121212121212121E-002   1.0017753697420242        1.0101010101010102E-002   1.0017753697420242        1.0000000000000000       -6.2172489379008766E-015
  0.41413966535962998       -1.3564136360217256E-005   1.2121212121212121E-002   1.0017762609788490        1.0101010101010102E-002   1.0017762609788490        1.0000000000000000       -6.2172489379008766E-015
  0.42424091047691276       -1.3979209319127587E-005   1.2121212121212121E-002   1.0017771581805366        1.0101010101010102E-002   1.0017771581805366        1.0000000000000000       -6.2172489379008766E-015
  0.43434214522272324       -1.3440365796803690E-005   1.2121212121212121E-002   1.0017781395561631        1.0101010101010102E-002   1.0017781395561631        1.0000000000000000       -6.2172489379008766E-015
  0.44444337051891236       -1.2335923209095365E-005   1.2121212121212121E-002   1.0017789670686981        1.0101010101010102E-002   1.0017789670686981        1.0000000000000000       -6.2172489379008766E-015
  0.45454458890227301       -1.1018971978100438E-005   1.2121212121212121E-002   1.0017796212666927        1.0101010101010102E-002   1.0017796212666927        1.0000000000000000       -6.2172489379008766E-015
  0.46464580142961059       -9.5213644468915454E-006   1.2121212121212121E-002   1.0017802012366785        1.0101010101010102E-002   1.0017802012366785        1.0000000000000000       -6.2172489379008766E-015
  0.47474700853633450       -7.4482853153586427E-006   1.2121212121212121E-002   1.0017808147579461        1.0101010101010102E-002   1.0017808147579461        1.0000000000000000        5.3290705182007514E-015
  0.48484820884128732       -4.8423047072186984E-006   1.2121212121212121E-002   1.0017814033785304        1.0101010101010102E-002   1.0017814033785304        1.0000000000000000       -7.0166095156309893E-014
  0.49494940408917315       -1.7273440001030480E-006   1.2121212121212121E-002   1.0017818131583742        1.0101010101010102E-002   1.0017818131583742        1.0000000000000000       -4.4941828036826337E-013
  0.50505059591124768        1.7273439797686383E-006   1.2121212121212121E-002   1.0017818131585523        1.0101010101010102E-002   1.0017818131585523        1.0000000000000000       -6.9277916736609768E-014
  0.51515179115912924        4.8423048689679957E-006   1.2121212121212121E-002   1.0017814033786501        1.0101010101010102E-002   1.0017814033786501        1.0000000000000000        1.5987211554602254E-014
  0.52525299146408355        7.4482852984482923E-006   1.2121212121212121E-002   1.0017808147577600        1.0101010101010102E-002   1.0017808147577600        1.0000000000000000        1.7763568394002505E-015
  0.53535419857081012        9.5213646915001373E-006   1.2121212121212121E-002   1.0017802012364811        1.0101010101010102E-002   1.0017802012364811        1.0000000000000000        1.7763568394002505E-015
  0.54545541109814966        1.1018972069500137E-005   1.2121212121212121E-002   1.0017796212668710        1.0101010101010102E-002   1.0017796212668710        1.0000000000000000        1.7763568394002505E-015
  0.55555662948150397        1.2335923362500694E-005   1.2121212121212121E-002   1.0017789670687929        1.0101010101010102E-002   1.0017789670687929        1.0000000000000000        1.7763568394002505E-015
  0.56565785477769748        1.3440365656679033E-005   1.2121212121212121E-002   1.0017781395561187        1.0101010101010102E-002   1.0017781395561187        1.0000000000000000        1.7763568394002505E-015
  0.57575908952350496        1.3979209614060289E-005   1.2121212121212121E-002   1.0017771581806261        1.0101010101010102E-002   1.0017771581806261        1.0000000000000000        1.7763568394002505E-015
  0.58586033464078868        1.3564136085166886E-005   1.2121212121212121E-002   1.0017762609789214        1.0101010101010102E-002   1.0017762609789214        1.0000000000000000        1.7763568394002505E-015
  0.59596158698971613        1.2680962213283884E-005   1.2121212121212121E-002   1.0017753697419343        1.0101010101010102E-002   1.0017753697419343        1.0000000000000000        1.7763568394002505E-015
  0.60606284916609487        1.2034738735141439E-005   1.2121212121212121E-002   1.0017741506911630        1.0101010101010102E-002   1.0017741506911630        1.0000000000000000        1.7763568394002505E-015
  0.61616412535227061        1.1393404792508340E-005   1.2121212121212121E-002   1.0017724605244001        1.0101010101010102E-002   1.0017724605244001        1.0000000000000000        1.7763568394002505E-015
  0.62626542148776332        1.0730975612957857E-005   1.2121212121212121E-002   1.0017706248556981        1.0101010101010102E-002   1.0017706248556981        1.0000000000000000        1.7763568394002505E-015
  0.63636673433615676        1.0070695279742370E-005   1.2121212121212121E-002   1.0017688533343325        1.0101010101010102E-002   1.0017688533343325        1.0000000000000000        1.7763568394002505E-015
  0.64646806470103135        9.6895096277153570E-006   1.2121212121212121E-002   1.0017667330326439        1.0101010101010102E-002   1.0017667330326439        1.0000000000000000        1.7763568394002505E-015
  0.65656941965464333        9.2820407740079309E-006   1.2121212121212121E-002   1.0017643958790288        1.0101010101010102E-002   1.0017643958790288        1.0000000000000000        1.7763568394002505E-015
  0.66667079727645950        8.5296386277285153E-006   1.2121212121212121E-002   1.0017624536238257        1.0101010101010102E-002   1.0017624536238257        1.0000000000000000        1.7763568394002505E-015
  0.67677219043289172        7.4038406760325455E-006   1.2121212121212121E-002   1.0017608231485513        1.0101010101010102E-002   1.0017608231485513        1.0000000000000000        1.7763568394002505E-015
  0.68687359957215366        6.0056968703759368E-006   1.2121212121212121E-002   1.0017591352221904        1.0101010101010102E-002   1.0017591352221904        1.0000000000000000        1.7763568394002505E-015
  0.69697502687888224        4.8049088830018496E-006   1.2121212121212121E-002   1.0017578493049628        1.0101010101010102E-002   1.0017578493049628        1.0000000000000000        1.7763568394002505E-015
  0.70707646227255394        3.8466324394115735E-006   1.2121212121212121E-002   1.0017574339952540        1.0101010101010102E-002   1.0017574339952540        1.0000000000000000        1.7763568394002505E-015
  0.71717789676794097        2.7726513642611732E-006   1.2121212121212121E-002   1.0017573038859908        1.0101010101010102E-002   1.0017573038859908        1.0000000000000000        1.7763568394002505E-015
  0.72727933378413490        1.1460619969385162E-006   1.2121212121212121E-002   1.0017568838973867        1.0101010101010102E-002   1.0017568838973867        1.0000000000000000        1.7763568394002505E-015
  0.73738077690963766       -6.5132257045678215E-007   1.2121212121212121E-002   1.0017563274901795        1.0101010101010102E-002   1.0017563274901795        1.0000000000000000        1.7763568394002505E-015
  0.74748222518341334       -1.9928467093116574E-006   1.2121212121212121E-002   1.0017557970271833        1.0101010101010102E-002   1.0017557970271833        1.0000000000000000        1.7763568394002505E-015
  0.75758367872031585       -2.7402805800302604E-006   1.2121212121212121E-002   1.0017552752198380        1.0101010101010102E-002   1.0017552752198380        1.0000000000000000        1.7763568394002505E-015
  0.76768513750594491       -3.3189066184468202E-006   1.2121212121212121E-002   1.0017548913919281        1.0101010101010102E-002   1.0017548913919281        1.0000000000000000        1.7763568394002505E-015
  0.77778659900325564       -4.2940836158589715E-006   1.2121212121212121E-002   1.0017548808152539        1.0101010101010102E-002   1.0017548808152539        1.0000000000000000        1.7763568394002505E-015
  0.78788805822301677       -5.3637405723895363E-006   1.2121212121212121E-002   1.0017553745383492        1.0101010101010102E-002   1.0017553745383492        1.0000000000000000        1.7763568394002505E-015
  0.79798950964430870       -6.5318982904563818E-006   1.2121212121212121E-002   1.0017561840412883        1.0101010101010102E-002   1.0017561840412883        1.0000000000000000        1.7763568394002505E-015
  0.80809095250917806       -7.8586182731897745E-006   1.2121212121212121E-002   1.0017570815055337        1.0101010101010102E-002   1.0017570815055337        1.0000000000000000        1.7763568394002505E-015
  0.81819238603895150       -9.2140053718027478E-006   1.2121212121212121E-002   1.0017579763063920        1.0101010101010102E-002   1.0017579763063920        1.0000000000000000        1.7763568394002505E-015
  0.82829381154567117       -1.0417523585713159E-005   1.2121212121212121E-002   1.0017590563896965        1.0101010101010102E-002   1.0017590563896965        1.0000000000000000        1.7763568394002505E-015
  0.83839522394922505       -1.1471034735220291E-005   1.2121212121212121E-002   1.0017604505035644        1.0101010101010102E-002   1.0017604505035644        1.0000000000000000        1.7763568394002505E-015
  0.84849662167380602       -1.2510018742451192E-005   1.2121212121212121E-002   1.0017620235844966        1.0101010101010102E-002   1.0017620235844966        1.0000000000000000        1.7763568394002505E-015
  0.85859800271932074       -1.3134732759798310E-005   1.2121212121212121E-002   1.0017636025294507        1.0101010101010102E-002   1.0017636025294507        1.0000000000000000        1.7763568394002505E-015
  0.86869936911121448       -1.3579111203546159E-005   1.2121212121212121E-002   1.0017651152880882        1.0101010101010102E-002   1.0017651152880882        1.0000000000000000        1.7763568394002505E-015
  0.87880072057990177       -1.3924953740170242E-005   1.2121212121212121E-002   1.0017667422067622        1.0101010101010102E-002   1.0017667422067622        1.0000000000000000        1.7763568394002505E-015
  0.88890205494592700       -1.4757459222949245E-005   1.2121212121212121E-002   1.0017685741108933        1.0101010101010102E-002   1.0017685741108933        1.0000000000000000        1.7763568394002505E-015
  0.89900337029547439       -1.5755476006125210E-005   1.2121212121212121E-002   1.0017706542682798        1.0101010101010102E-002   1.0017706542682798        1.0000000000000000        1.7763568394002505E-015
  0.90910466336996287       -1.6802775460390900E-005   1.2121212121212121E-002   1.0017728908729295        1.0101010101010102E-002   1.0017728908729295        1.0000000000000000        1.7763568394002505E-015
  0.91920593471219392       -1.7567689642056589E-005   1.2121212121212121E-002   1.0017753960049347        1.0101010101010102E-002   1.0017753960049347        1.0000000000000000        1.7763568394002505E-015
  0.92930717854240075       -1.7956400350856866E-005   1.2121212121212121E-002   1.0017782998695808        1.0101010101010102E-002   1.0017782998695808        1.0000000000000000        1.7763568394002505E-015
  0.93940839196586989       -1.8007110717413230E-005   1.2121212121212121E-002   1.0017812645984068        1.0101010101010102E-002   1.0017812645984068        1.0000000000000000        1.7763568394002505E-015
  0.94950957630721999       -1.7933336735937341E-005   1.2121212121212121E-002   1.0017837512717700        1.0101010101010102E-002   1.0017837512717700        1.0000000000000000        1.7763568394002505E-015
  0.95961074064823160       -1.7986407509990549E-005   1.2121212121212121E-002   1.0017858099879082        1.0101010101010102E-002   1.0017858099879082        1.0000000000000000        1.7763568394002505E-015
  0.96971188557525401       -1.8301372184201606E-005   1.2121212121212121E-002   1.0017881791397605        1.0101010101010102E-002   1.0017881791397605        1.0000000000000000        8.8817841970012523E-016
  0.97981300338137189       -1.8821130480863715E-005   1.2121212121212121E-002   1.0017910421339791        1.0101010101010102E-002   1.0017910421339791        1.0000000000000000       -3.2862601528904634E-014
  0.98991409093662353       -1.9170890137202975E-005   1.2121212121212121E-002   1.0017939624686687        1.0101010101010102E-002   1.0017939624686687        1.0000000000000000        1.5010215292932116E-013
   1.0000151511110116       -1.8735683576971099E-005   1.2121212121212121E-002   1.0017969038258330        1.0101010101010102E-002   1.0017969038258330        1.0000000000000000        1.0436096431476471E-012
   1.0101161612120217        1.9020238727452111E-005   1.2121212121212121E-002   1.0017939624687777        1.0101010101010102E-002   1.0017993512336609        1.0000000000000000        1.4299672557172016E-013
   1.0202171713130319        1.8663375910681937E-005   1.2121212121212121E-002   1.0017910421341611        1.0101010101010102E-002   1.0018003405807963        1.0000000000000000       -1.9677833450701065E-002
   1.0303181814140421        1.8159941460259463E-005   1.2121212121212121E-002   1.0017881791396253        1.0101010101010102E-002   1.0018004115226273        1.0000000000000000       -1.3138325546267744     
   1.0404191915150522        1.7882641612589775E-005   1.2121212121212121E-002   1.0017858099877348        1.0101010101010102E-002  0.99665637860081713        1.0000000000000000       -4.6453021478719450     
   1.0505202016160624        1.7825813810851312E-005   1.2121212121212121E-002   1.0017837512719583        1.0101010101010102E-002  0.77867798353909146        1.0000000000000000        107.01218865918355     
  -1.0116161211595781E-002  -1.9020238678742370E-005   1.2121212121212121E-002   1.0017939624686687        1.0101010101010102E-002   1.0017993512336543        1.0000000000000000        1.1546319456101628E-014
  -2.0217171312605885E-002  -1.8663375649957752E-005   1.2121212121212121E-002   1.0017910421339791        1.0101010101010102E-002   1.0018003405808018        1.0000000000000000        1.9677833450746363E-002
  -3.0318181413615985E-002  -1.8159941563459704E-005   1.2121212121212121E-002   1.0017881791397605        1.0101010101010102E-002   1.0018004115226338        1.0000000000000000        1.3138325546268277     
  -4.0419191514626085E-002  -1.7882641689053028E-005   1.2121212121212121E-002   1.0017858099879082        1.0101010101010102E-002  0.99665637860082290        1.0000000000000000        4.6453021478716039     
  -5.0520201615636189E-002  -1.7825813664479780E-005   1.2121212121212121E-002   1.0017837512717700        1.0101010101010102E-002  0.77867798353909445        1.0000000000000000       -107.01218865918408     
