 # x v h rho m p cs a
   27.100606060610133     
   3.5074307706762362E-014   2.0786604760692987E-014   1.2121212121212121E-002   1.0017346212962712        1.0101010101010102E-002   1.0017346212962712        1.0000000000000000       -1.8267432011498386E-010
   1.0101660344084438E-002   4.7111778130343156E-006   1.2121212121212121E-002   1.0017347532157781        1.0101010101010102E-002   1.0017347532157781        1.0000000000000000       -2.7519622642024899E-005
   2.0203318080313771E-002   9.4034090203034527E-006   1.2121212121212121E-002   1.0017351484489549        1.0101010101010102E-002   1.0017351484489549        1.0000000000000000       -5.4930077542536537E-005
   3.0304970611242672E-002   1.4057819985958715E-005   1.2121212121212121E-002   1.0017358054311876        1.0101010101010102E-002   1.0017358054311876        1.0000000000000000       -8.2123035568315572E-005
   4.0406615360008911E-002   1.8655686746650290E-005   1.2121212121212121E-002   1.0017367215612167        1.0101010101010102E-002   1.0017367215612167        1.0000000000000000       -1.0899072652925668E-004
   5.0508249780571557E-002   2.3178517437948189E-005   1.2121212121212121E-002   1.0017378932089274        1.0101010101010102E-002   1.0017378932089274        1.0000000000000000       -1.3542616046269274E-004
   6.0609871367854957E-002   2.7608121026233263E-005   1.2121212121212121E-002   1.0017393157282926        1.0101010101010102E-002   1.0017393157282926        1.0000000000000000       -1.6132435326987604E-004
   7.0711477667706260E-002   3.1926675485092820E-005   1.2121212121212121E-002   1.0017409834802720        1.0101010101010102E-002   1.0017409834802720        1.0000000000000000       -1.8658310638297593E-004
   8.0813066286561652E-002   3.6116803703433942E-005   1.2121212121212121E-002   1.0017428898526093        1.0101010101010102E-002   1.0017428898526093        1.0000000000000000       -2.1110157166592813E-004
   9.0914634901018476E-002   4.0161648877368832E-005   1.2121212121212121E-002   1.0017450272800410        1.0101010101010102E-002   1.0017450272800410        1.0000000000000000       -2.3478173475854902E-004
  0.10101618126712013        4.4044934904265936E-005   1.2121212121212121E-002   1.0017473872753655        1.0101010101010102E-002   1.0017473872753655        1.0000000000000000       -2.5752921610511237E-004
  0.11111770322929931        4.7751031388160616E-005   1.2121212121212121E-002   1.0017499604642874        1.0101010101010102E-002   1.0017499604642874        1.0000000000000000       -2.7925336715650673E-004
  0.12121919872896911        5.1265017733054355E-005   1.2121212121212121E-002   1.0017527366208936        1.0101010101010102E-002   1.0017527366208936        1.0000000000000000       -2.9986718599950279E-004
  0.13132066581276214        5.4572749064799431E-005   1.2121212121212121E-002   1.0017557047031589        1.0101010101010102E-002   1.0017557047031589        1.0000000000000000       -3.1928738938269419E-004
  0.14142210264043051        5.7660907236852070E-005   1.2121212121212121E-002   1.0017588528952548        1.0101010101010102E-002   1.0017588528952548        1.0000000000000000       -3.3743584191814335E-004
  0.15152350749225027        6.0517050945177320E-005   1.2121212121212121E-002   1.0017621686577158        1.0101010101010102E-002   1.0017621686577158        1.0000000000000000       -3.5423977032866816E-004
  0.16162487877590789        6.3129672887196129E-005   1.2121212121212121E-002   1.0017656387741043        1.0101010101010102E-002   1.0017656387741043        1.0000000000000000       -3.6963076025209318E-004
  0.17172621503298693        6.5488244903419505E-005   1.2121212121212121E-002   1.0017692493973549        1.0101010101010102E-002   1.0017692493973549        1.0000000000000000       -3.8354569646781300E-004
  0.18182751494495789        6.7583260975508639E-005   1.2121212121212121E-002   1.0017729861068454        1.0101010101010102E-002   1.0017729861068454        1.0000000000000000       -3.9592805228316763E-004
  0.19192877733851746        6.9406270425596012E-005   1.2121212121212121E-002   1.0017768339667210        1.0101010101010102E-002   1.0017768339667210        1.0000000000000000       -4.0672698608279489E-004
  0.20203000119042361        7.0949914394246330E-005   1.2121212121212121E-002   1.0017807775837968        1.0101010101010102E-002   1.0017807775837968        1.0000000000000000       -4.1589802234209827E-004
  0.21213118563168748        7.2207962223006780E-005   1.2121212121212121E-002   1.0017848011642836        1.0101010101010102E-002   1.0017848011642836        1.0000000000000000       -4.2340208182256589E-004
  0.22223232995129574        7.3175332034314556E-005   1.2121212121212121E-002   1.0017888885750104        1.0101010101010102E-002   1.0017888885750104        1.0000000000000000       -4.2920752355524172E-004
  0.23233343359920205        7.3848104324604228E-005   1.2121212121212121E-002   1.0017930234138499        1.0101010101010102E-002   1.0017930234138499        1.0000000000000000       -4.3328997774505495E-004
  0.24243449618862692        7.4223550694222873E-005   1.2121212121212121E-002   1.0017971890732262        1.0101010101010102E-002   1.0017971890732262        1.0000000000000000       -4.3563108121080774E-004
  0.25253551749780351        7.4300137985592980E-005   1.2121212121212121E-002   1.0018013688015945        1.0101010101010102E-002   1.0018013688015945        1.0000000000000000       -4.3621923154546494E-004
  0.26263649747107820        7.4077538532020141E-005   1.2121212121212121E-002   1.0018055457718928        1.0101010101010102E-002   1.0018055457718928        1.0000000000000000       -4.3505029770507520E-004
  0.27273743621929242        7.3556624425190237E-005   1.2121212121212121E-002   1.0018097031515312        1.0101010101010102E-002   1.0018097031515312        1.0000000000000000       -4.3212741807430177E-004
  0.28283833401950198        7.2739473911101384E-005   1.2121212121212121E-002   1.0018138241733716        1.0101010101010102E-002   1.0018138241733716        1.0000000000000000       -4.2746120671566246E-004
  0.29293919131393570        7.1629357670636477E-005   1.2121212121212121E-002   1.0018178921972505        1.0101010101010102E-002   1.0018178921972505        1.0000000000000000       -4.2106757995519217E-004
  0.30304000870852499        7.0230726524110197E-005   1.2121212121212121E-002   1.0018218907761145        1.0101010101010102E-002   1.0018218907761145        1.0000000000000000       -4.1297097118331294E-004
  0.31314078697056658        6.8549195001910192E-005   1.2121212121212121E-002   1.0018258037319798        1.0101010101010102E-002   1.0018258037319798        1.0000000000000000       -4.0320315724606814E-004
  0.32324152702571113        6.6591519249472128E-005   1.2121212121212121E-002   1.0018296152198922        1.0101010101010102E-002   1.0018296152198922        1.0000000000000000       -3.9180195853916189E-004
  0.33334222995437862        6.4365567918310643E-005   1.2121212121212121E-002   1.0018333097876175        1.0101010101010102E-002   1.0018333097876175        1.0000000000000000       -3.7881148457952207E-004
  0.34344289698758479        6.1880292674184391E-005   1.2121212121212121E-002   1.0018368724408138        1.0101010101010102E-002   1.0018368724408138        1.0000000000000000       -3.6428314611658408E-004
  0.35354352950206319        5.9145692018264324E-005   1.2121212121212121E-002   1.0018402887101094        1.0101010101010102E-002   1.0018402887101094        1.0000000000000000       -3.4827514046487096E-004
  0.36364412901475401        5.6172771651075696E-005   1.2121212121212121E-002   1.0018435447118366        1.0101010101010102E-002   1.0018435447118366        1.0000000000000000       -3.3085150361422677E-004
  0.37374469717672143        5.2973497794850651E-005   1.2121212121212121E-002   1.0018466271995605        1.0101010101010102E-002   1.0018466271995605        1.0000000000000000       -3.1208109400893136E-004
  0.38384523576664908        4.9560749698052356E-005   1.2121212121212121E-002   1.0018495236196703        1.0101010101010102E-002   1.0018495236196703        1.0000000000000000       -2.9203957157708516E-004
  0.39394574668366300        4.5948274612128381E-005   1.2121212121212121E-002   1.0018522221719155        1.0101010101010102E-002   1.0018522221719155        1.0000000000000000       -2.7080843524540654E-004
  0.40404623193959732        4.2150619668108636E-005   1.2121212121212121E-002   1.0018547118560561        1.0101010101010102E-002   1.0018547118560561        1.0000000000000000       -2.4847310944142720E-004
  0.41414669365091555        3.8183083749239189E-005   1.2121212121212121E-002   1.0018569825139823        1.0101010101010102E-002   1.0018569825139823        1.0000000000000000       -2.2512374820049530E-004
  0.42424713403015535        3.4061651322451882E-005   1.2121212121212121E-002   1.0018590248737960        1.0101010101010102E-002   1.0018590248737960        1.0000000000000000       -2.0085500363276054E-004
  0.43434755537697795        2.9802930837017949E-005   1.2121212121212121E-002   1.0018608305941896        1.0101010101010102E-002   1.0018608305941896        1.0000000000000000       -1.7576632761517885E-004
  0.44444796006871878        2.5424083433416554E-005   1.2121212121212121E-002   1.0018623922986982        1.0101010101010102E-002   1.0018623922986982        1.0000000000000000       -1.4995950608476249E-004
  0.45454835055076681        2.0942755406512557E-005   1.2121212121212121E-002   1.0018637036027020        1.0101010101010102E-002   1.0018637036027020        1.0000000000000000       -1.2353954167743098E-004
  0.46464872932659651        1.6377008150558861E-005   1.2121212121212121E-002   1.0018647591412417        1.0101010101010102E-002   1.0018647591412417        1.0000000000000000       -9.6614025458130470E-005
  0.47474909894759676        1.1745247056081946E-005   1.2121212121212121E-002   1.0018655545965267        1.0101010101010102E-002   1.0018655545965267        1.0000000000000000       -6.9293759683120015E-005
  0.48484946200254486        7.0661405312168961E-006   1.2121212121212121E-002   1.0018660867162963        1.0101010101010102E-002   1.0018660867162963        1.0000000000000000       -4.1690139201300269E-005
  0.49494982110707242        2.3585491820586281E-006   1.2121212121212121E-002   1.0018663533227539        1.0101010101010102E-002   1.0018663533227539        1.0000000000000000       -1.3915797787866779E-005
  0.50505017889298343       -2.3585493633851810E-006   1.2121212121212121E-002   1.0018663533229752        1.0101010101010102E-002   1.0018663533229752        1.0000000000000000        1.3915756940541257E-005
  0.51515053799750521       -7.0661405125126010E-006   1.2121212121212121E-002   1.0018660867162756        1.0101010101010102E-002   1.0018660867162756        1.0000000000000000        4.1690220740520090E-005
  0.52525090105246031       -1.1745246947230485E-005   1.2121212121212121E-002   1.0018655545966475        1.0101010101010102E-002   1.0018655545966475        1.0000000000000000        6.9293652768642744E-005
  0.53535127067345101       -1.6377008432794172E-005   1.2121212121212121E-002   1.0018647591414116        1.0101010101010102E-002   1.0018647591414116        1.0000000000000000        9.6614125749461266E-005
  0.54545164944928615       -2.0942755640297151E-005   1.2121212121212121E-002   1.0018637036025555        1.0101010101010102E-002   1.0018637036025555        1.0000000000000000        1.2353949980870027E-004
  0.55555203993133306       -2.5424082784273542E-005   1.2121212121212121E-002   1.0018623922989465        1.0101010101010102E-002   1.0018623922989465        1.0000000000000000        1.4995947200269200E-004
  0.56565244462306885       -2.9802931168452278E-005   1.2121212121212121E-002   1.0018608305941887        1.0101010101010102E-002   1.0018608305941887        1.0000000000000000        1.7576641078242972E-004
  0.57575286596989650       -3.4061651542485618E-005   1.2121212121212121E-002   1.0018590248735320        1.0101010101010102E-002   1.0018590248735320        1.0000000000000000        2.0085497596156188E-004
  0.58585330634913757       -3.8183083263616193E-005   1.2121212121212121E-002   1.0018569825140449        1.0101010101010102E-002   1.0018569825140449        1.0000000000000000        2.2512371158889266E-004
  0.59595376806045242       -4.2150619922127440E-005   1.2121212121212121E-002   1.0018547118560261        1.0101010101010102E-002   1.0018547118560261        1.0000000000000000        2.4847315851772578E-004
  0.60605425331639107       -4.5948274393262609E-005   1.2121212121212121E-002   1.0018522221719464        1.0101010101010102E-002   1.0018522221719464        1.0000000000000000        2.7080837741433328E-004
  0.61615476423339999       -4.9560749599050285E-005   1.2121212121212121E-002   1.0018495236197424        1.0101010101010102E-002   1.0018495236197424        1.0000000000000000        2.9203962081680856E-004
  0.62625530282333108       -5.2973497606117060E-005   1.2121212121212121E-002   1.0018466271996147        1.0101010101010102E-002   1.0018466271996147        1.0000000000000000        3.1208104298485750E-004
  0.63635587098529434       -5.6172771388002143E-005   1.2121212121212121E-002   1.0018435447120082        1.0101010101010102E-002   1.0018435447120082        1.0000000000000000        3.3085153711542858E-004
  0.64645647049798483       -5.9145692513243694E-005   1.2121212121212121E-002   1.0018402887098359        1.0101010101010102E-002   1.0018402887098359        1.0000000000000000        3.4827519840163745E-004
  0.65655710301246994       -6.1880292908778379E-005   1.2121212121212121E-002   1.0018368724406186        1.0101010101010102E-002   1.0018368724406186        1.0000000000000000        3.6428307473723720E-004
  0.66665777004567373       -6.4365567064109209E-005   1.2121212121212121E-002   1.0018333097877949        1.0101010101010102E-002   1.0018333097877949        1.0000000000000000        3.7881147109875002E-004
  0.67675847297433955       -6.6591519002590823E-005   1.2121212121212121E-002   1.0018296152201214        1.0101010101010102E-002   1.0018296152201214        1.0000000000000000        3.9180196190535810E-004
  0.68685921302948050       -6.8549195832160110E-005   1.2121212121212121E-002   1.0018258037318377        1.0101010101010102E-002   1.0018258037318377        1.0000000000000000        4.0320323383724599E-004
  0.69695999129152908       -7.0230726314320452E-005   1.2121212121212121E-002   1.0018218907759053        1.0101010101010102E-002   1.0018218907759053        1.0000000000000000        4.1297091331848890E-004
  0.70706080868611576       -7.1629357512906298E-005   1.2121212121212121E-002   1.0018178921971512        1.0101010101010102E-002   1.0018178921971512        1.0000000000000000        4.2106760980242797E-004
  0.71716166598055420       -7.2739474195639511E-005   1.2121212121212121E-002   1.0018138241734531        1.0101010101010102E-002   1.0018138241734531        1.0000000000000000        4.2746113807279329E-004
  0.72726256378075693       -7.3556625120851389E-005   1.2121212121212121E-002   1.0018097031515145        1.0101010101010102E-002   1.0018097031515145        1.0000000000000000        4.3212751046883824E-004
  0.73736350252897820       -7.4077537793371185E-005   1.2121212121212121E-002   1.0018055457717439        1.0101010101010102E-002   1.0018055457717439        1.0000000000000000        4.3505022906309421E-004
  0.74746448250224973       -7.4300137998921172E-005   1.2121212121212121E-002   1.0018013688017899        1.0101010101010102E-002   1.0018013688017899        1.0000000000000000        4.3621923413272867E-004
  0.75756550381142451       -7.4223550827366884E-005   1.2121212121212121E-002   1.0017971890732138        1.0101010101010102E-002   1.0017971890732138        1.0000000000000000        4.3563111630451345E-004
  0.76766656640085207       -7.3848104373191556E-005   1.2121212121212121E-002   1.0017930234139487        1.0101010101010102E-002   1.0017930234139487        1.0000000000000000        4.3328992059343818E-004
  0.77776767004875391       -7.3175331718249443E-005   1.2121212121212121E-002   1.0017888885753035        1.0101010101010102E-002   1.0017888885753035        1.0000000000000000        4.2920754237663061E-004
  0.78786881436835987       -7.2207962232105554E-005   1.2121212121212121E-002   1.0017848011642643        1.0101010101010102E-002   1.0017848011642643        1.0000000000000000        4.2340212360514329E-004
  0.79796999880962727       -7.0949914785266012E-005   1.2121212121212121E-002   1.0017807775838743        1.0101010101010102E-002   1.0017807775838743        1.0000000000000000        4.1589796674035284E-004
  0.80807122266152798       -6.9406270425398701E-005   1.2121212121212121E-002   1.0017768339667255        1.0101010101010102E-002   1.0017768339667255        1.0000000000000000        4.0672705332500669E-004
  0.81817248505509299       -6.7583260901383255E-005   1.2121212121212121E-002   1.0017729861068145        1.0101010101010102E-002   1.0017729861068145        1.0000000000000000        3.9592799186571881E-004
  0.82827378496705928       -6.5488245242853457E-005   1.2121212121212121E-002   1.0017692493973620        1.0101010101010102E-002   1.0017692493973620        1.0000000000000000        3.8354575251808853E-004
  0.83837512122414237       -6.3129672872769098E-005   1.2121212121212121E-002   1.0017656387739222        1.0101010101010102E-002   1.0017656387739222        1.0000000000000000        3.6963074141205254E-004
  0.84847649250780022       -6.0517050197357566E-005   1.2121212121212121E-002   1.0017621686577012        1.0101010101010102E-002   1.0017621686577012        1.0000000000000000        3.5423975614534697E-004
  0.85857789735961998       -5.7660907109611567E-005   1.2121212121212121E-002   1.0017588528953967        1.0101010101010102E-002   1.0017588528953967        1.0000000000000000        3.3743581690615088E-004
  0.86867933418728538       -5.4572749078138370E-005   1.2121212121212121E-002   1.0017557047033245        1.0101010101010102E-002   1.0017557047033245        1.0000000000000000        3.1928741396303195E-004
  0.87878080127107738       -5.1265018344010458E-005   1.2121212121212121E-002   1.0017527366206971        1.0101010101010102E-002   1.0017527366206971        1.0000000000000000        2.9986723957708961E-004
  0.88888229677075281       -4.7751031405592073E-005   1.2121212121212121E-002   1.0017499604641396        1.0101010101010102E-002   1.0017499604641396        1.0000000000000000        2.7925330134515036E-004
  0.89898381873292998       -4.4044935123261805E-005   1.2121212121212121E-002   1.0017473872756417        1.0101010101010102E-002   1.0017473872756417        1.0000000000000000        2.5752919118193773E-004
  0.90908536509902704       -4.0161648445538608E-005   1.2121212121212121E-002   1.0017450272801161        1.0101010101010102E-002   1.0017450272801161        1.0000000000000000        2.3478180313230013E-004
  0.91918693371348681       -3.6116803542178621E-005   1.2121212121212121E-002   1.0017428898523963        1.0101010101010102E-002   1.0017428898523963        1.0000000000000000        2.1110156315806705E-004
  0.92928852233234471       -3.1926675658120651E-005   1.2121212121212121E-002   1.0017409834804303        1.0101010101010102E-002   1.0017409834804303        1.0000000000000000        1.8658303688567912E-004
  0.93939012863218951       -2.7608120818997297E-005   1.2121212121212121E-002   1.0017393157283541        1.0101010101010102E-002   1.0017393157283541        1.0000000000000000        1.6132444383565314E-004
  0.94949175021947740       -2.3178517506927411E-005   1.2121212121212121E-002   1.0017378932084686        1.0101010101010102E-002   1.0017378932084686        1.0000000000000000        1.3542618079931401E-004
  0.95959338464004607       -1.8655686793597549E-005   1.2121212121212121E-002   1.0017367215610229        1.0101010101010102E-002   1.0017367215610229        1.0000000000000000        1.0899065277403253E-004
  0.96969502938881025       -1.4057820222152714E-005   1.2121212121212121E-002   1.0017358054313714        1.0101010101010102E-002   1.0017358054313714        1.0000000000000000        8.2123021551971931E-005
  0.97979668191973690       -9.4034090781460689E-006   1.2121212121212121E-002   1.0017351484491062        1.0101010101010102E-002   1.0017351484491062        1.0000000000000000        5.4930102749928267E-005
  0.98989833965596485       -4.7111776538773297E-006   1.2121212121212121E-002   1.0017347532155558        1.0101010101010102E-002   1.0017347532155558        1.0000000000000000        2.7519676747189692E-005
   1.0000000000000211        1.4576980403816643E-013   1.2121212121212121E-002   1.0017346212962710        1.0101010101010102E-002   1.0017346212962710        1.0000000000000000        8.1476159152771288E-011
   1.0101016603440844        4.7773004516010046E-006   1.2121212121212121E-002   1.0017347532157781        1.0101010101010102E-002   1.0017347532157781        1.0000000000000000       -2.7519701755629455E-005
   1.0202033180803138        9.5353919305027288E-006   1.2121212121212121E-002   1.0017351484489549        1.0101010101010102E-002   1.0017351484489549        1.0000000000000000       -5.4930131966557383E-005
   1.0303049706112426        1.4255140585866714E-005   1.2121212121212121E-002   1.0017358054311876        1.0101010101010102E-002   1.0017358054311876        1.0000000000000000       -8.2123033961600811E-005
   1.0404066153600089        1.8917563711981203E-005   1.2121212121212121E-002   1.0017367215612167        1.0101010101010102E-002   1.0017367215612167        1.0000000000000000       -1.0899072652659214E-004
   1.0505082497805716        2.3503912280347309E-005   1.2121212121212121E-002   1.0017378932089274        1.0101010101010102E-002   1.0017378932089274        1.0000000000000000       -1.3542616119632811E-004
   1.0606098713678549        2.7995742892755252E-005   1.2121212121212121E-002   1.0017393157282926        1.0101010101010102E-002   1.0017393157282926        1.0000000000000000       -1.6132435247318000E-004
   1.0707114776677062        3.2374988078026678E-005   1.2121212121212121E-002   1.0017409834802720        1.0101010101010102E-002   1.0017409834802720        1.0000000000000000       -1.8658310641939124E-004
   1.0808130662865616        3.6624028591607638E-005   1.2121212121212121E-002   1.0017428898526093        1.0101010101010102E-002   1.0017428898526093        1.0000000000000000       -2.1110156999437635E-004
   1.0909146349010186        4.0725771976225871E-005   1.2121212121212121E-002   1.0017450272800410        1.0101010101010102E-002   1.0017450272800410        1.0000000000000000        7.6213726814905556     
   1.1010161812671202        4.4663715316854668E-005   1.2121212121212121E-002   1.0017473872753655        1.0101010101010102E-002   1.0017473872753655        1.0000000000000000        93.406109503213841     
  -1.0101660344035146E-002  -4.7773004256923141E-006   1.2121212121212121E-002   1.0017347532155558        1.0101010101010102E-002   1.0017347532155558        1.0000000000000000        2.7519755978921978E-005
  -2.0203318080263100E-002  -9.5353920466410696E-006   1.2121212121212121E-002   1.0017351484491062        1.0101010101010102E-002   1.0017351484491062        1.0000000000000000        5.4930155502397326E-005
  -3.0304970611189752E-002  -1.4255140778830645E-005   1.2121212121212121E-002   1.0017358054313714        1.0101010101010102E-002   1.0017358054313714        1.0000000000000000        8.2123021561741893E-005
  -4.0406615359953935E-002  -1.8917563588688880E-005   1.2121212121212121E-002   1.0017367215610229        1.0101010101010102E-002   1.0017367215610229        1.0000000000000000        1.0899065277847342E-004
  -5.0508249780522596E-002  -2.3503912392193791E-005   1.2121212121212121E-002   1.0017378932084686        1.0101010101010102E-002   1.0017378932084686        1.0000000000000000        1.3542618081174851E-004
  -6.0609871367810486E-002  -2.7995742911646283E-005   1.2121212121212121E-002   1.0017393157283541        1.0101010101010102E-002   1.0017393157283541        1.0000000000000000        1.6132444383210043E-004
  -7.0711477667655287E-002  -3.2374988073242270E-005   1.2121212121212121E-002   1.0017409834804303        1.0101010101010102E-002   1.0017409834804303        1.0000000000000000        1.8658303687590916E-004
  -8.0813066286513191E-002  -3.6624028413104437E-005   1.2121212121212121E-002   1.0017428898523963        1.0101010101010102E-002   1.0017428898523963        1.0000000000000000        2.1110156315895523E-004
  -9.0914634900972957E-002  -4.0725771726758595E-005   1.2121212121212121E-002   1.0017450272801161        1.0101010101010102E-002   1.0017450272801161        1.0000000000000000       -7.6213726814490883     
 -0.10101618126707002       -4.4663715460813996E-005   1.2121212121212121E-002   1.0017473872756417        1.0101010101010102E-002   1.0017473872756417        1.0000000000000000       -93.406109503230994     
