 # x v h rho m p cs a
   3.9009999999996814     
   7.7560061891666125E-006  -6.2325432835030455E-005   1.2121212121212121E-002   1.0018043226034805        1.0101010101010102E-002   1.0018043226034805        1.0000000000000000        1.2434497875801753E-014
   1.0108744506232888E-002  -6.1834900385206786E-005   1.2121212121212121E-002   1.0018012142526942        1.0101010101010102E-002   1.0018012142526942        1.0000000000000000       -1.4210854715202004E-014
   2.0209760574175523E-002  -6.0877797637347421E-005   1.2121212121212121E-002   1.0017978729279049        1.0101010101010102E-002   1.0017978729279049        1.0000000000000000       -9.9475983006414026E-014
   3.0310814502428892E-002  -6.0065898101288455E-005   1.2121212121212121E-002   1.0017943733527690        1.0101010101010102E-002   1.0017943733527690        1.0000000000000000        6.1284310959308641E-014
   4.0411900880365108E-002  -5.9335313973684712E-005   1.2121212121212121E-002   1.0017913263586888        1.0101010101010102E-002   1.0017913263586888        1.0000000000000000        3.5527136788005009E-015
   5.0513014652524293E-002  -5.7949770609946538E-005   1.2121212121212121E-002   1.0017885398494246        1.0101010101010102E-002   1.0017885398494246        1.0000000000000000        4.4408920985006262E-015
   6.0614155246766749E-002  -5.5822494595904924E-005   1.2121212121212121E-002   1.0017855080626996        1.0101010101010102E-002   1.0017855080626996        1.0000000000000000       -8.8817841970012523E-015
   7.0715328816786133E-002  -5.3861566061872152E-005   1.2121212121212121E-002   1.0017821660231747        1.0101010101010102E-002   1.0017821660231747        1.0000000000000000       -5.1514348342607263E-014
   8.0816536268004724E-002  -5.2245200216911483E-005   1.2121212121212121E-002   1.0017789946136537        1.0101010101010102E-002   1.0017789946136537        1.0000000000000000        2.1316282072803006E-014
   9.0917772934102026E-002  -5.0169013803020305E-005   1.2121212121212121E-002   1.0017762629935323        1.0101010101010102E-002   1.0017762629935323        1.0000000000000000        7.1054273576010019E-015
  0.10101903406208945       -4.7532014289356568E-005   1.2121212121212121E-002   1.0017737976141223        1.0101010101010102E-002   1.0017737976141223        1.0000000000000000        7.1054273576010019E-015
  0.11112031898944769       -4.4734563140845996E-005   1.2121212121212121E-002   1.0017713209528596        1.0101010101010102E-002   1.0017713209528596        1.0000000000000000        3.5527136788005009E-015
  0.12122162901691454       -4.1976974476881728E-005   1.2121212121212121E-002   1.0017688156887927        1.0101010101010102E-002   1.0017688156887927        1.0000000000000000        1.9539925233402755E-014
  0.13132296403567589       -3.9329450787302047E-005   1.2121212121212121E-002   1.0017666358642332        1.0101010101010102E-002   1.0017666358642332        1.0000000000000000        8.0824236192711396E-014
  0.14142431759746740       -3.6958668508517126E-005   1.2121212121212121E-002   1.0017650662942139        1.0101010101010102E-002   1.0017650662942139        1.0000000000000000        2.2204460492503131E-014
  0.15152568351710538       -3.4510356611302289E-005   1.2121212121212121E-002   1.0017640692062284        1.0101010101010102E-002   1.0017640692062284        1.0000000000000000       -6.2172489379008766E-015
  0.16162705688037260       -3.1823987644809818E-005   1.2121212121212121E-002   1.0017637131326060        1.0101010101010102E-002   1.0017637131326060        1.0000000000000000       -6.2172489379008766E-015
  0.17172843020660011       -2.9413388903043495E-005   1.2121212121212121E-002   1.0017642237206290        1.0101010101010102E-002   1.0017642237206290        1.0000000000000000       -6.2172489379008766E-015
  0.18182979367620228       -2.8371276810029867E-005   1.2121212121212121E-002   1.0017657222741789        1.0101010101010102E-002   1.0017657222741789        1.0000000000000000       -6.2172489379008766E-015
  0.19193113720801364       -2.8101949262969724E-005   1.2121212121212121E-002   1.0017681409172909        1.0101010101010102E-002   1.0017681409172909        1.0000000000000000       -6.2172489379008766E-015
  0.20203245338313339       -2.7828252058738582E-005   1.2121212121212121E-002   1.0017717757035682        1.0101010101010102E-002   1.0017717757035682        1.0000000000000000       -6.2172489379008766E-015
  0.21213372548427131       -2.7896954383815428E-005   1.2121212121212121E-002   1.0017768446098754        1.0101010101010102E-002   1.0017768446098754        1.0000000000000000       -6.2172489379008766E-015
  0.22223494083866729       -2.8728864673379650E-005   1.2121212121212121E-002   1.0017829515409673        1.0101010101010102E-002   1.0017829515409673        1.0000000000000000       -1.7763568394002505E-015
  0.23233609140684808       -3.0252566536649744E-005   1.2121212121212121E-002   1.0017895398701218        1.0101010101010102E-002   1.0017895398701218        1.0000000000000000       -5.6843418860808015E-014
  0.24243717585998800       -3.1754040492843773E-005   1.2121212121212121E-002   1.0017961440630774        1.0101010101010102E-002   1.0017961440630774        1.0000000000000000       -1.8562928971732617E-013
  0.25253819560818014       -3.2907098399252717E-005   1.2121212121212121E-002   1.0018025274979514        1.0101010101010102E-002   1.0018025274979514        1.0000000000000000        1.8385293287792592E-013
  0.26263915356290651       -3.3308501880649460E-005   1.2121212121212121E-002   1.0018084760090318        1.0101010101010102E-002   1.0018084760090318        1.0000000000000000        5.0626169922907138E-014
  0.27274005593408868       -3.3058690307912660E-005   1.2121212121212121E-002   1.0018140634436346        1.0101010101010102E-002   1.0018140634436346        1.0000000000000000       -6.2172489379008766E-015
  0.28284090346496693       -3.2237703626869284E-005   1.2121212121212121E-002   1.0018192378999471        1.0101010101010102E-002   1.0018192378999471        1.0000000000000000       -6.2172489379008766E-015
  0.29294170262061042       -3.0919153606695729E-005   1.2121212121212121E-002   1.0018234543074036        1.0101010101010102E-002   1.0018234543074036        1.0000000000000000       -6.2172489379008766E-015
  0.30304246702445148       -2.9668890801051207E-005   1.2121212121212121E-002   1.0018268730311144        1.0101010101010102E-002   1.0018268730311144        1.0000000000000000       -6.2172489379008766E-015
  0.31314320068758073       -2.8728344359807014E-005   1.2121212121212121E-002   1.0018307318690762        1.0101010101010102E-002   1.0018307318690762        1.0000000000000000       -6.2172489379008766E-015
  0.32324388997496056       -2.7878600580689130E-005   1.2121212121212121E-002   1.0018357177623618        1.0101010101010102E-002   1.0018357177623618        1.0000000000000000       -6.2172489379008766E-015
  0.33334452394045433       -2.6930251670431417E-005   1.2121212121212121E-002   1.0018411611625442        1.0101010101010102E-002   1.0018411611625442        1.0000000000000000       -6.2172489379008766E-015
  0.34344510463053124       -2.6150679743294155E-005   1.2121212121212121E-002   1.0018464013076627        1.0101010101010102E-002   1.0018464013076627        1.0000000000000000       -6.2172489379008766E-015
  0.35354563493835783       -2.5619204979626022E-005   1.2121212121212121E-002   1.0018512974064027        1.0101010101010102E-002   1.0018512974064027        1.0000000000000000       -6.2172489379008766E-015
  0.36364611852858802       -2.4927172284036572E-005   1.2121212121212121E-002   1.0018556205928091        1.0101010101010102E-002   1.0018556205928091        1.0000000000000000       -6.2172489379008766E-015
  0.37374656310267029       -2.3689712775257311E-005   1.2121212121212121E-002   1.0018591837978090        1.0101010101010102E-002   1.0018591837978090        1.0000000000000000       -6.2172489379008766E-015
  0.38384697652702521       -2.1824425666777030E-005   1.2121212121212121E-002   1.0018621411018973        1.0101010101010102E-002   1.0018621411018973        1.0000000000000000       -6.2172489379008766E-015
  0.39394736339690462       -1.9477149666139691E-005   1.2121212121212121E-002   1.0018649560800796        1.0101010101010102E-002   1.0018649560800796        1.0000000000000000       -6.2172489379008766E-015
  0.40404772198191741       -1.7112982158370974E-005   1.2121212121212121E-002   1.0018680908293252        1.0101010101010102E-002   1.0018680908293252        1.0000000000000000       -6.2172489379008766E-015
  0.41414804658581894       -1.5424402352413915E-005   1.2121212121212121E-002   1.0018713360112210        1.0101010101010102E-002   1.0018713360112210        1.0000000000000000       -6.2172489379008766E-015
  0.42424833987646537       -1.4410010960902942E-005   1.2121212121212121E-002   1.0018740095458194        1.0101010101010102E-002   1.0018740095458194        1.0000000000000000       -6.2172489379008766E-015
  0.43434861177104389       -1.3310366834163436E-005   1.2121212121212121E-002   1.0018761655709441        1.0101010101010102E-002   1.0018761655709441        1.0000000000000000       -6.2172489379008766E-015
  0.44444886345850149       -1.1729893533498544E-005   1.2121212121212121E-002   1.0018783527679023        1.0101010101010102E-002   1.0018783527679023        1.0000000000000000       -6.2172489379008766E-015
  0.45454909170457597       -9.6938242497603929E-006   1.2121212121212121E-002   1.0018803232164639        1.0101010101010102E-002   1.0018803232164639        1.0000000000000000       -6.2172489379008766E-015
  0.46464930347881844       -7.1152831432539606E-006   1.2121212121212121E-002   1.0018815150905289        1.0101010101010102E-002   1.0018815150905289        1.0000000000000000       -6.2172489379008766E-015
  0.47474950857193021       -4.3191753681100665E-006   1.2121212121212121E-002   1.0018821417001196        1.0101010101010102E-002   1.0018821417001196        1.0000000000000000        5.3290705182007514E-015
  0.48484970872964106       -2.0771545984415329E-006   1.2121212121212121E-002   1.0018826521949900        1.0101010101010102E-002   1.0018826521949900        1.0000000000000000       -7.0166095156309893E-014
  0.49494990363726299       -5.9366424235828161E-007   1.2121212121212121E-002   1.0018830104974255        1.0101010101010102E-002   1.0018830104974255        1.0000000000000000       -4.4941828036826337E-013
  0.50505009636280107        5.9366444014570629E-007   1.2121212121212121E-002   1.0018830104974206        1.0101010101010102E-002   1.0018830104974206        1.0000000000000000       -6.9277916736609768E-014
  0.51515029127042300        2.0771545645026684E-006   1.2121212121212121E-002   1.0018826521949338        1.0101010101010102E-002   1.0018826521949338        1.0000000000000000        1.5987211554602254E-014
  0.52525049142813507        4.3191752753022191E-006   1.2121212121212121E-002   1.0018821417000798        1.0101010101010102E-002   1.0018821417000798        1.0000000000000000        1.7763568394002505E-015
  0.53535069652124656        7.1152830433359679E-006   1.2121212121212121E-002   1.0018815150905973        1.0101010101010102E-002   1.0018815150905973        1.0000000000000000        1.7763568394002505E-015
  0.54545090829548781        9.6938245072247851E-006   1.2121212121212121E-002   1.0018803232165552        1.0101010101010102E-002   1.0018803232165552        1.0000000000000000        1.7763568394002505E-015
  0.55555113654156152        1.1729893722284617E-005   1.2121212121212121E-002   1.0018783527678934        1.0101010101010102E-002   1.0018783527678934        1.0000000000000000        1.7763568394002505E-015
  0.56565138822901995        1.3310366741206388E-005   1.2121212121212121E-002   1.0018761655707820        1.0101010101010102E-002   1.0018761655707820        1.0000000000000000        1.7763568394002505E-015
  0.57575166012360124        1.4410011008842214E-005   1.2121212121212121E-002   1.0018740095457390        1.0101010101010102E-002   1.0018740095457390        1.0000000000000000        1.7763568394002505E-015
  0.58585195341424667        1.5424402261008405E-005   1.2121212121212121E-002   1.0018713360113158        1.0101010101010102E-002   1.0018713360113158        1.0000000000000000        1.7763568394002505E-015
  0.59595227801814665        1.7112982216546817E-005   1.2121212121212121E-002   1.0018680908292388        1.0101010101010102E-002   1.0018680908292388        1.0000000000000000        1.7763568394002505E-015
  0.60605263660316311        1.9477149768902351E-005   1.2121212121212121E-002   1.0018649560800104        1.0101010101010102E-002   1.0018649560800104        1.0000000000000000        1.7763568394002505E-015
  0.61615302347304024        2.1824425637742188E-005   1.2121212121212121E-002   1.0018621411018742        1.0101010101010102E-002   1.0018621411018742        1.0000000000000000        1.7763568394002505E-015
  0.62625343689739776        2.3689712831424574E-005   1.2121212121212121E-002   1.0018591837977708        1.0101010101010102E-002   1.0018591837977708        1.0000000000000000        1.7763568394002505E-015
  0.63635388147147831        2.4927172402501729E-005   1.2121212121212121E-002   1.0018556205928273        1.0101010101010102E-002   1.0018556205928273        1.0000000000000000        1.7763568394002505E-015
  0.64645436506170983        2.5619204976932549E-005   1.2121212121212121E-002   1.0018512974064682        1.0101010101010102E-002   1.0018512974064682        1.0000000000000000        1.7763568394002505E-015
  0.65655489536953382        2.6150679748681546E-005   1.2121212121212121E-002   1.0018464013077628        1.0101010101010102E-002   1.0018464013077628        1.0000000000000000        1.7763568394002505E-015
  0.66665547605961095        2.6930251705473001E-005   1.2121212121212121E-002   1.0018411611624658        1.0101010101010102E-002   1.0018411611624658        1.0000000000000000        1.7763568394002505E-015
  0.67675611002510638        2.7878600604644330E-005   1.2121212121212121E-002   1.0018357177622879        1.0101010101010102E-002   1.0018357177622879        1.0000000000000000        1.7763568394002505E-015
  0.68685679931248622        2.8728344527138155E-005   1.2121212121212121E-002   1.0018307318691175        1.0101010101010102E-002   1.0018307318691175        1.0000000000000000        1.7763568394002505E-015
  0.69695753297561425        2.9668890791982791E-005   1.2121212121212121E-002   1.0018268730310722        1.0101010101010102E-002   1.0018268730310722        1.0000000000000000        1.7763568394002505E-015
  0.70705829737945780        3.0919153489310088E-005   1.2121212121212121E-002   1.0018234543074935        1.0101010101010102E-002   1.0018234543074935        1.0000000000000000        1.7763568394002505E-015
  0.71715909653509669        3.2237703800745198E-005   1.2121212121212121E-002   1.0018192378999922        1.0101010101010102E-002   1.0018192378999922        1.0000000000000000        1.7763568394002505E-015
  0.72725994406597849        3.3058690316395376E-005   1.2121212121212121E-002   1.0018140634435504        1.0101010101010102E-002   1.0018140634435504        1.0000000000000000        1.7763568394002505E-015
  0.73736084643715927        3.3308502003240850E-005   1.2121212121212121E-002   1.0018084760090833        1.0101010101010102E-002   1.0018084760090833        1.0000000000000000        1.7763568394002505E-015
  0.74746180439188581        3.2907098458985392E-005   1.2121212121212121E-002   1.0018025274980302        1.0101010101010102E-002   1.0018025274980302        1.0000000000000000        1.7763568394002505E-015
  0.75756282414007592        3.1754040422728364E-005   1.2121212121212121E-002   1.0017961440630134        1.0101010101010102E-002   1.0017961440630134        1.0000000000000000        1.7763568394002505E-015
  0.76766390859321942        3.0252566526692550E-005   1.2121212121212121E-002   1.0017895398700727        1.0101010101010102E-002   1.0017895398700727        1.0000000000000000        1.7763568394002505E-015
  0.77776505916139782        2.8728864696788093E-005   1.2121212121212121E-002   1.0017829515410461        1.0101010101010102E-002   1.0017829515410461        1.0000000000000000        1.7763568394002505E-015
  0.78786627451579405        2.7896954478323366E-005   1.2121212121212121E-002   1.0017768446097917        1.0101010101010102E-002   1.0017768446097917        1.0000000000000000        1.7763568394002505E-015
  0.79796754661693392        2.7828252020504792E-005   1.2121212121212121E-002   1.0017717757035993        1.0101010101010102E-002   1.0017717757035993        1.0000000000000000        1.7763568394002505E-015
  0.80806886279205103        2.8101949433396967E-005   1.2121212121212121E-002   1.0017681409174026        1.0101010101010102E-002   1.0017681409174026        1.0000000000000000        1.7763568394002505E-015
  0.81817020632386250        2.8371276913787653E-005   1.2121212121212121E-002   1.0017657222741920        1.0101010101010102E-002   1.0017657222741920        1.0000000000000000        1.7763568394002505E-015
  0.82827156979346439        2.9413388800052403E-005   1.2121212121212121E-002   1.0017642237205839        1.0101010101010102E-002   1.0017642237205839        1.0000000000000000        1.7763568394002505E-015
  0.83837294311969313        3.1823987436535468E-005   1.2121212121212121E-002   1.0017637131325439        1.0101010101010102E-002   1.0017637131325439        1.0000000000000000        1.7763568394002505E-015
  0.84847431648296046        3.4510356823215554E-005   1.2121212121212121E-002   1.0017640692062080        1.0101010101010102E-002   1.0017640692062080        1.0000000000000000        1.7763568394002505E-015
  0.85857568240259863        3.6958668661116657E-005   1.2121212121212121E-002   1.0017650662941830        1.0101010101010102E-002   1.0017650662941830        1.0000000000000000        1.7763568394002505E-015
  0.86867703596439050        3.9329450868187033E-005   1.2121212121212121E-002   1.0017666358641613        1.0101010101010102E-002   1.0017666358641613        1.0000000000000000        1.7763568394002505E-015
  0.87877837098315303        4.1976974398068030E-005   1.2121212121212121E-002   1.0017688156887572        1.0101010101010102E-002   1.0017688156887572        1.0000000000000000        1.7763568394002505E-015
  0.88887968101061965        4.4734563058417757E-005   1.2121212121212121E-002   1.0017713209529808        1.0101010101010102E-002   1.0017713209529808        1.0000000000000000        1.7763568394002505E-015
  0.89898096593797527        4.7532014291189351E-005   1.2121212121212121E-002   1.0017737976141508        1.0101010101010102E-002   1.0017737976141508        1.0000000000000000        1.7763568394002505E-015
  0.90908222706596464        5.0169013892339428E-005   1.2121212121212121E-002   1.0017762629934097        1.0101010101010102E-002   1.0017762629934097        1.0000000000000000        1.7763568394002505E-015
  0.91918346373206294        5.2245200396616224E-005   1.2121212121212121E-002   1.0017789946136690        1.0101010101010102E-002   1.0017789946136690        1.0000000000000000        1.7763568394002505E-015
  0.92928467118328018        5.3861566148460833E-005   1.2121212121212121E-002   1.0017821660232942        1.0101010101010102E-002   1.0017821660232942        1.0000000000000000        1.7763568394002505E-015
  0.93938584475329800        5.5822494371415585E-005   1.2121212121212121E-002   1.0017855080626212        1.0101010101010102E-002   1.0017855080626212        1.0000000000000000        1.7763568394002505E-015
  0.94948698534754394        5.7949770771377337E-005   1.2121212121212121E-002   1.0017885398493522        1.0101010101010102E-002   1.0017885398493522        1.0000000000000000        1.7763568394002505E-015
  0.95958809911970144        5.9335314025128214E-005   1.2121212121212121E-002   1.0017913263588185        1.0101010101010102E-002   1.0017913263588185        1.0000000000000000        1.7763568394002505E-015
  0.96968918549763616        6.0065898009734846E-005   1.2121212121212121E-002   1.0017943733527763        1.0101010101010102E-002   1.0017943733527763        1.0000000000000000        8.8817841970012523E-016
  0.97979023942589105        6.0877797559376588E-005   1.2121212121212121E-002   1.0017978729278658        1.0101010101010102E-002   1.0017978729278658        1.0000000000000000       -3.2862601528904634E-014
  0.98989125549383317        6.1834900387251605E-005   1.2121212121212121E-002   1.0018012142527399        1.0101010101010102E-002   1.0018012142527399        1.0000000000000000        1.5010215292932116E-013
  0.99999224399387632        6.2325432987907786E-005   1.2121212121212121E-002   1.0018043226035169        1.0101010101010102E-002   1.0018043226035169        1.0000000000000000        1.0436096431476471E-012
   1.0100932540948864       -6.2010309880687893E-005   1.2121212121212121E-002   1.0018012142526942        1.0101010101010102E-002   1.0018034172294306        1.0000000000000000        1.4299672557172016E-013
   1.0201942641958965       -6.1069967156827845E-005   1.2121212121212121E-002   1.0017978729279049        1.0101010101010102E-002   1.0018006501541452        1.0000000000000000       -1.9677833450701065E-002
   1.0302952742969067       -6.0239124184217926E-005   1.2121212121212121E-002   1.0017943733527690        1.0101010101010102E-002   1.0018004115226273        1.0000000000000000       -1.3138325546267744     
   1.0403962843979169       -5.9479709224863751E-005   1.2121212121212121E-002   1.0017913263586888        1.0101010101010102E-002  0.99665637860081713        1.0000000000000000       -4.6453021478719450     
   1.0504972944989270       -5.8093083258125438E-005   1.2121212121212121E-002   1.0017885398494246        1.0101010101010102E-002  0.77867798353909146        1.0000000000000000        107.01218865918355     
  -1.0093254094820935E-002   6.2010309884484647E-005   1.2121212121212121E-002   1.0018012142527399        1.0101010101010102E-002   1.0018034172294237        1.0000000000000000        1.1546319456101628E-014
  -2.0194264195831039E-002   6.1069967086193808E-005   1.2121212121212121E-002   1.0017978729278658        1.0101010101010102E-002   1.0018006501541505        1.0000000000000000        1.9677833450746363E-002
  -3.0295274296841139E-002   6.0239124079586778E-005   1.2121212121212121E-002   1.0017943733527763        1.0101010101010102E-002   1.0018004115226335        1.0000000000000000        1.3138325546268277     
  -4.0396284397851243E-002   5.9479709277299793E-005   1.2121212121212121E-002   1.0017913263588185        1.0101010101010102E-002  0.99665637860082268        1.0000000000000000        4.6453021478716039     
  -5.0497294498861346E-002   5.8093083439586445E-005   1.2121212121212121E-002   1.0017885398493522        1.0101010101010102E-002  0.77867798353909445        1.0000000000000000       -107.01218865918408     
