 # x v h rho m p cs a
   21.250909090909911     
   1.1478763740956105E-014   3.3142619961588473E-013   1.2121212121212121E-002   1.0017714050504265        1.0101010101010102E-002   1.0017714050504265        1.0000000000000000        1.0097522817886784E-010
   1.0101296778186872E-002   6.0524494718631548E-006   1.2121212121212121E-002   1.0017714632244787        1.0101010101010102E-002   1.0017714632244787        1.0000000000000000       -1.2135079360042766E-005
   2.0202592406434343E-002   1.2080620331357646E-005   1.2121212121212121E-002   1.0017716375188617        1.0101010101010102E-002   1.0017716375188617        1.0000000000000000       -2.4222397671636031E-005
   3.0303885739343395E-002   1.8060331186250811E-005   1.2121212121212121E-002   1.0017719272417718        1.0101010101010102E-002   1.0017719272417718        1.0000000000000000       -3.6213247477157040E-005
   4.0405175640657869E-002   2.3967588492182664E-005   1.2121212121212121E-002   1.0017723312426881        1.0101010101010102E-002   1.0017723312426881        1.0000000000000000       -4.8060514971304258E-005
   5.0506460987719284E-002   2.9778691311923910E-005   1.2121212121212121E-002   1.0017728479201964        1.0101010101010102E-002   1.0017728479201964        1.0000000000000000       -5.9717276104542805E-005
   6.0607740675927363E-002   3.5470318415562639E-005   1.2121212121212121E-002   1.0017734752258178        1.0101010101010102E-002   1.0017734752258178        1.0000000000000000       -7.1137214162853013E-005
   7.0709013623118697E-002   4.1019623453816190E-005   1.2121212121212121E-002   1.0017742106696883        1.0101010101010102E-002   1.0017742106696883        1.0000000000000000       -8.2274517879454834E-005
   8.0810278773918207E-002   4.6404321001459102E-005   1.2121212121212121E-002   1.0017750513306301        1.0101010101010102E-002   1.0017750513306301        1.0000000000000000       -9.3085030408168734E-005
   9.0911535103920207E-002   5.1602784267748615E-005   1.2121212121212121E-002   1.0017759938708375        1.0101010101010102E-002   1.0017759938708375        1.0000000000000000       -1.0352599927543338E-004
  0.10101278162373256        5.6594126595912078E-005   1.2121212121212121E-002   1.0017770345462431        1.0101010101010102E-002   1.0017770345462431        1.0000000000000000       -1.1355545069591244E-004
  0.11111401738296554        6.1358279440702773E-005   1.2121212121212121E-002   1.0017781692192000        1.0101010101010102E-002   1.0017781692192000        1.0000000000000000       -1.2313322956725159E-004
  0.12121524147402793        6.5876082675159556E-005   1.2121212121212121E-002   1.0017793933754431        1.0101010101010102E-002   1.0017793933754431        1.0000000000000000       -1.3222091012998760E-004
  0.13131645303577552        7.0129355019549897E-005   1.2121212121212121E-002   1.0017807021426193        1.0101010101010102E-002   1.0017807021426193        1.0000000000000000       -1.4078226319114151E-004
  0.14141765125694000        7.4100969727552000E-005   1.2121212121212121E-002   1.0017820903093224        1.0101010101010102E-002   1.0017820903093224        1.0000000000000000       -1.4878277242491578E-004
  0.15151883537939406        7.7774920228196437E-005   1.2121212121212121E-002   1.0017835523415779        1.0101010101010102E-002   1.0017835523415779        1.0000000000000000       -1.5618967737740519E-004
  0.16162000470127355        8.1136387976014329E-005   1.2121212121212121E-002   1.0017850824067063        1.0101010101010102E-002   1.0017850824067063        1.0000000000000000       -1.6297340947346584E-004
  0.17172115857975645        8.4171803140395068E-005   1.2121212121212121E-002   1.0017866743972605        1.0101010101010102E-002   1.0017866743972605        1.0000000000000000       -1.6910626026689357E-004
  0.18182229643371006        8.6868898195902619E-005   1.2121212121212121E-002   1.0017883219535400        1.0101010101010102E-002   1.0017883219535400        1.0000000000000000       -1.7456333256227197E-004
  0.19192341774602831        8.9216752869458312E-005   1.2121212121212121E-002   1.0017900184867639        1.0101010101010102E-002   1.0017900184867639        1.0000000000000000       -1.7932171729384550E-004
  0.20202452206582500        9.1205851980318480E-005   1.2121212121212121E-002   1.0017917572055173        1.0101010101010102E-002   1.0017917572055173        1.0000000000000000       -1.8336207980507169E-004
  0.21212560901024879        9.2828112704810396E-005   1.2121212121212121E-002   1.0017935311452042        1.0101010101010102E-002   1.0017935311452042        1.0000000000000000       -1.8666763432406697E-004
  0.22222667826607981        9.4076923821271867E-005   1.2121212121212121E-002   1.0017953331930538        1.0101010101010102E-002   1.0017953331930538        1.0000000000000000       -1.8922430959378289E-004
  0.23232772959106560        9.4947170467828151E-005   1.2121212121212121E-002   1.0017971561162842        1.0101010101010102E-002   1.0017971561162842        1.0000000000000000       -1.9102111266366961E-004
  0.24242876281495335        9.5435260766791891E-005   1.2121212121212121E-002   1.0017989925901849        1.0101010101010102E-002   1.0017989925901849        1.0000000000000000       -1.9204988585652671E-004
  0.25252977784027858        9.5539137738957875E-005   1.2121212121212121E-002   1.0018008352295935        1.0101010101010102E-002   1.0018008352295935        1.0000000000000000       -1.9230620586352387E-004
  0.26263077464276491        9.5258290481050958E-005   1.2121212121212121E-002   1.0018026766182031        1.0101010101010102E-002   1.0018026766182031        1.0000000000000000       -1.9178800296604237E-004
  0.27273175327153282        9.4593757546587398E-005   1.2121212121212121E-002   1.0018045093355747        1.0101010101010102E-002   1.0018045093355747        1.0000000000000000       -1.9049652289027108E-004
  0.28283271384898168        9.3548123802112150E-005   1.2121212121212121E-002   1.0018063259899357        1.0101010101010102E-002   1.0018063259899357        1.0000000000000000       -1.8843648173305638E-004
  0.29293365657033082        9.2125513439002377E-005   1.2121212121212121E-002   1.0018081192469397        1.0101010101010102E-002   1.0018081192469397        1.0000000000000000       -1.8561517393855809E-004
  0.30303458170294378        9.0331571539226522E-005   1.2121212121212121E-002   1.0018098818593304        1.0101010101010102E-002   1.0018098818593304        1.0000000000000000       -1.8204348788497526E-004
  0.31313548958528353        8.8173445552692788E-005   1.2121212121212121E-002   1.0018116066978262        1.0101010101010102E-002   1.0018116066978262        1.0000000000000000       -1.7773515056340727E-004
  0.32323638062561894        8.5659754983048695E-005   1.2121212121212121E-002   1.0018132867791916        1.0101010101010102E-002   1.0018132867791916        1.0000000000000000       -1.7270692487691974E-004
  0.33333725530043218        8.2800561779910656E-005   1.2121212121212121E-002   1.0018149152948550        1.0101010101010102E-002   1.0018149152948550        1.0000000000000000       -1.6697847017432821E-004
  0.34343811415255765        7.9607328500166277E-005   1.2121212121212121E-002   1.0018164856392036        1.0101010101010102E-002   1.0018164856392036        1.0000000000000000       -1.6057249452128275E-004
  0.35353895778903255        7.6092869444171189E-005   1.2121212121212121E-002   1.0018179914381462        1.0101010101010102E-002   1.0018179914381462        1.0000000000000000       -1.5351457176127070E-004
  0.36363978687866216        7.2271305995901184E-005   1.2121212121212121E-002   1.0018194265733813        1.0101010101010102E-002   1.0018194265733813        1.0000000000000000       -1.4583249755339978E-004
  0.37374060214940491        6.8158008162111619E-005   1.2121212121212121E-002   1.0018207852093137        1.0101010101010102E-002   1.0018207852093137        1.0000000000000000       -1.3755745359578242E-004
  0.38384140438539849        6.3769530702930243E-005   1.2121212121212121E-002   1.0018220618186715        1.0101010101010102E-002   1.0018220618186715        1.0000000000000000       -1.2872256722218367E-004
  0.39394219442383172        5.9123548154385580E-005   1.2121212121212121E-002   1.0018232512030314        1.0101010101010102E-002   1.0018232512030314        1.0000000000000000       -1.1936332199802280E-004
  0.40404297315158011        5.4238784715859673E-005   1.2121212121212121E-002   1.0018243485158016        1.0101010101010102E-002   1.0018243485158016        1.0000000000000000       -1.0951759519439719E-004
  0.41414374150161448        4.9134936694041255E-005   1.2121212121212121E-002   1.0018253492831060        1.0101010101010102E-002   1.0018253492831060        1.0000000000000000       -9.9225264555968806E-005
  0.42424450044922518        4.3832595193008686E-005   1.2121212121212121E-002   1.0018262494226755        1.0101010101010102E-002   1.0018262494226755        1.0000000000000000       -8.8528131350962269E-005
  0.43434525100805726        3.8353158336155558E-005   1.2121212121212121E-002   1.0018270452607054        1.0101010101010102E-002   1.0018270452607054        1.0000000000000000       -7.7469592112855423E-005
  0.44444599422600417        3.2718748492010357E-005   1.2121212121212121E-002   1.0018277335477823        1.0101010101010102E-002   1.0018277335477823        1.0000000000000000       -6.6094761750790099E-005
  0.45454673118092559        2.6952121245332156E-005   1.2121212121212121E-002   1.0018283114724582        1.0101010101010102E-002   1.0018283114724582        1.0000000000000000       -5.4449870034112280E-005
  0.46464746297627418        2.1076571380571881E-005   1.2121212121212121E-002   1.0018287766729677        1.0101010101010102E-002   1.0018287766729677        1.0000000000000000       -4.2582471462715432E-005
  0.47474819073658314        1.5115839604930240E-005   1.2121212121212121E-002   1.0018291272476554        1.0101010101010102E-002   1.0018291272476554        1.0000000000000000       -3.0540964965020123E-005
  0.48484891560288557        9.0940105158752017E-006   1.2121212121212121E-002   1.0018293617633807        1.0101010101010102E-002   1.0018293617633807        1.0000000000000000       -1.8374693302902756E-005
  0.49494963872803716        3.0354265540232144E-006   1.2121212121212121E-002   1.0018294792620579        1.0101010101010102E-002   1.0018294792620579        1.0000000000000000       -6.1333584939760044E-006
  0.50505036127199909       -3.0354265893569037E-006   1.2121212121212121E-002   1.0018294792620834        1.0101010101010102E-002   1.0018294792620834        1.0000000000000000        6.1333532501706145E-006
  0.51515108439714996       -9.0940107231417905E-006   1.2121212121212121E-002   1.0018293617633420        1.0101010101010102E-002   1.0018293617633420        1.0000000000000000        1.8374712869473342E-005
  0.52525180926345383       -1.5115838831985028E-005   1.2121212121212121E-002   1.0018291272475406        1.0101010101010102E-002   1.0018291272475406        1.0000000000000000        3.0540961481584361E-005
  0.53535253702376406       -2.1076571830134682E-005   1.2121212121212121E-002   1.0018287766730258        1.0101010101010102E-002   1.0018287766730258        1.0000000000000000        4.2582437867366707E-005
  0.54545326881911016       -2.6952121277695296E-005   1.2121212121212121E-002   1.0018283114726589        1.0101010101010102E-002   1.0018283114726589        1.0000000000000000        5.4449870380501864E-005
  0.55555400577402980       -3.2718747868032145E-005   1.2121212121212121E-002   1.0018277335479300        1.0101010101010102E-002   1.0018277335479300        1.0000000000000000        6.6094776677516620E-005
  0.56565474899197521       -3.8353158876257009E-005   1.2121212121212121E-002   1.0018270452606182        1.0101010101010102E-002   1.0018270452606182        1.0000000000000000        7.7469624634396439E-005
  0.57575549955081129       -4.3832595446373140E-005   1.2121212121212121E-002   1.0018262494227541        1.0101010101010102E-002   1.0018262494227541        1.0000000000000000        8.8528065662174527E-005
  0.58585625849841605       -4.9134936672439217E-005   1.2121212121212121E-002   1.0018253492831493        1.0101010101010102E-002   1.0018253492831493        1.0000000000000000        9.9225336676944664E-005
  0.59595702684845520       -5.4238784588496987E-005   1.2121212121212121E-002   1.0018243485156404        1.0101010101010102E-002   1.0018243485156404        1.0000000000000000        1.0951756588095662E-004
  0.60605780557620259       -5.9123548525952669E-005   1.2121212121212121E-002   1.0018232512029708        1.0101010101010102E-002   1.0018232512029708        1.0000000000000000        1.1936333447337688E-004
  0.61615859561463782       -6.3769530683973184E-005   1.2121212121212121E-002   1.0018220618186493        1.0101010101010102E-002   1.0018220618186493        1.0000000000000000        1.2872254026063956E-004
  0.62625939785063023       -6.8158007455144934E-005   1.2121212121212121E-002   1.0018207852095122        1.0101010101010102E-002   1.0018207852095122        1.0000000000000000        1.3755743610044391E-004
  0.63636021312136959       -7.2271305930662476E-005   1.2121212121212121E-002   1.0018194265734599        1.0101010101010102E-002   1.0018194265734599        1.0000000000000000        1.4583254027744630E-004
  0.64646104221100098       -7.6092869875558862E-005   1.2121212121212121E-002   1.0018179914380672        1.0101010101010102E-002   1.0018179914380672        1.0000000000000000        1.5351456184475865E-004
  0.65656188584747621       -7.9607328564230401E-005   1.2121212121212121E-002   1.0018164856392477        1.0101010101010102E-002   1.0018164856392477        1.0000000000000000        1.6057248135847857E-004
  0.66666274469959996       -8.2800561790427905E-005   1.2121212121212121E-002   1.0018149152947691        1.0101010101010102E-002   1.0018149152947691        1.0000000000000000        1.6697850844327178E-004
  0.67676361937441687       -8.5659755207358930E-005   1.2121212121212121E-002   1.0018132867791059        1.0101010101010102E-002   1.0018132867791059        1.0000000000000000        1.7270688619319685E-004
  0.68686451041475061       -8.8173445016456463E-005   1.2121212121212121E-002   1.0018116066978997        1.0101010101010102E-002   1.0018116066978997        1.0000000000000000        1.7773515523877847E-004
  0.69696541829709002       -9.0331571945514590E-005   1.2121212121212121E-002   1.0018098818592618        1.0101010101010102E-002   1.0018098818592618        1.0000000000000000        1.8204351454187417E-004
  0.70706634342970454       -9.2125512914619079E-005   1.2121212121212121E-002   1.0018081192466581        1.0101010101010102E-002   1.0018081192466581        1.0000000000000000        1.8561519406912197E-004
  0.71716728615105840       -9.3548124112549251E-005   1.2121212121212121E-002   1.0018063259898484        1.0101010101010102E-002   1.0018063259898484        1.0000000000000000        1.8843641908272701E-004
  0.72726824672850443       -9.4593757415646051E-005   1.2121212121212121E-002   1.0018045093357735        1.0101010101010102E-002   1.0018045093357735        1.0000000000000000        1.9049652379354853E-004
  0.73736922535727056       -9.5258290395033258E-005   1.2121212121212121E-002   1.0018026766183168        1.0101010101010102E-002   1.0018026766183168        1.0000000000000000        1.9178801746821961E-004
  0.74747022215975656       -9.5539137550068891E-005   1.2121212121212121E-002   1.0018008352296579        1.0101010101010102E-002   1.0018008352296579        1.0000000000000000        1.9230620776955476E-004
  0.75757123718508068       -9.5435260727730621E-005   1.2121212121212121E-002   1.0017989925901378        1.0101010101010102E-002   1.0017989925901378        1.0000000000000000        1.9204990425247814E-004
  0.76767227040897101       -9.4947170429082370E-005   1.2121212121212121E-002   1.0017971561164016        1.0101010101010102E-002   1.0017971561164016        1.0000000000000000        1.9102106063240143E-004
  0.77777332173395153       -9.4076923580332437E-005   1.2121212121212121E-002   1.0017953331931440        1.0101010101010102E-002   1.0017953331931440        1.0000000000000000        1.8922436722856872E-004
  0.78787439098978584       -9.2828113324077539E-005   1.2121212121212121E-002   1.0017935311451667        1.0101010101010102E-002   1.0017935311451667        1.0000000000000000        1.8666760073315913E-004
  0.79797547793420764       -9.1205851912812977E-005   1.2121212121212121E-002   1.0017917572056234        1.0101010101010102E-002   1.0017917572056234        1.0000000000000000        1.8336208931835074E-004
  0.80807658225400347       -8.9216753414036014E-005   1.2121212121212121E-002   1.0017900184866448        1.0101010101010102E-002   1.0017900184866448        1.0000000000000000        1.7932174895562980E-004
  0.81817770356632569       -8.6868897561188130E-005   1.2121212121212121E-002   1.0017883219535701        1.0101010101010102E-002   1.0017883219535701        1.0000000000000000        1.7456327428089224E-004
  0.82827884142027441       -8.4171803328703611E-005   1.2121212121212121E-002   1.0017866743972950        1.0101010101010102E-002   1.0017866743972950        1.0000000000000000        1.6910631234434703E-004
  0.83837999529876150       -8.1136388148203049E-005   1.2121212121212121E-002   1.0017850824067061        1.0101010101010102E-002   1.0017850824067061        1.0000000000000000        1.6297336771220472E-004
  0.84848116462063650       -7.7774920022829802E-005   1.2121212121212121E-002   1.0017835523413774        1.0101010101010102E-002   1.0017835523413774        1.0000000000000000        1.5618976537101759E-004
  0.85858234874309924       -7.4100969210011346E-005   1.2121212121212121E-002   1.0017820903090906        1.0101010101010102E-002   1.0017820903090906        1.0000000000000000        1.4878268677787077E-004
  0.86868354696426064       -7.0129355439486362E-005   1.2121212121212121E-002   1.0017807021429050        1.0101010101010102E-002   1.0017807021429050        1.0000000000000000        1.4078224003100104E-004
  0.87878475852600468       -6.5876082907958443E-005   1.2121212121212121E-002   1.0017793933757164        1.0101010101010102E-002   1.0017793933757164        1.0000000000000000        1.3222093092668530E-004
  0.88888598261706486       -6.1358279598871322E-005   1.2121212121212121E-002   1.0017781692192143        1.0101010101010102E-002   1.0017781692192143        1.0000000000000000        1.2313326900326160E-004
  0.89898721837629991       -5.6594126170641447E-005   1.2121212121212121E-002   1.0017770345460850        1.0101010101010102E-002   1.0017770345460850        1.0000000000000000        1.1355544975533149E-004
  0.90908846489611372       -5.1602784604496321E-005   1.2121212121212121E-002   1.0017759938707549        1.0101010101010102E-002   1.0017759938707549        1.0000000000000000        1.0352598108820388E-004
  0.91918972122611609       -4.6404321210732517E-005   1.2121212121212121E-002   1.0017750513307182        1.0101010101010102E-002   1.0017750513307182        1.0000000000000000        9.3085012689897439E-005
  0.92929098637691288       -4.1019622805742730E-005   1.2121212121212121E-002   1.0017742106696104        1.0101010101010102E-002   1.0017742106696104        1.0000000000000000        8.2274571039597788E-005
  0.93939225932410864       -3.5470318869120538E-005   1.2121212121212121E-002   1.0017734752256680        1.0101010101010102E-002   1.0017734752256680        1.0000000000000000        7.1137176870017527E-005
  0.94949353901231581       -2.9778691391085675E-005   1.2121212121212121E-002   1.0017728479202841        1.0101010101010102E-002   1.0017728479202841        1.0000000000000000        5.9717262109515445E-005
  0.95959482435937604       -2.3967588584984736E-005   1.2121212121212121E-002   1.0017723312428206        1.0101010101010102E-002   1.0017723312428206        1.0000000000000000        4.8060518676784625E-005
  0.96969611426068869       -1.8060330527919975E-005   1.2121212121212121E-002   1.0017719272417287        1.0101010101010102E-002   1.0017719272417287        1.0000000000000000        3.6213281416230814E-005
  0.97979740759360079       -1.2080620922202013E-005   1.2121212121212121E-002   1.0017716375188317        1.0101010101010102E-002   1.0017716375188317        1.0000000000000000        2.4222362926984431E-005
  0.98989870322184581       -6.0524493021147765E-006   1.2121212121212121E-002   1.0017714632244816        1.0101010101010102E-002   1.0017714632244816        1.0000000000000000        1.2135105620814102E-005
   1.0000000000000235       -5.1060222986507383E-014   1.2121212121212121E-002   1.0017714050504281        1.0101010101010102E-002   1.0017714050504281        1.0000000000000000       -1.2651479863734494E-010
   1.0101012967781868        6.0811132020571243E-006   1.2121212121212121E-002   1.0017714632244787        1.0101010101010102E-002   1.0017714632244787        1.0000000000000000       -1.2135010103442312E-005
   1.0202025924064344        1.2137834963532009E-005   1.2121212121212121E-002   1.0017716375188617        1.0101010101010102E-002   1.0017716375188617        1.0000000000000000       -2.4222353777858530E-005
   1.0303038857393434        1.8145868776849015E-005   1.2121212121212121E-002   1.0017719272417718        1.0101010101010102E-002   1.0017719272417718        1.0000000000000000       -3.6213247627259193E-005
   1.0404051756406578        2.4081110002891865E-005   1.2121212121212121E-002   1.0017723312426881        1.0101010101010102E-002   1.0017723312426881        1.0000000000000000       -4.8060513952563610E-005
   1.0505064609877193        2.9919746739695675E-005   1.2121212121212121E-002   1.0017728479201964        1.0101010101010102E-002   1.0017728479201964        1.0000000000000000       -5.9717276074344738E-005
   1.0606077406759273        3.5638348356498141E-005   1.2121212121212121E-002   1.0017734752258178        1.0101010101010102E-002   1.0017734752258178        1.0000000000000000       -7.1137213428329460E-005
   1.0707090136231188        4.1213960227976891E-005   1.2121212121212121E-002   1.0017742106696883        1.0101010101010102E-002   1.0017742106696883        1.0000000000000000       -8.2274519131786406E-005
   1.0808102787739182        4.6624192826656145E-005   1.2121212121212121E-002   1.0017750513306301        1.0101010101010102E-002   1.0017750513306301        1.0000000000000000       -9.3085030322015427E-005
   1.0909115351039202        5.1847318262040176E-005   1.2121212121212121E-002   1.0017759938708375        1.0101010101010102E-002   1.0017759938708375        1.0000000000000000        7.6234904858316241     
   1.1010127816237325        5.6862350612946057E-005   1.2121212121212121E-002   1.0017770345462431        1.0101010101010102E-002   1.0017770345462431        1.0000000000000000        93.407287189461044     
  -1.0101296778154190E-002  -6.0811131029431530E-006   1.2121212121212121E-002   1.0017714632244816        1.0101010101010102E-002   1.0017714632244816        1.0000000000000000        1.2135037411376004E-005
  -2.0202592406399211E-002  -1.2137835430752707E-005   1.2121212121212121E-002   1.0017716375188317        1.0101010101010102E-002   1.0017716375188317        1.0000000000000000        2.4222317423827633E-005
  -3.0303885739311309E-002  -1.8145868237531933E-005   1.2121212121212121E-002   1.0017719272417287        1.0101010101010102E-002   1.0017719272417287        1.0000000000000000        3.6213281413566278E-005
  -4.0405175640623958E-002  -2.4081110098346630E-005   1.2121212121212121E-002   1.0017723312428206        1.0101010101010102E-002   1.0017723312428206        1.0000000000000000        4.8060518683890052E-005
  -5.0506460987684187E-002  -2.9919746782772637E-005   1.2121212121212121E-002   1.0017728479202841        1.0101010101010102E-002   1.0017728479202841        1.0000000000000000        5.9717262106850910E-005
  -6.0607740675891364E-002  -3.5638348695232343E-005   1.2121212121212121E-002   1.0017734752256680        1.0101010101010102E-002   1.0017734752256680        1.0000000000000000        7.1137176878011132E-005
  -7.0709013623087125E-002  -4.1213959745743030E-005   1.2121212121212121E-002   1.0017742106696104        1.0101010101010102E-002   1.0017742106696104        1.0000000000000000        8.2274571043150502E-005
  -8.0810278773883915E-002  -4.6624192981007835E-005   1.2121212121212121E-002   1.0017750513307182        1.0101010101010102E-002   1.0017750513307182        1.0000000000000000        9.3085012696114688E-005
  -9.0911535103886276E-002  -5.1847318532819377E-005   1.2121212121212121E-002   1.0017759938707549        1.0101010101010102E-002   1.0017759938707549        1.0000000000000000       -7.6234904858374222     
 -0.10101278162370009       -5.6862350217427790E-005   1.2121212121212121E-002   1.0017770345460850        1.0101010101010102E-002   1.0017770345460850        1.0000000000000000       -93.407287189455673     
