 # x v h rho m p cs a
   17.602424242423034     
   1.0932036013073722E-014  -2.5741133130753921E-013   1.2121212121212121E-002   1.0017022602003334        1.0101010101010102E-002   1.0017022602003334        1.0000000000000000        2.7654323275783099E-011
   1.0101980220638620E-002  -4.8563309115820344E-007   1.2121212121212121E-002   1.0017024578389195        1.0101010101010102E-002   1.0017024578389195        1.0000000000000000       -4.1231897657034722E-005
   2.0203956533992897E-002  -9.6940050533451429E-007   1.2121212121212121E-002   1.0017030499594111        1.0101010101010102E-002   1.0017030499594111        1.0000000000000000       -8.2297752832083404E-005
   3.0305925048532426E-002  -1.4494430849229782E-006   1.2121212121212121E-002   1.0017040341764274        1.0101010101010102E-002   1.0017040341764274        1.0000000000000000       -1.2303179245876095E-004
   4.0407881904169801E-002  -1.9239142794980695E-006   1.2121212121212121E-002   1.0017054065249318        1.0101010101010102E-002   1.0017054065249318        1.0000000000000000       -1.6327006257377263E-004
   5.0509823287799550E-002  -2.3909826975908998E-006   1.2121212121212121E-002   1.0017071614774060        1.0101010101010102E-002   1.0017071614774060        1.0000000000000000       -2.0285041146284044E-004
   6.0611745448673315E-002  -2.8488453438443809E-006   1.2121212121212121E-002   1.0017092919652524        1.0101010101010102E-002   1.0017092919652524        1.0000000000000000       -2.4161336461947513E-004
   7.0713644713507953E-002  -3.2957271273527535E-006   1.2121212121212121E-002   1.0017117894067222        1.0101010101010102E-002   1.0017117894067222        1.0000000000000000       -2.7940258940173379E-004
   8.0815517501307624E-002  -3.7298902943064559E-006   1.2121212121212121E-002   1.0017146437417748        1.0101010101010102E-002   1.0017146437417748        1.0000000000000000       -3.1606590554389413E-004
   9.0917360337779987E-002  -4.1496377696595017E-006   1.2121212121212121E-002   1.0017178434732077        1.0101010101010102E-002   1.0017178434732077        1.0000000000000000       -3.5145558826688017E-004
  0.10101916986934165       -4.5533215817582812E-006   1.2121212121212121E-002   1.0017213757131285        1.0101010101010102E-002   1.0017213757131285        1.0000000000000000       -3.8542918357808986E-004
  0.11112094287661357       -4.9393496070098632E-006   1.2121212121212121E-002   1.0017252262346032        1.0101010101010102E-002   1.0017252262346032        1.0000000000000000       -4.1784973354808130E-004
  0.12122267628740134       -5.3061890124876899E-006   1.2121212121212121E-002   1.0017293795278079        1.0101010101010102E-002   1.0017293795278079        1.0000000000000000       -4.4858654128532294E-004
  0.13132436718908494       -5.6523709633982708E-006   1.2121212121212121E-002   1.0017338188640552        1.0101010101010102E-002   1.0017338188640552        1.0000000000000000       -4.7751601070089578E-004
  0.14142601284032197       -5.9764995410276719E-006   1.2121212121212121E-002   1.0017385263631704        1.0101010101010102E-002   1.0017385263631704        1.0000000000000000       -5.0452155864544324E-004
  0.15152761068210602       -6.2772588765202565E-006   1.2121212121212121E-002   1.0017434830654515        1.0101010101010102E-002   1.0017434830654515        1.0000000000000000       -5.2949460887230515E-004
  0.16162915834804320       -6.5534127494984706E-006   1.2121212121212121E-002   1.0017486690074688        1.0101010101010102E-002   1.0017486690074688        1.0000000000000000       -5.5233439577051513E-004
  0.17173065367390997       -6.8038138434177282E-006   1.2121212121212121E-002   1.0017540633020405        1.0101010101010102E-002   1.0017540633020405        1.0000000000000000       -5.7294907524241268E-004
  0.18183209470635042       -7.0274086583775053E-006   1.2121212121212121E-002   1.0017596442242394        1.0101010101010102E-002   1.0017596442242394        1.0000000000000000       -5.9125583652619440E-004
  0.19193347971072164       -7.2232424761186016E-006   1.2121212121212121E-002   1.0017653892981240        1.0101010101010102E-002   1.0017653892981240        1.0000000000000000       -6.0718096374046127E-004
  0.20203480717807895       -7.3904638069201217E-006   1.2121212121212121E-002   1.0017712753863566        1.0101010101010102E-002   1.0017712753863566        1.0000000000000000       -6.2066033065555359E-004
  0.21213607583124994       -7.5283292704669380E-006   1.2121212121212121E-002   1.0017772787840036        1.0101010101010102E-002   1.0017772787840036        1.0000000000000000       -6.3163983507141808E-004
  0.22223728462996278       -7.6362029761934187E-006   1.2121212121212121E-002   1.0017833753155114        1.0101010101010102E-002   1.0017833753155114        1.0000000000000000       -6.4007558230283479E-004
  0.23233843277499328       -7.7135713594190858E-006   1.2121212121212121E-002   1.0017895404302570        1.0101010101010102E-002   1.0017895404302570        1.0000000000000000       -6.4593342575935964E-004
  0.24243951971141275       -7.7600357352213263E-006   1.2121212121212121E-002   1.0017957493013616        1.0101010101010102E-002   1.0017957493013616        1.0000000000000000       -6.4919006962949055E-004
  0.25254054513077878       -7.7753197661562359E-006   1.2121212121212121E-002   1.0018019769266298        1.0101010101010102E-002   1.0018019769266298        1.0000000000000000       -6.4983244128757889E-004
  0.26264150897238370       -7.7592717960940352E-006   1.2121212121212121E-002   1.0018081982292606        1.0101010101010102E-002   1.0018081982292606        1.0000000000000000       -6.4785827479862945E-004
  0.27274241142345607       -7.7118665304845953E-006   1.2121212121212121E-002   1.0018143881587933        1.0101010101010102E-002   1.0018143881587933        1.0000000000000000       -6.4327552881771055E-004
  0.28284325291841211       -7.6332081149940995E-006   1.2121212121212121E-002   1.0018205217912095        1.0101010101010102E-002   1.0018205217912095        1.0000000000000000       -6.3610283846582405E-004
  0.29294403413708370       -7.5235287643975251E-006   1.2121212121212121E-002   1.0018265744300887        1.0101010101010102E-002   1.0018265744300887        1.0000000000000000       -6.2636921932934797E-004
  0.30304475600196390       -7.3831882815332759E-006   1.2121212121212121E-002   1.0018325217050603        1.0101010101010102E-002   1.0018325217050603        1.0000000000000000       -6.1411387113619043E-004
  0.31314541967449877       -7.2126803222450093E-006   1.2121212121212121E-002   1.0018383396713335        1.0101010101010102E-002   1.0018383396713335        1.0000000000000000       -5.9938655429192522E-004
  0.32324602655035956       -7.0126239866097053E-006   1.2121212121212121E-002   1.0018440049059709        1.0101010101010102E-002   1.0018440049059709        1.0000000000000000       -5.8224650803229139E-004
  0.33334657825383129       -6.7837651626433171E-006   1.2121212121212121E-002   1.0018494945997427        1.0101010101010102E-002   1.0018494945997427        1.0000000000000000       -5.6276266776933426E-004
  0.34344707663128632       -6.5269747157968676E-006   1.2121212121212121E-002   1.0018547866516601        1.0101010101010102E-002   1.0018547866516601        1.0000000000000000       -5.4101393873562387E-004
  0.35354752374369047       -6.2432491782554881E-006   1.2121212121212121E-002   1.0018598597575521        1.0101010101010102E-002   1.0018598597575521        1.0000000000000000       -5.1708774690073511E-004
  0.36364792185833317       -5.9337019950671403E-006   1.2121212121212121E-002   1.0018646934944253        1.0101010101010102E-002   1.0018646934944253        1.0000000000000000       -4.9108054679791735E-004
  0.37374827343967376       -5.5995588132573491E-006   1.2121212121212121E-002   1.0018692684030814        1.0101010101010102E-002   1.0018692684030814        1.0000000000000000       -4.6309696018642654E-004
  0.38384858113943832       -5.2421592638132072E-006   1.2121212121212121E-002   1.0018735660670297        1.0101010101010102E-002   1.0018735660670297        1.0000000000000000       -4.3324992011228858E-004
  0.39394884778590961       -4.8629468110152916E-006   1.2121212121212121E-002   1.0018775691870851        1.0101010101010102E-002   1.0018775691870851        1.0000000000000000       -4.0165953299275969E-004
  0.40404907637254622       -4.4634656535761183E-006   1.2121212121212121E-002   1.0018812616485437        1.0101010101010102E-002   1.0018812616485437        1.0000000000000000       -3.6845276260333293E-004
  0.41414927004596308       -4.0453488411863723E-006   1.2121212121212121E-002   1.0018846285881713        1.0101010101010102E-002   1.0018846285881713        1.0000000000000000       -3.3376361434189761E-004
  0.42424943209321447       -3.6103177909532080E-006   1.2121212121212121E-002   1.0018876564532953        1.0101010101010102E-002   1.0018876564532953        1.0000000000000000       -2.9773138781230557E-004
  0.43434956592861634       -3.1601728090477665E-006   1.2121212121212121E-002   1.0018903330559614        1.0101010101010102E-002   1.0018903330559614        1.0000000000000000       -2.6050136030342230E-004
  0.44444967507996419       -2.6967834815175658E-006   1.2121212121212121E-002   1.0018926476232115        1.0101010101010102E-002   1.0018926476232115        1.0000000000000000       -2.2222328373722178E-004
  0.45454976317435586       -2.2220785390379255E-006   1.2121212121212121E-002   1.0018945908390060        1.0101010101010102E-002   1.0018945908390060        1.0000000000000000       -1.8305116466610372E-004
  0.46464983392358988       -1.7380427232409487E-006   1.2121212121212121E-002   1.0018961548810374        1.0101010101010102E-002   1.0018961548810374        1.0000000000000000       -1.4314239329937806E-004
  0.47474989110926474       -1.2467050983946506E-006   1.2121212121212121E-002   1.0018973334536008        1.0101010101010102E-002   1.0018973334536008        1.0000000000000000       -1.0265785876839573E-004
  0.48484993856752628       -7.5012718038569544E-007   1.2121212121212121E-002   1.0018981218142691        1.0101010101010102E-002   1.0018981218142691        1.0000000000000000       -6.1760480795314265E-005
  0.49494998017363268       -2.5039365319382234E-007   1.2121212121212121E-002   1.0018985167899841        1.0101010101010102E-002   1.0018985167899841        1.0000000000000000       -2.0614502486360209E-005
  0.50505001982639952        2.5039358686755168E-007   1.2121212121212121E-002   1.0018985167901329        1.0101010101010102E-002   1.0018985167901329        1.0000000000000000        2.0614469494084631E-005
  0.51515006143250264        7.5012726585299599E-007   1.2121212121212121E-002   1.0018981218145175        1.0101010101010102E-002   1.0018981218145175        1.0000000000000000        6.1760492623186281E-005
  0.52525010889076207        1.2467048266795250E-006   1.2121212121212121E-002   1.0018973334536752        1.0101010101010102E-002   1.0018973334536752        1.0000000000000000        1.0265788538976750E-004
  0.53535016607643782        1.7380429783933540E-006   1.2121212121212121E-002   1.0018961548810670        1.0101010101010102E-002   1.0018961548810670        1.0000000000000000        1.4314237632095939E-004
  0.54545023682567062        2.2220787406080628E-006   1.2121212121212121E-002   1.0018945908391235        1.0101010101010102E-002   1.0018945908391235        1.0000000000000000        1.8305116484107486E-004
  0.55555032492006073        2.6967833851582532E-006   1.2121212121212121E-002   1.0018926476231944        1.0101010101010102E-002   1.0018926476231944        1.0000000000000000        2.2222330755106157E-004
  0.56565043407141091        3.1601729951103297E-006   1.2121212121212121E-002   1.0018903330560129        1.0101010101010102E-002   1.0018903330560129        1.0000000000000000        2.6050132699850792E-004
  0.57575056790680901        3.6103178076670565E-006   1.2121212121212121E-002   1.0018876564532131        1.0101010101010102E-002   1.0018876564532131        1.0000000000000000        2.9773144549061215E-004
  0.58585072995406617        4.0453487585119333E-006   1.2121212121212121E-002   1.0018846285881435        1.0101010101010102E-002   1.0018846285881435        1.0000000000000000        3.3376354629854887E-004
  0.59595092362747770        4.4634652655830748E-006   1.2121212121212121E-002   1.0018812616485155        1.0101010101010102E-002   1.0018812616485155        1.0000000000000000        3.6845283415409824E-004
  0.60605115221411987        4.8629466684011819E-006   1.2121212121212121E-002   1.0018775691869164        1.0101010101010102E-002   1.0018775691869164        1.0000000000000000        4.0165948467318913E-004
  0.61615141886058999        5.2421595896839006E-006   1.2121212121212121E-002   1.0018735660672471        1.0101010101010102E-002   1.0018735660672471        1.0000000000000000        4.3324989237447653E-004
  0.62625172656035033        5.5995589806328018E-006   1.2121212121212121E-002   1.0018692684031285        1.0101010101010102E-002   1.0018692684031285        1.0000000000000000        4.6309701840741013E-004
  0.63635207814169437        5.9337015552471298E-006   1.2121212121212121E-002   1.0018646934943480        1.0101010101010102E-002   1.0018646934943480        1.0000000000000000        4.9108052116686451E-004
  0.64645247625633540        6.2432494893774473E-006   1.2121212121212121E-002   1.0018598597575159        1.0101010101010102E-002   1.0018598597575159        1.0000000000000000        5.1708776036907267E-004
  0.65655292336874227        6.5269747625107245E-006   1.2121212121212121E-002   1.0018547866518375        1.0101010101010102E-002   1.0018547866518375        1.0000000000000000        5.4101387941596357E-004
  0.66665342174619047        6.7837648787167009E-006   1.2121212121212121E-002   1.0018494945997940        1.0101010101010102E-002   1.0018494945997940        1.0000000000000000        5.6276275416777821E-004
  0.67675397344966781        7.0126239291061454E-006   1.2121212121212121E-002   1.0018440049057793        1.0101010101010102E-002   1.0018440049057793        1.0000000000000000        5.8224647469451440E-004
  0.68685458032552738        7.2126801877109273E-006   1.2121212121212121E-002   1.0018383396712323        1.0101010101010102E-002   1.0018383396712323        1.0000000000000000        5.9938656905611509E-004
  0.69695524399806552        7.3831886936387673E-006   1.2121212121212121E-002   1.0018325217050930        1.0101010101010102E-002   1.0018325217050930        1.0000000000000000        6.1411382662246439E-004
  0.70705596586294150        7.5235286736682702E-006   1.2121212121212121E-002   1.0018265744300932        1.0101010101010102E-002   1.0018265744300932        1.0000000000000000        6.2636927023707045E-004
  0.71715674708161736        7.6332080080435878E-006   1.2121212121212121E-002   1.0018205217912672        1.0101010101010102E-002   1.0018205217912672        1.0000000000000000        6.3610277296977102E-004
  0.72725758857656830        7.7118669346083004E-006   1.2121212121212121E-002   1.0018143881590387        1.0101010101010102E-002   1.0018143881590387        1.0000000000000000        6.4327555871113162E-004
  0.73735849102763995        7.7592709379070379E-006   1.2121212121212121E-002   1.0018081982291773        1.0101010101010102E-002   1.0018081982291773        1.0000000000000000        6.4785831139779759E-004
  0.74745945486924781        7.7753199844164552E-006   1.2121212121212121E-002   1.0018019769265047        1.0101010101010102E-002   1.0018019769265047        1.0000000000000000        6.4983241873317610E-004
  0.75756048028861356        7.7600364034689677E-006   1.2121212121212121E-002   1.0017957493013359        1.0101010101010102E-002   1.0017957493013359        1.0000000000000000        6.4919006806007928E-004
  0.76766156722503387        7.7135711950948041E-006   1.2121212121212121E-002   1.0017895404303572        1.0101010101010102E-002   1.0017895404303572        1.0000000000000000        6.4593339915042236E-004
  0.77776271537006136        7.6362029884737786E-006   1.2121212121212121E-002   1.0017833753156273        1.0101010101010102E-002   1.0017833753156273        1.0000000000000000        6.4007560633250193E-004
  0.78786392416877471        7.5283289797443774E-006   1.2121212121212121E-002   1.0017772787840173        1.0101010101010102E-002   1.0017772787840173        1.0000000000000000        6.3163983230918319E-004
  0.79796519282194511        7.3904643739436845E-006   1.2121212121212121E-002   1.0017712753863623        1.0101010101010102E-002   1.0017712753863623        1.0000000000000000        6.2066033537977461E-004
  0.80806652028930281        7.2232424448797131E-006   1.2121212121212121E-002   1.0017653892980711        1.0101010101010102E-002   1.0017653892980711        1.0000000000000000        6.0718097320577868E-004
  0.81816790529367445        7.0274079394630280E-006   1.2121212121212121E-002   1.0017596442240131        1.0101010101010102E-002   1.0017596442240131        1.0000000000000000        5.9125586436437061E-004
  0.82826934632611948        6.8038141048175404E-006   1.2121212121212121E-002   1.0017540633019484        1.0101010101010102E-002   1.0017540633019484        1.0000000000000000        5.7294901718485391E-004
  0.83837084165198383        6.5534129679721447E-006   1.2121212121212121E-002   1.0017486690076942        1.0101010101010102E-002   1.0017486690076942        1.0000000000000000        5.5233438493385023E-004
  0.84847238931791824        6.2772586414957322E-006   1.2121212121212121E-002   1.0017434830655751        1.0101010101010102E-002   1.0017434830655751        1.0000000000000000        5.2949464292062487E-004
  0.85857398715970235        5.9764999941340820E-006   1.2121212121212121E-002   1.0017385263630434        1.0101010101010102E-002   1.0017385263630434        1.0000000000000000        5.0452157612745907E-004
  0.86867563281094273        5.6523708948951096E-006   1.2121212121212121E-002   1.0017338188641469        1.0101010101010102E-002   1.0017338188641469        1.0000000000000000        4.7751594997702540E-004
  0.87877732371262052        5.3061885799091377E-006   1.2121212121212121E-002   1.0017293795277897        1.0101010101010102E-002   1.0017293795277897        1.0000000000000000        4.4858662297997398E-004
  0.88887905712341431        4.9393497902735076E-006   1.2121212121212121E-002   1.0017252262343870        1.0101010101010102E-002   1.0017252262343870        1.0000000000000000        4.1784969512193015E-004
  0.89898083013068508        4.5533217568767602E-006   1.2121212121212121E-002   1.0017213757130470        1.0101010101010102E-002   1.0017213757130470        1.0000000000000000        3.8542919471851178E-004
  0.90908263966224945        4.1496379774191492E-006   1.2121212121212121E-002   1.0017178434732525        1.0101010101010102E-002   1.0017178434732525        1.0000000000000000        3.5145554585458427E-004
  0.91918448249871809        3.7298899967760471E-006   1.2121212121212121E-002   1.0017146437418476        1.0101010101010102E-002   1.0017146437418476        1.0000000000000000        3.1606594701827362E-004
  0.92928635528651959        3.2957272408547301E-006   1.2121212121212121E-002   1.0017117894066094        1.0101010101010102E-002   1.0017117894066094        1.0000000000000000        2.7940258330616530E-004
  0.93938825455135555        2.8488450202329840E-006   1.2121212121212121E-002   1.0017092919654245        1.0101010101010102E-002   1.0017092919654245        1.0000000000000000        2.4161331480243575E-004
  0.94949017671222402        2.3909831330397057E-006   1.2121212121212121E-002   1.0017071614775861        1.0101010101010102E-002   1.0017071614775861        1.0000000000000000        2.0285045249135436E-004
  0.95959211809585554        1.9239134787499197E-006   1.2121212121212121E-002   1.0017054065250863        1.0101010101010102E-002   1.0017054065250863        1.0000000000000000        1.6327003218208347E-004
  0.96969407495148763        1.4494434154276484E-006   1.2121212121212121E-002   1.0017040341763142        1.0101010101010102E-002   1.0017040341763142        1.0000000000000000        1.2303187987061648E-004
  0.97979604346603510        9.6940050472080525E-007   1.2121212121212121E-002   1.0017030499592725        1.0101010101010102E-002   1.0017030499592725        1.0000000000000000        8.2297670001452161E-005
  0.98989801977938463        4.8563339875944474E-007   1.2121212121212121E-002   1.0017024578390110        1.0101010101010102E-002   1.0017024578390110        1.0000000000000000        4.1231931569463143E-005
   1.0000000000000147        1.0923929478087619E-013   1.2121212121212121E-002   1.0017022602003354        1.0101010101010102E-002   1.0017022602003354        1.0000000000000000       -4.3044678932346869E-011
   1.0101019802206386       -3.8562537356007813E-007   1.2121212121212121E-002   1.0017024578389195        1.0101010101010102E-002   1.0017024578389195        1.0000000000000000       -4.1231875603564561E-005
   1.0202039565339929       -7.6978778209766614E-007   1.2121212121212121E-002   1.0017030499594111        1.0101010101010102E-002   1.0017030499594111        1.0000000000000000       -8.2297738561720735E-005
   1.0303059250485325       -1.1510300693050530E-006   1.2121212121212121E-002   1.0017040341764274        1.0101010101010102E-002   1.0017040341764274        1.0000000000000000       -1.2303179343664539E-004
   1.0404078819041698       -1.5279032713926499E-006   1.2121212121212121E-002   1.0017054065249318        1.0101010101010102E-002   1.0017054065249318        1.0000000000000000       -1.6327006190675064E-004
   1.0505098232877996       -1.8989693972411715E-006   1.2121212121212121E-002   1.0017071614774060        1.0101010101010102E-002   1.0017071614774060        1.0000000000000000       -2.0285041347012367E-004
   1.0606117454486732       -2.2628120968274614E-006   1.2121212121212121E-002   1.0017092919652524        1.0101010101010102E-002   1.0017092919652524        1.0000000000000000       -2.4161336219385987E-004
   1.0707136447135079       -2.6180354661385533E-006   1.2121212121212121E-002   1.0017117894067222        1.0101010101010102E-002   1.0017117894067222        1.0000000000000000       -2.7940258921699268E-004
   1.0808155175013077       -2.9632708011554796E-006   1.2121212121212121E-002   1.0017146437417748        1.0101010101010102E-002   1.0017146437417748        1.0000000000000000       -3.1606590688681990E-004
   1.0909173603377800       -3.2971793625803974E-006   1.2121212121212121E-002   1.0017178434732077        1.0101010101010102E-002   1.0017178434732077        1.0000000000000000        7.6195131270360292     
   1.1010191698693417       -3.6184587183114160E-006   1.2121212121212121E-002   1.0017213757131285        1.0101010101010102E-002   1.0017213757131285        1.0000000000000000        93.405075267645586     
  -1.0101980220615370E-002   3.8562559034426858E-007   1.2121212121212121E-002   1.0017024578390110        1.0101010101010102E-002   1.0017024578390110        1.0000000000000000        4.1231910581807085E-005
  -2.0203956533964895E-002   7.6978797929582524E-007   1.2121212121212121E-002   1.0017030499592725        1.0101010101010102E-002   1.0017030499592725        1.0000000000000000        8.2297655957574989E-005
  -3.0305925048512372E-002   1.1510301711236968E-006   1.2121212121212121E-002   1.0017040341763142        1.0101010101010102E-002   1.0017040341763142        1.0000000000000000        1.2303187987061648E-004
  -4.0407881904144460E-002   1.5279025862110464E-006   1.2121212121212121E-002   1.0017054065250863        1.0101010101010102E-002   1.0017054065250863        1.0000000000000000        1.6327003217142533E-004
  -5.0509823287775979E-002   1.8989697016389829E-006   1.2121212121212121E-002   1.0017071614775861        1.0101010101010102E-002   1.0017071614775861        1.0000000000000000        2.0285045249224254E-004
  -6.0611745448644450E-002   2.2628119067130488E-006   1.2121212121212121E-002   1.0017092919654245        1.0101010101010102E-002   1.0017092919654245        1.0000000000000000        2.4161331479888304E-004
  -7.0713644713480406E-002   2.6180355840437421E-006   1.2121212121212121E-002   1.0017117894066094        1.0101010101010102E-002   1.0017117894066094        1.0000000000000000        2.7940258330172441E-004
  -8.0815517501281908E-002   2.9632704226544195E-006   1.2121212121212121E-002   1.0017146437418476        1.0101010101010102E-002   1.0017146437418476        1.0000000000000000        3.1606594702182633E-004
  -9.0917360337750552E-002   3.2971796613810244E-006   1.2121212121212121E-002   1.0017178434732525        1.0101010101010102E-002   1.0017178434732525        1.0000000000000000       -7.6195131270726790     
 -0.10101916986931492        3.6184588634891312E-006   1.2121212121212121E-002   1.0017213757130470        1.0101010101010102E-002   1.0017213757130470        1.0000000000000000       -93.405075267635880     
