 # x v h rho m p cs a
   29.750303030308576     
   3.2471158381240515E-014  -9.0216534579557224E-013   1.2121212121212121E-002   1.0018738731604309        1.0101010101010102E-002   1.0018738731604309        1.0000000000000000       -2.7211122244352737E-011
   1.0100284139347398E-002   4.2179402430701609E-006   1.2121212121212121E-002   1.0018737258344588        1.0101010101010102E-002   1.0018737258344588        1.0000000000000000        3.0726898746280540E-005
   2.0200571190242919E-002   8.4188715660255749E-006   1.2121212121212121E-002   1.0018732844392597        1.0101010101010102E-002   1.0018732844392597        1.0000000000000000        6.1332265567592970E-005
   3.0300864052787386E-002   1.2585850202787276E-005   1.2121212121212121E-002   1.0018725507242332        1.0101010101010102E-002   1.0018725507242332        1.0000000000000000        9.1694464972036371E-005
   4.0401165604009158E-002   1.6702076667807628E-005   1.2121212121212121E-002   1.0018715276001584        1.0101010101010102E-002   1.0018715276001584        1.0000000000000000        1.2169296172448441E-004
   5.0501478686471812E-002   2.0750955869768845E-005   1.2121212121212121E-002   1.0018702191250526        1.0101010101010102E-002   1.0018702191250526        1.0000000000000000        1.5120910945398691E-004
   6.0601806097041244E-002   2.4716156527900106E-005   1.2121212121212121E-002   1.0018686304885258        1.0101010101010102E-002   1.0018686304885258        1.0000000000000000        1.8012563108626978E-004
   7.0702150575769965E-002   2.8581694023390210E-005   1.2121212121212121E-002   1.0018667679950084        1.0101010101010102E-002   1.0018667679950084        1.0000000000000000        2.0832737337084239E-004
   8.0802514794980781E-002   3.2331988600520693E-005   1.2121212121212121E-002   1.0018646390385542        1.0101010101010102E-002   1.0018646390385542        1.0000000000000000        2.3570225343672035E-004
   9.0902901348659096E-002   3.5951924375548486E-005   1.2121212121212121E-002   1.0018622520745963        1.0101010101010102E-002   1.0018622520745963        1.0000000000000000        2.6214106487465472E-004
  0.10100331274208788        3.9426910099559671E-005   1.2121212121212121E-002   1.0018596165864768        1.0101010101010102E-002   1.0018596165864768        1.0000000000000000        2.8753868660302828E-004
  0.11110375138190735        4.2742942227059638E-005   1.2121212121212121E-002   1.0018567430506191        1.0101010101010102E-002   1.0018567430506191        1.0000000000000000        3.1179311801921017E-004
  0.12120421956643525        4.5886666635497056E-005   1.2121212121212121E-002   1.0018536428991456        1.0101010101010102E-002   1.0018536428991456        1.0000000000000000        3.3480703950239388E-004
  0.13130471947644831        4.8845420430260143E-005   1.2121212121212121E-002   1.0018503284721048        1.0101010101010102E-002   1.0018503284721048        1.0000000000000000        3.5648842392710378E-004
  0.14140525316646224        5.1607285576053055E-005   1.2121212121212121E-002   1.0018468129687952        1.0101010101010102E-002   1.0018468129687952        1.0000000000000000        3.7675008544102440E-004
  0.15150582255648049        5.4161145910114942E-005   1.2121212121212121E-002   1.0018431104019965        1.0101010101010102E-002   1.0018431104019965        1.0000000000000000        3.9550951370248555E-004
  0.16160642942415371        5.6496725902200805E-005   1.2121212121212121E-002   1.0018392355427119        1.0101010101010102E-002   1.0018392355427119        1.0000000000000000        4.1269101159091548E-004
  0.17170707539762692        5.8604630941135035E-005   1.2121212121212121E-002   1.0018352038596052        1.0101010101010102E-002   1.0018352038596052        1.0000000000000000        4.2822471988124278E-004
  0.18180776194890716        6.0476383479669923E-005   1.2121212121212121E-002   1.0018310314604808        1.0101010101010102E-002   1.0018310314604808        1.0000000000000000        4.4204716349405260E-004
  0.19190849038785443        6.2104458829537787E-005   1.2121212121212121E-002   1.0018267350304197        1.0101010101010102E-002   1.0018267350304197        1.0000000000000000        4.5410130424539119E-004
  0.20200926185677268        6.3482325416460773E-005   1.2121212121212121E-002   1.0018223317671238        1.0101010101010102E-002   1.0018223317671238        1.0000000000000000        4.6433717020377685E-004
  0.21211007732567219        6.4604451661611832E-005   1.2121212121212121E-002   1.0018178393113419        1.0101010101010102E-002   1.0018178393113419        1.0000000000000000        4.7271222609968078E-004
  0.22221093758824267        6.5466341234357407E-005   1.2121212121212121E-002   1.0018132756770288        1.0101010101010102E-002   1.0018132756770288        1.0000000000000000        4.7919109000904569E-004
  0.23231184325849377        6.6064544831849825E-005   1.2121212121212121E-002   1.0018086591811581        1.0101010101010102E-002   1.0018086591811581        1.0000000000000000        4.8374580388088617E-004
  0.24241279476811378        6.6396681029750042E-005   1.2121212121212121E-002   1.0018040083725326        1.0101010101010102E-002   1.0018040083725326        1.0000000000000000        4.8635585703227235E-004
  0.25251379236450688        6.6461439979139249E-005   1.2121212121212121E-002   1.0017993419550193        1.0101010101010102E-002   1.0017993419550193        1.0000000000000000        4.8700928087974660E-004
  0.26261483610968289        6.6258584304001357E-005   1.2121212121212121E-002   1.0017946787129004        1.0101010101010102E-002   1.0017946787129004        1.0000000000000000        4.8570117874646712E-004
  0.27271592587976429        6.5788953904383693E-005   1.2121212121212121E-002   1.0017900374362423        1.0101010101010102E-002   1.0017900374362423        1.0000000000000000        4.8243510928536182E-004
  0.28281706136535045        6.5054470714353933E-005   1.2121212121212121E-002   1.0017854368458667        1.0101010101010102E-002   1.0017854368458667        1.0000000000000000        4.7722180472131726E-004
  0.29291824207250555        6.4058117485896109E-005   1.2121212121212121E-002   1.0017808955167988        1.0101010101010102E-002   1.0017808955167988        1.0000000000000000        4.7008085524513632E-004
  0.30301946732463397        6.2803926462838224E-005   1.2121212121212121E-002   1.0017764317999063        1.0101010101010102E-002   1.0017764317999063        1.0000000000000000        4.6103930908003576E-004
  0.31312073626503423        6.1296970208084883E-005   1.2121212121212121E-002   1.0017720637504703        1.0101010101010102E-002   1.0017720637504703        1.0000000000000000        4.5013168314689267E-004
  0.32322204786016917        5.9543337763636310E-005   1.2121212121212121E-002   1.0017678090547582        1.0101010101010102E-002   1.0017678090547582        1.0000000000000000        4.3740028546856990E-004
  0.33332340090367435        5.7550110436486910E-005   1.2121212121212121E-002   1.0017636849552973        1.0101010101010102E-002   1.0017636849552973        1.0000000000000000        4.2289530812666953E-004
  0.34342479402110870        5.5325327812810849E-005   1.2121212121212121E-002   1.0017597081771967        1.0101010101010102E-002   1.0017597081771967        1.0000000000000000        4.0667443860087360E-004
  0.35352622567543313        5.2877957890746176E-005   1.2121212121212121E-002   1.0017558948624670        1.0101010101010102E-002   1.0017558948624670        1.0000000000000000        3.8880152415998737E-004
  0.36362769417304874        5.0217868380954564E-005   1.2121212121212121E-002   1.0017522605055926        1.0101010101010102E-002   1.0017522605055926        1.0000000000000000        3.6934773108043828E-004
  0.37372919767053547        4.7355775748517686E-005   1.2121212121212121E-002   1.0017488198828779        1.0101010101010102E-002   1.0017488198828779        1.0000000000000000        3.4839166044076109E-004
  0.38383073418211783        4.4303207063650012E-005   1.2121212121212121E-002   1.0017455869914338        1.0101010101010102E-002   1.0017455869914338        1.0000000000000000        3.2601725764003220E-004
  0.39393230158760395        4.1072452596108326E-005   1.2121212121212121E-002   1.0017425749945761        1.0101010101010102E-002   1.0017425749945761        1.0000000000000000        3.0231448631035107E-004
  0.40403389764091652        3.7676516305108513E-005   1.2121212121212121E-002   1.0017397961649772        1.0101010101010102E-002   1.0017397961649772        1.0000000000000000        2.7737912598269077E-004
  0.41413551997916825        3.4129069971806410E-005   1.2121212121212121E-002   1.0017372618312437        1.0101010101010102E-002   1.0017372618312437        1.0000000000000000        2.5131239791953419E-004
  0.42423716613224982        3.0444381637222569E-005   1.2121212121212121E-002   1.0017349823287658        1.0101010101010102E-002   1.0017349823287658        1.0000000000000000        2.2422030141999727E-004
  0.43433883353288877        2.6637275330891457E-005   1.2121212121212121E-002   1.0017329669599673        1.0101010101010102E-002   1.0017329669599673        1.0000000000000000        1.9621234913902441E-004
  0.44444051952700764        2.2723066328447074E-005   1.2121212121212121E-002   1.0017312239548974        1.0101010101010102E-002   1.0017312239548974        1.0000000000000000        1.6740276406057575E-004
  0.45454222138456385        1.8717495848432460E-005   1.2121212121212121E-002   1.0017297604324642        1.0101010101010102E-002   1.0017297604324642        1.0000000000000000        1.3790918922484963E-004
  0.46464393631069023        1.4636671450518912E-005   1.2121212121212121E-002   1.0017285823705973        1.0101010101010102E-002   1.0017285823705973        1.0000000000000000        1.0785212537989253E-004
  0.47474566145712038        1.0497000901918161E-005   1.2121212121212121E-002   1.0017276945830191        1.0101010101010102E-002   1.0017276945830191        1.0000000000000000        7.7353966445592448E-005
  0.48484739393378840        6.3151278780946996E-006   1.2121212121212121E-002   1.0017271007010735        1.0101010101010102E-002   1.0017271007010735        1.0000000000000000        4.6539053970562350E-005
  0.49494913082059894        2.1078676134882034E-006   1.2121212121212121E-002   1.0017268031530018        1.0101010101010102E-002   1.0017268031530018        1.0000000000000000        1.5534145084039608E-005
  0.50505086917945918       -2.1078672172608579E-006   1.2121212121212121E-002   1.0017268031527333        1.0101010101010102E-002   1.0017268031527333        1.0000000000000000       -1.5534088470658958E-005
  0.51515260606627644       -6.3151282848095962E-006   1.2121212121212121E-002   1.0017271007010276        1.0101010101010102E-002   1.0017271007010276        1.0000000000000000       -4.6539157726677161E-005
  0.52525433854293913       -1.0497000787083052E-005   1.2121212121212121E-002   1.0017276945834503        1.0101010101010102E-002   1.0017276945834503        1.0000000000000000       -7.7353963131798764E-005
  0.53535606368936428       -1.4636671182168654E-005   1.2121212121212121E-002   1.0017285823705397        1.0101010101010102E-002   1.0017285823705397        1.0000000000000000       -1.0785202872920507E-004
  0.54545777861549749       -1.8717496284859495E-005   1.2121212121212121E-002   1.0017297604322504        1.0101010101010102E-002   1.0017297604322504        1.0000000000000000       -1.3790924574141883E-004
  0.55555948047305170       -2.2723065821982199E-005   1.2121212121212121E-002   1.0017312239548899        1.0101010101010102E-002   1.0017312239548899        1.0000000000000000       -1.6740275389448556E-004
  0.56566116646717246       -2.6637275925725115E-005   1.2121212121212121E-002   1.0017329669600386        1.0101010101010102E-002   1.0017329669600386        1.0000000000000000       -1.9621237857947449E-004
  0.57576283386780791       -3.0444381499240905E-005   1.2121212121212121E-002   1.0017349823287915        1.0101010101010102E-002   1.0017349823287915        1.0000000000000000       -2.2422025977153481E-004
  0.58586448002089253       -3.4129069957807191E-005   1.2121212121212121E-002   1.0017372618312714        1.0101010101010102E-002   1.0017372618312714        1.0000000000000000       -2.5131244053877566E-004
  0.59596610235914105       -3.7676516499828241E-005   1.2121212121212121E-002   1.0017397961652148        1.0101010101010102E-002   1.0017397961652148        1.0000000000000000       -2.7737913057812591E-004
  0.60606769841245189       -4.1072451917299680E-005   1.2121212121212121E-002   1.0017425749948627        1.0101010101010102E-002   1.0017425749948627        1.0000000000000000       -3.0231449276207911E-004
  0.61616926581793330       -4.4303207612606088E-005   1.2121212121212121E-002   1.0017455869913194        1.0101010101010102E-002   1.0017455869913194        1.0000000000000000       -3.2601716098490385E-004
  0.62627080232952270       -4.7355776263708095E-005   1.2121212121212121E-002   1.0017488198824291        1.0101010101010102E-002   1.0017488198824291        1.0000000000000000       -3.4839168755507188E-004
  0.63637230582701254       -5.0217867138713343E-005   1.2121212121212121E-002   1.0017522605055194        1.0101010101010102E-002   1.0017522605055194        1.0000000000000000       -3.6934778354869024E-004
  0.64647377432462594       -5.2877958274084008E-005   1.2121212121212121E-002   1.0017558948624876        1.0101010101010102E-002   1.0017558948624876        1.0000000000000000       -3.8880149353648363E-004
  0.65657520597895158       -5.5325327667973148E-005   1.2121212121212121E-002   1.0017597081769876        1.0101010101010102E-002   1.0017597081769876        1.0000000000000000       -4.0667442072361837E-004
  0.66667659909638965       -5.7550110717845973E-005   1.2121212121212121E-002   1.0017636849552869        1.0101010101010102E-002   1.0017636849552869        1.0000000000000000       -4.2289536622863722E-004
  0.67677795213989123       -5.9543337700257612E-005   1.2121212121212121E-002   1.0017678090549065        1.0101010101010102E-002   1.0017678090549065        1.0000000000000000       -4.3740026111471764E-004
  0.68687926373502628       -6.1296970121941402E-005   1.2121212121212121E-002   1.0017720637504808        1.0101010101010102E-002   1.0017720637504808        1.0000000000000000       -4.5013168359631095E-004
  0.69698053267542681       -6.2803926531325202E-005   1.2121212121212121E-002   1.0017764318000462        1.0101010101010102E-002   1.0017764318000462        1.0000000000000000       -4.6103932928254210E-004
  0.70708175792755135       -6.4058117425269096E-005   1.2121212121212121E-002   1.0017808955166385        1.0101010101010102E-002   1.0017808955166385        1.0000000000000000       -4.7008077558885475E-004
  0.71718293863471394       -6.5054470510987313E-005   1.2121212121212121E-002   1.0017854368456218        1.0101010101010102E-002   1.0017854368456218        1.0000000000000000       -4.7722186004239830E-004
  0.72728407412029761       -6.5788954312825297E-005   1.2121212121212121E-002   1.0017900374360507        1.0101010101010102E-002   1.0017900374360507        1.0000000000000000       -4.8243506762801758E-004
  0.73738516389038578       -6.6258584261249165E-005   1.2121212121212121E-002   1.0017946787130496        1.0101010101010102E-002   1.0017946787130496        1.0000000000000000       -4.8570129908576121E-004
  0.74748620763555207       -6.6461440070950058E-005   1.2121212121212121E-002   1.0017993419554598        1.0101010101010102E-002   1.0017993419554598        1.0000000000000000       -4.8700921740785219E-004
  0.75758720523194467       -6.6396680947566149E-005   1.2121212121212121E-002   1.0018040083724578        1.0101010101010102E-002   1.0018040083724578        1.0000000000000000       -4.8635581391920368E-004
  0.76768815674156765       -6.6064544650262170E-005   1.2121212121212121E-002   1.0018086591810738        1.0101010101010102E-002   1.0018086591810738        1.0000000000000000       -4.8374583908383784E-004
  0.77778906241181778       -6.5466341228066351E-005   1.2121212121212121E-002   1.0018132756771503        1.0101010101010102E-002   1.0018132756771503        1.0000000000000000       -4.7919110244709628E-004
  0.78788992267438640       -6.4604451873825582E-005   1.2121212121212121E-002   1.0018178393114316        1.0101010101010102E-002   1.0018178393114316        1.0000000000000000       -4.7271220636613265E-004
  0.79799073814328580       -6.3482325186944876E-005   1.2121212121212121E-002   1.0018223317670758        1.0101010101010102E-002   1.0018223317670758        1.0000000000000000       -4.6433716094274047E-004
  0.80809150961220566       -6.2104459219686705E-005   1.2121212121212121E-002   1.0018267350305319        1.0101010101010102E-002   1.0018267350305319        1.0000000000000000       -4.5410134853529627E-004
  0.81819223805114893       -6.0476383319689204E-005   1.2121212121212121E-002   1.0018310314606456        1.0101010101010102E-002   1.0018310314606456        1.0000000000000000       -4.4204712967044202E-004
  0.82829292460242920       -5.8604631028335125E-005   1.2121212121212121E-002   1.0018352038594374        1.0101010101010102E-002   1.0018352038594374        1.0000000000000000       -4.2822468132808211E-004
  0.83839357057590624       -5.6496725774611182E-005   1.2121212121212121E-002   1.0018392355425210        1.0101010101010102E-002   1.0018392355425210        1.0000000000000000       -4.1269104489671804E-004
  0.84849417744358013       -5.4161146439143491E-005   1.2121212121212121E-002   1.0018431104021852        1.0101010101010102E-002   1.0018431104021852        1.0000000000000000       -3.9550956445655316E-004
  0.85859474683359338       -5.1607285195925255E-005   1.2121212121212121E-002   1.0018468129690208        1.0101010101010102E-002   1.0018468129690208        1.0000000000000000       -3.7675004355808284E-004
  0.86869528052360712       -4.8845420038251574E-005   1.2121212121212121E-002   1.0018503284719404        1.0101010101010102E-002   1.0018503284719404        1.0000000000000000       -3.5648837811930179E-004
  0.87879578043362405       -4.5886666263978268E-005   1.2121212121212121E-002   1.0018536428988531        1.0101010101010102E-002   1.0018536428988531        1.0000000000000000       -3.3480706021471462E-004
  0.88889624861815486       -4.2742942538337287E-005   1.2121212121212121E-002   1.0018567430507428        1.0101010101010102E-002   1.0018567430507428        1.0000000000000000       -3.1179318487151164E-004
  0.89899668725796800       -3.9426910032286417E-005   1.2121212121212121E-002   1.0018596165864979        1.0101010101010102E-002   1.0018596165864979        1.0000000000000000       -2.8753860043106982E-004
  0.90909709865140254       -3.5951924328866786E-005   1.2121212121212121E-002   1.0018622520744063        1.0101010101010102E-002   1.0018622520744063        1.0000000000000000       -2.6214110450695216E-004
  0.91919748520507960       -3.2331989040648215E-005   1.2121212121212121E-002   1.0018646390385608        1.0101010101010102E-002   1.0018646390385608        1.0000000000000000       -2.3570225202806938E-004
  0.92929784942429128       -2.8581693806529297E-005   1.2121212121212121E-002   1.0018667679951150        1.0101010101010102E-002   1.0018667679951150        1.0000000000000000       -2.0832740631515634E-004
  0.93939819390301726       -2.4716156567185911E-005   1.2121212121212121E-002   1.0018686304887801        1.0101010101010102E-002   1.0018686304887801        1.0000000000000000       -1.8012562131453080E-004
  0.94949852131358303       -2.0750955230120578E-005   1.2121212121212121E-002   1.0018702191247333        1.0101010101010102E-002   1.0018702191247333        1.0000000000000000       -1.5120899811726929E-004
  0.95959883439605664       -1.6702077489503756E-005   1.2121212121212121E-002   1.0018715275998078        1.0101010101010102E-002   1.0018715275998078        1.0000000000000000       -1.2169306652598522E-004
  0.96969913594727541       -1.2585850567094312E-005   1.2121212121212121E-002   1.0018725507244191        1.0101010101010102E-002   1.0018725507244191        1.0000000000000000       -9.1694472732051224E-005
  0.97979942880981785       -8.4188704765020500E-006   1.2121212121212121E-002   1.0018732844392793        1.0101010101010102E-002   1.0018732844392793        1.0000000000000000       -6.1332229454258425E-005
  0.98989971586071535       -4.2179405662801679E-006   1.2121212121212121E-002   1.0018737258344348        1.0101010101010102E-002   1.0018737258344348        1.0000000000000000       -3.0726919069579139E-005
   1.0000000000000289        2.4697046804865255E-013   1.2121212121212121E-002   1.0018738731604320        1.0101010101010102E-002   1.0018738731604320        1.0000000000000000        4.0515146793040913E-011
   1.0101002841393474        4.1429278541394845E-006   1.2121212121212121E-002   1.0018737258344588        1.0101010101010102E-002   1.0018737258344588        1.0000000000000000        3.0726878073039643E-005
   1.0202005711902429        8.2691435047570666E-006   1.2121212121212121E-002   1.0018732844392597        1.0101010101010102E-002   1.0018732844392597        1.0000000000000000        6.1332251892309841E-005
   1.0303008640527873        1.2362000349802923E-005   1.2121212121212121E-002   1.0018725507242332        1.0101010101010102E-002   1.0018725507242332        1.0000000000000000        9.1694466056502222E-005
   1.0404011656040091        1.6404992986244524E-005   1.2121212121212121E-002   1.0018715276001584        1.0101010101010102E-002   1.0018715276001584        1.0000000000000000        1.2169296329833657E-004
   1.0505014786864719        2.0381815880241605E-005   1.2121212121212121E-002   1.0018702191250526        1.0101010101010102E-002   1.0018702191250526        1.0000000000000000        1.5120910637200780E-004
   1.0606018060970412        2.4276424478467291E-005   1.2121212121212121E-002   1.0018686304885258        1.0101010101010102E-002   1.0018686304885258        1.0000000000000000        1.8012563064839782E-004
   1.0707021505757699        2.8073115182817423E-005   1.2121212121212121E-002   1.0018667679950084        1.0101010101010102E-002   1.0018667679950084        1.0000000000000000        2.0832737455034334E-004
   1.0808025147949807        3.1756581754751196E-005   1.2121212121212121E-002   1.0018646390385542        1.0101010101010102E-002   1.0018646390385542        1.0000000000000000        2.3570225505142872E-004
   1.0909029013486591        3.5311974911353416E-005   1.2121212121212121E-002   1.0018622520745963        1.0101010101010102E-002   1.0018622520745963        1.0000000000000000        7.6293900267059485     
   1.1010033127420880        3.8724960230364938E-005   1.2121212121212121E-002   1.0018596165864768        1.0101010101010102E-002   1.0018596165864768        1.0000000000000000        93.410566495427901     
  -1.0100284139284654E-002  -4.1429281121119795E-006   1.2121212121212121E-002   1.0018737258344348        1.0101010101010102E-002   1.0018737258344348        1.0000000000000000       -3.0726898711641581E-005
  -2.0200571190182148E-002  -8.2691425694945231E-006   1.2121212121212121E-002   1.0018732844392793        1.0101010101010102E-002   1.0018732844392793        1.0000000000000000       -6.1332215856246819E-005
  -3.0300864052724585E-002  -1.2362000671375120E-005   1.2121212121212121E-002   1.0018725507244191        1.0101010101010102E-002   1.0018725507244191        1.0000000000000000       -9.1694472731163046E-005
  -4.0401165603943356E-002  -1.6404993514569399E-005   1.2121212121212121E-002   1.0018715275998078        1.0101010101010102E-002   1.0018715275998078        1.0000000000000000       -1.2169306653042611E-004
  -5.0501478686416967E-002  -2.0381815546600413E-005   1.2121212121212121E-002   1.0018702191247333        1.0101010101010102E-002   1.0018702191247333        1.0000000000000000       -1.5120899811638111E-004
  -6.0601806096982735E-002  -2.4276424532705715E-005   1.2121212121212121E-002   1.0018686304887801        1.0101010101010102E-002   1.0018686304887801        1.0000000000000000       -1.8012562131186627E-004
  -7.0702150575708722E-002  -2.8073114901707300E-005   1.2121212121212121E-002   1.0018667679951150        1.0101010101010102E-002   1.0018667679951150        1.0000000000000000       -2.0832740631959723E-004
  -8.0802514794920399E-002  -3.1756582173887567E-005   1.2121212121212121E-002   1.0018646390385608        1.0101010101010102E-002   1.0018646390385608        1.0000000000000000       -2.3570225202806938E-004
  -9.0902901348597465E-002  -3.5311974780485322E-005   1.2121212121212121E-002   1.0018622520744063        1.0101010101010102E-002   1.0018622520744063        1.0000000000000000       -7.6293900267481405     
 -0.10100331274203200       -3.8724960373631956E-005   1.2121212121212121E-002   1.0018596165864979        1.0101010101010102E-002   1.0018596165864979        1.0000000000000000       -93.410566495386618     
