 # x v h rho m p cs a
   11.701818181816844     
   7.3265085866185440E-015   3.6460316247636420E-013   1.2121212121212121E-002   1.0017243805058482        1.0101010101010102E-002   1.0017243805058482        1.0000000000000000       -2.1626256341278349E-011
   1.0101761568118924E-002   4.0267530900115637E-006   1.2121212121212121E-002   1.0017245333428388        1.0101010101010102E-002   1.0017245333428388        1.0000000000000000       -3.1884012312133336E-005
   2.0203520114819615E-002   8.0372813555423250E-006   1.2121212121212121E-002   1.0017249912422626        1.0101010101010102E-002   1.0017249912422626        1.0000000000000000       -6.3640466436254428E-005
   3.0305272630785366E-002   1.2015425533094429E-005   1.2121212121212121E-002   1.0017257523724168        1.0101010101010102E-002   1.0017257523724168        1.0000000000000000       -9.5142203470288678E-005
   4.0407016130833709E-002   1.5945157054141591E-005   1.2121212121212121E-002   1.0017268136876589        1.0101010101010102E-002   1.0017268136876589        1.0000000000000000       -1.2626306863960934E-004
   5.0508747665877145E-002   1.9810641921922825E-005   1.2121212121212121E-002   1.0017281709406769        1.0101010101010102E-002   1.0017281709406769        1.0000000000000000       -1.5687843980582983E-004
   6.0610464334735908E-002   2.3596306446570162E-005   1.2121212121212121E-002   1.0017298186998114        1.0101010101010102E-002   1.0017298186998114        1.0000000000000000       -1.8686580271420894E-004
   7.0712163295746699E-002   2.7286899648445167E-005   1.2121212121212121E-002   1.0017317503703773        1.0101010101010102E-002   1.0017317503703773        1.0000000000000000       -2.1610497325585953E-004
   8.0813841778151665E-002   3.0867553632654885E-005   1.2121212121212121E-002   1.0017339582193627        1.0101010101010102E-002   1.0017339582193627        1.0000000000000000       -2.4447860403675747E-004
   9.0915497093223940E-002   3.4323842634584365E-005   1.2121212121212121E-002   1.0017364334066470        1.0101010101010102E-002   1.0017364334066470        1.0000000000000000       -2.7187302670927949E-004
  0.10101712664503364        3.7641845635074844E-005   1.2121212121212121E-002   1.0017391660203030        1.0101010101010102E-002   1.0017391660203030        1.0000000000000000       -2.9817828572653582E-004
  0.11111872794087312        4.0808197722141455E-005   1.2121212121212121E-002   1.0017421451151383        1.0101010101010102E-002   1.0017421451151383        1.0000000000000000       -3.2328876169707144E-004
  0.12122029860126148        4.3810148164323830E-005   1.2121212121212121E-002   1.0017453587554244        1.0101010101010102E-002   1.0017453587554244        1.0000000000000000       -3.4710340960053543E-004
  0.13132183636952391        4.6635605221522248E-005   1.2121212121212121E-002   1.0017487940620244        1.0101010101010102E-002   1.0017487940620244        1.0000000000000000       -3.6952647063781541E-004
  0.14142333912086397        4.9273193073739187E-005   1.2121212121212121E-002   1.0017524372641966        1.0101010101010102E-002   1.0017524372641966        1.0000000000000000       -3.9046771644990486E-004
  0.15152480487091277        5.1712292955754648E-005   1.2121212121212121E-002   1.0017562737535957        1.0101010101010102E-002   1.0017562737535957        1.0000000000000000       -4.0984268347177277E-004
  0.16162623178373525        5.3943085957415659E-005   1.2121212121212121E-002   1.0017602881418253        1.0101010101010102E-002   1.0017602881418253        1.0000000000000000       -4.2757313131502883E-004
  0.17172761817923843        5.5956592382094161E-005   1.2121212121212121E-002   1.0017644643208632        1.0101010101010102E-002   1.0017644643208632        1.0000000000000000       -4.4358723928716870E-004
  0.18182896253998626        5.7744711524398578E-005   1.2121212121212121E-002   1.0017687855284028        1.0101010101010102E-002   1.0017687855284028        1.0000000000000000       -4.5782040138764302E-004
  0.19193026351730735        5.9300248637531813E-005   1.2121212121212121E-002   1.0017732344140879        1.0101010101010102E-002   1.0017732344140879        1.0000000000000000       -4.7021463497198823E-004
  0.20203151993680199        6.0616946876025880E-005   1.2121212121212121E-002   1.0017777931078797        1.0101010101010102E-002   1.0017777931078797        1.0000000000000000       -4.8071961152107434E-004
  0.21213273080310024        6.1689513909547037E-005   1.2121212121212121E-002   1.0017824432919680        1.0101010101010102E-002   1.0017824432919680        1.0000000000000000       -4.8929232271621714E-004
  0.22223389530393972        6.2513639508968800E-005   1.2121212121212121E-002   1.0017871662728457        1.0101010101010102E-002   1.0017871662728457        1.0000000000000000       -4.9589753058665309E-004
  0.23233501281350749        6.3086015379880758E-005   1.2121212121212121E-002   1.0017919430578606        1.0101010101010102E-002   1.0017919430578606        1.0000000000000000       -5.0050817500402189E-004
  0.24243608289499297        6.3404345294206549E-005   1.2121212121212121E-002   1.0017967544305517        1.0101010101010102E-002   1.0017967544305517        1.0000000000000000       -5.0310475956294454E-004
  0.25253710530244483        6.3467360639845238E-005   1.2121212121212121E-002   1.0018015810267917        1.0101010101010102E-002   1.0018015810267917        1.0000000000000000       -5.0367608228718552E-004
  0.26263807998182070        6.3274817020284263E-005   1.2121212121212121E-002   1.0018064034129763        1.0101010101010102E-002   1.0018064034129763        1.0000000000000000       -5.0221897464641785E-004
  0.27273900707129772        6.2827500342289369E-005   1.2121212121212121E-002   1.0018112021655277        1.0101010101010102E-002   1.0018112021655277        1.0000000000000000       -4.9873883074180725E-004
  0.28283988690074563        6.2127221724357783E-005   1.2121212121212121E-002   1.0018159579485553        1.0101010101010102E-002   1.0018159579485553        1.0000000000000000       -4.9324866239519594E-004
  0.29294071999050425        6.1176813205142180E-005   1.2121212121212121E-002   1.0018206515905095        1.0101010101010102E-002   1.0018206515905095        1.0000000000000000       -4.8576986317172555E-004
  0.30304150704934946        5.9980110243659401E-005   1.2121212121212121E-002   1.0018252641633645        1.0101010101010102E-002   1.0018252641633645        1.0000000000000000       -4.7633192458729212E-004
  0.31314224897169535        5.8541939760092858E-005   1.2121212121212121E-002   1.0018297770586488        1.0101010101010102E-002   1.0018297770586488        1.0000000000000000       -4.6497213714324914E-004
  0.32324294683406590        5.6868102188049037E-005   1.2121212121212121E-002   1.0018341720635731        1.0101010101010102E-002   1.0018341720635731        1.0000000000000000       -4.5173584630298080E-004
  0.33334360189078893        5.4965344184338426E-005   1.2121212121212121E-002   1.0018384314347173        1.0101010101010102E-002   1.0018384314347173        1.0000000000000000       -4.3667568674266022E-004
  0.34344421556901195        5.2841333675835746E-005   1.2121212121212121E-002   1.0018425379688538        1.0101010101010102E-002   1.0018425379688538        1.0000000000000000       -4.1985178076586749E-004
  0.35354478946300588        5.0504628051668902E-005   1.2121212121212121E-002   1.0018464750747949        1.0101010101010102E-002   1.0018464750747949        1.0000000000000000       -4.0133172586553911E-004
  0.36364532532775318        4.7964639928787434E-005   1.2121212121212121E-002   1.0018502268412088        1.0101010101010102E-002   1.0018502268412088        1.0000000000000000       -3.8118979967016742E-004
  0.37374582507191412        4.5231599829012145E-005   1.2121212121212121E-002   1.0018537781006021        1.0101010101010102E-002   1.0018537781006021        1.0000000000000000       -3.5950690768427052E-004
  0.38384629075015519        4.2316514230367610E-005   1.2121212121212121E-002   1.0018571144910993        1.0101010101010102E-002   1.0018571144910993        1.0000000000000000       -3.3637019777188470E-004
  0.39394672455489710        3.9231119392686639E-005   1.2121212121212121E-002   1.0018602225163060        1.0101010101010102E-002   1.0018602225163060        1.0000000000000000       -3.1187306605140463E-004
  0.40404712880745824        3.5987837207548987E-005   1.2121212121212121E-002   1.0018630896009131        1.0101010101010102E-002   1.0018630896009131        1.0000000000000000       -2.8611422324420488E-004
  0.41414750594870303        3.2599725234534018E-005   1.2121212121212121E-002   1.0018657041406835        1.0101010101010102E-002   1.0018657041406835        1.0000000000000000       -2.5919750314518097E-004
  0.42424785852920904        2.9080422843510266E-005   1.2121212121212121E-002   1.0018680555515542        1.0101010101010102E-002   1.0018680555515542        1.0000000000000000       -2.3123179982764697E-004
  0.43434818919893586        2.5444092146477134E-005   1.2121212121212121E-002   1.0018701343124163        1.0101010101010102E-002   1.0018701343124163        1.0000000000000000       -2.0232990212676327E-004
  0.44444850069655606        2.1705370354478787E-005   1.2121212121212121E-002   1.0018719320049645        1.0101010101010102E-002   1.0018719320049645        1.0000000000000000       -1.7260898516724410E-004
  0.45454879583833313        1.7879303945161848E-005   1.2121212121212121E-002   1.0018734413480677        1.0101010101010102E-002   1.0018734413480677        1.0000000000000000       -1.4218897640727590E-004
  0.46464907750677437        1.3981291624470509E-005   1.2121212121212121E-002   1.0018746562266003        1.0101010101010102E-002   1.0018746562266003        1.0000000000000000       -1.1119308800022765E-004
  0.47474934863894919        1.0027018008854899E-005   1.2121212121212121E-002   1.0018755717189896        1.0101010101010102E-002   1.0018755717189896        1.0000000000000000       -7.9746954063431019E-005
  0.48484961221458472        6.0323950879891207E-006   1.2121212121212121E-002   1.0018761841163075        1.0101010101010102E-002   1.0018761841163075        1.0000000000000000       -4.7977792929643215E-005
  0.49494987124401590        2.0134992233737310E-006   1.2121212121212121E-002   1.0018764909368310        1.0101010101010102E-002   1.0018764909368310        1.0000000000000000       -1.6014239656136908E-005
  0.50505012875599486       -2.0134991888309206E-006   1.2121212121212121E-002   1.0018764909368145        1.0101010101010102E-002   1.0018764909368145        1.0000000000000000        1.6014247075979426E-005
  0.51515038778542599       -6.0323951255253604E-006   1.2121212121212121E-002   1.0018761841161019        1.0101010101010102E-002   1.0018761841161019        1.0000000000000000        4.7977820961442319E-005
  0.52525065136106641       -1.0027017766309324E-005   1.2121212121212121E-002   1.0018755717190004        1.0101010101010102E-002   1.0018755717190004        1.0000000000000000        7.9746880318865010E-005
  0.53535092249323590       -1.3981291714972399E-005   1.2121212121212121E-002   1.0018746562266987        1.0101010101010102E-002   1.0018746562266987        1.0000000000000000        1.1119314422458615E-004
  0.54545120416167980       -1.7879304362245144E-005   1.2121212121212121E-002   1.0018734413478767        1.0101010101010102E-002   1.0018734413478767        1.0000000000000000        1.4218897833639943E-004
  0.55555149930345882       -2.1705370027121157E-005   1.2121212121212121E-002   1.0018719320049074        1.0101010101010102E-002   1.0018719320049074        1.0000000000000000        1.7260896115534052E-004
  0.56565181080107785       -2.5444092499170760E-005   1.2121212121212121E-002   1.0018701343123460        1.0101010101010102E-002   1.0018701343123460        1.0000000000000000        2.0232992420243789E-004
  0.57575214147080744       -2.9080422559453651E-005   1.2121212121212121E-002   1.0018680555515753        1.0101010101010102E-002   1.0018680555515753        1.0000000000000000        2.3123175917039163E-004
  0.58585249405131024       -3.2599725381629584E-005   1.2121212121212121E-002   1.0018657041407761        1.0101010101010102E-002   1.0018657041407761        1.0000000000000000        2.5919752929759454E-004
  0.59595287119255613       -3.5987837108742817E-005   1.2121212121212121E-002   1.0018630896009280        1.0101010101010102E-002   1.0018630896009280        1.0000000000000000        2.8611421147850535E-004
  0.60605327544511611       -3.9231119070324778E-005   1.2121212121212121E-002   1.0018602225163498        1.0101010101010102E-002   1.0018602225163498        1.0000000000000000        3.1187307579827461E-004
  0.61615370924985802       -4.2316514220219132E-005   1.2121212121212121E-002   1.0018571144910311        1.0101010101010102E-002   1.0018571144910311        1.0000000000000000        3.3637020877108625E-004
  0.62625417492810087       -4.5231600173075525E-005   1.2121212121212121E-002   1.0018537781006465        1.0101010101010102E-002   1.0018537781006465        1.0000000000000000        3.5950687251595781E-004
  0.63635467467225904       -4.7964639834723253E-005   1.2121212121212121E-002   1.0018502268412968        1.0101010101010102E-002   1.0018502268412968        1.0000000000000000        3.8118982631729637E-004
  0.64645521053700683       -5.0504628118426279E-005   1.2121212121212121E-002   1.0018464750746356        1.0101010101010102E-002   1.0018464750746356        1.0000000000000000        4.0133175336887206E-004
  0.65655578443100382       -5.2841333609340732E-005   1.2121212121212121E-002   1.0018425379686862        1.0101010101010102E-002   1.0018425379686862        1.0000000000000000        4.1985175557890386E-004
  0.66665639810922772       -5.4965343878769047E-005   1.2121212121212121E-002   1.0018384314349049        1.0101010101010102E-002   1.0018384314349049        1.0000000000000000        4.3667563181948310E-004
  0.67675705316594581       -5.6868102385859521E-005   1.2121212121212121E-002   1.0018341720638981        1.0101010101010102E-002   1.0018341720638981        1.0000000000000000        4.5173587489166778E-004
  0.68685775102831381       -5.8541939851347993E-005   1.2121212121212121E-002   1.0018297770585349        1.0101010101010102E-002   1.0018297770585349        1.0000000000000000        4.6497220088692615E-004
  0.69695849295066548       -5.9980110555345848E-005   1.2121212121212121E-002   1.0018252641633207        1.0101010101010102E-002   1.0018252641633207        1.0000000000000000        4.7633184851925137E-004
  0.70705928000950602       -6.1176812823567376E-005   1.2121212121212121E-002   1.0018206515906849        1.0101010101010102E-002   1.0018206515906849        1.0000000000000000        4.8576989034554430E-004
  0.71716011309926508       -6.2127222038342096E-005   1.2121212121212121E-002   1.0018159579485402        1.0101010101010102E-002   1.0018159579485402        1.0000000000000000        4.9324867435629471E-004
  0.72726099292871293       -6.2827500152619841E-005   1.2121212121212121E-002   1.0018112021653518        1.0101010101010102E-002   1.0018112021653518        1.0000000000000000        4.9873885760920444E-004
  0.73736192001819378       -6.3274817000854981E-005   1.2121212121212121E-002   1.0018064034128362        1.0101010101010102E-002   1.0018064034128362        1.0000000000000000        5.0221893765378667E-004
  0.74746289469756899       -6.3467360482010271E-005   1.2121212121212121E-002   1.0018015810269070        1.0101010101010102E-002   1.0018015810269070        1.0000000000000000        5.0367606461687586E-004
  0.75756391710501880       -6.3404345776719951E-005   1.2121212121212121E-002   1.0017967544306856        1.0101010101010102E-002   1.0017967544306856        1.0000000000000000        5.0310477055681702E-004
  0.76766498718650356       -6.3086014886970372E-005   1.2121212121212121E-002   1.0017919430579063        1.0101010101010102E-002   1.0017919430579063        1.0000000000000000        5.0050818617464188E-004
  0.77776610469607099       -6.2513639944857742E-005   1.2121212121212121E-002   1.0017871662727313        1.0101010101010102E-002   1.0017871662727313        1.0000000000000000        4.9589755429124693E-004
  0.78786726919691341       -6.1689513805995429E-005   1.2121212121212121E-002   1.0017824432919025        1.0101010101010102E-002   1.0017824432919025        1.0000000000000000        4.8929228662331070E-004
  0.79796848006321031       -6.0616947216984451E-005   1.2121212121212121E-002   1.0017777931080099        1.0101010101010102E-002   1.0017777931080099        1.0000000000000000        4.8071960838402816E-004
  0.80806973648270308       -5.9300248170810872E-005   1.2121212121212121E-002   1.0017732344140835        1.0101010101010102E-002   1.0017732344140835        1.0000000000000000        4.7021466209518081E-004
  0.81817103746002662       -5.7744711172020235E-005   1.2121212121212121E-002   1.0017687855285002        1.0101010101010102E-002   1.0017687855285002        1.0000000000000000        4.5782035532848653E-004
  0.82827238182076979       -5.5956592804833227E-005   1.2121212121212121E-002   1.0017644643209020        1.0101010101010102E-002   1.0017644643209020        1.0000000000000000        4.4358729848159584E-004
  0.83837376821627652       -5.3943085832509545E-005   1.2121212121212121E-002   1.0017602881416297        1.0101010101010102E-002   1.0017602881416297        1.0000000000000000        4.2757312159036331E-004
  0.84847519512909997       -5.1712292868527107E-005   1.2121212121212121E-002   1.0017562737535277        1.0101010101010102E-002   1.0017562737535277        1.0000000000000000        4.0984266676691306E-004
  0.85857666087914919       -4.9273193395907369E-005   1.2121212121212121E-002   1.0017524372642950        1.0101010101010102E-002   1.0017524372642950        1.0000000000000000        3.9046769594364150E-004
  0.86867816363048644       -4.6635604960906676E-005   1.2121212121212121E-002   1.0017487940620406        1.0101010101010102E-002   1.0017487940620406        1.0000000000000000        3.6952650847332791E-004
  0.87877970139875139       -4.3810147792244028E-005   1.2121212121212121E-002   1.0017453587553600        1.0101010101010102E-002   1.0017453587553600        1.0000000000000000        3.4710339147370206E-004
  0.88888127205913869       -4.0808198452749879E-005   1.2121212121212121E-002   1.0017421451151123        1.0101010101010102E-002   1.0017421451151123        1.0000000000000000        3.2328877027687497E-004
  0.89898287335497995       -3.7641845159091957E-005   1.2121212121212121E-002   1.0017391660204278        1.0101010101010102E-002   1.0017391660204278        1.0000000000000000        2.9817824481170874E-004
  0.90908450290678511       -3.4323842868891215E-005   1.2121212121212121E-002   1.0017364334067620        1.0101010101010102E-002   1.0017364334067620        1.0000000000000000        2.7187306882048290E-004
  0.91918615822185956       -3.0867553377396248E-005   1.2121212121212121E-002   1.0017339582194091        1.0101010101010102E-002   1.0017339582194091        1.0000000000000000        2.4447857581222365E-004
  0.92928783670426152       -2.7286899349019111E-005   1.2121212121212121E-002   1.0017317503703846        1.0101010101010102E-002   1.0017317503703846        1.0000000000000000        2.1610501286328798E-004
  0.93938953566527483       -2.3596306796753708E-005   1.2121212121212121E-002   1.0017298186996129        1.0101010101010102E-002   1.0017298186996129        1.0000000000000000        1.8686580601379177E-004
  0.94949125233413545       -1.9810641912640408E-005   1.2121212121212121E-002   1.0017281709405261        1.0101010101010102E-002   1.0017281709405261        1.0000000000000000        1.5687842680467412E-004
  0.95959298386918024       -1.5945156832108766E-005   1.2121212121212121E-002   1.0017268136876927        1.0101010101010102E-002   1.0017268136876927        1.0000000000000000        1.2626304128193766E-004
  0.96969472736922624       -1.2015425637828359E-005   1.2121212121212121E-002   1.0017257523724574        1.0101010101010102E-002   1.0017257523724574        1.0000000000000000        9.5142228060396405E-005
  0.97979647988519347       -8.0372814272889176E-006   1.2121212121212121E-002   1.0017249912422612        1.0101010101010102E-002   1.0017249912422612        1.0000000000000000        6.3640452477642384E-005
  0.98989823843189273       -4.0267531785357123E-006   1.2121212121212121E-002   1.0017245333428091        1.0101010101010102E-002   1.0017245333428091        1.0000000000000000        3.1884032246409788E-005
   1.0000000000000064       -3.6307030405779029E-013   1.2121212121212121E-002   1.0017243805058478        1.0101010101010102E-002   1.0017243805058478        1.0000000000000000       -4.8254733542307804E-012
   1.0101017615681189        4.1035397795764679E-006   1.2121212121212121E-002   1.0017245333428388        1.0101010101010102E-002   1.0017245333428388        1.0000000000000000       -3.1884017506200735E-005
   1.0202035201148196        8.1905475418587239E-006   1.2121212121212121E-002   1.0017249912422626        1.0101010101010102E-002   1.0017249912422626        1.0000000000000000       -6.3640470614245714E-005
   1.0303052726307853        1.2244557806265709E-005   1.2121212121212121E-002   1.0017257523724168        1.0101010101010102E-002   1.0017257523724168        1.0000000000000000       -9.5142202376052865E-005
   1.0404070161308336        1.6249238189128126E-005   1.2121212121212121E-002   1.0017268136876589        1.0101010101010102E-002   1.0017268136876589        1.0000000000000000       -1.2626306759599970E-004
   1.0505087476658772        2.0188454621278473E-005   1.2121212121212121E-002   1.0017281709406769        1.0101010101010102E-002   1.0017281709406769        1.0000000000000000       -1.5687844256007111E-004
   1.0606104643347358        2.4046338359607412E-005   1.2121212121212121E-002   1.0017298186998114        1.0101010101010102E-002   1.0017298186998114        1.0000000000000000       -1.8686580165194755E-004
   1.0707121632957466        2.7807348956028912E-005   1.2121212121212121E-002   1.0017317503703773        1.0101010101010102E-002   1.0017317503703773        1.0000000000000000       -2.1610497131963058E-004
   1.0808138417781517        3.1456335916100876E-005   1.2121212121212121E-002   1.0017339582193627        1.0101010101010102E-002   1.0017339582193627        1.0000000000000000       -2.4447860414422706E-004
   1.0909154970932240        3.4978599818597429E-005   1.2121212121212121E-002   1.0017364334066470        1.0101010101010102E-002   1.0017364334066470        1.0000000000000000        7.6207847260663755     
   1.1010171266450337        3.8359954759113692E-005   1.2121212121212121E-002   1.0017391660203030        1.0101010101010102E-002   1.0017391660203030        1.0000000000000000        93.405782526755274     
  -1.0101761568107270E-002  -4.1035399129767727E-006   1.2121212121212121E-002   1.0017245333428091        1.0101010101010102E-002   1.0017245333428091        1.0000000000000000        3.1884037285934141E-005
  -2.0203520114806528E-002  -8.1905475796521396E-006   1.2121212121212121E-002   1.0017249912422612        1.0101010101010102E-002   1.0017249912422612        1.0000000000000000        6.3640455834068632E-005
  -3.0305272630773761E-002  -1.2244557961491236E-005   1.2121212121212121E-002   1.0017257523724574        1.0101010101010102E-002   1.0017257523724574        1.0000000000000000        9.5142228064837298E-005
  -4.0407016130819762E-002  -1.6249237917735189E-005   1.2121212121212121E-002   1.0017268136876927        1.0101010101010102E-002   1.0017268136876927        1.0000000000000000        1.2626304128193766E-004
  -5.0508747665864551E-002  -2.0188454582239388E-005   1.2121212121212121E-002   1.0017281709405261        1.0101010101010102E-002   1.0017281709405261        1.0000000000000000        1.5687842681177955E-004
  -6.0610464334725167E-002  -2.4046338693299907E-005   1.2121212121212121E-002   1.0017298186996129        1.0101010101010102E-002   1.0017298186996129        1.0000000000000000        1.8686580601112723E-004
  -7.0712163295738484E-002  -2.7807348766928613E-005   1.2121212121212121E-002   1.0017317503703846        1.0101010101010102E-002   1.0017317503703846        1.0000000000000000        2.1610501287305794E-004
  -8.0813841778140438E-002  -3.1456335605352080E-005   1.2121212121212121E-002   1.0017339582194091        1.0101010101010102E-002   1.0017339582194091        1.0000000000000000        2.4447857581577637E-004
  -9.0915497093214892E-002  -3.4978600129063695E-005   1.2121212121212121E-002   1.0017364334067620        1.0101010101010102E-002   1.0017364334067620        1.0000000000000000       -7.6207847260353390     
 -0.10101712664502005       -3.8359954223241740E-005   1.2121212121212121E-002   1.0017391660204278        1.0101010101010102E-002   1.0017391660204278        1.0000000000000000       -93.405782526779319     
