 # x v h rho m p cs a
   27.551515151519475     
   3.1854041901906026E-014   5.3836423534669373E-013   1.2121212121212121E-002   1.0018503372916387        1.0101010101010102E-002   1.0018503372916387        1.0000000000000000       -9.0297547217232932E-011
   1.0100516712167409E-002  -5.4756153697472007E-006   1.2121212121212121E-002   1.0018502363050672        1.0101010101010102E-002   1.0018502363050672        1.0000000000000000        2.1063321758774123E-005
   2.0201035420207257E-002  -1.0929106770923122E-005   1.2121212121212121E-002   1.0018499337573910        1.0101010101010102E-002   1.0018499337573910        1.0000000000000000        4.2040515560337610E-005
   3.0301558111894084E-002  -1.6338440018497853E-005   1.2121212121212121E-002   1.0018494308893298        1.0101010101010102E-002   1.0018494308893298        1.0000000000000000        6.2845205311745644E-005
   4.0402086758627907E-002  -2.1681765567222509E-005   1.2121212121212121E-002   1.0018487297649832        1.0101010101010102E-002   1.0018487297649832        1.0000000000000000        8.3391936037457981E-005
   5.0502623307363388E-002  -2.6937498352833765E-005   1.2121212121212121E-002   1.0018478332602303        1.0101010101010102E-002   1.0018478332602303        1.0000000000000000        1.0359690809824684E-004
   6.0603169672673617E-002  -3.2084409587273582E-005   1.2121212121212121E-002   1.0018467450483839        1.0101010101010102E-002   1.0018467450483839        1.0000000000000000        1.2337765521586164E-004
   7.0703727728939361E-002  -3.7101719215110281E-005   1.2121212121212121E-002   1.0018454695878232        1.0101010101010102E-002   1.0018454695878232        1.0000000000000000        1.4265291795112489E-004
   8.0804299302644475E-002  -4.1969174297347657E-005   1.2121212121212121E-002   1.0018440121047267        1.0101010101010102E-002   1.0018440121047267        1.0000000000000000        1.6134379378041075E-004
   9.0904886164899626E-002  -4.6667129384664677E-005   1.2121212121212121E-002   1.0018423785672796        1.0101010101010102E-002   1.0018423785672796        1.0000000000000000        1.7937445509819128E-004
  0.10100549002425703       -5.1176632230892611E-005   1.2121212121212121E-002   1.0018405756574347        1.0101010101010102E-002   1.0018405756574347        1.0000000000000000        1.9667190810412905E-004
  0.11110611251980190       -5.5479497354652893E-005   1.2121212121212121E-002   1.0018386107460135        1.0101010101010102E-002   1.0018386107460135        1.0000000000000000        2.1316546677763171E-004
  0.12120675521444545       -5.9558383168770985E-005   1.2121212121212121E-002   1.0018364918637879        1.0101010101010102E-002   1.0018364918637879        1.0000000000000000        2.2878813708260282E-004
  0.13130741958857758       -6.3396855924361539E-005   1.2121212121212121E-002   1.0018342276633412        1.0101010101010102E-002   1.0018342276633412        1.0000000000000000        2.4347721361994701E-004
  0.14140810703412832       -6.6979458965601768E-005   1.2121212121212121E-002   1.0018318273803348        1.0101010101010102E-002   1.0018318273803348        1.0000000000000000        2.5717383224410639E-004
  0.15150881884898942       -7.0291778799597845E-005   1.2121212121212121E-002   1.0018293007971280        1.0101010101010102E-002   1.0018293007971280        1.0000000000000000        2.6982280029574923E-004
  0.16160955623178727       -7.3320496746110414E-005   1.2121212121212121E-002   1.0018266582045854        1.0101010101010102E-002   1.0018266582045854        1.0000000000000000        2.8137319812593375E-004
  0.17171032027704544       -7.6053448223644966E-005   1.2121212121212121E-002   1.0018239103551054        1.0101010101010102E-002   1.0018239103551054        1.0000000000000000        2.9177966646098952E-004
  0.18181111197089919       -7.8479664780379066E-005   1.2121212121212121E-002   1.0018210684148861        1.0101010101010102E-002   1.0018210684148861        1.0000000000000000        3.0100125398124788E-004
  0.19191193218721170       -8.0589420868055789E-005   1.2121212121212121E-002   1.0018181439215996        1.0101010101010102E-002   1.0018181439215996        1.0000000000000000        3.0900140638312479E-004
  0.20201278168410569       -8.2374276942589556E-005   1.2121212121212121E-002   1.0018151487375246        1.0101010101010102E-002   1.0018151487375246        1.0000000000000000        3.1574888471652685E-004
  0.21211366110100544       -8.3827104972133927E-005   1.2121212121212121E-002   1.0018120949977174        1.0101010101010102E-002   1.0018120949977174        1.0000000000000000        3.2121801065621014E-004
  0.22221457095619884       -8.4942116554811878E-005   1.2121212121212121E-002   1.0018089950576448        1.0101010101010102E-002   1.0018089950576448        1.0000000000000000        3.2538848152352529E-004
  0.23231551164492331       -8.5714894328789112E-005   1.2121212121212121E-002   1.0018058614456067        1.0101010101010102E-002   1.0018058614456067        1.0000000000000000        3.2824449446344772E-004
  0.24241648343785757       -8.6142395705019549E-005   1.2121212121212121E-002   1.0018027068142221        1.0101010101010102E-002   1.0018027068142221        1.0000000000000000        3.2977584420290640E-004
  0.25251748648015554       -8.6222977606810163E-005   1.2121212121212121E-002   1.0017995438853213        1.0101010101010102E-002   1.0017995438853213        1.0000000000000000        3.2997824741709536E-004
  0.26261852079104159       -8.5956387120005501E-005   1.2121212121212121E-002   1.0017963853964109        1.0101010101010102E-002   1.0017963853964109        1.0000000000000000        3.2885271766680546E-004
  0.27271958626390741       -8.5343773436176364E-005   1.2121212121212121E-002   1.0017932440520816        1.0101010101010102E-002   1.0017932440520816        1.0000000000000000        3.2640504323477870E-004
  0.28282068266686045       -8.4387678036255333E-005   1.2121212121212121E-002   1.0017901324759992        1.0101010101010102E-002   1.0017901324759992        1.0000000000000000        3.2264624110922568E-004
  0.29292180964375703       -8.3092021866517247E-005   1.2121212121212121E-002   1.0017870631568140        1.0101010101010102E-002   1.0017870631568140        1.0000000000000000        3.1759341577686229E-004
  0.30302296671583523       -8.1462087460344170E-005   1.2121212121212121E-002   1.0017840483965266        1.0101010101010102E-002   1.0017840483965266        1.0000000000000000        3.1126837690198528E-004
  0.31312415328377646       -7.9504501134473508E-005   1.2121212121212121E-002   1.0017811002657335        1.0101010101010102E-002   1.0017811002657335        1.0000000000000000        3.0369754396630810E-004
  0.32322536863020646       -7.7227200151582304E-005   1.2121212121212121E-002   1.0017782305567291        1.0101010101010102E-002   1.0017782305567291        1.0000000000000000        2.9491248281399152E-004
  0.33332661192268487       -7.4639406865886781E-005   1.2121212121212121E-002   1.0017754507346563        1.0101010101010102E-002   1.0017754507346563        1.0000000000000000        2.8494982828863868E-004
  0.34342788221718273       -7.1751580678910241E-005   1.2121212121212121E-002   1.0017727718926170        1.0101010101010102E-002   1.0017727718926170        1.0000000000000000        2.7385056910400607E-004
  0.35352917846195570       -6.8575382581524268E-005   1.2121212121212121E-002   1.0017702047092070        1.0101010101010102E-002   1.0017702047092070        1.0000000000000000        2.6166013223516416E-004
  0.36363049950186560       -6.5123629162234010E-005   1.2121212121212121E-002   1.0017677594100902        1.0101010101010102E-002   1.0017677594100902        1.0000000000000000        2.4842752280385128E-004
  0.37373184408300042       -6.1410233627360577E-005   1.2121212121212121E-002   1.0017654457265268        1.0101010101010102E-002   1.0017654457265268        1.0000000000000000        2.3420686960839987E-004
  0.38383321085782174       -5.7450155395292453E-005   1.2121212121212121E-002   1.0017632728543624        1.0101010101010102E-002   1.0017632728543624        1.0000000000000000        2.1905572929981076E-004
  0.39393459839061473       -5.3259334822690399E-005   1.2121212121212121E-002   1.0017612494234129        1.0101010101010102E-002   1.0017612494234129        1.0000000000000000        2.0303463113879872E-004
  0.40403600516321958       -4.8854635929642309E-005   1.2121212121212121E-002   1.0017593834658030        1.0101010101010102E-002   1.0017593834658030        1.0000000000000000        1.8620767379839975E-004
  0.41413742958110838       -4.4253770778182502E-005   1.2121212121212121E-002   1.0017576823828169        1.0101010101010102E-002   1.0017576823828169        1.0000000000000000        1.6864236797786702E-004
  0.42423886997977989       -3.9475236131076630E-005   1.2121212121212121E-002   1.0017561529149230        1.0101010101010102E-002   1.0017561529149230        1.0000000000000000        1.5040909424435256E-004
  0.43434032463143635       -3.4538231963025597E-005   1.2121212121212121E-002   1.0017548011188551        1.0101010101010102E-002   1.0017548011188551        1.0000000000000000        1.3158011195812946E-004
  0.44444179175182397       -2.9462591449256545E-005   1.2121212121212121E-002   1.0017536323472227        1.0101010101010102E-002   1.0017536323472227        1.0000000000000000        1.1223001638427377E-004
  0.45454326950730545       -2.4268696379873222E-005   1.2121212121212121E-002   1.0017526512260018        1.0101010101010102E-002   1.0017526512260018        1.0000000000000000        9.2435842232063692E-005
  0.46464475602215077       -1.8977402461720507E-005   1.2121212121212121E-002   1.0017518616333483        1.0101010101010102E-002   1.0017518616333483        1.0000000000000000        7.2276600955767378E-005
  0.47474624938604904       -1.3609948192726238E-005   1.2121212121212121E-002   1.0017512666903303        1.0101010101010102E-002   1.0017512666903303        1.0000000000000000        5.1831219537668005E-005
  0.48484774766156113       -8.1878758135932316E-006   1.2121212121212121E-002   1.0017508687516059        1.0101010101010102E-002   1.0017508687516059        1.0000000000000000        3.1180667204644408E-005
  0.49494924889180364       -2.7329473963867676E-006   1.2121212121212121E-002   1.0017506693895253        1.0101010101010102E-002   1.0017506693895253        1.0000000000000000        1.0407192283068412E-005
  0.50505075110824982        2.7329473228861532E-006   1.2121212121212121E-002   1.0017506693896414        1.0101010101010102E-002   1.0017506693896414        1.0000000000000000       -1.0407211075147416E-005
  0.51515225233848905        8.1878761373324343E-006   1.2121212121212121E-002   1.0017508687514920        1.0101010101010102E-002   1.0017508687514920        1.0000000000000000       -3.1180607151348738E-005
  0.52525375061400759        1.3609947672347981E-005   1.2121212121212121E-002   1.0017512666904562        1.0101010101010102E-002   1.0017512666904562        1.0000000000000000       -5.1831330433849132E-005
  0.53535524397789691        1.8977403144415181E-005   1.2121212121212121E-002   1.0017518616336889        1.0101010101010102E-002   1.0017518616336889        1.0000000000000000       -7.2276532683268613E-005
  0.54545673049274312        2.4268696644534321E-005   1.2121212121212121E-002   1.0017526512258628        1.0101010101010102E-002   1.0017526512258628        1.0000000000000000       -9.2435813787261623E-005
  0.55555820824822755        2.9462590736079164E-005   1.2121212121212121E-002   1.0017536323471421        1.0101010101010102E-002   1.0017536323471421        1.0000000000000000       -1.1223005004445952E-004
  0.56565967536861361        3.4538232224464939E-005   1.2121212121212121E-002   1.0017548011187614        1.0101010101010102E-002   1.0017548011187614        1.0000000000000000       -1.3158007626135060E-004
  0.57576113002027329        3.9475235991395558E-005   1.2121212121212121E-002   1.0017561529147490        1.0101010101010102E-002   1.0017561529147490        1.0000000000000000       -1.5040911809371948E-004
  0.58586257041894596        4.4253770984949743E-005   1.2121212121212121E-002   1.0017576823830443        1.0101010101010102E-002   1.0017576823830443        1.0000000000000000       -1.6864242476888336E-004
  0.59596399483682816        4.8854635239371803E-005   1.2121212121212121E-002   1.0017593834659428        1.0101010101010102E-002   1.0017593834659428        1.0000000000000000       -1.8620760250342983E-004
  0.60606540160943689        5.3259334913100765E-005   1.2121212121212121E-002   1.0017612494234607        1.0101010101010102E-002   1.0017612494234607        1.0000000000000000       -2.0303468242577338E-004
  0.61616678914222545        5.7450156017835309E-005   1.2121212121212121E-002   1.0017632728545072        1.0101010101010102E-002   1.0017632728545072        1.0000000000000000       -2.1905569465996422E-004
  0.62626815591704765        6.1410233551673277E-005   1.2121212121212121E-002   1.0017654457264207        1.0101010101010102E-002   1.0017654457264207        1.0000000000000000       -2.3420685437791633E-004
  0.63636950049818419        6.5123629092781116E-005   1.2121212121212121E-002   1.0017677594100001        1.0101010101010102E-002   1.0017677594100001        1.0000000000000000       -2.4842753917120319E-004
  0.64647082153809432        6.8575382900657930E-005   1.2121212121212121E-002   1.0017702047092372        1.0101010101010102E-002   1.0017702047092372        1.0000000000000000       -2.6166014292705597E-004
  0.65657211778286617        7.1751580316420702E-005   1.2121212121212121E-002   1.0017727718926071        1.0101010101010102E-002   1.0017727718926071        1.0000000000000000       -2.7385054984296886E-004
  0.66667338807736531        7.4639406457939220E-005   1.2121212121212121E-002   1.0017754507345895        1.0101010101010102E-002   1.0017754507345895        1.0000000000000000       -2.8494983686577768E-004
  0.67677463136984406        7.7227200510184707E-005   1.2121212121212121E-002   1.0017782305567471        1.0101010101010102E-002   1.0017782305567471        1.0000000000000000       -2.9491248871504894E-004
  0.68687584671627289        7.9504500742011566E-005   1.2121212121212121E-002   1.0017811002656027        1.0101010101010102E-002   1.0017811002656027        1.0000000000000000       -3.0369751083991758E-004
  0.69697703328421834        8.1462087720658862E-005   1.2121212121212121E-002   1.0017840483964737        1.0101010101010102E-002   1.0017840483964737        1.0000000000000000       -3.1126842251083531E-004
  0.70707819035629305        8.3092021773022116E-005   1.2121212121212121E-002   1.0017870631566890        1.0101010101010102E-002   1.0017870631566890        1.0000000000000000       -3.1759335560987978E-004
  0.71717931733319573        8.4387678448615379E-005   1.2121212121212121E-002   1.0017901324758911        1.0101010101010102E-002   1.0017901324758911        1.0000000000000000       -3.2264630654932347E-004
  0.72728041373614527        8.5343773245319173E-005   1.2121212121212121E-002   1.0017932440522337        1.0101010101010102E-002   1.0017932440522337        1.0000000000000000       -3.2640503143710475E-004
  0.73738147920901098        8.5956386753006955E-005   1.2121212121212121E-002   1.0017963853965028        1.0101010101010102E-002   1.0017963853965028        1.0000000000000000       -3.2885272118576836E-004
  0.74748251351989536        8.6222977022620010E-005   1.2121212121212121E-002   1.0017995438853278        1.0101010101010102E-002   1.0017995438853278        1.0000000000000000       -3.2997821958513640E-004
  0.75758351656219458        8.6142396925567179E-005   1.2121212121212121E-002   1.0018027068140174        1.0101010101010102E-002   1.0018027068140174        1.0000000000000000       -3.2977583102589136E-004
  0.76768448835513237        8.5714893853977353E-005   1.2121212121212121E-002   1.0018058614455705        1.0101010101010102E-002   1.0018058614455705        1.0000000000000000       -3.2824454092494904E-004
  0.77778542904385362        8.4942116564697769E-005   1.2121212121212121E-002   1.0018089950575675        1.0101010101010102E-002   1.0018089950575675        1.0000000000000000       -3.2538842491902642E-004
  0.78788633889905157        8.3827105306499735E-005   1.2121212121212121E-002   1.0018120949975289        1.0101010101010102E-002   1.0018120949975289        1.0000000000000000       -3.2121804999718506E-004
  0.79798721831595165        8.2374277175849527E-005   1.2121212121212121E-002   1.0018151487378073        1.0101010101010102E-002   1.0018151487378073        1.0000000000000000       -3.1574893902774903E-004
  0.80808806781283837        8.0589420388294444E-005   1.2121212121212121E-002   1.0018181439216514        1.0101010101010102E-002   1.0018181439216514        1.0000000000000000       -3.0900130779176749E-004
  0.81818888802915735        7.8479664586064869E-005   1.2121212121212121E-002   1.0018210684147990        1.0101010101010102E-002   1.0018210684147990        1.0000000000000000       -3.0100131915133943E-004
  0.82828967972300704        7.6053448716345857E-005   1.2121212121212121E-002   1.0018239103552737        1.0101010101010102E-002   1.0018239103552737        1.0000000000000000       -2.9177965692195329E-004
  0.83839044376826566        7.3320496671877856E-005   1.2121212121212121E-002   1.0018266582048592        1.0101010101010102E-002   1.0018266582048592        1.0000000000000000       -2.8137323343191412E-004
  0.84849118115105715        7.0291778032960413E-005   1.2121212121212121E-002   1.0018293007971961        1.0101010101010102E-002   1.0018293007971961        1.0000000000000000       -2.6982271562658866E-004
  0.85859189296592309        6.6979459312968434E-005   1.2121212121212121E-002   1.0018318273801285        1.0101010101010102E-002   1.0018318273801285        1.0000000000000000       -2.5717386273793608E-004
  0.86869258041147424        6.3396856639189042E-005   1.2121212121212121E-002   1.0018342276634724        1.0101010101010102E-002   1.0018342276634724        1.0000000000000000       -2.4347725111972807E-004
  0.87879324478560250        5.9558382817347037E-005   1.2121212121212121E-002   1.0018364918638172        1.0101010101010102E-002   1.0018364918638172        1.0000000000000000       -2.2878808164783493E-004
  0.88889388748024922        5.5479497221170374E-005   1.2121212121212121E-002   1.0018386107458686        1.0101010101010102E-002   1.0018386107458686        1.0000000000000000       -2.1316548374095134E-004
  0.89899450997579444        5.1176632459884241E-005   1.2121212121212121E-002   1.0018405756574718        1.0101010101010102E-002   1.0018405756574718        1.0000000000000000       -1.9667192934758049E-004
  0.90909511383515051        4.6667129942157646E-005   1.2121212121212121E-002   1.0018423785673694        1.0101010101010102E-002   1.0018423785673694        1.0000000000000000       -1.7937444737459174E-004
  0.91919570069740486        4.1969173647964163E-005   1.2121212121212121E-002   1.0018440121046537        1.0101010101010102E-002   1.0018440121046537        1.0000000000000000       -1.6134376567578101E-004
  0.92929627227111233        3.7101718707118609E-005   1.2121212121212121E-002   1.0018454695876426        1.0101010101010102E-002   1.0018454695876426        1.0000000000000000       -1.4265292205983826E-004
  0.93939683032737953        3.2084410373867835E-005   1.2121212121212121E-002   1.0018467450482365        1.0101010101010102E-002   1.0018467450482365        1.0000000000000000       -1.2337765829872893E-004
  0.94949737669269119        2.6937498444796749E-005   1.2121212121212121E-002   1.0018478332601084        1.0101010101010102E-002   1.0018478332601084        1.0000000000000000       -1.0359691102834745E-004
  0.95959791324142762        2.1681765390589356E-005   1.2121212121212121E-002   1.0018487297648770        1.0101010101010102E-002   1.0018487297648770        1.0000000000000000       -8.3391935573828846E-005
  0.96969844188816268        1.6338439611035049E-005   1.2121212121212121E-002   1.0018494308893000        1.0101010101010102E-002   1.0018494308893000        1.0000000000000000       -6.2845223669505401E-005
  0.97979896457984905        1.0929106732913274E-005   1.2121212121212121E-002   1.0018499337575344        1.0101010101010102E-002   1.0018499337575344        1.0000000000000000       -4.2040533443810091E-005
  0.98989948328788613        5.4756155152811525E-006   1.2121212121212121E-002   1.0018502363051662        1.0101010101010102E-002   1.0018502363051662        1.0000000000000000       -2.1063295942091997E-005
   1.0000000000000224       -2.9065415690490864E-013   1.2121212121212121E-002   1.0018503372916345        1.0101010101010102E-002   1.0018503372916345        1.0000000000000000        8.8434148892702069E-011
   1.0101005167121675       -5.5259886220069987E-006   1.2121212121212121E-002   1.0018502363050672        1.0101010101010102E-002   1.0018502363050672        1.0000000000000000        2.1063267769072525E-005
   1.0202010354202073       -1.1029647302483357E-005   1.2121212121212121E-002   1.0018499337573910        1.0101010101010102E-002   1.0018499337573910        1.0000000000000000        4.2040479188543145E-005
   1.0303015581118942       -1.6488735352058263E-005   1.2121212121212121E-002   1.0018494308893298        1.0101010101010102E-002   1.0018494308893298        1.0000000000000000        6.2845204235273400E-005
   1.0404020867586279       -2.1881198639120705E-005   1.2121212121212121E-002   1.0018487297649832        1.0101010101010102E-002   1.0018487297649832        1.0000000000000000        8.3391937057974985E-005
   1.0505026233073633       -2.7185251760053897E-005   1.2121212121212121E-002   1.0018478332602303        1.0101010101010102E-002   1.0018478332602303        1.0000000000000000        1.0359690931593946E-004
   1.0606031696726737       -3.2379468845953349E-005   1.2121212121212121E-002   1.0018467450483839        1.0101010101010102E-002   1.0018467450483839        1.0000000000000000        1.2337765399728085E-004
   1.0707037277289393       -3.7442875355454841E-005   1.2121212121212121E-002   1.0018454695878232        1.0101010101010102E-002   1.0018454695878232        1.0000000000000000        1.4265291938642122E-004
   1.0808042993026445       -4.2355029596555394E-005   1.2121212121212121E-002   1.0018440121047267        1.0101010101010102E-002   1.0018440121047267        1.0000000000000000        1.6134379160259726E-004
   1.0909048861648996       -4.7096104897318355E-005   1.2121212121212121E-002   1.0018423785672796        1.0101010101010102E-002   1.0018423785672796        1.0000000000000000        7.6280312720134162     
   1.1010054900242570       -5.1646974385154728E-005   1.2121212121212121E-002   1.0018405756574347        1.0101010101010102E-002   1.0018405756574347        1.0000000000000000        93.409811343980451     
  -1.0100516712113872E-002   5.5259887032842019E-006   1.2121212121212121E-002   1.0018502363051662        1.0101010101010102E-002   1.0018502363051662        1.0000000000000000       -2.1063242710006591E-005
  -2.0201035420150948E-002   1.1029647304024901E-005   1.2121212121212121E-002   1.0018499337575344        1.0101010101010102E-002   1.0018499337575344        1.0000000000000000       -4.2040497847395386E-005
  -3.0301558111837323E-002   1.6488735002214015E-005   1.2121212121212121E-002   1.0018494308893000        1.0101010101010102E-002   1.0018494308893000        1.0000000000000000       -6.2845223670393580E-005
  -4.0402086758572375E-002   2.1881198470358427E-005   1.2121212121212121E-002   1.0018487297648770        1.0101010101010102E-002   1.0018487297648770        1.0000000000000000       -8.3391935574717024E-005
  -5.0502623307308814E-002   2.7185251859985726E-005   1.2121212121212121E-002   1.0018478332601084        1.0101010101010102E-002   1.0018478332601084        1.0000000000000000       -1.0359691103722923E-004
  -6.0603169672620472E-002   3.2379469592949923E-005   1.2121212121212121E-002   1.0018467450482365        1.0101010101010102E-002   1.0018467450482365        1.0000000000000000       -1.2337765830494618E-004
  -7.0703727728887666E-002   3.7442874885587016E-005   1.2121212121212121E-002   1.0018454695876426        1.0101010101010102E-002   1.0018454695876426        1.0000000000000000       -1.4265292206072644E-004
  -8.0804299302595139E-002   4.2355028916542124E-005   1.2121212121212121E-002   1.0018440121046537        1.0101010101010102E-002   1.0018440121046537        1.0000000000000000       -1.6134376568022191E-004
  -9.0904886164849485E-002   4.7096105400168442E-005   1.2121212121212121E-002   1.0018423785673694        1.0101010101010102E-002   1.0018423785673694        1.0000000000000000       -7.6280312720088546     
 -0.10100549002420556        5.1646974655531169E-005   1.2121212121212121E-002   1.0018405756574718        1.0101010101010102E-002   1.0018405756574718        1.0000000000000000       -93.409811343990285     
