 # x v h rho m p cs a
   29.350303030308353     
   2.4820130768530745E-014  -3.7076442925932847E-013   1.2121212121212121E-002   1.0017703546175856        1.0101010101010102E-002   1.0017703546175856        1.0000000000000000        6.1385563299154455E-011
   1.0101307161064371E-002  -6.0506199324720972E-006   1.2121212121212121E-002   1.0017704154993117        1.0101010101010102E-002   1.0017704154993117        1.0000000000000000       -1.2700108189100945E-005
   2.0202613118633923E-002  -1.2076756107816060E-005   1.2121212121212121E-002   1.0017705978926463        1.0101010101010102E-002   1.0017705978926463        1.0000000000000000       -2.5347506729112013E-005
   3.0303916674262178E-002  -1.8054028764309582E-005   1.2121212121212121E-002   1.0017709010431368        1.0101010101010102E-002   1.0017709010431368        1.0000000000000000       -3.7890236160187385E-005
   4.0405216639398216E-002  -2.3958257409460958E-005   1.2121212121212121E-002   1.0017713237022199        1.0101010101010102E-002   1.0017713237022199        1.0000000000000000       -5.0277150715594132E-005
   5.0506511840251629E-002  -2.9765558606296240E-005   1.2121212121212121E-002   1.0017718641301427        1.0101010101010102E-002   1.0017718641301427        1.0000000000000000       -6.2456927304666010E-005
   6.0607801122659927E-002  -3.5452448919241961E-005   1.2121212121212121E-002   1.0017725200989795        1.0101010101010102E-002   1.0017725200989795        1.0000000000000000       -7.4379012256819976E-005
   7.0709083356887220E-002  -4.0995938231027642E-005   1.2121212121212121E-002   1.0017732889058031        1.0101010101010102E-002   1.0017732889058031        1.0000000000000000       -8.5994834611469173E-005
   8.0810357442214528E-002  -4.6373626085494326E-005   1.2121212121212121E-002   1.0017741673871485        1.0101010101010102E-002   1.0017741673871485        1.0000000000000000       -9.7256916744115074E-005
   9.0911622311446283E-002  -5.1563789823025349E-005   1.2121212121212121E-002   1.0017751519308744        1.0101010101010102E-002   1.0017751519308744        1.0000000000000000       -1.0811916298436586E-004
  0.10101287693527559       -5.6545470208394378E-005   1.2121212121212121E-002   1.0017762384905073        1.0101010101010102E-002   1.0017762384905073        1.0000000000000000       -1.1853700596997641E-004
  0.11111412032650568       -6.1298570758553858E-005   1.2121212121212121E-002   1.0017774226021710        1.0101010101010102E-002   1.0017774226021710        1.0000000000000000       -1.2846794626941715E-004
  0.12121535154408895       -6.5803924514126516E-005   1.2121212121212121E-002   1.0017786994080118        1.0101010101010102E-002   1.0017786994080118        1.0000000000000000       -1.3787231323281190E-004
  0.13131656969686664       -7.0043374732729974E-005   1.2121212121212121E-002   1.0017800636761416        1.0101010101010102E-002   1.0017800636761416        1.0000000000000000       -1.4671176033331790E-004
  0.14141777394721750       -7.3999852522922124E-005   1.2121212121212121E-002   1.0017815098192890        1.0101010101010102E-002   1.0017815098192890        1.0000000000000000       -1.5495049565483754E-004
  0.15151896351444577       -7.7657446551479705E-005   1.2121212121212121E-002   1.0017830319213921        1.0101010101010102E-002   1.0017830319213921        1.0000000000000000       -1.6255569616152599E-004
  0.16162013767788919       -8.1001461417099874E-005   1.2121212121212121E-002   1.0017846237644730        1.0101010101010102E-002   1.0017846237644730        1.0000000000000000       -1.6949724817028056E-004
  0.17172129577977516       -8.4018474796950570E-005   1.2121212121212121E-002   1.0017862788548140        1.0101010101010102E-002   1.0017862788548140        1.0000000000000000       -1.7574779104734262E-004
  0.18182243722781175       -8.6696398963113277E-005   1.2121212121212121E-002   1.0017879904486691        1.0101010101010102E-002   1.0017879904486691        1.0000000000000000       -1.8128248560245197E-004
  0.19192356149753489       -8.9024525661494781E-005   1.2121212121212121E-002   1.0017897515781211        1.0101010101010102E-002   1.0017897515781211        1.0000000000000000       -1.8607943046511366E-004
  0.20202466813440678       -9.0993561757306038E-005   1.2121212121212121E-002   1.0017915550862080        1.0101010101010102E-002   1.0017915550862080        1.0000000000000000       -1.9012112212202226E-004
  0.21212575675544110       -9.2595671295116178E-005   1.2121212121212121E-002   1.0017933936566048        1.0101010101010102E-002   1.0017933936566048        1.0000000000000000       -1.9339186048661361E-004
  0.22222682705071592       -9.3824506663294153E-005   1.2121212121212121E-002   1.0017952598384083        1.0101010101010102E-002   1.0017952598384083        1.0000000000000000       -1.9587928729247750E-004
  0.23232787878453348       -9.4675227080489297E-005   1.2121212121212121E-002   1.0017971460791943        1.0101010101010102E-002   1.0017971460791943        1.0000000000000000       -1.9757455850832883E-004
  0.24242891179626430       -9.5144523780336089E-005   1.2121212121212121E-002   1.0017990447586009        1.0101010101010102E-002   1.0017990447586009        1.0000000000000000       -1.9847241489490131E-004
  0.25252992600083884       -9.5230618459149867E-005   1.2121212121212121E-002   1.0018009482191010        1.0101010101010102E-002   1.0018009482191010        1.0000000000000000       -1.9857039881987504E-004
  0.26263092138898236       -9.4933286731670261E-005   1.2121212121212121E-002   1.0018028487936841        1.0101010101010102E-002   1.0018028487936841        1.0000000000000000       -1.9786898748108683E-004
  0.27273189802717135       -9.4253842771038551E-005   1.2121212121212121E-002   1.0018047388370541        1.0101010101010102E-002   1.0018047388370541        1.0000000000000000       -1.9637223464652465E-004
  0.28283285605725100       -9.3195137628647158E-005   1.2121212121212121E-002   1.0018066107598453        1.0101010101010102E-002   1.0018066107598453        1.0000000000000000       -1.9408781127516761E-004
  0.29293379569570349       -9.1761543821568606E-005   1.2121212121212121E-002   1.0018084570587547        1.0101010101010102E-002   1.0018084570587547        1.0000000000000000       -1.9102602541920533E-004
  0.30303471723266778       -8.9958939940311736E-005   1.2121212121212121E-002   1.0018102703416947        1.0101010101010102E-002   1.0018102703416947        1.0000000000000000       -1.8719978309089669E-004
  0.31313562103073106       -8.7794680820461348E-005   1.2121212121212121E-002   1.0018120433586895        1.0101010101010102E-002   1.0018120433586895        1.0000000000000000       -1.8262580851846621E-004
  0.32323650752332633       -8.5277569515641912E-005   1.2121212121212121E-002   1.0018137690324671        1.0101010101010102E-002   1.0018137690324671        1.0000000000000000       -1.7732343951060159E-004
  0.33333737721291384       -8.2417817125327871E-005   1.2121212121212121E-002   1.0018154404851896        1.0101010101010102E-002   1.0018154404851896        1.0000000000000000       -1.7131498525913003E-004
  0.34343823066885587       -7.9227003651004201E-005   1.2121212121212121E-002   1.0018170510639071        1.0101010101010102E-002   1.0018170510639071        1.0000000000000000       -1.6462502192204909E-004
  0.35353906852509415       -7.5718031920940198E-005   1.2121212121212121E-002   1.0018185943647944        1.0101010101010102E-002   1.0018185943647944        1.0000000000000000       -1.5728096516820500E-004
  0.36363989147755599       -7.1905066329079988E-005   1.2121212121212121E-002   1.0018200642608679        1.0101010101010102E-002   1.0018200642608679        1.0000000000000000       -1.4931313587229766E-004
  0.37374070028126588       -6.7803485010476403E-005   1.2121212121212121E-002   1.0018214549237952        1.0101010101010102E-002   1.0018214549237952        1.0000000000000000       -1.4075353693954185E-004
  0.38384149574733234       -6.3429813736611126E-005   1.2121212121212121E-002   1.0018227608453631        1.0101010101010102E-002   1.0018227608453631        1.0000000000000000       -1.3163694934004155E-004
  0.39394227873963628       -5.8801656418229148E-005   1.2121212121212121E-002   1.0018239768591564        1.0101010101010102E-002   1.0018239768591564        1.0000000000000000       -1.2199984676453113E-004
  0.40404305017138065       -5.3937628253154099E-005   1.2121212121212121E-002   1.0018250981580827        1.0101010101010102E-002   1.0018250981580827        1.0000000000000000       -1.1188074889290078E-004
  0.41414381100144909       -4.8857279664263573E-005   1.2121212121212121E-002   1.0018261203154515        1.0101010101010102E-002   1.0018261203154515        1.0000000000000000       -1.0132044867816603E-004
  0.42424456223051749       -4.3581019272575609E-005   1.2121212121212121E-002   1.0018270392987956        1.0101010101010102E-002   1.0018270392987956        1.0000000000000000       -9.0360390756494269E-005
  0.43434530489715600       -3.8130029805086034E-005   1.2121212121212121E-002   1.0018278514845871        1.0101010101010102E-002   1.0018278514845871        1.0000000000000000       -7.9044418289875296E-005
  0.44444604007364980       -3.2526183569660015E-005   1.2121212121212121E-002   1.0018285536738210        1.0101010101010102E-002   1.0018285536738210        1.0000000000000000       -6.7417200887653905E-005
  0.45454676886178069       -2.6791965267438345E-005   1.2121212121212121E-002   1.0018291431019850        1.0101010101010102E-002   1.0018291431019850        1.0000000000000000       -5.5524728396427747E-005
  0.46464749238846603       -2.0950365748228867E-005   1.2121212121212121E-002   1.0018296174505985        1.0101010101010102E-002   1.0018296174505985        1.0000000000000000       -4.3414005579833770E-005
  0.47474821180129900       -1.5024804057888380E-005   1.2121212121212121E-002   1.0018299748538761        1.0101010101010102E-002   1.0018299748538761        1.0000000000000000       -3.1132434463287950E-005
  0.48484892826406611       -9.0390336229671316E-006   1.2121212121212121E-002   1.0018302139056208        1.0101010101010102E-002   1.0018302139056208        1.0000000000000000       -1.8728457272132459E-005
  0.49494964295215182       -3.0170413495458505E-006   1.2121212121212121E-002   1.0018303336665269        1.0101010101010102E-002   1.0018303336665269        1.0000000000000000       -6.2509914453556803E-006
  0.50505035704790124        3.0170411492155108E-006   1.2121212121212121E-002   1.0018303336663661        1.0101010101010102E-002   1.0018303336663661        1.0000000000000000        6.2510231444434794E-006
  0.51515107173599095        9.0390333932107593E-006   1.2121212121212121E-002   1.0018302139055537        1.0101010101010102E-002   1.0018302139055537        1.0000000000000000        1.8728410919877092E-005
  0.52525178819875518        1.5024804629751059E-005   1.2121212121212121E-002   1.0018299748538186        1.0101010101010102E-002   1.0018299748538186        1.0000000000000000        3.1132475132089610E-005
  0.53535250761159214        2.0950365602900087E-005   1.2121212121212121E-002   1.0018296174505303        1.0101010101010102E-002   1.0018296174505303        1.0000000000000000        4.3413967626193539E-005
  0.54545323113827493        2.6791964951593627E-005   1.2121212121212121E-002   1.0018291431019564        1.0101010101010102E-002   1.0018291431019564        1.0000000000000000        5.5524757543778946E-005
  0.55555395992640888        3.2526184526709132E-005   1.2121212121212121E-002   1.0018285536737919        1.0101010101010102E-002   1.0018285536737919        1.0000000000000000        6.7417172569861350E-005
  0.56565469510290001        3.8130028823965827E-005   1.2121212121212121E-002   1.0018278514844572        1.0101010101010102E-002   1.0018278514844572        1.0000000000000000        7.9044468694000614E-005
  0.57575543776954397        4.3581019027243196E-005   1.2121212121212121E-002   1.0018270392986850        1.0101010101010102E-002   1.0018270392986850        1.0000000000000000        9.0360334453087887E-005
  0.58585618899860936        4.8857280365014167E-005   1.2121212121212121E-002   1.0018261203154868        1.0101010101010102E-002   1.0018261203154868        1.0000000000000000        1.0132047805910815E-004
  0.59595694982867953        5.3937628120751099E-005   1.2121212121212121E-002   1.0018250981579835        1.0101010101010102E-002   1.0018250981579835        1.0000000000000000        1.1188074367751710E-004
  0.60605772126042490        5.8801656123212139E-005   1.2121212121212121E-002   1.0018239768593096        1.0101010101010102E-002   1.0018239768593096        1.0000000000000000        1.2199979736848832E-004
  0.61615850425272456        6.3429813439534974E-005   1.2121212121212121E-002   1.0018227608456030        1.0101010101010102E-002   1.0018227608456030        1.0000000000000000        1.3163698441864824E-004
  0.62625929971878935        6.7803485332226842E-005   1.2121212121212121E-002   1.0018214549234912        1.0101010101010102E-002   1.0018214549234912        1.0000000000000000        1.4075361401832964E-004
  0.63636010852250824        7.1905066764893890E-005   1.2121212121212121E-002   1.0018200642607116        1.0101010101010102E-002   1.0018200642607116        1.0000000000000000        1.4931303331966461E-004
  0.64646093147496420        7.5718031528340630E-005   1.2121212121212121E-002   1.0018185943648419        1.0101010101010102E-002   1.0018185943648419        1.0000000000000000        1.5728102135614819E-004
  0.65656176933120702        7.9227004180621255E-005   1.2121212121212121E-002   1.0018170510639584        1.0101010101010102E-002   1.0018170510639584        1.0000000000000000        1.6462495799896004E-004
  0.66666262278714394        8.2417817272648883E-005   1.2121212121212121E-002   1.0018154404854236        1.0101010101010102E-002   1.0018154404854236        1.0000000000000000        1.7131501878608901E-004
  0.67676349247673073        8.5277568795092803E-005   1.2121212121212121E-002   1.0018137690322624        1.0101010101010102E-002   1.0018137690322624        1.0000000000000000        1.7732349635846134E-004
  0.68686437896933161        8.7794680886094014E-005   1.2121212121212121E-002   1.0018120433584932        1.0101010101010102E-002   1.0018120433584932        1.0000000000000000        1.8262575314764717E-004
  0.69696528276739378        8.9958939857050850E-005   1.2121212121212121E-002   1.0018102703418756        1.0101010101010102E-002   1.0018102703418756        1.0000000000000000        1.8719975563818991E-004
  0.70706620430435507        9.1761544459356429E-005   1.2121212121212121E-002   1.0018084570590273        1.0101010101010102E-002   1.0018084570590273        1.0000000000000000        1.9102602892484555E-004
  0.71716714394280490        9.3195137252175423E-005   1.2121212121212121E-002   1.0018066107600130        1.0101010101010102E-002   1.0018066107600130        1.0000000000000000        1.9408783479679670E-004
  0.72726810197288361        9.4253842985551393E-005   1.2121212121212121E-002   1.0018047388369591        1.0101010101010102E-002   1.0018047388369591        1.0000000000000000        1.9637226843105537E-004
  0.73736907861107592        9.4933286705121891E-005   1.2121212121212121E-002   1.0018028487936228        1.0101010101010102E-002   1.0018028487936228        1.0000000000000000        1.9786894380491304E-004
  0.74747007399921772        9.5230619181411094E-005   1.2121212121212121E-002   1.0018009482192827        1.0101010101010102E-002   1.0018009482192827        1.0000000000000000        1.9857039254933539E-004
  0.75757108820378949        9.5144523095681783E-005   1.2121212121212121E-002   1.0017990447585463        1.0101010101010102E-002   1.0017990447585463        1.0000000000000000        1.9847246939352914E-004
  0.76767212121552453        9.4675226677181810E-005   1.2121212121212121E-002   1.0017971460790875        1.0101010101010102E-002   1.0017971460790875        1.0000000000000000        1.9757451644153434E-004
  0.77777317294934045        9.3824506622048893E-005   1.2121212121212121E-002   1.0017952598385067        1.0101010101010102E-002   1.0017952598385067        1.0000000000000000        1.9587928652953224E-004
  0.78787424324461441        9.2595671695423664E-005   1.2121212121212121E-002   1.0017933936566201        1.0101010101010102E-002   1.0017933936566201        1.0000000000000000        1.9339187439459948E-004
  0.79797533186564940        9.0993561614889401E-005   1.2121212121212121E-002   1.0017915550861596        1.0101010101010102E-002   1.0017915550861596        1.0000000000000000        1.9012112757810229E-004
  0.80807643850252131        8.9024525438363236E-005   1.2121212121212121E-002   1.0017897515778966        1.0101010101010102E-002   1.0017897515778966        1.0000000000000000        1.8607945955384508E-004
  0.81817756277224951        8.6696399105308939E-005   1.2121212121212121E-002   1.0017879904486093        1.0101010101010102E-002   1.0017879904486093        1.0000000000000000        1.8128242261106209E-004
  0.82827870422028205        8.4018475152811635E-005   1.2121212121212121E-002   1.0017862788548302        1.0101010101010102E-002   1.0017862788548302        1.0000000000000000        1.7574783674412231E-004
  0.83837986232217143        8.1001461007834669E-005   1.2121212121212121E-002   1.0017846237643919        1.0101010101010102E-002   1.0017846237643919        1.0000000000000000        1.6949722446302218E-004
  0.84848103648561335        7.7657446427873881E-005   1.2121212121212121E-002   1.0017830319213887        1.0101010101010102E-002   1.0017830319213887        1.0000000000000000        1.6255570054557467E-004
  0.85858222605284351        7.3999852665073158E-005   1.2121212121212121E-002   1.0017815098195160        1.0101010101010102E-002   1.0017815098195160        1.0000000000000000        1.5495044239699496E-004
  0.86868343030318707        7.0043374607049001E-005   1.2121212121212121E-002   1.0017800636760767        1.0101010101010102E-002   1.0017800636760767        1.0000000000000000        1.4671188094084187E-004
  0.87878464845597315        6.5803924511186052E-005   1.2121212121212121E-002   1.0017786994075926        1.0101010101010102E-002   1.0017786994075926        1.0000000000000000        1.3787226399308850E-004
  0.88888587967355814        6.1298570727288205E-005   1.2121212121212121E-002   1.0017774226023808        1.0101010101010102E-002   1.0017774226023808        1.0000000000000000        1.2846786425413370E-004
  0.89898712306478135        5.6545470982301270E-005   1.2121212121212121E-002   1.0017762384908171        1.0101010101010102E-002   1.0017762384908171        1.0000000000000000        1.1853705902264977E-004
  0.90908837768861062        5.1563789415056592E-005   1.2121212121212121E-002   1.0017751519307827        1.0101010101010102E-002   1.0017751519307827        1.0000000000000000        1.0811920345332737E-004
  0.91918964255784441        4.6373626065657105E-005   1.2121212121212121E-002   1.0017741673867804        1.0101010101010102E-002   1.0017741673867804        1.0000000000000000        9.7256935172040926E-005
  0.92929091664317820        4.0995938371486867E-005   1.2121212121212121E-002   1.0017732889058606        1.0101010101010102E-002   1.0017732889058606        1.0000000000000000        8.5994722000215518E-005
  0.93939219887739756        3.5452448422810202E-005   1.2121212121212121E-002   1.0017725200992769        1.0101010101010102E-002   1.0017725200992769        1.0000000000000000        7.4379076589359272E-005
  0.94949348815980661        2.9765559204006350E-005   1.2121212121212121E-002   1.0017718641299951        1.0101010101010102E-002   1.0017718641299951        1.0000000000000000        6.2456953092926426E-005
  0.95959478336066362        2.3958257459873123E-005   1.2121212121212121E-002   1.0017713237023647        1.0101010101010102E-002   1.0017713237023647        1.0000000000000000        5.0277067675352782E-005
  0.96969608332579293        1.8054029063009978E-005   1.2121212121212121E-002   1.0017709010434503        1.0101010101010102E-002   1.0017709010434503        1.0000000000000000        3.7890279910968161E-005
  0.97979738688142082        1.2076756048270321E-005   1.2121212121212121E-002   1.0017705978926252        1.0101010101010102E-002   1.0017705978926252        1.0000000000000000        2.5347534876374311E-005
  0.98989869283899157        6.0506195201880225E-006   1.2121212121212121E-002   1.0017704154991636        1.0101010101010102E-002   1.0017704154991636        1.0000000000000000        1.2700110706198586E-005
   1.0000000000000333        3.8816284570350239E-013   1.2121212121212121E-002   1.0017703546175896        1.0101010101010102E-002   1.0017703546175896        1.0000000000000000       -9.9379171558666712E-011
   1.0101013071610643       -6.0190745695086891E-006   1.2121212121212121E-002   1.0017704154993117        1.0101010101010102E-002   1.0017704154993117        1.0000000000000000       -1.2700058286796434E-005
   1.0202026131186339       -1.2013796325348956E-005   1.2121212121212121E-002   1.0017705978926463        1.0101010101010102E-002   1.0017705978926463        1.0000000000000000       -2.5347474716497231E-005
   1.0303039166742622       -1.7959914469883158E-005   1.2121212121212121E-002   1.0017709010431368        1.0101010101010102E-002   1.0017709010431368        1.0000000000000000       -3.7890237543081184E-005
   1.0404052166393982       -2.3833375566020666E-005   1.2121212121212121E-002   1.0017713237022199        1.0101010101010102E-002   1.0017713237022199        1.0000000000000000       -5.0277150579702834E-005
   1.0505065118402517       -2.9610423715554701E-005   1.2121212121212121E-002   1.0017718641301427        1.0101010101010102E-002   1.0017718641301427        1.0000000000000000       -6.2456928025866887E-005
   1.0606078011226598       -3.5267700937593584E-005   1.2121212121212121E-002   1.0017725200989795        1.0101010101010102E-002   1.0017725200989795        1.0000000000000000       -7.4379009890712666E-005
   1.0707090833568873       -4.0782337836313405E-005   1.2121212121212121E-002   1.0017732889058031        1.0101010101010102E-002   1.0017732889058031        1.0000000000000000       -8.5994836246605644E-005
   1.0808103574422145       -4.6132051785993962E-005   1.2121212121212121E-002   1.0017741673871485        1.0101010101010102E-002   1.0017741673871485        1.0000000000000000       -9.7256916417265415E-005
   1.0909116223114463       -5.1295234586244252E-005   1.2121212121212121E-002   1.0017751519308744        1.0101010101010102E-002   1.0017751519308744        1.0000000000000000        7.6234325477991405     
   1.1010128769352756       -5.6251037967032134E-005   1.2121212121212121E-002   1.0017762384905073        1.0101010101010102E-002   1.0017762384905073        1.0000000000000000        93.407255011975636     
  -1.0101307161008433E-002   6.0190741668007919E-006   1.2121212121212121E-002   1.0017704154991636        1.0101010101010102E-002   1.0017704154991636        1.0000000000000000        1.2700062855586225E-005
  -2.0202613118579182E-002   1.2013796200256725E-005   1.2121212121212121E-002   1.0017705978926252        1.0101010101010102E-002   1.0017705978926252        1.0000000000000000        2.5347502823791501E-005
  -3.0303916674207065E-002   1.7959914654439165E-005   1.2121212121212121E-002   1.0017709010434503        1.0101010101010102E-002   1.0017709010434503        1.0000000000000000        3.7890279908303626E-005
  -4.0405216639336383E-002   2.3833375819470420E-005   1.2121212121212121E-002   1.0017713237023647        1.0101010101010102E-002   1.0017713237023647        1.0000000000000000        5.0277067676240961E-005
  -5.0506511840193391E-002   2.9610424222696450E-005   1.2121212121212121E-002   1.0017718641299951        1.0101010101010102E-002   1.0017718641299951        1.0000000000000000        6.2456953087597356E-005
  -6.0607801122602445E-002   3.5267700327166009E-005   1.2121212121212121E-002   1.0017725200992769        1.0101010101010102E-002   1.0017725200992769        1.0000000000000000        7.4379076599129235E-005
  -7.0709083356821800E-002   4.0782338225268807E-005   1.2121212121212121E-002   1.0017732889058606        1.0101010101010102E-002   1.0017732889058606        1.0000000000000000        8.5994722006432767E-005
  -8.0810357442155589E-002   4.6132051720349349E-005   1.2121212121212121E-002   1.0017741673867804        1.0101010101010102E-002   1.0017741673867804        1.0000000000000000        9.7256935178258175E-005
  -9.0911622311389384E-002   5.1295234114741125E-005   1.2121212121212121E-002   1.0017751519307827        1.0101010101010102E-002   1.0017751519307827        1.0000000000000000       -7.6234325477847449     
 -0.10101287693521865        5.6251038575095125E-005   1.2121212121212121E-002   1.0017762384908171        1.0101010101010102E-002   1.0017762384908171        1.0000000000000000       -93.407255011958981     
