 # x v h rho m p cs a
   15.701818181816137     
   7.4863278518726279E-015   1.8609114249556894E-013   1.2121212121212121E-002   1.0017051185067427        1.0101010101010102E-002   1.0017051185067427        1.0000000000000000        7.6048500829983823E-011
   1.0101951966800339E-002  -1.5914570322875036E-006   1.2121212121212121E-002   1.0017053104935585        1.0101010101010102E-002   1.0017053104935585        1.0000000000000000       -4.0052716020255730E-005
   2.0203900138066302E-002  -3.1765772193203278E-006   1.2121212121212121E-002   1.0017058856800742        1.0101010101010102E-002   1.0017058856800742        1.0000000000000000       -7.9943689873296364E-005
   3.0305840733608733E-002  -4.7490485026511546E-006   1.2121212121212121E-002   1.0017068417435691        1.0101010101010102E-002   1.0017068417435691        1.0000000000000000       -1.1951168465440531E-004
   4.0407770003841645E-002  -6.3026080843774156E-006   1.2121212121212121E-002   1.0017081748244403        1.0101010101010102E-002   1.0017081748244403        1.0000000000000000       -1.5859709137444611E-004
   5.0509684244915483E-002  -7.8310648659179806E-006   1.2121212121212121E-002   1.0017098795422665        1.0101010101010102E-002   1.0017098795422665        1.0000000000000000       -1.9704211899362889E-004
   6.0611579813669936E-002  -9.3283248776564959E-006   1.2121212121212121E-002   1.0017119490160100        1.0101010101010102E-002   1.0017119490160100        1.0000000000000000       -2.3469137188580902E-004
   7.0713453142366475E-002  -1.0788412689821311E-005   1.2121212121212121E-002   1.0017143748923045        1.0101010101010102E-002   1.0017143748923045        1.0000000000000000       -2.7139295742095726E-004
   8.0815300753077524E-002  -1.2205500111352054E-005   1.2121212121212121E-002   1.0017171473803446        1.0101010101010102E-002   1.0017171473803446        1.0000000000000000       -3.0699880616413822E-004
   9.0917119271725605E-002  -1.3573921402522967E-005   1.2121212121212121E-002   1.0017202552918900        1.0101010101010102E-002   1.0017202552918900        1.0000000000000000       -3.4136537558104862E-004
  0.10101890544167701       -1.4888200203784964E-005   1.2121212121212121E-002   1.0017236860850371        1.0101010101010102E-002   1.0017236860850371        1.0000000000000000       -3.7435372782557153E-004
  0.11112065613692003       -1.6143069420992976E-005   1.2121212121212121E-002   1.0017274259152840        1.0101010101010102E-002   1.0017274259152840        1.0000000000000000       -4.0583101088476070E-004
  0.12122236837464777       -1.7333494076270756E-005   1.2121212121212121E-002   1.0017314596941234        1.0101010101010102E-002   1.0017314596941234        1.0000000000000000       -4.3567054220350343E-004
  0.13132403932726455       -1.8454688042501591E-005   1.2121212121212121E-002   1.0017357711490513        1.0101010101010102E-002   1.0017357711490513        1.0000000000000000       -4.6375200085613244E-004
  0.14142566633378489       -1.9502135087540587E-005   1.2121212121212121E-002   1.0017403428876108        1.0101010101010102E-002   1.0017403428876108        1.0000000000000000       -4.8996208097218386E-004
  0.15152724691058009       -2.0471607208579591E-005   1.2121212121212121E-002   1.0017451564700568        1.0101010101010102E-002   1.0017451564700568        1.0000000000000000       -5.1419565023991254E-004
  0.16162877876132722       -2.1359181028249570E-005   1.2121212121212121E-002   1.0017501924846250        1.0101010101010102E-002   1.0017501924846250        1.0000000000000000       -5.3635512554173204E-004
  0.17173025978626283       -2.2161256075268453E-005   1.2121212121212121E-002   1.0017554306239387        1.0101010101010102E-002   1.0017554306239387        1.0000000000000000       -5.5635135547493775E-004
  0.18183168809063177       -2.2874565569515650E-005   1.2121212121212121E-002   1.0017608497689396        1.0101010101010102E-002   1.0017608497689396        1.0000000000000000       -5.7410425130921539E-004
  0.19193306199226740       -2.3496192870669092E-005   1.2121212121212121E-002   1.0017664280741336        1.0101010101010102E-002   1.0017664280741336        1.0000000000000000       -5.8954249436116157E-004
  0.20203438002835644       -2.4023584812239932E-005   1.2121212121212121E-002   1.0017721430553626        1.0101010101010102E-002   1.0017721430553626        1.0000000000000000       -6.0260431874947784E-004
  0.21213564096128462       -2.4454563312320055E-005   1.2121212121212121E-002   1.0017779716812518        1.0101010101010102E-002   1.0017779716812518        1.0000000000000000       -6.1323748595309979E-004
  0.22223684378358757       -2.4787329483325021E-005   1.2121212121212121E-002   1.0017838904658005        1.0101010101010102E-002   1.0017838904658005        1.0000000000000000       -6.2139956604578828E-004
  0.23233798772196759       -2.5020476871261521E-005   1.2121212121212121E-002   1.0017898755633206        1.0101010101010102E-002   1.0017898755633206        1.0000000000000000       -6.2705814762775702E-004
  0.24243907224036698       -2.5152998183992574E-005   1.2121212121212121E-002   1.0017959028654744        1.0101010101010102E-002   1.0017959028654744        1.0000000000000000       -6.3019102747219335E-004
  0.25254009704205965       -2.5184291172059189E-005   1.2121212121212121E-002   1.0018019480971525        1.0101010101010102E-002   1.0018019480971525        1.0000000000000000       -6.3078583506914754E-004
  0.26264106207083793       -2.5114157194395545E-005   1.2121212121212121E-002   1.0018079869154017        1.0101010101010102E-002   1.0018079869154017        1.0000000000000000       -6.2884096874871176E-004
  0.27274196751113949       -2.4942804930184324E-005   1.2121212121212121E-002   1.0018139950067513        1.0101010101010102E-002   1.0018139950067513        1.0000000000000000       -6.2436438026303165E-004
  0.28284281378731574       -2.4670856501527772E-005   1.2121212121212121E-002   1.0018199481851668        1.0101010101010102E-002   1.0018199481851668        1.0000000000000000       -6.1737490680435769E-004
  0.29294360156182325       -2.4299341796071442E-005   1.2121212121212121E-002   1.0018258224903489        1.0101010101010102E-002   1.0018258224903489        1.0000000000000000       -6.0790097092144890E-004
  0.30304433173254225       -2.3829690284609314E-005   1.2121212121212121E-002   1.0018315942822411        1.0101010101010102E-002   1.0018315942822411        1.0000000000000000       -5.9598113925218854E-004
  0.31314500542911244       -2.3263734181353974E-005   1.2121212121212121E-002   1.0018372403371441        1.0101010101010102E-002   1.0018372403371441        1.0000000000000000       -5.8166385908986484E-004
  0.32324562400834672       -2.2603700577586934E-005   1.2121212121212121E-002   1.0018427379417898        1.0101010101010102E-002   1.0018427379417898        1.0000000000000000       -5.6500731759978606E-004
  0.33334618904870533       -2.1852201170808568E-005   1.2121212121212121E-002   1.0018480649828236        1.0101010101010102E-002   1.0018480649828236        1.0000000000000000       -5.4607859461697217E-004
  0.34344670234394975       -2.1012221671577007E-005   1.2121212121212121E-002   1.0018532000351430        1.0101010101010102E-002   1.0018532000351430        1.0000000000000000       -5.2495429081389489E-004
  0.35354716589587498       -2.0087111815560353E-005   1.2121212121212121E-002   1.0018581224496912        1.0101010101010102E-002   1.0018581224496912        1.0000000000000000       -5.0171976840118759E-004
  0.36364758190622076       -1.9080573817790769E-005   1.2121212121212121E-002   1.0018628124352866        1.0101010101010102E-002   1.0018628124352866        1.0000000000000000       -4.7646871637230248E-004
  0.37374795276779710       -1.7996647726993852E-005   1.2121212121212121E-002   1.0018672511379290        1.0101010101010102E-002   1.0018672511379290        1.0000000000000000       -4.4930296091383326E-004
  0.38384828105482544       -1.6839692983672669E-005   1.2121212121212121E-002   1.0018714207150494        1.0101010101010102E-002   1.0018714207150494        1.0000000000000000       -4.2033168268762466E-004
  0.39394856951260715       -1.5614368883341845E-005   1.2121212121212121E-002   1.0018753044081614        1.0101010101010102E-002   1.0018753044081614        1.0000000000000000       -3.8967182707327908E-004
  0.40404882104642492       -1.4325622540226290E-005   1.2121212121212121E-002   1.0018788866101640        1.0101010101010102E-002   1.0018788866101640        1.0000000000000000       -3.5744660519920757E-004
  0.41414903870988384       -1.2978667910890822E-005   1.2121212121212121E-002   1.0018821529268127        1.0101010101010102E-002   1.0018821529268127        1.0000000000000000       -3.2378575122837816E-004
  0.42424922569260387       -1.1578956209524635E-005   1.2121212121212121E-002   1.0018850902339091        1.0101010101010102E-002   1.0018850902339091        1.0000000000000000       -2.8882435748478485E-004
  0.43434938530743283       -1.0132160669649023E-005   1.2121212121212121E-002   1.0018876867299464        1.0101010101010102E-002   1.0018876867299464        1.0000000000000000       -2.5270315716419134E-004
  0.44444952097710333       -8.6441522607256347E-006   1.2121212121212121E-002   1.0018899319848087        1.0101010101010102E-002   1.0018899319848087        1.0000000000000000       -2.1556735695416052E-004
  0.45454963622047589       -7.1209753654323438E-006   1.2121212121212121E-002   1.0018918169793822        1.0101010101010102E-002   1.0018918169793822        1.0000000000000000       -1.7756593816109500E-004
  0.46464973463842529       -5.5688221760067364E-006   1.2121212121212121E-002   1.0018933341412057        1.0101010101010102E-002   1.0018933341412057        1.0000000000000000       -1.3885151911718907E-004
  0.47474981989938203       -3.9940016799533695E-006   1.2121212121212121E-002   1.0018944773765888        1.0101010101010102E-002   1.0018944773765888        1.0000000000000000       -9.9579764819779371E-005
  0.48484989572457626       -2.4029228674770654E-006   1.2121212121212121E-002   1.0018952420941720        1.0101010101010102E-002   1.0018952420941720        1.0000000000000000       -5.9908235787275999E-005
  0.49494996587312173       -8.0206243681410181E-007   1.2121212121212121E-002   1.0018956252229338        1.0101010101010102E-002   1.0018956252229338        1.0000000000000000       -1.9996277963230114E-005
  0.50505003412690042        8.0206260420256348E-007   1.2121212121212121E-002   1.0018956252229214        1.0101010101010102E-002   1.0018956252229214        1.0000000000000000        1.9996283512568880E-005
  0.51515010427544572        2.4029226523621768E-006   1.2121212121212121E-002   1.0018952420939475        1.0101010101010102E-002   1.0018952420939475        1.0000000000000000        5.9908273893682917E-005
  0.52525018010064506        3.9940016821105151E-006   1.2121212121212121E-002   1.0018944773764444        1.0101010101010102E-002   1.0018944773764444        1.0000000000000000        9.9579708638941611E-005
  0.53535026536160002        5.5688219522210315E-006   1.2121212121212121E-002   1.0018933341414058        1.0101010101010102E-002   1.0018933341414058        1.0000000000000000        1.3885149990588985E-004
  0.54545036377954659        7.1209758640965022E-006   1.2121212121212121E-002   1.0018918169795556        1.0101010101010102E-002   1.0018918169795556        1.0000000000000000        1.7756596371754085E-004
  0.55555047902291810        8.6441519617464163E-006   1.2121212121212121E-002   1.0018899319846939        1.0101010101010102E-002   1.0018899319846939        1.0000000000000000        2.1556739459605012E-004
  0.56565061469259259        1.0132160440102212E-005   1.2121212121212121E-002   1.0018876867299158        1.0101010101010102E-002   1.0018876867299158        1.0000000000000000        2.5270310300840038E-004
  0.57575077430741839        1.1578956474055191E-005   1.2121212121212121E-002   1.0018850902341121        1.0101010101010102E-002   1.0018850902341121        1.0000000000000000        2.8882435702559661E-004
  0.58585096129013725        1.2978667800405204E-005   1.2121212121212121E-002   1.0018821529270452        1.0101010101010102E-002   1.0018821529270452        1.0000000000000000        3.2378574711700026E-004
  0.59595117895359206        1.4325622790928123E-005   1.2121212121212121E-002   1.0018788866100472        1.0101010101010102E-002   1.0018788866100472        1.0000000000000000        3.5744668643378219E-004
  0.60605143048741672        1.5614368939003700E-005   1.2121212121212121E-002   1.0018753044079687        1.0101010101010102E-002   1.0018753044079687        1.0000000000000000        3.8967176051407648E-004
  0.61615171894519616        1.6839693012453500E-005   1.2121212121212121E-002   1.0018714207152153        1.0101010101010102E-002   1.0018714207152153        1.0000000000000000        4.2033167447641517E-004
  0.62625204723222261        1.7996647847727797E-005   1.2121212121212121E-002   1.0018672511379980        1.0101010101010102E-002   1.0018672511379980        1.0000000000000000        4.4930298393275336E-004
  0.63635241809379961        1.9080573487557830E-005   1.2121212121212121E-002   1.0018628124352913        1.0101010101010102E-002   1.0018628124352913        1.0000000000000000        4.7646871207351893E-004
  0.64645283410414456        2.0087111680028783E-005   1.2121212121212121E-002   1.0018581224496050        1.0101010101010102E-002   1.0018581224496050        1.0000000000000000        5.0171979079038920E-004
  0.65655329765607251        2.1012221516778876E-005   1.2121212121212121E-002   1.0018532000350664        1.0101010101010102E-002   1.0018532000350664        1.0000000000000000        5.2495426718657257E-004
  0.66665381095131571        2.1852201435233243E-005   1.2121212121212121E-002   1.0018480649827577        1.0101010101010102E-002   1.0018480649827577        1.0000000000000000        5.4607861619970777E-004
  0.67675437599167687        2.2603700397931598E-005   1.2121212121212121E-002   1.0018427379417632        1.0101010101010102E-002   1.0018427379417632        1.0000000000000000        5.6500728506048148E-004
  0.68685499457090937        2.3263734188318028E-005   1.2121212121212121E-002   1.0018372403372746        1.0101010101010102E-002   1.0018372403372746        1.0000000000000000        5.8166385946645249E-004
  0.69695566826747823        2.3829690404209109E-005   1.2121212121212121E-002   1.0018315942822396        1.0101010101010102E-002   1.0018315942822396        1.0000000000000000        5.9598116870684947E-004
  0.70705639843819856        2.4299341502349547E-005   1.2121212121212121E-002   1.0018258224902117        1.0101010101010102E-002   1.0018258224902117        1.0000000000000000        6.0790096673635219E-004
  0.71715718621270830        2.4670856572330582E-005   1.2121212121212121E-002   1.0018199481853265        1.0101010101010102E-002   1.0018199481853265        1.0000000000000000        6.1737485258550606E-004
  0.72725803248887821        2.4942805425780225E-005   1.2121212121212121E-002   1.0018139950067235        1.0101010101010102E-002   1.0018139950067235        1.0000000000000000        6.2436446937663703E-004
  0.73735893792918694        2.5114156949113090E-005   1.2121212121212121E-002   1.0018079869153123        1.0101010101010102E-002   1.0018079869153123        1.0000000000000000        6.2884089483628003E-004
  0.74745990295796005        2.5184291323680191E-005   1.2121212121212121E-002   1.0018019480971232        1.0101010101010102E-002   1.0018019480971232        1.0000000000000000        6.3078590037601856E-004
  0.75756092775965800        2.5152998135193068E-005   1.2121212121212121E-002   1.0017959028652996        1.0101010101010102E-002   1.0017959028652996        1.0000000000000000        6.3019098630956449E-004
  0.76766201227805653        2.5020476614068332E-005   1.2121212121212121E-002   1.0017898755634826        1.0101010101010102E-002   1.0017898755634826        1.0000000000000000        6.2705812302699115E-004
  0.77776315621643344        2.4787329825259771E-005   1.2121212121212121E-002   1.0017838904659180        1.0101010101010102E-002   1.0017838904659180        1.0000000000000000        6.2139959425788760E-004
  0.78786435903873731        2.4454563065832031E-005   1.2121212121212121E-002   1.0017779716813537        1.0101010101010102E-002   1.0017779716813537        1.0000000000000000        6.1323746496189102E-004
  0.79796561997166249        2.4023585170703923E-005   1.2121212121212121E-002   1.0017721430554221        1.0101010101010102E-002   1.0017721430554221        1.0000000000000000        6.0260434699976884E-004
  0.80806693800775342        2.3496192846704443E-005   1.2121212121212121E-002   1.0017664280741763        1.0101010101010102E-002   1.0017664280741763        1.0000000000000000        5.8954247087417144E-004
  0.81816831190938610        2.2874565345410106E-005   1.2121212121212121E-002   1.0017608497688564        1.0101010101010102E-002   1.0017608497688564        1.0000000000000000        5.7410430100901522E-004
  0.82826974021375976        2.2161256125125683E-005   1.2121212121212121E-002   1.0017554306237961        1.0101010101010102E-002   1.0017554306237961        1.0000000000000000        5.5635132079157046E-004
  0.83837122123869356        2.1359181285128107E-005   1.2121212121212121E-002   1.0017501924845051        1.0101010101010102E-002   1.0017501924845051        1.0000000000000000        5.3635515090455499E-004
  0.84847275308944525        2.0471606994875903E-005   1.2121212121212121E-002   1.0017451564701396        1.0101010101010102E-002   1.0017451564701396        1.0000000000000000        5.1419558474474769E-004
  0.85857433366623348        1.9502135332525704E-005   1.2121212121212121E-002   1.0017403428874847        1.0101010101010102E-002   1.0017403428874847        1.0000000000000000        4.8996219326813417E-004
  0.86867596067276354        1.8454687841651160E-005   1.2121212121212121E-002   1.0017357711488877        1.0101010101010102E-002   1.0017357711488877        1.0000000000000000        4.6375189002567652E-004
  0.87877763162537514        1.7333493981877113E-005   1.2121212121212121E-002   1.0017314596945859        1.0101010101010102E-002   1.0017314596945859        1.0000000000000000        4.3567052457227362E-004
  0.88887934386309708        1.6143069287870222E-005   1.2121212121212121E-002   1.0017274259153941        1.0101010101010102E-002   1.0017274259153941        1.0000000000000000        4.0583109980296683E-004
  0.89898109455834374        1.4888200200754253E-005   1.2121212121212121E-002   1.0017236860847700        1.0101010101010102E-002   1.0017236860847700        1.0000000000000000        3.7435372227445640E-004
  0.90908288072829802        1.3573921683749405E-005   1.2121212121212121E-002   1.0017202552919222        1.0101010101010102E-002   1.0017202552919222        1.0000000000000000        3.4136532017026155E-004
  0.91918469924694202        1.2205499676673948E-005   1.2121212121212121E-002   1.0017171473804076        1.0101010101010102E-002   1.0017171473804076        1.0000000000000000        3.0699884972751335E-004
  0.92928654685765577        1.0788412951782406E-005   1.2121212121212121E-002   1.0017143748923096        1.0101010101010102E-002   1.0017143748923096        1.0000000000000000        2.7139292819100547E-004
  0.93938842018634972        9.3283248736289643E-006   1.2121212121212121E-002   1.0017119490160700        1.0101010101010102E-002   1.0017119490160700        1.0000000000000000        2.3469138987852745E-004
  0.94949031575510556        7.8310654021379697E-006   1.2121212121212121E-002   1.0017098795423804        1.0101010101010102E-002   1.0017098795423804        1.0000000000000000        1.9704208507320686E-004
  0.95959222999617566        6.3026073732362239E-006   1.2121212121212121E-002   1.0017081748245169        1.0101010101010102E-002   1.0017081748245169        1.0000000000000000        1.5859713911492435E-004
  0.96969415926641001        4.7490486434710563E-006   1.2121212121212121E-002   1.0017068417432042        1.0101010101010102E-002   1.0017068417432042        1.0000000000000000        1.1951173096669265E-004
  0.97979609986195926        3.1765772683240273E-006   1.2121212121212121E-002   1.0017058856798609        1.0101010101010102E-002   1.0017058856798609        1.0000000000000000        7.9943608326971116E-005
  0.98989804803322334        1.5914572369278746E-006   1.2121212121212121E-002   1.0017053104938867        1.0101010101010102E-002   1.0017053104938867        1.0000000000000000        4.0052682307667453E-005
   1.0000000000000100       -3.5664312203886958E-013   1.2121212121212121E-002   1.0017051185067396        1.0101010101010102E-002   1.0017051185067396        1.0000000000000000        2.9067415141525998E-011
   1.0101019519668004       -1.4941691283506711E-006   1.2121212121212121E-002   1.0017053104935585        1.0101010101010102E-002   1.0017053104935585        1.0000000000000000       -4.0052703138115930E-005
   1.0202039001380663       -2.9823942673956466E-006   1.2121212121212121E-002   1.0017058856800742        1.0101010101010102E-002   1.0017058856800742        1.0000000000000000       -7.9943679372362908E-005
   1.0303058407336088       -4.4587549433970477E-006   1.2121212121212121E-002   1.0017068417435691        1.0101010101010102E-002   1.0017068417435691        1.0000000000000000       -1.1951168470858420E-004
   1.0404077700038417       -5.9173759912242496E-006   1.2121212121212121E-002   1.0017081748244403        1.0101010101010102E-002   1.0017081748244403        1.0000000000000000       -1.5859709129717459E-004
   1.0505096842449155       -7.3524495756920887E-006   1.2121212121212121E-002   1.0017098795422665        1.0101010101010102E-002   1.0017098795422665        1.0000000000000000       -1.9704211948035066E-004
   1.0606115798136699       -8.7582591159226523E-006   1.2121212121212121E-002   1.0017119490160100        1.0101010101010102E-002   1.0017119490160100        1.0000000000000000       -2.3469137151987951E-004
   1.0707134531423665       -1.0129198209714276E-005   1.2121212121212121E-002   1.0017143748923045        1.0101010101010102E-002   1.0017143748923045        1.0000000000000000       -2.7139295952327558E-004
   1.0808153007530774       -1.1459798152823200E-005   1.2121212121212121E-002   1.0017171473803446        1.0101010101010102E-002   1.0017171473803446        1.0000000000000000       -3.0699880409024161E-004
   1.0909171192717255       -1.2744741944863558E-005   1.2121212121212121E-002   1.0017202552918900        1.0101010101010102E-002   1.0017202552918900        1.0000000000000000        7.6196780185337190     
   1.1010189054416770       -1.3978890660722218E-005   1.2121212121212121E-002   1.0017236860850371        1.0101010101010102E-002   1.0017236860850371        1.0000000000000000        93.405166993723398     
  -1.0101951966776657E-002   1.4941694041701988E-006   1.2121212121212121E-002   1.0017053104938867        1.0101010101010102E-002   1.0017053104938867        1.0000000000000000        4.0052667932499730E-005
  -2.0203900138040742E-002   2.9823945071488496E-006   1.2121212121212121E-002   1.0017058856798609        1.0101010101010102E-002   1.0017058856798609        1.0000000000000000        7.9943598895404477E-005
  -3.0305840733589995E-002   4.4587549616257202E-006   1.2121212121212121E-002   1.0017068417432042        1.0101010101010102E-002   1.0017068417432042        1.0000000000000000        1.1951173097557444E-004
  -4.0407770003824339E-002   5.9173752107706898E-006   1.2121212121212121E-002   1.0017081748245169        1.0101010101010102E-002   1.0017081748245169        1.0000000000000000        1.5859713911847706E-004
  -5.0509684244894437E-002   7.3524501563963576E-006   1.2121212121212121E-002   1.0017098795423804        1.0101010101010102E-002   1.0017098795423804        1.0000000000000000        1.9704208506965415E-004
  -6.0611579813650285E-002   8.7582590764067425E-006   1.2121212121212121E-002   1.0017119490160700        1.0101010101010102E-002   1.0017119490160700        1.0000000000000000        2.3469138987319837E-004
  -7.0713453142344229E-002   1.0129198527796405E-005   1.2121212121212121E-002   1.0017143748923096        1.0101010101010102E-002   1.0017143748923096        1.0000000000000000        2.7139292818123550E-004
  -8.0815300753057984E-002   1.1459797644418750E-005   1.2121212121212121E-002   1.0017171473804076        1.0101010101010102E-002   1.0017171473804076        1.0000000000000000        3.0699884972751335E-004
  -9.0917119271701985E-002   1.2744742338273929E-005   1.2121212121212121E-002   1.0017202552919222        1.0101010101010102E-002   1.0017202552919222        1.0000000000000000       -7.6196780185630786     
 -0.10101890544165626        1.3978890668155864E-005   1.2121212121212121E-002   1.0017236860847700        1.0101010101010102E-002   1.0017236860847700        1.0000000000000000       -93.405166993723554     
