 # x v h rho m p cs a
   3.1549999999999550     
   9.8077101995385376E-017   0.0000000000000000        1.2121212121212121E-002   1.0017299086721478        1.0101010101010102E-002   1.0017299086721478        1.0000000000000000        1.2434497875801753E-014
   1.0102419785987077E-002  -2.6450761363343151E-006   1.2121212121212121E-002   1.0016737994881120        1.0101010101010102E-002   1.0016737994881120        1.0000000000000000       -1.4210854715202004E-014
   2.0204622587893763E-002  -5.0047706551268405E-006   1.2121212121212121E-002   1.0016749279666497        1.0101010101010102E-002   1.0016749279666497        1.0000000000000000       -9.9475983006414026E-014
   3.0306906057415251E-002  -7.5040383680168660E-006   1.2121212121212121E-002   1.0016736411222502        1.0101010101010102E-002   1.0016736411222502        1.0000000000000000        6.1284310959308641E-014
   4.0409155367960907E-002  -9.9408434121291125E-006   1.2121212121212121E-002   1.0016757906148823        1.0101010101010102E-002   1.0016757906148823        1.0000000000000000        3.5527136788005009E-015
   5.0511388660311150E-002  -1.2325374507283525E-005   1.2121212121212121E-002   1.0016781309050611        1.0101010101010102E-002   1.0016781309050611        1.0000000000000000        4.4408920985006262E-015
   6.0613593135776495E-002  -1.4607058628274606E-005   1.2121212121212121E-002   1.0016810496094348        1.0101010101010102E-002   1.0016810496094348        1.0000000000000000       -8.8817841970012523E-015
   7.0715768098207579E-002  -1.6794403066579847E-005   1.2121212121212121E-002   1.0016842738707563        1.0101010101010102E-002   1.0016842738707563        1.0000000000000000       -5.1514348342607263E-014
   8.0817909271695146E-002  -1.8931841077197566E-005   1.2121212121212121E-002   1.0016880100382575        1.0101010101010102E-002   1.0016880100382575        1.0000000000000000        2.1316282072803006E-014
   9.0920010334841192E-002  -2.1065391359544177E-005   1.2121212121212121E-002   1.0016922377758926        1.0101010101010102E-002   1.0016922377758926        1.0000000000000000        7.1054273576010019E-015
  0.10102206775550253       -2.3209928845344424E-005   1.2121212121212121E-002   1.0016968474594461        1.0101010101010102E-002   1.0016968474594461        1.0000000000000000        7.1054273576010019E-015
  0.11112407779401559       -2.5195422512221883E-005   1.2121212121212121E-002   1.0017018854680892        1.0101010101010102E-002   1.0017018854680892        1.0000000000000000        3.5527136788005009E-015
  0.12122603583638118       -2.7011125905303977E-005   1.2121212121212121E-002   1.0017074505644226        1.0101010101010102E-002   1.0017074505644226        1.0000000000000000        1.9539925233402755E-014
  0.13132793559188935       -2.8674340085373718E-005   1.2121212121212121E-002   1.0017133723719600        1.0101010101010102E-002   1.0017133723719600        1.0000000000000000        8.0824236192711396E-014
  0.14142977637409346       -3.0141855376147214E-005   1.2121212121212121E-002   1.0017195213309935        1.0101010101010102E-002   1.0017195213309935        1.0000000000000000        2.2204460492503131E-014
  0.15153155487219552       -3.1672881381861414E-005   1.2121212121212121E-002   1.0017260372672778        1.0101010101010102E-002   1.0017260372672778        1.0000000000000000       -6.2172489379008766E-015
  0.16163326687540377       -3.3065338924114274E-005   1.2121212121212121E-002   1.0017329218051141        1.0101010101010102E-002   1.0017329218051141        1.0000000000000000       -6.2172489379008766E-015
  0.17173490913659703       -3.4376766400214055E-005   1.2121212121212121E-002   1.0017400552898386        1.0101010101010102E-002   1.0017400552898386        1.0000000000000000       -6.2172489379008766E-015
  0.18183647982982601       -3.5441961388133519E-005   1.2121212121212121E-002   1.0017472537118366        1.0101010101010102E-002   1.0017472537118366        1.0000000000000000       -6.2172489379008766E-015
  0.19193798014960242       -3.6460867413261336E-005   1.2121212121212121E-002   1.0017546903859380        1.0101010101010102E-002   1.0017546903859380        1.0000000000000000       -6.2172489379008766E-015
  0.20203940409748680       -3.7249224486903555E-005   1.2121212121212121E-002   1.0017624863936323        1.0101010101010102E-002   1.0017624863936323        1.0000000000000000       -6.2172489379008766E-015
  0.21214074999221660       -3.7795214485039809E-005   1.2121212121212121E-002   1.0017704436328048        1.0101010101010102E-002   1.0017704436328048        1.0000000000000000       -6.2172489379008766E-015
  0.22224201666007265       -3.8327457638892989E-005   1.2121212121212121E-002   1.0017785234628946        1.0101010101010102E-002   1.0017785234628946        1.0000000000000000       -1.7763568394002505E-015
  0.23234320288742277       -3.8657839977428155E-005   1.2121212121212121E-002   1.0017867146096244        1.0101010101010102E-002   1.0017867146096244        1.0000000000000000       -5.6843418860808015E-014
  0.24244430753611920       -3.8782968148567523E-005   1.2121212121212121E-002   1.0017949189079287        1.0101010101010102E-002   1.0017949189079287        1.0000000000000000       -1.8562928971732617E-013
  0.25254533147840041       -3.8685775815418283E-005   1.2121212121212121E-002   1.0018030416802246        1.0101010101010102E-002   1.0018030416802246        1.0000000000000000        1.8385293287792592E-013
  0.26264627577692801       -3.8608921848225779E-005   1.2121212121212121E-002   1.0018111606870366        1.0101010101010102E-002   1.0018111606870366        1.0000000000000000        5.0626169922907138E-014
  0.27274713924776861       -3.8514016835359757E-005   1.2121212121212121E-002   1.0018192510927526        1.0101010101010102E-002   1.0018192510927526        1.0000000000000000       -6.2172489379008766E-015
  0.28284792352540689       -3.8143052879528248E-005   1.2121212121212121E-002   1.0018272208109336        1.0101010101010102E-002   1.0018272208109336        1.0000000000000000       -6.2172489379008766E-015
  0.29294862955036816       -3.7510196228252890E-005   1.2121212121212121E-002   1.0018350719011115        1.0101010101010102E-002   1.0018350719011115        1.0000000000000000       -6.2172489379008766E-015
  0.30304925859410842       -3.6838246676324646E-005   1.2121212121212121E-002   1.0018427452149736        1.0101010101010102E-002   1.0018427452149736        1.0000000000000000       -6.2172489379008766E-015
  0.31314981301539180       -3.6089661291274262E-005   1.2121212121212121E-002   1.0018502468360482        1.0101010101010102E-002   1.0018502468360482        1.0000000000000000       -6.2172489379008766E-015
  0.32325029397753313       -3.5071161062348398E-005   1.2121212121212121E-002   1.0018576492336906        1.0101010101010102E-002   1.0018576492336906        1.0000000000000000       -6.2172489379008766E-015
  0.33335070204349088       -3.3926522846918620E-005   1.2121212121212121E-002   1.0018648878187586        1.0101010101010102E-002   1.0018648878187586        1.0000000000000000       -6.2172489379008766E-015
  0.34345103971191271       -3.2665707403396562E-005   1.2121212121212121E-002   1.0018717966794026        1.0101010101010102E-002   1.0018717966794026        1.0000000000000000       -6.2172489379008766E-015
  0.35355131122570355       -3.1165479846729961E-005   1.2121212121212121E-002   1.0018783416863535        1.0101010101010102E-002   1.0018783416863535        1.0000000000000000       -6.2172489379008766E-015
  0.36365151978199312       -2.9600138063501723E-005   1.2121212121212121E-002   1.0018846359799753        1.0101010101010102E-002   1.0018846359799753        1.0000000000000000       -6.2172489379008766E-015
  0.37375166701762125       -2.8009855982731160E-005   1.2121212121212121E-002   1.0018907186432187        1.0101010101010102E-002   1.0018907186432187        1.0000000000000000       -6.2172489379008766E-015
  0.38385175512590486       -2.6169596059641917E-005   1.2121212121212121E-002   1.0018964227314953        1.0101010101010102E-002   1.0018964227314953        1.0000000000000000       -6.2172489379008766E-015
  0.39395178940655062       -2.4195635510371586E-005   1.2121212121212121E-002   1.0019015947772232        1.0101010101010102E-002   1.0019015947772232        1.0000000000000000       -6.2172489379008766E-015
  0.40405177555068866       -2.2270046778745582E-005   1.2121212121212121E-002   1.0019063544031268        1.0101010101010102E-002   1.0019063544031268        1.0000000000000000       -6.2172489379008766E-015
  0.41415171601903394       -2.0176943312979844E-005   1.2121212121212121E-002   1.0019108236455616        1.0101010101010102E-002   1.0019108236455616        1.0000000000000000       -6.2172489379008766E-015
  0.42425161362242442       -1.7916345001099001E-005   1.2121212121212121E-002   1.0019148626355465        1.0101010101010102E-002   1.0019148626355465        1.0000000000000000       -6.2172489379008766E-015
  0.43435147411082442       -1.5738202584824442E-005   1.2121212121212121E-002   1.0019183565910463        1.0101010101010102E-002   1.0019183565910463        1.0000000000000000       -6.2172489379008766E-015
  0.44445130278631156       -1.3484232250201393E-005   1.2121212121212121E-002   1.0019213515819307        1.0101010101010102E-002   1.0019213515819307        1.0000000000000000       -6.2172489379008766E-015
  0.45455110412830763       -1.1012564383829990E-005   1.2121212121212121E-002   1.0019238662779426        1.0101010101010102E-002   1.0019238662779426        1.0000000000000000       -6.2172489379008766E-015
  0.46465088317516962       -8.5951129940285912E-006   1.2121212121212121E-002   1.0019259316751099        1.0101010101010102E-002   1.0019259316751099        1.0000000000000000       -6.2172489379008766E-015
  0.47475064375568787       -6.2445914977906081E-006   1.2121212121212121E-002   1.0019275592326731        1.0101010101010102E-002   1.0019275592326731        1.0000000000000000        5.3290705182007514E-015
  0.48485039037589217       -3.7388409847413073E-006   1.2121212121212121E-002   1.0019285914788463        1.0101010101010102E-002   1.0019285914788463        1.0000000000000000       -7.0166095156309893E-014
  0.49495013049885989       -1.2175572469503277E-006   1.2121212121212121E-002   1.0019289970730847        1.0101010101010102E-002   1.0019289970730847        1.0000000000000000       -4.4941828036826337E-013
  0.50504986950113806        1.2175572085651167E-006   1.2121212121212121E-002   1.0019289970731395        1.0101010101010102E-002   1.0019289970731395        1.0000000000000000       -6.9277916736609768E-014
  0.51514960962410450        3.7388410277021051E-006   1.2121212121212121E-002   1.0019285914789007        1.0101010101010102E-002   1.0019285914789007        1.0000000000000000        1.5987211554602254E-014
  0.52524935624430880        6.2445914871277771E-006   1.2121212121212121E-002   1.0019275592326151        1.0101010101010102E-002   1.0019275592326151        1.0000000000000000        1.7763568394002505E-015
  0.53534911682482844        8.5951128561538772E-006   1.2121212121212121E-002   1.0019259316750713        1.0101010101010102E-002   1.0019259316750713        1.0000000000000000        1.7763568394002505E-015
  0.54544889587168988        1.1012564490512953E-005   1.2121212121212121E-002   1.0019238662779713        1.0101010101010102E-002   1.0019238662779713        1.0000000000000000        1.7763568394002505E-015
  0.55554869721368583        1.3484232208538578E-005   1.2121212121212121E-002   1.0019213515819643        1.0101010101010102E-002   1.0019213515819643        1.0000000000000000        1.7763568394002505E-015
  0.56564852588917225        1.5738202691014354E-005   1.2121212121212121E-002   1.0019183565909937        1.0101010101010102E-002   1.0019183565909937        1.0000000000000000        1.7763568394002505E-015
  0.57574838637757420        1.7916344871872748E-005   1.2121212121212121E-002   1.0019148626355077        1.0101010101010102E-002   1.0019148626355077        1.0000000000000000        1.7763568394002505E-015
  0.58584828398096356        2.0176943387002175E-005   1.2121212121212121E-002   1.0019108236455800        1.0101010101010102E-002   1.0019108236455800        1.0000000000000000        1.7763568394002505E-015
  0.59594822444930950        2.2270046771583997E-005   1.2121212121212121E-002   1.0019063544031523        1.0101010101010102E-002   1.0019063544031523        1.0000000000000000        1.7763568394002505E-015
  0.60604821059344627        2.4195635538472656E-005   1.2121212121212121E-002   1.0019015947771952        1.0101010101010102E-002   1.0019015947771952        1.0000000000000000        1.7763568394002505E-015
  0.61614824487409392        2.6169596002692379E-005   1.2121212121212121E-002   1.0018964227314511        1.0101010101010102E-002   1.0018964227314511        1.0000000000000000        1.7763568394002505E-015
  0.62624833298237670        2.8009856004955713E-005   1.2121212121212121E-002   1.0018907186432560        1.0101010101010102E-002   1.0018907186432560        1.0000000000000000        1.7763568394002505E-015
  0.63634848021800472        2.9600138027399617E-005   1.2121212121212121E-002   1.0018846359799860        1.0101010101010102E-002   1.0018846359799860        1.0000000000000000        1.7763568394002505E-015
  0.64644868877429418        3.1165479745877028E-005   1.2121212121212121E-002   1.0018783416863295        1.0101010101010102E-002   1.0018783416863295        1.0000000000000000        1.7763568394002505E-015
  0.65654896028808574        3.2665707355348015E-005   1.2121212121212121E-002   1.0018717966794248        1.0101010101010102E-002   1.0018717966794248        1.0000000000000000        1.7763568394002505E-015
  0.66664929795650640        3.3926522961011233E-005   1.2121212121212121E-002   1.0018648878188181        1.0101010101010102E-002   1.0018648878188181        1.0000000000000000        1.7763568394002505E-015
  0.67674970602246387        3.5071161014686010E-005   1.2121212121212121E-002   1.0018576492336480        1.0101010101010102E-002   1.0018576492336480        1.0000000000000000        1.7763568394002505E-015
  0.68685018698460654        3.6089661290303312E-005   1.2121212121212121E-002   1.0018502468360124        1.0101010101010102E-002   1.0018502468360124        1.0000000000000000        1.7763568394002505E-015
  0.69695074140588931        3.6838246677911505E-005   1.2121212121212121E-002   1.0018427452149594        1.0101010101010102E-002   1.0018427452149594        1.0000000000000000        1.7763568394002505E-015
  0.70705137044963040        3.7510196258228221E-005   1.2121212121212121E-002   1.0018350719010911        1.0101010101010102E-002   1.0018350719010911        1.0000000000000000        1.7763568394002505E-015
  0.71715207647459134        3.8143052827873231E-005   1.2121212121212121E-002   1.0018272208109495        1.0101010101010102E-002   1.0018272208109495        1.0000000000000000        1.7763568394002505E-015
  0.72725286075222950        3.8514016835341299E-005   1.2121212121212121E-002   1.0018192510927346        1.0101010101010102E-002   1.0018192510927346        1.0000000000000000        1.7763568394002505E-015
  0.73735372422307055        3.8608921820829976E-005   1.2121212121212121E-002   1.0018111606869740        1.0101010101010102E-002   1.0018111606869740        1.0000000000000000        1.7763568394002505E-015
  0.74745466852159903        3.8685775903729904E-005   1.2121212121212121E-002   1.0018030416801729        1.0101010101010102E-002   1.0018030416801729        1.0000000000000000        1.7763568394002505E-015
  0.75755569246388044        3.8782968105126042E-005   1.2121212121212121E-002   1.0017949189079254        1.0101010101010102E-002   1.0017949189079254        1.0000000000000000        1.7763568394002505E-015
  0.76765679711257673        3.8657839953685252E-005   1.2121212121212121E-002   1.0017867146096631        1.0101010101010102E-002   1.0017867146096631        1.0000000000000000        1.7763568394002505E-015
  0.77775798333992618        3.8327457558628289E-005   1.2121212121212121E-002   1.0017785234629475        1.0101010101010102E-002   1.0017785234629475        1.0000000000000000        1.7763568394002505E-015
  0.78785925000778179        3.7795214488045136E-005   1.2121212121212121E-002   1.0017704436328332        1.0101010101010102E-002   1.0017704436328332        1.0000000000000000        1.7763568394002505E-015
  0.79796059590251145        3.7249224564147370E-005   1.2121212121212121E-002   1.0017624863936259        1.0101010101010102E-002   1.0017624863936259        1.0000000000000000        1.7763568394002505E-015
  0.80806201985039616        3.6460867398996149E-005   1.2121212121212121E-002   1.0017546903859338        1.0101010101010102E-002   1.0017546903859338        1.0000000000000000        1.7763568394002505E-015
  0.81816352017017224        3.5441961399190410E-005   1.2121212121212121E-002   1.0017472537117929        1.0101010101010102E-002   1.0017472537117929        1.0000000000000000        1.7763568394002505E-015
  0.82826509086340250        3.4376766325650652E-005   1.2121212121212121E-002   1.0017400552897977        1.0101010101010102E-002   1.0017400552897977        1.0000000000000000        1.7763568394002505E-015
  0.83836673312459531        3.3065339030943493E-005   1.2121212121212121E-002   1.0017329218050974        1.0101010101010102E-002   1.0017329218050974        1.0000000000000000        1.7763568394002505E-015
  0.84846844512780439        3.1672881263306522E-005   1.2121212121212121E-002   1.0017260372673120        1.0101010101010102E-002   1.0017260372673120        1.0000000000000000        1.7763568394002505E-015
  0.85857022362590485        3.0141855351289887E-005   1.2121212121212121E-002   1.0017195213310199        1.0101010101010102E-002   1.0017195213310199        1.0000000000000000        1.7763568394002505E-015
  0.86867206440810996        2.8674340096457497E-005   1.2121212121212121E-002   1.0017133723719356        1.0101010101010102E-002   1.0017133723719356        1.0000000000000000        1.7763568394002505E-015
  0.87877396416361786        2.7011125954381530E-005   1.2121212121212121E-002   1.0017074505644734        1.0101010101010102E-002   1.0017074505644734        1.0000000000000000        1.7763568394002505E-015
  0.88887592220598244        2.5195422508441416E-005   1.2121212121212121E-002   1.0017018854680815        1.0101010101010102E-002   1.0017018854680815        1.0000000000000000        1.7763568394002505E-015
  0.89897793224449685        2.3209928786649411E-005   1.2121212121212121E-002   1.0016968474594652        1.0101010101010102E-002   1.0016968474594652        1.0000000000000000        1.7763568394002505E-015
  0.90907998966515635        2.1065391415810370E-005   1.2121212121212121E-002   1.0016922377758839        1.0101010101010102E-002   1.0016922377758839        1.0000000000000000        1.7763568394002505E-015
  0.91918209072830437        1.8931841062358592E-005   1.2121212121212121E-002   1.0016880100382157        1.0101010101010102E-002   1.0016880100382157        1.0000000000000000        1.7763568394002505E-015
  0.92928423190179110        1.6794402999918862E-005   1.2121212121212121E-002   1.0016842738708382        1.0101010101010102E-002   1.0016842738708382        1.0000000000000000        1.7763568394002505E-015
  0.93938640686422104        1.4607058662208364E-005   1.2121212121212121E-002   1.0016810496094473        1.0101010101010102E-002   1.0016810496094473        1.0000000000000000        1.7763568394002505E-015
  0.94948861133968732        1.2325374532102771E-005   1.2121212121212121E-002   1.0016781309050093        1.0101010101010102E-002   1.0016781309050093        1.0000000000000000        1.7763568394002505E-015
  0.95959084463203770        9.9408434313967251E-006   1.2121212121212121E-002   1.0016757906148102        1.0101010101010102E-002   1.0016757906148102        1.0000000000000000        1.7763568394002505E-015
  0.96969309394258485        7.5040383179604232E-006   1.2121212121212121E-002   1.0016736411222731        1.0101010101010102E-002   1.0016736411222731        1.0000000000000000        8.8817841970012523E-016
  0.97979537741210432        5.0047707459598908E-006   1.2121212121212121E-002   1.0016749279667252        1.0101010101010102E-002   1.0016749279667252        1.0000000000000000       -3.2862601528904634E-014
  0.98989758021401131        2.6450761289257783E-006   1.2121212121212121E-002   1.0016737994881184        1.0101010101010102E-002   1.0016737994881184        1.0000000000000000        1.5010215292932116E-013
  0.99999999999999800        0.0000000000000000        1.2121212121212121E-002   1.0017299086721567        1.0101010101010102E-002   1.0017299086721567        1.0000000000000000        1.0436096431476471E-012
