 # x v h rho m p cs a
   24.901818181821032     
   2.2097933889836721E-014   9.3074961879128272E-013   1.2121212121212121E-002   1.0018849453933536        1.0101010101010102E-002   1.0018849453933536        1.0000000000000000        6.1511684634751873E-011
   1.0100174730455703E-002   3.2495325991189753E-006   1.2121212121212121E-002   1.0018847756138800        1.0101010101010102E-002   1.0018847756138800        1.0000000000000000        3.5409281969656092E-005
   2.0200352816137964E-002   6.4859145362607305E-006   1.2121212121212121E-002   1.0018842669530608        1.0101010101010102E-002   1.0018842669530608        1.0000000000000000        7.0677463624768677E-005
   3.0300537598957115E-002   9.6960520631904525E-006   1.2121212121212121E-002   1.0018834214394770        1.0101010101010102E-002   1.0018834214394770        1.0000000000000000        1.0566377587739595E-004
   4.0400732394084871E-002   1.2866954529642997E-005   1.2121212121212121E-002   1.0018822424451390        1.0101010101010102E-002   1.0018822424451390        1.0000000000000000        1.4022900385679549E-004
   5.0500940476803993E-002   1.5985793252819903E-005   1.2121212121212121E-002   1.0018807346723229        1.0101010101010102E-002   1.0018807346723229        1.0000000000000000        1.7423498911117719E-004
   6.0601165069409886E-002   1.9039957825378689E-005   1.2121212121212121E-002   1.0018789041378255        1.0101010101010102E-002   1.0018789041378255        1.0000000000000000        2.0754585653204316E-004
   7.0701409328330952E-002   2.2017099318043298E-005   1.2121212121212121E-002   1.0018767581461772        1.0101010101010102E-002   1.0018767581461772        1.0000000000000000        2.4002897293495806E-004
   8.0801676331578809E-002   2.4905183565688454E-005   1.2121212121212121E-002   1.0018743052621062        1.0101010101010102E-002   1.0018743052621062        1.0000000000000000        2.7155425989899840E-004
   9.0901969066401592E-002   2.7692542533970947E-005   1.2121212121212121E-002   1.0018715552779061        1.0101010101010102E-002   1.0018715552779061        1.0000000000000000        3.0199583031986776E-004
  0.10100229041737875        3.0367923223623133E-005   1.2121212121212121E-002   1.0018685191759948        1.0101010101010102E-002   1.0018685191759948        1.0000000000000000        3.3123138131418983E-004
  0.11110264315481162        3.2920529043377557E-005   1.2121212121212121E-002   1.0018652090861502        1.0101010101010102E-002   1.0018652090861502        1.0000000000000000        3.5914396949543459E-004
  0.12120302992365720        3.5340063945039697E-005   1.2121212121212121E-002   1.0018616382357517        1.0101010101010102E-002   1.0018616382357517        1.0000000000000000        3.8562164653388464E-004
  0.13130345323291245        3.7616778841083573E-005   1.2121212121212121E-002   1.0018578208997371        1.0101010101010102E-002   1.0018578208997371        1.0000000000000000        4.1055787827826151E-004
  0.14140391544552838        3.9741505888527796E-005   1.2121212121212121E-002   1.0018537723468708        1.0101010101010102E-002   1.0018537723468708        1.0000000000000000        4.3385189155120685E-004
  0.15150441876884491        4.1705699838177536E-005   1.2121212121212121E-002   1.0018495087775201        1.0101010101010102E-002   1.0018495087775201        1.0000000000000000        4.5541012617444920E-004
  0.16160496524574317        4.3501467259103197E-005   1.2121212121212121E-002   1.0018450472590230        1.0101010101010102E-002   1.0018450472590230        1.0000000000000000        4.7514527257597194E-004
  0.17170555674635968        4.5121602088740353E-005   1.2121212121212121E-002   1.0018404056610379        1.0101010101010102E-002   1.0018404056610379        1.0000000000000000        4.9297725691843652E-004
  0.18180619496050052        4.6559613932292217E-005   1.2121212121212121E-002   1.0018356025840842        1.0101010101010102E-002   1.0018356025840842        1.0000000000000000        5.0883359455156096E-004
  0.19190688139077669        4.7809751271449730E-005   1.2121212121212121E-002   1.0018306572866911        1.0101010101010102E-002   1.0018306572866911        1.0000000000000000        5.2264944715219031E-004
  0.20200761734644834        4.8867026659117742E-005   1.2121212121212121E-002   1.0018255896078352        1.0101010101010102E-002   1.0018255896078352        1.0000000000000000        5.3436848443411122E-004
  0.21210840393809838        4.9727232904747931E-005   1.2121212121212121E-002   1.0018204198886416        1.0101010101010102E-002   1.0018204198886416        1.0000000000000000        5.4394215538167145E-004
  0.22220924207302339        5.0386964050297445E-005   1.2121212121212121E-002   1.0018151688937118        1.0101010101010102E-002   1.0018151688937118        1.0000000000000000        5.5133056509770739E-004
  0.23231013245144658        5.0843622814776668E-005   1.2121212121212121E-002   1.0018098577252503        1.0101010101010102E-002   1.0018098577252503        1.0000000000000000        5.5650302811027785E-004
  0.24241107556362310        5.1095434642510606E-005   1.2121212121212121E-002   1.0018045077396405        1.0101010101010102E-002   1.0018045077396405        1.0000000000000000        5.5943708203809450E-004
  0.25251207168769330        5.1141449244458972E-005   1.2121212121212121E-002   1.0017991404631501        1.0101010101010102E-002   1.0017991404631501        1.0000000000000000        5.6011959548563084E-004
  0.26261312088844946        5.0981548324218196E-005   1.2121212121212121E-002   1.0017937775046961        1.0101010101010102E-002   1.0017937775046961        1.0000000000000000        5.5854628355067604E-004
  0.27271422301691883        5.0616441732767604E-005   1.2121212121212121E-002   1.0017884404690041        1.0101010101010102E-002   1.0017884404690041        1.0000000000000000        5.5472216209651037E-004
  0.28281537771084309        5.0047665159898390E-005   1.2121212121212121E-002   1.0017831508689201        1.0101010101010102E-002   1.0017831508689201        1.0000000000000000        5.4866121566643500E-004
  0.29291658439599882        4.9277569058646094E-005   1.2121212121212121E-002   1.0017779300391563        1.0101010101010102E-002   1.0017779300391563        1.0000000000000000        5.4038646542675650E-004
  0.30301784228837803        4.8309316797448261E-005   1.2121212121212121E-002   1.0017727990495355        1.0101010101010102E-002   1.0017727990495355        1.0000000000000000        5.2993000471346363E-004
  0.31311915039722532        4.7146859329493101E-005   1.2121212121212121E-002   1.0017677786188357        1.0101010101010102E-002   1.0017677786188357        1.0000000000000000        5.1733281617138971E-004
  0.32322050752892745        4.5794928296720914E-005   1.2121212121212121E-002   1.0017628890320103        1.0101010101010102E-002   1.0017628890320103        1.0000000000000000        5.0264427664004074E-004
  0.33332191229167896        4.4259012593825801E-005   1.2121212121212121E-002   1.0017581500563670        1.0101010101010102E-002   1.0017581500563670        1.0000000000000000        4.8592288922844062E-004
  0.34342336310103316        4.2545332953762366E-005   1.2121212121212121E-002   1.0017535808589664        1.0101010101010102E-002   1.0017535808589664        1.0000000000000000        4.6723524527525484E-004
  0.35352485818621388        4.0660820168171863E-005   1.2121212121212121E-002   1.0017491999313524        1.0101010101010102E-002   1.0017491999313524        1.0000000000000000        4.4665558809686701E-004
  0.36362639559713750        3.8613084050371648E-005   1.2121212121212121E-002   1.0017450250123525        1.0101010101010102E-002   1.0017450250123525        1.0000000000000000        4.2426661577543712E-004
  0.37372797321226064        3.6410386044012924E-005   1.2121212121212121E-002   1.0017410730132761        1.0101010101010102E-002   1.0017410730132761        1.0000000000000000        4.0015818910887901E-004
  0.38382958874709255        3.4061600262621961E-005   1.2121212121212121E-002   1.0017373599508259        1.0101010101010102E-002   1.0017373599508259        1.0000000000000000        3.7442705353374350E-004
  0.39393123976335487        3.1576180478550789E-005   1.2121212121212121E-002   1.0017339008797641        1.0101010101010102E-002   1.0017339008797641        1.0000000000000000        3.4717708484688359E-004
  0.40403292367883747        2.8964125885121516E-005   1.2121212121212121E-002   1.0017307098304657        1.0101010101010102E-002   1.0017307098304657        1.0000000000000000        3.1851810882876919E-004
  0.41413463777779280        2.6235934157878529E-005   1.2121212121212121E-002   1.0017277997508247        1.0101010101010102E-002   1.0017277997508247        1.0000000000000000        2.8856614676087133E-004
  0.42423637922194113        2.3402561357915952E-005   1.2121212121212121E-002   1.0017251824522295        1.0101010101010102E-002   1.0017251824522295        1.0000000000000000        2.5744227987622992E-004
  0.43433814506193968        2.0475384513727322E-005   1.2121212121212121E-002   1.0017228685619723        1.0101010101010102E-002   1.0017228685619723        1.0000000000000000        2.2527251215009869E-004
  0.44443993224932138        1.7466146459193780E-005   1.2121212121212121E-002   1.0017208674776874        1.0101010101010102E-002   1.0017208674776874        1.0000000000000000        1.9218738547710501E-004
  0.45454173764887734        1.4386918203542473E-005   1.2121212121212121E-002   1.0017191873291231        1.0101010101010102E-002   1.0017191873291231        1.0000000000000000        1.5832097578716287E-004
  0.46464355805134122        1.1250041504433136E-005   1.2121212121212121E-002   1.0017178349419664        1.0101010101010102E-002   1.0017178349419664        1.0000000000000000        1.2381133549776990E-004
  0.47474539018650413        8.0680927052933588E-006   1.2121212121212121E-002   1.0017168158116760        1.0101010101010102E-002   1.0017168158116760        1.0000000000000000        8.8798006713020072E-005
  0.48484723073640695        4.8538208858234772E-006   1.2121212121212121E-002   1.0017161340817582        1.0101010101010102E-002   1.0017161340817582        1.0000000000000000        5.3423613063152686E-005
  0.49494907634887758        1.6201040266677078E-006   1.2121212121212121E-002   1.0017157925225362        1.0101010101010102E-002   1.0017157925225362        1.0000000000000000        1.7832086078861664E-005
  0.50505092365116722       -1.6201040878673199E-006   1.2121212121212121E-002   1.0017157925224047        1.0101010101010102E-002   1.0017157925224047        1.0000000000000000       -1.7832058635924852E-005
  0.51515276926364117       -4.8538205326634881E-006   1.2121212121212121E-002   1.0017161340817564        1.0101010101010102E-002   1.0017161340817564        1.0000000000000000       -5.3423666847685070E-005
  0.52525460981354088       -8.0680925880919290E-006   1.2121212121212121E-002   1.0017168158119092        1.0101010101010102E-002   1.0017168158119092        1.0000000000000000       -8.8798004823864574E-005
  0.53535644194870158       -1.1250042054107042E-005   1.2121212121212121E-002   1.0017178349420299        1.0101010101010102E-002   1.0017178349420299        1.0000000000000000       -1.2381130042982136E-004
  0.54545826235116635       -1.4386917448509996E-005   1.2121212121212121E-002   1.0017191873289710        1.0101010101010102E-002   1.0017191873289710        1.0000000000000000       -1.5832096267409668E-004
  0.55556006775072508       -1.7466146936844387E-005   1.2121212121212121E-002   1.0017208674776958        1.0101010101010102E-002   1.0017208674776958        1.0000000000000000       -1.9218743523907733E-004
  0.56566185493810395       -2.0475384248039917E-005   1.2121212121212121E-002   1.0017228685621959        1.0101010101010102E-002   1.0017228685621959        1.0000000000000000       -2.2527250916137831E-004
  0.57576362077810006       -2.3402561980044637E-005   1.2121212121212121E-002   1.0017251824521929        1.0101010101010102E-002   1.0017251824521929        1.0000000000000000       -2.5744222519463733E-004
  0.58586536222225161       -2.6235934345497977E-005   1.2121212121212121E-002   1.0017277997505669        1.0101010101010102E-002   1.0017277997505669        1.0000000000000000       -2.8856615409722508E-004
  0.59596707632120982       -2.8964125397413322E-005   1.2121212121212121E-002   1.0017307098305472        1.0101010101010102E-002   1.0017307098305472        1.0000000000000000       -3.1851817438610652E-004
  0.60606876023668754       -3.1576180586492663E-005   1.2121212121212121E-002   1.0017339008799784        1.0101010101010102E-002   1.0017339008799784        1.0000000000000000       -3.4717704768283397E-004
  0.61617041125294980       -3.4061600166722694E-005   1.2121212121212121E-002   1.0017373599507922        1.0101010101010102E-002   1.0017373599507922        1.0000000000000000       -3.7442704178936026E-004
  0.62627202678778326       -3.6410385770918613E-005   1.2121212121212121E-002   1.0017410730133987        1.0101010101010102E-002   1.0017410730133987        1.0000000000000000       -4.0015822865946404E-004
  0.63637360440290180       -3.8613084257581751E-005   1.2121212121212121E-002   1.0017450250123117        1.0101010101010102E-002   1.0017450250123117        1.0000000000000000       -4.2426654483307402E-004
  0.64647514181383081       -4.0660820061538844E-005   1.2121212121212121E-002   1.0017491999311179        1.0101010101010102E-002   1.0017491999311179        1.0000000000000000       -4.4665561505929929E-004
  0.65657663689901113       -4.2545332922586506E-005   1.2121212121212121E-002   1.0017535808587545        1.0101010101010102E-002   1.0017535808587545        1.0000000000000000       -4.6723522030944764E-004
  0.66667808770837012       -4.4259013050741617E-005   1.2121212121212121E-002   1.0017581500563335        1.0101010101010102E-002   1.0017581500563335        1.0000000000000000       -4.8592296187965900E-004
  0.67677949247111802       -4.5794928080830234E-005   1.2121212121212121E-002   1.0017628890323618        1.0101010101010102E-002   1.0017628890323618        1.0000000000000000       -5.0264427835422509E-004
  0.68688084960281504       -4.7146859351335899E-005   1.2121212121212121E-002   1.0017677786186407        1.0101010101010102E-002   1.0017677786186407        1.0000000000000000       -5.1733270054032943E-004
  0.69698215771167227       -4.8309316513196540E-005   1.2121212121212121E-002   1.0017727990493153        1.0101010101010102E-002   1.0017727990493153        1.0000000000000000       -5.2993011480939600E-004
  0.70708341560404697       -4.9277569430714748E-005   1.2121212121212121E-002   1.0017779300394916        1.0101010101010102E-002   1.0017779300394916        1.0000000000000000       -5.4038647256948735E-004
  0.71718462228919888       -5.0047664915669789E-005   1.2121212121212121E-002   1.0017831508689055        1.0101010101010102E-002   1.0017831508689055        1.0000000000000000       -5.4866113866047783E-004
  0.72728577698312735       -5.0616441587632527E-005   1.2121212121212121E-002   1.0017884404686519        1.0101010101010102E-002   1.0017884404686519        1.0000000000000000       -5.5472215938312530E-004
  0.73738687911160028       -5.0981548459137249E-005   1.2121212121212121E-002   1.0017937775044985        1.0101010101010102E-002   1.0017937775044985        1.0000000000000000       -5.5854632162422035E-004
  0.74748792831235722       -5.1141449098025922E-005   1.2121212121212121E-002   1.0017991404633566        1.0101010101010102E-002   1.0017991404633566        1.0000000000000000       -5.6011964743873932E-004
  0.75758892443642190       -5.1095434518129320E-005   1.2121212121212121E-002   1.0018045077398632        1.0101010101010102E-002   1.0018045077398632        1.0000000000000000       -5.5943703061878125E-004
  0.76768986754859891       -5.0843623103678125E-005   1.2121212121212121E-002   1.0018098577251526        1.0101010101010102E-002   1.0018098577251526        1.0000000000000000       -5.5650301264265067E-004
  0.77779075792702457       -5.0386964047953061E-005   1.2121212121212121E-002   1.0018151688938357        1.0101010101010102E-002   1.0018151688938357        1.0000000000000000       -5.5133062484546969E-004
  0.78789159606194437       -4.9727232915870673E-005   1.2121212121212121E-002   1.0018204198888465        1.0101010101010102E-002   1.0018204198888465        1.0000000000000000       -5.4394211505037759E-004
  0.79799238265359507       -4.8867026252276494E-005   1.2121212121212121E-002   1.0018255896078421        1.0101010101010102E-002   1.0018255896078421        1.0000000000000000       -5.3436848317378605E-004
  0.80809311860926636       -4.7809751772399353E-005   1.2121212121212121E-002   1.0018306572867264        1.0101010101010102E-002   1.0018306572867264        1.0000000000000000       -5.2264945281965680E-004
  0.81819380503954220       -4.6559614223252202E-005   1.2121212121212121E-002   1.0018356025841579        1.0101010101010102E-002   1.0018356025841579        1.0000000000000000       -5.0883359820019791E-004
  0.82829444325368162       -4.5121601598697329E-005   1.2121212121212121E-002   1.0018404056609855        1.0101010101010102E-002   1.0018404056609855        1.0000000000000000       -4.9297722641750141E-004
  0.83839503475430066       -4.3501467434837990E-005   1.2121212121212121E-002   1.0018450472588885        1.0101010101010102E-002   1.0018450472588885        1.0000000000000000       -4.7514528218517427E-004
  0.84849558123119928       -4.1705699959940359E-005   1.2121212121212121E-002   1.0018495087774630        1.0101010101010102E-002   1.0018495087774630        1.0000000000000000       -4.5541013712746548E-004
  0.85859608455451708       -3.9741505785729791E-005   1.2121212121212121E-002   1.0018537723471532        1.0101010101010102E-002   1.0018537723471532        1.0000000000000000       -4.3385195472467331E-004
  0.86869654676712538       -3.7616778263526683E-005   1.2121212121212121E-002   1.0018578208999103        1.0101010101010102E-002   1.0018578208999103        1.0000000000000000       -4.1055779009901983E-004
  0.87879697007638413       -3.5340064633074667E-005   1.2121212121212121E-002   1.0018616382354200        1.0101010101010102E-002   1.0018616382354200        1.0000000000000000       -3.8562162502842057E-004
  0.88889735684523374       -3.2920528979463642E-005   1.2121212121212121E-002   1.0018652090858615        1.0101010101010102E-002   1.0018652090858615        1.0000000000000000       -3.5914399962422294E-004
  0.89899770958266878       -3.0367923080268993E-005   1.2121212121212121E-002   1.0018685191760404        1.0101010101010102E-002   1.0018685191760404        1.0000000000000000       -3.3123142306035191E-004
  0.90909803093364205       -2.7692542602706207E-005   1.2121212121212121E-002   1.0018715552778614        1.0101010101010102E-002   1.0018715552778614        1.0000000000000000       -3.0199577139544687E-004
  0.91919832366846987       -2.4905183446306820E-005   1.2121212121212121E-002   1.0018743052621120        1.0101010101010102E-002   1.0018743052621120        1.0000000000000000       -2.7155433031911258E-004
  0.92929859067171305       -2.2017099096316201E-005   1.2121212121212121E-002   1.0018767581464696        1.0101010101010102E-002   1.0018767581464696        1.0000000000000000       -2.4002896215424840E-004
  0.93939883493063203       -1.9039957664596077E-005   1.2121212121212121E-002   1.0018789041378644        1.0101010101010102E-002   1.0018789041378644        1.0000000000000000       -2.0754581534987437E-004
  0.94949905952323921       -1.5985793423638263E-005   1.2121212121212121E-002   1.0018807346720608        1.0101010101010102E-002   1.0018807346720608        1.0000000000000000       -1.7423496128099458E-004
  0.95959926760596270       -1.2866954939400868E-005   1.2121212121212121E-002   1.0018822424448701        1.0101010101010102E-002   1.0018822424448701        1.0000000000000000       -1.4022903320753954E-004
  0.96969946240109184       -9.6960522335644620E-006   1.2121212121212121E-002   1.0018834214394381        1.0101010101010102E-002   1.0018834214394381        1.0000000000000000       -1.0566379280163574E-004
  0.97979964718390966       -6.4859143434033910E-006   1.2121212121212121E-002   1.0018842669528985        1.0101010101010102E-002   1.0018842669528985        1.0000000000000000       -7.0677426314169622E-005
  0.98989982526959708       -3.2495323714516750E-006   1.2121212121212121E-002   1.0018847756138938        1.0101010101010102E-002   1.0018847756138938        1.0000000000000000       -3.5409351585080628E-005
   1.0000000000000249       -1.2054520912783747E-012   1.2121212121212121E-002   1.0018849453933558        1.0101010101010102E-002   1.0018849453933558        1.0000000000000000        8.6561868783974205E-012
   1.0101001747304557        3.1632894163870945E-006   1.2121212121212121E-002   1.0018847756138800        1.0101010101010102E-002   1.0018847756138800        1.0000000000000000        3.5409297837851739E-005
   1.0202003528161379        6.3137719238332402E-006   1.2121212121212121E-002   1.0018842669530608        1.0101010101010102E-002   1.0018842669530608        1.0000000000000000        7.0677476068148337E-005
   1.0303005375989571        9.4386965262091107E-006   1.2121212121212121E-002   1.0018834214394770        1.0101010101010102E-002   1.0018834214394770        1.0000000000000000        1.0566377519616310E-004
   1.0404007323940849        1.2525411859247912E-005   1.2121212121212121E-002   1.0018822424451390        1.0101010101010102E-002   1.0018822424451390        1.0000000000000000        1.4022900208754407E-004
   1.0505009404768040        1.5561425845145844E-005   1.2121212121212121E-002   1.0018807346723229        1.0101010101010102E-002   1.0018807346723229        1.0000000000000000        1.7423498915292157E-004
   1.0606011650694098        1.8534458839191701E-005   1.2121212121212121E-002   1.0018789041378255        1.0101010101010102E-002   1.0018789041378255        1.0000000000000000        2.0754585791582514E-004
   1.0707014093283309        2.1432485069027768E-005   1.2121212121212121E-002   1.0018767581461772        1.0101010101010102E-002   1.0018767581461772        1.0000000000000000        2.4002897400432488E-004
   1.0808016763315789        2.4243787279260624E-005   1.2121212121212121E-002   1.0018743052621062        1.0101010101010102E-002   1.0018743052621062        1.0000000000000000        2.7155425928615529E-004
   1.0909019690664017        2.6957004117419950E-005   1.2121212121212121E-002   1.0018715552779061        1.0101010101010102E-002   1.0018715552779061        1.0000000000000000        7.6300264834958682     
   1.1010022904173788        2.9561180331987790E-005   1.2121212121212121E-002   1.0018685191759948        1.0101010101010102E-002   1.0018685191759948        1.0000000000000000        93.410920140292490     
  -1.0100174730402922E-002  -3.1632890385842669E-006   1.2121212121212121E-002   1.0018847756138938        1.0101010101010102E-002   1.0018847756138938        1.0000000000000000       -3.5409367121985724E-005
  -2.0200352816090339E-002  -6.3137718299889539E-006   1.2121212121212121E-002   1.0018842669528985        1.0101010101010102E-002   1.0018842669528985        1.0000000000000000       -7.0677436780464120E-005
  -3.0300537598908162E-002  -9.4386966508263190E-006   1.2121212121212121E-002   1.0018834214394381        1.0101010101010102E-002   1.0018834214394381        1.0000000000000000       -1.0566379280607663E-004
  -4.0400732394037298E-002  -1.2525412187151260E-005   1.2121212121212121E-002   1.0018822424448701        1.0101010101010102E-002   1.0018822424448701        1.0000000000000000       -1.4022903319954594E-004
  -5.0500940476760792E-002  -1.5561426078134538E-005   1.2121212121212121E-002   1.0018807346720608        1.0101010101010102E-002   1.0018807346720608        1.0000000000000000       -1.7423496127744187E-004
  -6.0601165069367968E-002  -1.8534458783388550E-005   1.2121212121212121E-002   1.0018789041378644        1.0101010101010102E-002   1.0018789041378644        1.0000000000000000       -2.0754581536319705E-004
  -7.0701409328286946E-002  -2.1432484880441033E-005   1.2121212121212121E-002   1.0018767581464696        1.0101010101010102E-002   1.0018767581464696        1.0000000000000000       -2.4002896215247205E-004
  -8.0801676331530126E-002  -2.4243786995789912E-005   1.2121212121212121E-002   1.0018743052621120        1.0101010101010102E-002   1.0018743052621120        1.0000000000000000       -2.7155433032621801E-004
  -9.0901969066357946E-002  -2.6957004311595070E-005   1.2121212121212121E-002   1.0018715552778614        1.0101010101010102E-002   1.0018715552778614        1.0000000000000000       -7.6300264834454623     
 -0.10100229041733122       -2.9561180101658912E-005   1.2121212121212121E-002   1.0018685191760404        1.0101010101010102E-002   1.0018685191760404        1.0000000000000000       -93.410920140310111     
