 # x v h rho m p cs a
   18.050909090908132     
   1.3635859261421786E-014   7.4380905475249709E-014   1.2121212121212121E-002   1.0018979235606664        1.0101010101010102E-002   1.0018979235606664        1.0000000000000000        1.2532197501968767E-012
   1.0100046490904317E-002  -8.7900021234843844E-007   1.2121212121212121E-002   1.0018977271133760        1.0101010101010102E-002   1.0018977271133760        1.0000000000000000        4.0970558578656835E-005
   2.0200096863987983E-002  -1.7545472968955778E-006   1.2121212121212121E-002   1.0018971385650457        1.0101010101010102E-002   1.0018971385650457        1.0000000000000000        8.1775685051077573E-005
   3.0300154985776824E-002  -2.6232060000075948E-006   1.2121212121212121E-002   1.0018961602915162        1.0101010101010102E-002   1.0018961602915162        1.0000000000000000        1.2225098695139991E-004
   4.0400224691542884E-002  -3.4815631527828749E-006   1.2121212121212121E-002   1.0018947962420861        1.0101010101010102E-002   1.0018947962420861        1.0000000000000000        1.6223282603267108E-004
   5.0500309769799849E-002  -4.3262400592402913E-006   1.2121212121212121E-002   1.0018930519247013        1.0101010101010102E-002   1.0018930519247013        1.0000000000000000        2.0155991547010643E-004
   6.0600413947029287E-002  -5.1539096415438964E-006   1.2121212121212121E-002   1.0018909343812830        1.0101010101010102E-002   1.0018909343812830        1.0000000000000000        2.4007375488732663E-004
   7.0700540872659562E-002  -5.9613089734544411E-006   1.2121212121212121E-002   1.0018884521590388        1.0101010101010102E-002   1.0018884521590388        1.0000000000000000        2.7761902649992010E-004
   8.0800694104357987E-002  -6.7452478043128216E-006   1.2121212121212121E-002   1.0018856152781801        1.0101010101010102E-002   1.0018856152781801        1.0000000000000000        3.1404393474776526E-004
   9.0900877093634591E-002  -7.5026189944917035E-006   1.2121212121212121E-002   1.0018824351900586        1.0101010101010102E-002   1.0018824351900586        1.0000000000000000        3.4920187922882207E-004
  0.10100109317196485       -8.2304139645333481E-006   1.2121212121212121E-002   1.0018789247288302        1.0101010101010102E-002   1.0018789247288302        1.0000000000000000        3.8295113175834672E-004
  0.11110134553735443       -8.9257352818600818E-006   1.2121212121212121E-002   1.0018750980611961        1.0101010101010102E-002   1.0018750980611961        1.0000000000000000        4.1515556798454867E-004
  0.12120163724144203       -9.5858053081802723E-006   1.2121212121212121E-002   1.0018709706290143        1.0101010101010102E-002   1.0018709706290143        1.0000000000000000        4.4568535573574763E-004
  0.13130197117719905       -1.0207973934880278E-005   1.2121212121212121E-002   1.0018665590863047        1.0101010101010102E-002   1.0018665590863047        1.0000000000000000        4.7441753480637061E-004
  0.14140235006727164       -1.0789733363800385E-005   1.2121212121212121E-002   1.0018618812299531        1.0101010101010102E-002   1.0018618812299531        1.0000000000000000        5.0123668831059121E-004
  0.15150277645305626       -1.1328730395042601E-005   1.2121212121212121E-002   1.0018569559291211        1.0101010101010102E-002   1.0018569559291211        1.0000000000000000        5.2603455336885929E-004
  0.16160325268442660       -1.1822771887505393E-005   1.2121212121212121E-002   1.0018518030497883        1.0101010101010102E-002   1.0018518030497883        1.0000000000000000        5.4871140703216525E-004
  0.17170378091029387       -1.2269832181283944E-005   1.2121212121212121E-002   1.0018464433726109        1.0101010101010102E-002   1.0018464433726109        1.0000000000000000        5.6917612220264147E-004
  0.18180436306996020       -1.2668066528232962E-005   1.2121212121212121E-002   1.0018408985077976        1.0101010101010102E-002   1.0018408985077976        1.0000000000000000        5.8734670511828568E-004
  0.19190500088536336       -1.3015818937486387E-005   1.2121212121212121E-002   1.0018351908098473        1.0101010101010102E-002   1.0018351908098473        1.0000000000000000        6.0314977581477081E-004
  0.20200569585410266       -1.3311627738208550E-005   1.2121212121212121E-002   1.0018293432869945        1.0101010101010102E-002   1.0018293432869945        1.0000000000000000        6.1652222388275391E-004
  0.21210644924347083       -1.3554231424188248E-005   1.2121212121212121E-002   1.0018233795057458        1.0101010101010102E-002   1.0018233795057458        1.0000000000000000        6.2741054057635637E-004
  0.22220726208537825       -1.3742574019523208E-005   1.2121212121212121E-002   1.0018173234978771        1.0101010101010102E-002   1.0018173234978771        1.0000000000000000        6.3577104558465436E-004
  0.23230813517220597       -1.3875820057758275E-005   1.2121212121212121E-002   1.0018111996626990        1.0101010101010102E-002   1.0018111996626990        1.0000000000000000        6.4157055762326110E-004
  0.24240906905366813       -1.3953347298734818E-005   1.2121212121212121E-002   1.0018050326687027        1.0101010101010102E-002   1.0018050326687027        1.0000000000000000        6.4478590251315637E-004
  0.25251006403460724       -1.3974754794993541E-005   1.2121212121212121E-002   1.0017988473547379        1.0101010101010102E-002   1.0017988473547379        1.0000000000000000        6.4540454095318722E-004
  0.26261112017380184       -1.3939868572178678E-005   1.2121212121212121E-002   1.0017926686276586        1.0101010101010102E-002   1.0017926686276586        1.0000000000000000        6.4342461364752523E-004
  0.27271223728379790       -1.3848740332469820E-005   1.2121212121212121E-002   1.0017865213636730        1.0101010101010102E-002   1.0017865213636730        1.0000000000000000        6.3885418552533935E-004
  0.28281341493165640       -1.3701650986412425E-005   1.2121212121212121E-002   1.0017804303088456        1.0101010101010102E-002   1.0017804303088456        1.0000000000000000        6.3171211395296467E-004
  0.29291465244075193       -1.3499110538586357E-005   1.2121212121212121E-002   1.0017744199788372        1.0101010101010102E-002   1.0017744199788372        1.0000000000000000        6.2202741136374584E-004
  0.30301594889350386       -1.3241854057418161E-005   1.2121212121212121E-002   1.0017685145592192        1.0101010101010102E-002   1.0017685145592192        1.0000000000000000        6.0983974591621859E-004
  0.31311730313515118       -1.2930846119097360E-005   1.2121212121212121E-002   1.0017627378094123        1.0101010101010102E-002   1.0017627378094123        1.0000000000000000        5.9519815027453404E-004
  0.32321871377838085       -1.2567272206184173E-005   1.2121212121212121E-002   1.0017571129686911        1.0101010101010102E-002   1.0017571129686911        1.0000000000000000        5.7816194229598494E-004
  0.33332017920895346       -1.2152539492138464E-005   1.2121212121212121E-002   1.0017516626602760        1.0101010101010102E-002   1.0017516626602760        1.0000000000000000        5.5880014095421870E-004
  0.34342169759224545       -1.1688266953523225E-005   1.2121212121212121E-002   1.0017464088020380        1.0101010101010102E-002   1.0017464088020380        1.0000000000000000        5.3719076465075233E-004
  0.35352326688063068       -1.1176285789691069E-005   1.2121212121212121E-002   1.0017413725186752        1.0101010101010102E-002   1.0017413725186752        1.0000000000000000        5.1342112117147565E-004
  0.36362488482176553       -1.0618630177449885E-005   1.2121212121212121E-002   1.0017365740574780        1.0101010101010102E-002   1.0017365740574780        1.0000000000000000        4.8758684372351979E-004
  0.37372654896763524       -1.0017525684096533E-005   1.2121212121212121E-002   1.0017320327066777        1.0101010101010102E-002   1.0017320327066777        1.0000000000000000        4.5979230096904189E-004
  0.38382825668445836       -9.3753858047444926E-006   1.2121212121212121E-002   1.0017277667180713        1.0101010101010102E-002   1.0017277667180713        1.0000000000000000        4.3014927825879568E-004
  0.39393000516326754       -8.6948005372771084E-006   1.2121212121212121E-002   1.0017237932351528        1.0101010101010102E-002   1.0017237932351528        1.0000000000000000        3.9877718356340353E-004
  0.40403179143123069       -7.9785275315431243E-006   1.2121212121212121E-002   1.0017201282236232        1.0101010101010102E-002   1.0017201282236232        1.0000000000000000        3.6580228816518456E-004
  0.41413361236361662       -7.2294753252753697E-006   1.2121212121212121E-002   1.0017167864085015        1.0101010101010102E-002   1.0017167864085015        1.0000000000000000        3.3135717350685212E-004
  0.42423546469635542       -6.4506970661532927E-006   1.2121212121212121E-002   1.0017137812148058        1.0101010101010102E-002   1.0017137812148058        1.0000000000000000        2.9558049398836772E-004
  0.43433734503918320       -5.6453756005652096E-006   1.2121212121212121E-002   1.0017111247137711        1.0101010101010102E-002   1.0017111247137711        1.0000000000000000        2.5861608040678163E-004
  0.44443924988926897       -4.8168106968915259E-006   1.2121212121212121E-002   1.0017088275752615        1.0101010101010102E-002   1.0017088275752615        1.0000000000000000        2.2061253562455363E-004
  0.45454117564530022       -3.9684009348858916E-006   1.2121212121212121E-002   1.0017068990252584        1.0101010101010102E-002   1.0017068990252584        1.0000000000000000        1.8172256278869980E-004
  0.46464311862195373       -3.1036342377823584E-006   1.2121212121212121E-002   1.0017053468091066        1.0101010101010102E-002   1.0017053468091066        1.0000000000000000        1.4210247046264612E-004
  0.47474507506470803       -2.2260711777149459E-006   1.2121212121212121E-002   1.0017041771599784        1.0101010101010102E-002   1.0017041771599784        1.0000000000000000        1.0191153377903106E-004
  0.48484704116494398       -1.3393269175514815E-006   1.2121212121212121E-002   1.0017033947748846        1.0101010101010102E-002   1.0017033947748846        1.0000000000000000        6.1311107043771074E-005
  0.49494901307522648       -4.4705722872805461E-007   1.2121212121212121E-002   1.0017030027952396        1.0101010101010102E-002   1.0017030027952396        1.0000000000000000        2.0464494769001362E-005
  0.50505098692479700        4.4705672326161571E-007   1.2121212121212121E-002   1.0017030027951954        1.0101010101010102E-002   1.0017030027951954        1.0000000000000000       -2.0464487627158690E-005
  0.51515295883508061        1.3393270206467063E-006   1.2121212121212121E-002   1.0017033947748528        1.0101010101010102E-002   1.0017033947748528        1.0000000000000000       -6.1311113070061651E-005
  0.52525492493531567        2.2260713798230431E-006   1.2121212121212121E-002   1.0017041771597599        1.0101010101010102E-002   1.0017041771597599        1.0000000000000000       -1.0191148886917745E-004
  0.53535688137807558        3.1036342735321594E-006   1.2121212121212121E-002   1.0017053468089305        1.0101010101010102E-002   1.0017053468089305        1.0000000000000000       -1.4210252616742025E-004
  0.54545882435472737        3.9684010406619227E-006   1.2121212121212121E-002   1.0017068990253348        1.0101010101010102E-002   1.0017068990253348        1.0000000000000000       -1.8172255737702869E-004
  0.55556075011075801        4.8168106292563830E-006   1.2121212121212121E-002   1.0017088275751729        1.0101010101010102E-002   1.0017088275751729        1.0000000000000000       -2.2061251127336590E-004
  0.56566265496084678        5.6453759755030046E-006   1.2121212121212121E-002   1.0017111247138271        1.0101010101010102E-002   1.0017111247138271        1.0000000000000000       -2.5861613072919454E-004
  0.57576453530367022        6.4506968740117274E-006   1.2121212121212121E-002   1.0017137812149033        1.0101010101010102E-002   1.0017137812149033        1.0000000000000000       -2.9558045546718148E-004
  0.58586638763641130        7.2294752799215742E-006   1.2121212121212121E-002   1.0017167864085570        1.0101010101010102E-002   1.0017167864085570        1.0000000000000000       -3.3135720344024122E-004
  0.59596820856879384        7.9785275181858958E-006   1.2121212121212121E-002   1.0017201282236110        1.0101010101010102E-002   1.0017201282236110        1.0000000000000000       -3.6580223916438115E-004
  0.60606999483676038        8.6948004956956918E-006   1.2121212121212121E-002   1.0017237932349803        1.0101010101010102E-002   1.0017237932349803        1.0000000000000000       -3.9877720322856192E-004
  0.61617174331557045        9.3753857502315071E-006   1.2121212121212121E-002   1.0017277667181876        1.0101010101010102E-002   1.0017277667181876        1.0000000000000000       -4.3014931653750921E-004
  0.62627345103238974        1.0017526102439905E-005   1.2121212121212121E-002   1.0017320327067587        1.0101010101010102E-002   1.0017320327067587        1.0000000000000000       -4.5979225924330791E-004
  0.63637511517826162        1.0618630010853998E-005   1.2121212121212121E-002   1.0017365740574675        1.0101010101010102E-002   1.0017365740574675        1.0000000000000000       -4.8758686401217943E-004
  0.64647673311939469        1.1176285532788077E-005   1.2121212121212121E-002   1.0017413725186701        1.0101010101010102E-002   1.0017413725186701        1.0000000000000000       -5.1342110140950581E-004
  0.65657830240778170        1.1688267127782653E-005   1.2121212121212121E-002   1.0017464088019834        1.0101010101010102E-002   1.0017464088019834        1.0000000000000000       -5.3719077203062682E-004
  0.66667982079107291        1.2152539249600858E-005   1.2121212121212121E-002   1.0017516626601548        1.0101010101010102E-002   1.0017516626601548        1.0000000000000000       -5.5880012286468883E-004
  0.67678128622164935        1.2567272740112752E-005   1.2121212121212121E-002   1.0017571129688436        1.0101010101010102E-002   1.0017571129688436        1.0000000000000000       -5.7816201664806499E-004
  0.68688269686487158        1.2930845384575597E-005   1.2121212121212121E-002   1.0017627378095240        1.0101010101010102E-002   1.0017627378095240        1.0000000000000000       -5.9519806870955705E-004
  0.69698405110652395        1.3241854770714288E-005   1.2121212121212121E-002   1.0017685145591784        1.0101010101010102E-002   1.0017685145591784        1.0000000000000000       -6.0983979591533455E-004
  0.70708534755927210        1.3499110671218332E-005   1.2121212121212121E-002   1.0017744199788798        1.0101010101010102E-002   1.0017744199788798        1.0000000000000000       -6.2202737452565771E-004
  0.71718658506837007        1.3701650545685577E-005   1.2121212121212121E-002   1.0017804303087443        1.0101010101010102E-002   1.0017804303087443        1.0000000000000000       -6.3171212498769336E-004
  0.72728776271622864        1.3848740291875485E-005   1.2121212121212121E-002   1.0017865213636750        1.0101010101010102E-002   1.0017865213636750        1.0000000000000000       -6.3885419101339380E-004
  0.73738887982622436        1.3939868486490410E-005   1.2121212121212121E-002   1.0017926686276779        1.0101010101010102E-002   1.0017926686276779        1.0000000000000000       -6.4342461780064752E-004
  0.74748993596541935        1.3974754918556778E-005   1.2121212121212121E-002   1.0017988473549804        1.0101010101010102E-002   1.0017988473549804        1.0000000000000000       -6.4540458400230705E-004
  0.75759093094635266        1.3953347097830546E-005   1.2121212121212121E-002   1.0018050326688088        1.0101010101010102E-002   1.0018050326688088        1.0000000000000000       -6.4478582714944110E-004
  0.76769186482781793        1.3875820032852132E-005   1.2121212121212121E-002   1.0018111996623627        1.0101010101010102E-002   1.0018111996623627        1.0000000000000000       -6.4157054076208198E-004
  0.77779273791465042        1.3742574741423704E-005   1.2121212121212121E-002   1.0018173234977612        1.0101010101010102E-002   1.0018173234977612        1.0000000000000000       -6.3577110637869083E-004
  0.78789355075655509        1.3554231360238557E-005   1.2121212121212121E-002   1.0018233795057376        1.0101010101010102E-002   1.0018233795057376        1.0000000000000000       -6.2741050343806393E-004
  0.79799430414592565        1.3311627253281132E-005   1.2121212121212121E-002   1.0018293432868310        1.0101010101010102E-002   1.0018293432868310        1.0000000000000000       -6.1652223287289587E-004
  0.80809499911466676        1.3015819111387564E-005   1.2121212121212121E-002   1.0018351908100085        1.0101010101010102E-002   1.0018351908100085        1.0000000000000000       -6.0314983197873318E-004
  0.81819563693006414        1.2668066554125443E-005   1.2121212121212121E-002   1.0018408985078668        1.0101010101010102E-002   1.0018408985078668        1.0000000000000000       -5.8734662970838514E-004
  0.82829621908973450        1.2269832363652100E-005   1.2121212121212121E-002   1.0018464433723868        1.0101010101010102E-002   1.0018464433723868        1.0000000000000000       -5.6917613597562422E-004
  0.83839674731560321        1.1822771566580322E-005   1.2121212121212121E-002   1.0018518030498260        1.0101010101010102E-002   1.0018518030498260        1.0000000000000000       -5.4871144704904395E-004
  0.84849722354697099        1.1328730617871322E-005   1.2121212121212121E-002   1.0018569559292374        1.0101010101010102E-002   1.0018569559292374        1.0000000000000000       -5.2603453275956724E-004
  0.85859764993275534        1.0789733400880760E-005   1.2121212121212121E-002   1.0018618812298492        1.0101010101010102E-002   1.0018618812298492        1.0000000000000000       -5.0123666140766687E-004
  0.86869802882283065        1.0207973621104258E-005   1.2121212121212121E-002   1.0018665590861853        1.0101010101010102E-002   1.0018665590861853        1.0000000000000000       -4.7441755453014878E-004
  0.87879836275858747        9.5858049947241156E-006   1.2121212121212121E-002   1.0018709706290048        1.0101010101010102E-002   1.0018709706290048        1.0000000000000000       -4.4568536284916860E-004
  0.88889865446267569        8.9257357792784217E-006   1.2121212121212121E-002   1.0018750980614153        1.0101010101010102E-002   1.0018750980614153        1.0000000000000000       -4.1515561221405761E-004
  0.89899890682805994        8.2304138603988160E-006   1.2121212121212121E-002   1.0018789247290310        1.0101010101010102E-002   1.0018789247290310        1.0000000000000000       -3.8295107989760879E-004
  0.90909912290639083        7.5026188967330578E-006   1.2121212121212121E-002   1.0018824351898543        1.0101010101010102E-002   1.0018824351898543        1.0000000000000000       -3.4920184746578542E-004
  0.91919930589567178        6.7452479071043168E-006   1.2121212121212121E-002   1.0018856152780604        1.0101010101010102E-002   1.0018856152780604        1.0000000000000000       -3.1404397810330664E-004
  0.92929945912736800        5.9613092657666724E-006   1.2121212121212121E-002   1.0018884521589362        1.0101010101010102E-002   1.0018884521589362        1.0000000000000000       -2.7761899218958774E-004
  0.93939958605300278        5.1539091425134614E-006   1.2121212121212121E-002   1.0018909343813325        1.0101010101010102E-002   1.0018909343813325        1.0000000000000000       -2.4007382089319407E-004
  0.94949969023022662        4.3262399733412512E-006   1.2121212121212121E-002   1.0018930519248421        1.0101010101010102E-002   1.0018930519248421        1.0000000000000000       -2.0155987163406053E-004
  0.95959977530848617        3.4815630662895060E-006   1.2121212121212121E-002   1.0018947962421587        1.0101010101010102E-002   1.0018947962421587        1.0000000000000000       -1.6223285059080439E-004
  0.96969984501424777        2.6232060276347852E-006   1.2121212121212121E-002   1.0018961602913039        1.0101010101010102E-002   1.0018961602913039        1.0000000000000000       -1.2225090249984305E-004
  0.97979990313604615        1.7545474340926910E-006   1.2121212121212121E-002   1.0018971385650353        1.0101010101010102E-002   1.0018971385650353        1.0000000000000000       -8.1775813471907099E-005
  0.98989995350912063        8.7899990573714942E-007   1.2121212121212121E-002   1.0018977271136449        1.0101010101010102E-002   1.0018977271136449        1.0000000000000000       -4.0970491522962504E-005
   1.0000000000000142        1.0197858151187093E-012   1.2121212121212121E-002   1.0018979235606700        1.0101010101010102E-002   1.0018979235606700        1.0000000000000000       -1.0184741938701336E-011
   1.0101000464909042       -9.7820948503233824E-007   1.2121212121212121E-002   1.0018977271133760        1.0101010101010102E-002   1.0018977271133760        1.0000000000000000        4.0970563148334804E-005
   1.0202000968639879       -1.9525653512506336E-006   1.2121212121212121E-002   1.0018971385650457        1.0101010101010102E-002   1.0018971385650457        1.0000000000000000        8.1775688014040782E-005
   1.0303001549857769       -2.9192340059472830E-006   1.2121212121212121E-002   1.0018961602915162        1.0101010101010102E-002   1.0018961602915162        1.0000000000000000        1.2225098552143265E-004
   1.0404002246915429       -3.8744059921974004E-006   1.2121212121212121E-002   1.0018947962420861        1.0101010101010102E-002   1.0018947962420861        1.0000000000000000        1.6223282522886961E-004
   1.0505003097697998       -4.8143121600638221E-006   1.2121212121212121E-002   1.0018930519247013        1.0101010101010102E-002   1.0018930519247013        1.0000000000000000        2.0155991684411845E-004
   1.0606004139470293       -5.7352415932271786E-006   1.2121212121212121E-002   1.0018909343812830        1.0101010101010102E-002   1.0018909343812830        1.0000000000000000        2.4007375402579356E-004
   1.0707005408726595       -6.6335551261256958E-006   1.2121212121212121E-002   1.0018884521590388        1.0101010101010102E-002   1.0018884521590388        1.0000000000000000        2.7761902695733198E-004
   1.0808006941043580       -7.5056949006349949E-006   1.2121212121212121E-002   1.0018856152781801        1.0101010101010102E-002   1.0018856152781801        1.0000000000000000        3.1404393515721551E-004
   1.0909008770936346       -8.3481988462487086E-006   1.2121212121212121E-002   1.0018824351900586        1.0101010101010102E-002   1.0018824351900586        1.0000000000000000        7.6307710218424347     
   1.1010010931719649       -9.1577152159654255E-006   1.2121212121212121E-002   1.0018789247288302        1.0101010101010102E-002   1.0018789247288302        1.0000000000000000        93.411333789306738     
  -1.0100046490879366E-002   9.7820905532705629E-007   1.2121212121212121E-002   1.0018977271136449        1.0101010101010102E-002   1.0018977271136449        1.0000000000000000       -4.0970494573855376E-005
  -2.0200096863953854E-002   1.9525657839872320E-006   1.2121212121212121E-002   1.0018971385650353        1.0101010101010102E-002   1.0018971385650353        1.0000000000000000       -8.1775815652385120E-005
  -3.0300154985752226E-002   2.9192338333672156E-006   1.2121212121212121E-002   1.0018961602913039        1.0101010101010102E-002   1.0018961602913039        1.0000000000000000       -1.2225090251405391E-004
  -4.0400224691513831E-002   3.8744059621437330E-006   1.2121212121212121E-002   1.0018947962421587        1.0101010101010102E-002   1.0018947962421587        1.0000000000000000       -1.6223285058192261E-004
  -5.0500309769773377E-002   4.8143119670730724E-006   1.2121212121212121E-002   1.0018930519248421        1.0101010101010102E-002   1.0018930519248421        1.0000000000000000       -2.0155987163761324E-004
  -6.0600413946997223E-002   5.7352412760580039E-006   1.2121212121212121E-002   1.0018909343813325        1.0101010101010102E-002   1.0018909343813325        1.0000000000000000       -2.4007382089497042E-004
  -7.0700540872632001E-002   6.6335553168701498E-006   1.2121212121212121E-002   1.0018884521589362        1.0101010101010102E-002   1.0018884521589362        1.0000000000000000       -2.7761899219047592E-004
  -8.0800694104328219E-002   7.5056951005383034E-006   1.2121212121212121E-002   1.0018856152780604        1.0101010101010102E-002   1.0018856152780604        1.0000000000000000       -3.1404397810952389E-004
  -9.0900877093609167E-002   8.3481986825258593E-006   1.2121212121212121E-002   1.0018824351898543        1.0101010101010102E-002   1.0018824351898543        1.0000000000000000       -7.6307710218280391     
 -0.10100109317194006        9.1577150015126736E-006   1.2121212121212121E-002   1.0018789247290310        1.0101010101010102E-002   1.0018789247290310        1.0000000000000000       -93.411333789284967     
