 # x v h rho m p cs a
   4.4009999999998044     
  -8.6082646124383397E-006  -5.9859978564147740E-005   1.2121212121212121E-002   1.0018079061408847        1.0101010101010102E-002   1.0018079061408847        1.0000000000000000        1.2434497875801753E-014
   1.0092310420812732E-002  -5.9114676001964167E-005   1.2121212121212121E-002   1.0018106108443854        1.0101010101010102E-002   1.0018106108443854        1.0000000000000000       -1.4210854715202004E-014
   2.0193209152109075E-002  -5.7848430679753849E-005   1.2121212121212121E-002   1.0018124316283803        1.0101010101010102E-002   1.0018124316283803        1.0000000000000000       -9.9475983006414026E-014
   3.0294092706086476E-002  -5.6567549421474851E-005   1.2121212121212121E-002   1.0018139446758114        1.0101010101010102E-002   1.0018139446758114        1.0000000000000000        6.1284310959308641E-014
   4.0394961659057864E-002  -5.5563688345263503E-005   1.2121212121212121E-002   1.0018152502255491        1.0101010101010102E-002   1.0018152502255491        1.0000000000000000        3.5527136788005009E-015
   5.0495819217546908E-002  -5.4866008625192797E-005   1.2121212121212121E-002   1.0018162664651582        1.0101010101010102E-002   1.0018162664651582        1.0000000000000000        4.4408920985006262E-015
   6.0596668590789930E-002  -5.4424400478639054E-005   1.2121212121212121E-002   1.0018172944093156        1.0101010101010102E-002   1.0018172944093156        1.0000000000000000       -8.8817841970012523E-015
   7.0697506355677411E-002  -5.4016491317820086E-005   1.2121212121212121E-002   1.0018186620836569        1.0101010101010102E-002   1.0018186620836569        1.0000000000000000       -5.1514348342607263E-014
   8.0798328862133117E-002  -5.3051834334915146E-005   1.2121212121212121E-002   1.0018204839356841        1.0101010101010102E-002   1.0018204839356841        1.0000000000000000        2.1316282072803006E-014
   9.0899130603350323E-002  -5.1072428397878764E-005   1.2121212121212121E-002   1.0018227189261162        1.0101010101010102E-002   1.0018227189261162        1.0000000000000000        7.1054273576010019E-015
  0.10099990826788507       -4.7946233217247161E-005   1.2121212121212121E-002   1.0018249452327208        1.0101010101010102E-002   1.0018249452327208        1.0000000000000000        7.1054273576010019E-015
  0.11110066536721824       -4.4225738634397228E-005   1.2121212121212121E-002   1.0018267930705356        1.0101010101010102E-002   1.0018267930705356        1.0000000000000000        3.5527136788005009E-015
  0.12120140723317470       -4.0470153105738927E-005   1.2121212121212121E-002   1.0018286840215815        1.0101010101010102E-002   1.0018286840215815        1.0000000000000000        1.9539925233402755E-014
  0.13130212793746771       -3.6959954706158703E-005   1.2121212121212121E-002   1.0018311469015946        1.0101010101010102E-002   1.0018311469015946        1.0000000000000000        8.0824236192711396E-014
  0.14140281999145218       -3.3695974217986273E-005   1.2121212121212121E-002   1.0018334842302572        1.0101010101010102E-002   1.0018334842302572        1.0000000000000000        2.2204460492503131E-014
  0.15150349268427105       -3.0949190917096407E-005   1.2121212121212121E-002   1.0018345993739486        1.0101010101010102E-002   1.0018345993739486        1.0000000000000000       -6.2172489379008766E-015
  0.16160416275695896       -2.8851572723722626E-005   1.2121212121212121E-002   1.0018344560353412        1.0101010101010102E-002   1.0018344560353412        1.0000000000000000       -6.2172489379008766E-015
  0.17170483880519991       -2.7153782534058842E-005   1.2121212121212121E-002   1.0018333302413240        1.0101010101010102E-002   1.0018333302413240        1.0000000000000000       -6.2172489379008766E-015
  0.18180553063861088       -2.5334498971968370E-005   1.2121212121212121E-002   1.0018309803617116        1.0101010101010102E-002   1.0018309803617116        1.0000000000000000       -6.2172489379008766E-015
  0.19190625325569649       -2.3819158570444790E-005   1.2121212121212121E-002   1.0018275065221662        1.0101010101010102E-002   1.0018275065221662        1.0000000000000000       -6.2172489379008766E-015
  0.20200701463254359       -2.3027385627693340E-005   1.2121212121212121E-002   1.0018234648426330        1.0101010101010102E-002   1.0018234648426330        1.0000000000000000       -6.2172489379008766E-015
  0.21210781778257159       -2.3040223584333258E-005   1.2121212121212121E-002   1.0018192754140136        1.0101010101010102E-002   1.0018192754140136        1.0000000000000000       -6.2172489379008766E-015
  0.22220866175418663       -2.3379941233285239E-005   1.2121212121212121E-002   1.0018148524800472        1.0101010101010102E-002   1.0018148524800472        1.0000000000000000       -1.7763568394002505E-015
  0.23230955200201756       -2.3472793319442780E-005   1.2121212121212121E-002   1.0018100183016341        1.0101010101010102E-002   1.0018100183016341        1.0000000000000000       -5.6843418860808015E-014
  0.24241049149433785       -2.3121341821854656E-005   1.2121212121212121E-002   1.0018047497761331        1.0101010101010102E-002   1.0018047497761331        1.0000000000000000       -1.8562928971732617E-013
  0.25251148568250609       -2.2519174305962749E-005   1.2121212121212121E-002   1.0017989784135060        1.0101010101010102E-002   1.0017989784135060        1.0000000000000000        1.8385293287792592E-013
  0.26261253970293230       -2.2519177103241034E-005   1.2121212121212121E-002   1.0017930097701992        1.0101010101010102E-002   1.0017930097701992        1.0000000000000000        5.0626169922907138E-014
  0.27271365255411095       -2.2572773481512211E-005   1.2121212121212121E-002   1.0017873012996223        1.0101010101010102E-002   1.0017873012996223        1.0000000000000000       -6.2172489379008766E-015
  0.28281481980046247       -2.2179288326079448E-005   1.2121212121212121E-002   1.0017821122093296        1.0101010101010102E-002   1.0017821122093296        1.0000000000000000       -6.2172489379008766E-015
  0.29291603480766498       -2.1825278942443812E-005   1.2121212121212121E-002   1.0017772043688644        1.0101010101010102E-002   1.0017772043688644        1.0000000000000000       -6.2172489379008766E-015
  0.30301729821359080       -2.1752857648164968E-005   1.2121212121212121E-002   1.0017720707590616        1.0101010101010102E-002   1.0017720707590616        1.0000000000000000       -6.2172489379008766E-015
  0.31311861428725357       -2.1327276977009502E-005   1.2121212121212121E-002   1.0017664837886979        1.0101010101010102E-002   1.0017664837886979        1.0000000000000000       -6.2172489379008766E-015
  0.32321998868077495       -2.0280031946644351E-005   1.2121212121212121E-002   1.0017608171245118        1.0101010101010102E-002   1.0017608171245118        1.0000000000000000       -6.2172489379008766E-015
  0.33332141793956899       -1.9356192732171089E-005   1.2121212121212121E-002   1.0017557882500439        1.0101010101010102E-002   1.0017557882500439        1.0000000000000000       -6.2172489379008766E-015
  0.34342289175372548       -1.8753203538126503E-005   1.2121212121212121E-002   1.0017514387795114        1.0101010101010102E-002   1.0017514387795114        1.0000000000000000       -6.2172489379008766E-015
  0.35352440610627300       -1.8170680963261006E-005   1.2121212121212121E-002   1.0017472570831620        1.0101010101010102E-002   1.0017472570831620        1.0000000000000000       -6.2172489379008766E-015
  0.36362596207673736       -1.7389181086080303E-005   1.2121212121212121E-002   1.0017429271637055        1.0101010101010102E-002   1.0017429271637055        1.0000000000000000       -6.2172489379008766E-015
  0.37372756203728252       -1.6423060276852132E-005   1.2121212121212121E-002   1.0017384780696452        1.0101010101010102E-002   1.0017384780696452        1.0000000000000000       -6.2172489379008766E-015
  0.38382920654061720       -1.5270260523051616E-005   1.2121212121212121E-002   1.0017342948536900        1.0101010101010102E-002   1.0017342948536900        1.0000000000000000       -6.2172489379008766E-015
  0.39393088988944436       -1.3857649626040627E-005   1.2121212121212121E-002   1.0017307990319724        1.0101010101010102E-002   1.0017307990319724        1.0000000000000000       -6.2172489379008766E-015
  0.40403260312019312       -1.2483301321393058E-005   1.2121212121212121E-002   1.0017277817375816        1.0101010101010102E-002   1.0017277817375816        1.0000000000000000       -6.2172489379008766E-015
  0.41413434529432303       -1.1567581830510616E-005   1.2121212121212121E-002   1.0017247831008058        1.0101010101010102E-002   1.0017247831008058        1.0000000000000000       -6.2172489379008766E-015
  0.42423611811508233       -1.0868011320727763E-005   1.2121212121212121E-002   1.0017219692476775        1.0101010101010102E-002   1.0017219692476775        1.0000000000000000       -6.2172489379008766E-015
  0.43433791628948559       -9.5833747323623478E-006   1.2121212121212121E-002   1.0017195597215696        1.0101010101010102E-002   1.0017195597215696        1.0000000000000000       -6.2172489379008766E-015
  0.44443973634668993       -7.6270745324879271E-006   1.2121212121212121E-002   1.0017173669433097        1.0101010101010102E-002   1.0017173669433097        1.0000000000000000       -6.2172489379008766E-015
  0.45454157807325990       -5.8723058731153431E-006   1.2121212121212121E-002   1.0017155195722727        1.0101010101010102E-002   1.0017155195722727        1.0000000000000000       -6.2172489379008766E-015
  0.46464343513476219       -4.7997346151955654E-006   1.2121212121212121E-002   1.0017142856329750        1.0101010101010102E-002   1.0017142856329750        1.0000000000000000       -6.2172489379008766E-015
  0.47474530076381766       -3.8651075879676184E-006   1.2121212121212121E-002   1.0017133908732230        1.0101010101010102E-002   1.0017133908732230        1.0000000000000000        5.3290705182007514E-015
  0.48484717504576241       -2.5031009548823700E-006   1.2121212121212121E-002   1.0017125665705127        1.0101010101010102E-002   1.0017125665705127        1.0000000000000000       -7.0166095156309893E-014
  0.49494905735192801       -8.4634758219515562E-007   1.2121212121212121E-002   1.0017120296849309        1.0101010101010102E-002   1.0017120296849309        1.0000000000000000       -4.4941828036826337E-013
  0.50505094264815487        8.4634763895401391E-007   1.2121212121212121E-002   1.0017120296849600        1.0101010101010102E-002   1.0017120296849600        1.0000000000000000       -6.9277916736609768E-014
  0.51515282495431980        2.5031010634274687E-006   1.2121212121212121E-002   1.0017125665705466        1.0101010101010102E-002   1.0017125665705466        1.0000000000000000        1.5987211554602254E-014
  0.52525469923626444        3.8651075595712505E-006   1.2121212121212121E-002   1.0017133908732025        1.0101010101010102E-002   1.0017133908732025        1.0000000000000000        1.7763568394002505E-015
  0.53535656486532057        4.7997344647556453E-006   1.2121212121212121E-002   1.0017142856329830        1.0101010101010102E-002   1.0017142856329830        1.0000000000000000        1.7763568394002505E-015
  0.54545842192682215        5.8723059652882674E-006   1.2121212121212121E-002   1.0017155195723613        1.0101010101010102E-002   1.0017155195723613        1.0000000000000000        1.7763568394002505E-015
  0.55556026365339084        7.6270747005681240E-006   1.2121212121212121E-002   1.0017173669433463        1.0101010101010102E-002   1.0017173669433463        1.0000000000000000        1.7763568394002505E-015
  0.56566208371059579        9.5833747233351670E-006   1.2121212121212121E-002   1.0017195597215700        1.0101010101010102E-002   1.0017195597215700        1.0000000000000000        1.7763568394002505E-015
  0.57576388188499827        1.0868011354359310E-005   1.2121212121212121E-002   1.0017219692475585        1.0101010101010102E-002   1.0017219692475585        1.0000000000000000        1.7763568394002505E-015
  0.58586565470576080        1.1567581841648463E-005   1.2121212121212121E-002   1.0017247831006415        1.0101010101010102E-002   1.0017247831006415        1.0000000000000000        1.7763568394002505E-015
  0.59596739687989142        1.2483301252355104E-005   1.2121212121212121E-002   1.0017277817377335        1.0101010101010102E-002   1.0017277817377335        1.0000000000000000        1.7763568394002505E-015
  0.60606911011063569        1.3857649706706884E-005   1.2121212121212121E-002   1.0017307990320370        1.0101010101010102E-002   1.0017307990320370        1.0000000000000000        1.7763568394002505E-015
  0.61617079345946613        1.5270260315877152E-005   1.2121212121212121E-002   1.0017342948536760        1.0101010101010102E-002   1.0017342948536760        1.0000000000000000        1.7763568394002505E-015
  0.62627243796279808        1.6423060525857267E-005   1.2121212121212121E-002   1.0017384780696952        1.0101010101010102E-002   1.0017384780696952        1.0000000000000000        1.7763568394002505E-015
  0.63637403792334457        1.7389181113300171E-005   1.2121212121212121E-002   1.0017429271636213        1.0101010101010102E-002   1.0017429271636213        1.0000000000000000        1.7763568394002505E-015
  0.64647559389380960        1.8170681006505708E-005   1.2121212121212121E-002   1.0017472570831176        1.0101010101010102E-002   1.0017472570831176        1.0000000000000000        1.7763568394002505E-015
  0.65657710824635740        1.8753203560892140E-005   1.2121212121212121E-002   1.0017514387795445        1.0101010101010102E-002   1.0017514387795445        1.0000000000000000        1.7763568394002505E-015
  0.66667858206051267        1.9356192764709145E-005   1.2121212121212121E-002   1.0017557882500010        1.0101010101010102E-002   1.0017557882500010        1.0000000000000000        1.7763568394002505E-015
  0.67678001131930887        2.0280032126315648E-005   1.2121212121212121E-002   1.0017608171244488        1.0101010101010102E-002   1.0017608171244488        1.0000000000000000        1.7763568394002505E-015
  0.68688138571282953        2.1327276844005898E-005   1.2121212121212121E-002   1.0017664837887317        1.0101010101010102E-002   1.0017664837887317        1.0000000000000000        1.7763568394002505E-015
  0.69698270178649235        2.1752857548454503E-005   1.2121212121212121E-002   1.0017720707591797        1.0101010101010102E-002   1.0017720707591797        1.0000000000000000        1.7763568394002505E-015
  0.70708396519241534        2.1825279051707203E-005   1.2121212121212121E-002   1.0017772043688238        1.0101010101010102E-002   1.0017772043688238        1.0000000000000000        1.7763568394002505E-015
  0.71718518019962163        2.2179288246935766E-005   1.2121212121212121E-002   1.0017821122092132        1.0101010101010102E-002   1.0017821122092132        1.0000000000000000        1.7763568394002505E-015
  0.72728634744597220        2.2572773782905714E-005   1.2121212121212121E-002   1.0017873012997176        1.0101010101010102E-002   1.0017873012997176        1.0000000000000000        1.7763568394002505E-015
  0.73738746029714952        2.2519177197639471E-005   1.2121212121212121E-002   1.0017930097702916        1.0101010101010102E-002   1.0017930097702916        1.0000000000000000        1.7763568394002505E-015
  0.74748851431757490        2.2519174245519471E-005   1.2121212121212121E-002   1.0017989784134025        1.0101010101010102E-002   1.0017989784134025        1.0000000000000000        1.7763568394002505E-015
  0.75758950850574647        2.3121341685198298E-005   1.2121212121212121E-002   1.0018047497760749        1.0101010101010102E-002   1.0018047497760749        1.0000000000000000        1.7763568394002505E-015
  0.76769044799806463        2.3472793512036916E-005   1.2121212121212121E-002   1.0018100183016609        1.0101010101010102E-002   1.0018100183016609        1.0000000000000000        1.7763568394002505E-015
  0.77779133824589697        2.3379941259086879E-005   1.2121212121212121E-002   1.0018148524800683        1.0101010101010102E-002   1.0018148524800683        1.0000000000000000        1.7763568394002505E-015
  0.78789218221751045        2.3040223602750193E-005   1.2121212121212121E-002   1.0018192754141457        1.0101010101010102E-002   1.0018192754141457        1.0000000000000000        1.7763568394002505E-015
  0.79799298536753682        2.3027385755340704E-005   1.2121212121212121E-002   1.0018234648425690        1.0101010101010102E-002   1.0018234648425690        1.0000000000000000        1.7763568394002505E-015
  0.80809374674438705        2.3819158424739944E-005   1.2121212121212121E-002   1.0018275065220315        1.0101010101010102E-002   1.0018275065220315        1.0000000000000000        1.7763568394002505E-015
  0.81819446936147255        2.5334499128788270E-005   1.2121212121212121E-002   1.0018309803617167        1.0101010101010102E-002   1.0018309803617167        1.0000000000000000        1.7763568394002505E-015
  0.82829516119488344        2.7153782600990223E-005   1.2121212121212121E-002   1.0018333302414184        1.0101010101010102E-002   1.0018333302414184        1.0000000000000000        1.7763568394002505E-015
  0.83839583724312239        2.8851572851398355E-005   1.2121212121212121E-002   1.0018344560353978        1.0101010101010102E-002   1.0018344560353978        1.0000000000000000        1.7763568394002505E-015
  0.84849650731581117        3.0949190745546187E-005   1.2121212121212121E-002   1.0018345993739435        1.0101010101010102E-002   1.0018345993739435        1.0000000000000000        1.7763568394002505E-015
  0.85859718000862928        3.3695974344408617E-005   1.2121212121212121E-002   1.0018334842301861        1.0101010101010102E-002   1.0018334842301861        1.0000000000000000        1.7763568394002505E-015
  0.86869787206261573        3.6959954862795722E-005   1.2121212121212121E-002   1.0018311469013852        1.0101010101010102E-002   1.0018311469013852        1.0000000000000000        1.7763568394002505E-015
  0.87879859276691152        4.0470153064110300E-005   1.2121212121212121E-002   1.0018286840215780        1.0101010101010102E-002   1.0018286840215780        1.0000000000000000        1.7763568394002505E-015
  0.88889933463286519        4.4225738638284228E-005   1.2121212121212121E-002   1.0018267930707041        1.0101010101010102E-002   1.0018267930707041        1.0000000000000000        1.7763568394002505E-015
  0.89900009173219730        4.7946233322376825E-005   1.2121212121212121E-002   1.0018249452327730        1.0101010101010102E-002   1.0018249452327730        1.0000000000000000        1.7763568394002505E-015
  0.90910086939673218        5.1072428417124213E-005   1.2121212121212121E-002   1.0018227189260915        1.0101010101010102E-002   1.0018227189260915        1.0000000000000000        1.7763568394002505E-015
  0.91920167113794993        5.3051834425640872E-005   1.2121212121212121E-002   1.0018204839356775        1.0101010101010102E-002   1.0018204839356775        1.0000000000000000        1.7763568394002505E-015
  0.92930249364440498        5.4016491462112481E-005   1.2121212121212121E-002   1.0018186620835501        1.0101010101010102E-002   1.0018186620835501        1.0000000000000000        1.7763568394002505E-015
  0.93940333140929544        5.4424400558646879E-005   1.2121212121212121E-002   1.0018172944092216        1.0101010101010102E-002   1.0018172944092216        1.0000000000000000        1.7763568394002505E-015
  0.94950418078253740        5.4866008465244198E-005   1.2121212121212121E-002   1.0018162664651156        1.0101010101010102E-002   1.0018162664651156        1.0000000000000000        1.7763568394002505E-015
  0.95960503834102817        5.5563688331967931E-005   1.2121212121212121E-002   1.0018152502254756        1.0101010101010102E-002   1.0018152502254756        1.0000000000000000        1.7763568394002505E-015
  0.96970590729399964        5.6567549563169273E-005   1.2121212121212121E-002   1.0018139446758618        1.0101010101010102E-002   1.0018139446758618        1.0000000000000000        8.8817841970012523E-016
  0.97980679084797528        5.7848430770303020E-005   1.2121212121212121E-002   1.0018124316282186        1.0101010101010102E-002   1.0018124316282186        1.0000000000000000       -3.2862601528904634E-014
  0.98990768957927722        5.9114675890633436E-005   1.2121212121212121E-002   1.0018106108443585        1.0101010101010102E-002   1.0018106108443585        1.0000000000000000        1.5010215292932116E-013
   1.0000086082646975        5.9859978705683361E-005   1.2121212121212121E-002   1.0018079061410907        1.0101010101010102E-002   1.0018079061410907        1.0000000000000000        1.0436096431476471E-012
   1.0101096183657077       -5.9010975591089792E-005   1.2121212121212121E-002   1.0018106108443854        1.0101010101010102E-002   1.0018035527245404        1.0000000000000000        1.4299672557172016E-013
   1.0202106284667178       -5.7768306994181317E-005   1.2121212121212121E-002   1.0018124316283803        1.0101010101010102E-002   1.0018006394458725        1.0000000000000000       -1.9677833450701065E-002
   1.0303116385677280       -5.6492056469743589E-005   1.2121212121212121E-002   1.0018139446758114        1.0101010101010102E-002   1.0018004115226273        1.0000000000000000       -1.3138325546267744     
   1.0404126486687382       -5.5504375842832201E-005   1.2121212121212121E-002   1.0018152502255491        1.0101010101010102E-002  0.99665637860081713        1.0000000000000000       -4.6453021478719450     
   1.0505136587697483       -5.4821265710835715E-005   1.2121212121212121E-002   1.0018162664651582        1.0101010101010102E-002  0.77867798353909146        1.0000000000000000        107.01218865918355     
  -1.0109618365622540E-002   5.9010975517954291E-005   1.2121212121212121E-002   1.0018106108443585        1.0101010101010102E-002   1.0018035527245257        1.0000000000000000        1.1546319456101628E-014
  -2.0210628466632644E-002   5.7768307060656415E-005   1.2121212121212121E-002   1.0018124316282186        1.0101010101010102E-002   1.0018006394458789        1.0000000000000000        1.9677833450746363E-002
  -3.0311638567642744E-002   5.6492056614615476E-005   1.2121212121212121E-002   1.0018139446758618        1.0101010101010102E-002   1.0018004115226338        1.0000000000000000        1.3138325546268277     
  -4.0412648668652844E-002   5.5504375836739764E-005   1.2121212121212121E-002   1.0018152502254756        1.0101010101010102E-002  0.99665637860082290        1.0000000000000000        4.6453021478716039     
  -5.0513658769662947E-002   5.4821265542456976E-005   1.2121212121212121E-002   1.0018162664651156        1.0101010101010102E-002  0.77867798353909445        1.0000000000000000       -107.01218865918408     
