 # x v h rho m p cs a
   9.6000000000001187     
   1.0748757362080323E-007  -9.1731645943380845E-006   1.2121212121212121E-002   1.0017991813552229        1.0101010101010102E-002   1.0017991813552229        1.0000000000000000        1.2434497875801753E-014
   1.0101148833294297E-002  -9.5295029758647862E-006   1.2121212121212121E-002   1.0017961858707678        1.0101010101010102E-002   1.0017961858707678        1.0000000000000000       -1.4210854715202004E-014
   2.0202212893749429E-002  -9.8848073689105107E-006   1.2121212121212121E-002   1.0017940562573200        1.0101010101010102E-002   1.0017940562573200        1.0000000000000000       -9.9475983006414026E-014
   3.0303294958950112E-002  -1.0198595493913757E-005   1.2121212121212121E-002   1.0017921945247299        1.0101010101010102E-002   1.0017921945247299        1.0000000000000000        6.1284310959308641E-014
   4.0404395186025774E-002  -1.0837020406977843E-005   1.2121212121212121E-002   1.0017901870301389        1.0101010101010102E-002   1.0017901870301389        1.0000000000000000        3.5527136788005009E-015
   5.0505517100359852E-002  -1.1743124088117266E-005   1.2121212121212121E-002   1.0017881667057780        1.0101010101010102E-002   1.0017881667057780        1.0000000000000000        4.4408920985006262E-015
   6.0606658466476060E-002  -1.2977298248717460E-005   1.2121212121212121E-002   1.0017868354711850        1.0101010101010102E-002   1.0017868354711850        1.0000000000000000       -8.8817841970012523E-015
   7.0707806685429253E-002  -1.4515642365147203E-005   1.2121212121212121E-002   1.0017862258020451        1.0101010101010102E-002   1.0017862258020451        1.0000000000000000       -5.1514348342607263E-014
   8.0808959535496244E-002  -1.6506603702825724E-005   1.2121212121212121E-002   1.0017860345841614        1.0101010101010102E-002   1.0017860345841614        1.0000000000000000        2.1316282072803006E-014
   9.0910111882932410E-002  -1.8854333462547681E-005   1.2121212121212121E-002   1.0017864444459992        1.0101010101010102E-002   1.0017864444459992        1.0000000000000000        7.1054273576010019E-015
  0.10101125686883339       -2.1047558702374746E-005   1.2121212121212121E-002   1.0017875728268062        1.0101010101010102E-002   1.0017875728268062        1.0000000000000000        7.1054273576010019E-015
  0.11111238624712044       -2.3378828737059031E-005   1.2121212121212121E-002   1.0017890155274276        1.0101010101010102E-002   1.0017890155274276        1.0000000000000000        3.5527136788005009E-015
  0.12121350206272016       -2.5863630813328818E-005   1.2121212121212121E-002   1.0017903710135296        1.0101010101010102E-002   1.0017903710135296        1.0000000000000000        1.9539925233402755E-014
  0.13131460484237889       -2.8385402521022658E-005   1.2121212121212121E-002   1.0017917070016467        1.0101010101010102E-002   1.0017917070016467        1.0000000000000000        8.0824236192711396E-014
  0.14141569416396144       -3.0472682152226570E-005   1.2121212121212121E-002   1.0017929800290213        1.0101010101010102E-002   1.0017929800290213        1.0000000000000000        2.2204460492503131E-014
  0.15151677180737338       -3.2655048870536658E-005   1.2121212121212121E-002   1.0017941936920662        1.0101010101010102E-002   1.0017941936920662        1.0000000000000000       -6.2172489379008766E-015
  0.16161783709851066       -3.4604233371148458E-005   1.2121212121212121E-002   1.0017953097299888        1.0101010101010102E-002   1.0017953097299888        1.0000000000000000       -6.2172489379008766E-015
  0.17171889245721450       -3.5771292777203638E-005   1.2121212121212121E-002   1.0017961868652074        1.0101010101010102E-002   1.0017961868652074        1.0000000000000000       -6.2172489379008766E-015
  0.18181994027941437       -3.6177000636179419E-005   1.2121212121212121E-002   1.0017967365867320        1.0101010101010102E-002   1.0017967365867320        1.0000000000000000       -6.2172489379008766E-015
  0.19192098479617431       -3.6486258296294919E-005   1.2121212121212121E-002   1.0017969609882948        1.0101010101010102E-002   1.0017969609882948        1.0000000000000000       -6.2172489379008766E-015
  0.20202202813082135       -3.6859379099387367E-005   1.2121212121212121E-002   1.0017968472552450        1.0101010101010102E-002   1.0017968472552450        1.0000000000000000       -6.2172489379008766E-015
  0.21212307522163876       -3.7236398967092674E-005   1.2121212121212121E-002   1.0017966327788432        1.0101010101010102E-002   1.0017966327788432        1.0000000000000000       -6.2172489379008766E-015
  0.22222412386317689       -3.7853163270804311E-005   1.2121212121212121E-002   1.0017969526569530        1.0101010101010102E-002   1.0017969526569530        1.0000000000000000       -1.7763568394002505E-015
  0.23232516483124316       -3.8339984569149618E-005   1.2121212121212121E-002   1.0017979306053169        1.0101010101010102E-002   1.0017979306053169        1.0000000000000000       -5.6843418860808015E-014
  0.24242619329638018       -3.8271444379667280E-005   1.2121212121212121E-002   1.0017990697638173        1.0101010101010102E-002   1.0017990697638173        1.0000000000000000       -1.8562928971732617E-013
  0.25252721132597283       -3.8033103739190727E-005   1.2121212121212121E-002   1.0018001073616667        1.0101010101010102E-002   1.0018001073616667        1.0000000000000000        1.8385293287792592E-013
  0.26262821977184764       -3.8278081042851075E-005   1.2121212121212121E-002   1.0018013031620676        1.0101010101010102E-002   1.0018013031620676        1.0000000000000000        5.0626169922907138E-014
  0.27272921429414232       -3.8825086028710253E-005   1.2121212121212121E-002   1.0018027128338667        1.0101010101010102E-002   1.0018027128338667        1.0000000000000000       -6.2172489379008766E-015
  0.28283019413444666       -3.8887436181896092E-005   1.2121212121212121E-002   1.0018038941991325        1.0101010101010102E-002   1.0018038941991325        1.0000000000000000       -6.2172489379008766E-015
  0.29293116490008114       -3.8215096264328200E-005   1.2121212121212121E-002   1.0018045884721023        1.0101010101010102E-002   1.0018045884721023        1.0000000000000000       -6.2172489379008766E-015
  0.30303213130691548       -3.7243604170058840E-005   1.2121212121212121E-002   1.0018049540054050        1.0101010101010102E-002   1.0018049540054050        1.0000000000000000       -6.2172489379008766E-015
  0.31313309518380350       -3.6191236501083365E-005   1.2121212121212121E-002   1.0018052100890431        1.0101010101010102E-002   1.0018052100890431        1.0000000000000000       -6.2172489379008766E-015
  0.32323405682018508       -3.4766211706320943E-005   1.2121212121212121E-002   1.0018055554799647        1.0101010101010102E-002   1.0018055554799647        1.0000000000000000       -6.2172489379008766E-015
  0.33333501420683326       -3.3150361567701953E-005   1.2121212121212121E-002   1.0018061892399399        1.0101010101010102E-002   1.0018061892399399        1.0000000000000000       -6.2172489379008766E-015
  0.34343596320037184       -3.1516001594596370E-005   1.2121212121212121E-002   1.0018070370965650        1.0101010101010102E-002   1.0018070370965650        1.0000000000000000       -6.2172489379008766E-015
  0.35353690338123078       -3.0221489258936818E-005   1.2121212121212121E-002   1.0018078248721116        1.0101010101010102E-002   1.0018078248721116        1.0000000000000000       -6.2172489379008766E-015
  0.36363783660100196       -2.9276633366968270E-005   1.2121212121212121E-002   1.0018084230114035        1.0101010101010102E-002   1.0018084230114035        1.0000000000000000       -6.2172489379008766E-015
  0.37373876519129839       -2.8160334373091933E-005   1.2121212121212121E-002   1.0018089698389216        1.0101010101010102E-002   1.0018089698389216        1.0000000000000000       -6.2172489379008766E-015
  0.38383968797750462       -2.6464733704484449E-005   1.2121212121212121E-002   1.0018096805240626        1.0101010101010102E-002   1.0018096805240626        1.0000000000000000       -6.2172489379008766E-015
  0.39394060236933076       -2.4450657736097203E-005   1.2121212121212121E-002   1.0018104690575720        1.0101010101010102E-002   1.0018104690575720        1.0000000000000000       -6.2172489379008766E-015
  0.40404150925488347       -2.2521830372207951E-005   1.2121212121212121E-002   1.0018111472163751        1.0101010101010102E-002   1.0018111472163751        1.0000000000000000       -6.2172489379008766E-015
  0.41414241027884396       -2.0077762058704508E-005   1.2121212121212121E-002   1.0018117004047900        1.0101010101010102E-002   1.0018117004047900        1.0000000000000000       -6.2172489379008766E-015
  0.42424330590296827       -1.7343169765696777E-005   1.2121212121212121E-002   1.0018119268408328        1.0101010101010102E-002   1.0018119268408328        1.0000000000000000       -6.2172489379008766E-015
  0.43434420215388336       -1.4890055722526961E-005   1.2121212121212121E-002   1.0018116712815810        1.0101010101010102E-002   1.0018116712815810        1.0000000000000000       -6.2172489379008766E-015
  0.44444510345210037       -1.2871201409710549E-005   1.2121212121212121E-002   1.0018113352703342        1.0101010101010102E-002   1.0018113352703342        1.0000000000000000       -6.2172489379008766E-015
  0.45454600755179037       -1.0923947856153839E-005   1.2121212121212121E-002   1.0018116303472970        1.0101010101010102E-002   1.0018116303472970        1.0000000000000000       -6.2172489379008766E-015
  0.46464690285042354       -8.8306835428099192E-006   1.2121212121212121E-002   1.0018124493058340        1.0101010101010102E-002   1.0018124493058340        1.0000000000000000       -6.2172489379008766E-015
  0.47474778934179240       -6.6220604213390681E-006   1.2121212121212121E-002   1.0018129715230888        1.0101010101010102E-002   1.0018129715230888        1.0000000000000000        5.3290705182007514E-015
  0.48484867431877932       -4.1868888640520188E-006   1.2121212121212121E-002   1.0018131419912937        1.0101010101010102E-002   1.0018131419912937        1.0000000000000000       -7.0166095156309893E-014
  0.49494955781430938       -1.4693643258804407E-006   1.2121212121212121E-002   1.0018131794419409        1.0101010101010102E-002   1.0018131794419409        1.0000000000000000       -4.4941828036826337E-013
  0.50505044218605188        1.4693645666301009E-006   1.2121212121212121E-002   1.0018131794417235        1.0101010101010102E-002   1.0018131794417235        1.0000000000000000       -6.9277916736609768E-014
  0.51515132568158750        4.1868888232327192E-006   1.2121212121212121E-002   1.0018131419912895        1.0101010101010102E-002   1.0018131419912895        1.0000000000000000        1.5987211554602254E-014
  0.52525221065856886        6.6220607069447577E-006   1.2121212121212121E-002   1.0018129715232704        1.0101010101010102E-002   1.0018129715232704        1.0000000000000000        1.7763568394002505E-015
  0.53535309714993884        8.8306833683345541E-006   1.2121212121212121E-002   1.0018124493057465        1.0101010101010102E-002   1.0018124493057465        1.0000000000000000        1.7763568394002505E-015
  0.54545399244857329        1.0923947914611164E-005   1.2121212121212121E-002   1.0018116303472835        1.0101010101010102E-002   1.0018116303472835        1.0000000000000000        1.7763568394002505E-015
  0.55555489654826251        1.2871201525183251E-005   1.2121212121212121E-002   1.0018113352705149        1.0101010101010102E-002   1.0018113352705149        1.0000000000000000        1.7763568394002505E-015
  0.56565579784647579        1.4890055694831662E-005   1.2121212121212121E-002   1.0018116712814644        1.0101010101010102E-002   1.0018116712814644        1.0000000000000000        1.7763568394002505E-015
  0.57575669409739738        1.7343169637495829E-005   1.2121212121212121E-002   1.0018119268406824        1.0101010101010102E-002   1.0018119268406824        1.0000000000000000        1.7763568394002505E-015
  0.58585758972151891        2.0077762264784826E-005   1.2121212121212121E-002   1.0018117004049902        1.0101010101010102E-002   1.0018117004049902        1.0000000000000000        1.7763568394002505E-015
  0.59595849074547691        2.2521830638458050E-005   1.2121212121212121E-002   1.0018111472162479        1.0101010101010102E-002   1.0018111472162479        1.0000000000000000        1.7763568394002505E-015
  0.60605939763103533        2.4450657709197426E-005   1.2121212121212121E-002   1.0018104690574714        1.0101010101010102E-002   1.0018104690574714        1.0000000000000000        1.7763568394002505E-015
  0.61616031202285804        2.6464733694337723E-005   1.2121212121212121E-002   1.0018096805241583        1.0101010101010102E-002   1.0018096805241583        1.0000000000000000        1.7763568394002505E-015
  0.62626123480906526        2.8160334577683506E-005   1.2121212121212121E-002   1.0018089698389161        1.0101010101010102E-002   1.0018089698389161        1.0000000000000000        1.7763568394002505E-015
  0.63636216339936091        2.9276633178962131E-005   1.2121212121212121E-002   1.0018084230113538        1.0101010101010102E-002   1.0018084230113538        1.0000000000000000        1.7763568394002505E-015
  0.64646309661913426        3.0221489590229978E-005   1.2121212121212121E-002   1.0018078248722426        1.0101010101010102E-002   1.0018078248722426        1.0000000000000000        1.7763568394002505E-015
  0.65656403679998820        3.1516001713801662E-005   1.2121212121212121E-002   1.0018070370967280        1.0101010101010102E-002   1.0018070370967280        1.0000000000000000        1.7763568394002505E-015
  0.66666498579352795        3.3150361600293829E-005   1.2121212121212121E-002   1.0018061892397940        1.0101010101010102E-002   1.0018061892397940        1.0000000000000000        1.7763568394002505E-015
  0.67676594318017824        3.4766211658155736E-005   1.2121212121212121E-002   1.0018055554797201        1.0101010101010102E-002   1.0018055554797201        1.0000000000000000        1.7763568394002505E-015
  0.68686690481656287        3.6191236658919261E-005   1.2121212121212121E-002   1.0018052100889328        1.0101010101010102E-002   1.0018052100889328        1.0000000000000000        1.7763568394002505E-015
  0.69696786869345051        3.7243603993814879E-005   1.2121212121212121E-002   1.0018049540056726        1.0101010101010102E-002   1.0018049540056726        1.0000000000000000        1.7763568394002505E-015
  0.70706883510027896        3.8215096687391979E-005   1.2121212121212121E-002   1.0018045884722204        1.0101010101010102E-002   1.0018045884722204        1.0000000000000000        1.7763568394002505E-015
  0.71716980586591716        3.8887436190321007E-005   1.2121212121212121E-002   1.0018038941991565        1.0101010101010102E-002   1.0018038941991565        1.0000000000000000        1.7763568394002505E-015
  0.72727078570621750        3.8825086009204562E-005   1.2121212121212121E-002   1.0018027128338762        1.0101010101010102E-002   1.0018027128338762        1.0000000000000000        1.7763568394002505E-015
  0.73737178022851524        3.8278080851023266E-005   1.2121212121212121E-002   1.0018013031617117        1.0101010101010102E-002   1.0018013031617117        1.0000000000000000        1.7763568394002505E-015
  0.74747278867439537        3.8033104041370374E-005   1.2121212121212121E-002   1.0018001073616603        1.0101010101010102E-002   1.0018001073616603        1.0000000000000000        1.7763568394002505E-015
  0.75757380670398256        3.8271444535148248E-005   1.2121212121212121E-002   1.0017990697640289        1.0101010101010102E-002   1.0017990697640289        1.0000000000000000        1.7763568394002505E-015
  0.76767483516911994        3.8339984455018217E-005   1.2121212121212121E-002   1.0017979306052311        1.0101010101010102E-002   1.0017979306052311        1.0000000000000000        1.7763568394002505E-015
  0.77777587613718802        3.7853163441470988E-005   1.2121212121212121E-002   1.0017969526568171        1.0101010101010102E-002   1.0017969526568171        1.0000000000000000        1.7763568394002505E-015
  0.78787692477872751        3.7236399110974942E-005   1.2121212121212121E-002   1.0017966327789405        1.0101010101010102E-002   1.0017966327789405        1.0000000000000000        1.7763568394002505E-015
  0.79797797186954134        3.6859378908128954E-005   1.2121212121212121E-002   1.0017968472554062        1.0101010101010102E-002   1.0017968472554062        1.0000000000000000        1.7763568394002505E-015
  0.80807901520418834        3.6486258365796391E-005   1.2121212121212121E-002   1.0017969609882866        1.0101010101010102E-002   1.0017969609882866        1.0000000000000000        1.7763568394002505E-015
  0.81818005972094887        3.6177000825007064E-005   1.2121212121212121E-002   1.0017967365867502        1.0101010101010102E-002   1.0017967365867502        1.0000000000000000        1.7763568394002505E-015
  0.82828110754314765        3.5771292973209258E-005   1.2121212121212121E-002   1.0017961868651932        1.0101010101010102E-002   1.0017961868651932        1.0000000000000000        1.7763568394002505E-015
  0.83838216290185297        3.4604232998011777E-005   1.2121212121212121E-002   1.0017953097300012        1.0101010101010102E-002   1.0017953097300012        1.0000000000000000        1.7763568394002505E-015
  0.84848322819298860        3.2655049238744916E-005   1.2121212121212121E-002   1.0017941936921302        1.0101010101010102E-002   1.0017941936921302        1.0000000000000000        1.7763568394002505E-015
  0.85858430583640044        3.0472682124036657E-005   1.2121212121212121E-002   1.0017929800288907        1.0101010101010102E-002   1.0017929800288907        1.0000000000000000        1.7763568394002505E-015
  0.86868539515798615        2.8385402559270715E-005   1.2121212121212121E-002   1.0017917070015676        1.0101010101010102E-002   1.0017917070015676        1.0000000000000000        1.7763568394002505E-015
  0.87878649793764330        2.5863631032604611E-005   1.2121212121212121E-002   1.0017903710135390        1.0101010101010102E-002   1.0017903710135390        1.0000000000000000        1.7763568394002505E-015
  0.88888761375324443        2.3378828651144469E-005   1.2121212121212121E-002   1.0017890155275289        1.0101010101010102E-002   1.0017890155275289        1.0000000000000000        1.7763568394002505E-015
  0.89898874313152788        2.1047559141327731E-005   1.2121212121212121E-002   1.0017875728268644        1.0101010101010102E-002   1.0017875728268644        1.0000000000000000        1.7763568394002505E-015
  0.90908988811743074        1.8854333297334711E-005   1.2121212121212121E-002   1.0017864444457316        1.0101010101010102E-002   1.0017864444457316        1.0000000000000000        1.7763568394002505E-015
  0.91919104046487132        1.6506603746612398E-005   1.2121212121212121E-002   1.0017860345841194        1.0101010101010102E-002   1.0017860345841194        1.0000000000000000        1.7763568394002505E-015
  0.92929219331493473        1.4515642127336381E-005   1.2121212121212121E-002   1.0017862258022423        1.0101010101010102E-002   1.0017862258022423        1.0000000000000000        1.7763568394002505E-015
  0.93939334153388687        1.2977298698461771E-005   1.2121212121212121E-002   1.0017868354712181        1.0101010101010102E-002   1.0017868354712181        1.0000000000000000        1.7763568394002505E-015
  0.94949448290000382        1.1743124231685612E-005   1.2121212121212121E-002   1.0017881667058108        1.0101010101010102E-002   1.0017881667058108        1.0000000000000000        1.7763568394002505E-015
  0.95959560481433670        1.0837020285119936E-005   1.2121212121212121E-002   1.0017901870302650        1.0101010101010102E-002   1.0017901870302650        1.0000000000000000        1.7763568394002505E-015
  0.96969670504141037        1.0198595575168725E-005   1.2121212121212121E-002   1.0017921945245907        1.0101010101010102E-002   1.0017921945245907        1.0000000000000000        8.8817841970012523E-016
  0.97979778710661636        9.8848073647334101E-006   1.2121212121212121E-002   1.0017940562572190        1.0101010101010102E-002   1.0017940562572190        1.0000000000000000       -3.2862601528904634E-014
  0.98989885116706855        9.5295031656711105E-006   1.2121212121212121E-002   1.0017961858709119        1.0101010101010102E-002   1.0017961858709119        1.0000000000000000        1.5010215292932116E-013
  0.99999989251278865        9.1731646196146522E-006   1.2121212121212121E-002   1.0017991813552580        1.0101010101010102E-002   1.0017991813552580        1.0000000000000000        1.0436096431476471E-012
   1.0101009026137988       -9.6641872621373975E-006   1.2121212121212121E-002   1.0017961858707678        1.0101010101010102E-002   1.0018007299886020        1.0000000000000000        1.4299672557172016E-013
   1.0202019127148090       -9.9783173578097432E-006   1.2121212121212121E-002   1.0017940562573200        1.0101010101010102E-002   1.0018004472617168        1.0000000000000000       -1.9677833450701065E-002
   1.0303029228158191       -1.0295376986687014E-005   1.2121212121212121E-002   1.0017921945247299        1.0101010101010102E-002   1.0018004115226273        1.0000000000000000       -1.3138325546267744     
   1.0404039329168293       -1.0951289569406580E-005   1.2121212121212121E-002   1.0017901870301389        1.0101010101010102E-002  0.99665637860081713        1.0000000000000000       -4.6453021478719450     
   1.0505049430178395       -1.1842363245710178E-005   1.2121212121212121E-002   1.0017881667057780        1.0101010101010102E-002  0.77867798353909146        1.0000000000000000        107.01218865918355     
  -1.0100902613436481E-002   9.6641874474051312E-006   1.2121212121212121E-002   1.0017961858709119        1.0101010101010102E-002   1.0018007299886063        1.0000000000000000        1.1546319456101628E-014
  -2.0201912714446584E-002   9.9783173840665194E-006   1.2121212121212121E-002   1.0017940562572190        1.0101010101010102E-002   1.0018004472617232        1.0000000000000000        1.9677833450746363E-002
  -3.0302922815456684E-002   1.0295377041402767E-005   1.2121212121212121E-002   1.0017921945245907        1.0101010101010102E-002   1.0018004115226335        1.0000000000000000        1.3138325546268277     
  -4.0403932916466788E-002   1.0951289446644506E-005   1.2121212121212121E-002   1.0017901870302650        1.0101010101010102E-002  0.99665637860082268        1.0000000000000000        4.6453021478716039     
  -5.0504943017476892E-002   1.1842363398840651E-005   1.2121212121212121E-002   1.0017881667058108        1.0101010101010102E-002  0.77867798353909445        1.0000000000000000       -107.01218865918408     
