 # x v h rho m p cs a
   14.300999999997513     
   9.2860800330209673E-006   1.7508833526688798E-005   1.2121212121212121E-002   1.0017994120678613        1.0101010101010102E-002   1.0017994120678613        1.0000000000000000        1.2434497875801753E-014
   1.0110300440063204E-002   1.7791533559489047E-005   1.2121212121212121E-002   1.0018004901012907        1.0101010101010102E-002   1.0018004901012907        1.0000000000000000       -1.4210854715202004E-014
   2.0211304937062153E-002   1.7938623870485447E-005   1.2121212121212121E-002   1.0018018259196955        1.0101010101010102E-002   1.0018018259196955        1.0000000000000000       -9.9475983006414026E-014
   3.0312293381485868E-002   1.7524906795242431E-005   1.2121212121212121E-002   1.0018035664526879        1.0101010101010102E-002   1.0018035664526879        1.0000000000000000        6.1284310959308641E-014
   4.0413262852075145E-002   1.6934243244318114E-005   1.2121212121212121E-002   1.0018053790887573        1.0101010101010102E-002   1.0018053790887573        1.0000000000000000        3.5527136788005009E-015
   5.0514215558233336E-002   1.6320006379268590E-005   1.2121212121212121E-002   1.0018072831364129        1.0101010101010102E-002   1.0018072831364129        1.0000000000000000        4.4408920985006262E-015
   6.0615147533631925E-002   1.5849488475268942E-005   1.2121212121212121E-002   1.0018093289109851        1.0101010101010102E-002   1.0018093289109851        1.0000000000000000       -8.8817841970012523E-015
   7.0716059290888728E-002   1.5490716778814714E-005   1.2121212121212121E-002   1.0018112040178535        1.0101010101010102E-002   1.0018112040178535        1.0000000000000000       -5.1514348342607263E-014
   8.0816953823792351E-002   1.5141997097481707E-005   1.2121212121212121E-002   1.0018126657302704        1.0101010101010102E-002   1.0018126657302704        1.0000000000000000        2.1316282072803006E-014
   9.0917836830051335E-002   1.4503638842052438E-005   1.2121212121212121E-002   1.0018137881620726        1.0101010101010102E-002   1.0018137881620726        1.0000000000000000        7.1054273576010019E-015
  0.10101870956004867        1.3493973533030909E-005   1.2121212121212121E-002   1.0018147794095389        1.0101010101010102E-002   1.0018147794095389        1.0000000000000000        7.1054273576010019E-015
  0.11111957273493749        1.2647088689410287E-005   1.2121212121212121E-002   1.0018155236161883        1.0101010101010102E-002   1.0018155236161883        1.0000000000000000        3.5527136788005009E-015
  0.12122043085100967        1.1834428499743362E-005   1.2121212121212121E-002   1.0018161007759343        1.0101010101010102E-002   1.0018161007759343        1.0000000000000000        1.9539925233402755E-014
  0.13132128342295490        1.0671594953187187E-005   1.2121212121212121E-002   1.0018169675120678        1.0101010101010102E-002   1.0018169675120678        1.0000000000000000        8.0824236192711396E-014
  0.14142212433116985        9.2838931869545390E-006   1.2121212121212121E-002   1.0018180940471977        1.0101010101010102E-002   1.0018180940471977        1.0000000000000000        2.2204460492503131E-014
  0.15152295417462622        8.3338234846436169E-006   1.2121212121212121E-002   1.0018192146204066        1.0101010101010102E-002   1.0018192146204066        1.0000000000000000       -6.2172489379008766E-015
  0.16162377304831049        7.6415244651443299E-006   1.2121212121212121E-002   1.0018203850955834        1.0101010101010102E-002   1.0018203850955834        1.0000000000000000       -6.2172489379008766E-015
  0.17172458013335101        6.7070490827204187E-006   1.2121212121212121E-002   1.0018217917806853        1.0101010101010102E-002   1.0018217917806853        1.0000000000000000       -6.2172489379008766E-015
  0.18182537063496790        5.6541233441095313E-006   1.2121212121212121E-002   1.0018230907820211        1.0101010101010102E-002   1.0018230907820211        1.0000000000000000       -6.2172489379008766E-015
  0.19192615138276867        4.7723387677844014E-006   1.2121212121212121E-002   1.0018238968025046        1.0101010101010102E-002   1.0018238968025046        1.0000000000000000       -6.2172489379008766E-015
  0.20202692646168230        4.1445932162774779E-006   1.2121212121212121E-002   1.0018244733715000        1.0101010101010102E-002   1.0018244733715000        1.0000000000000000       -6.2172489379008766E-015
  0.21212769603220175        3.4105092372029509E-006   1.2121212121212121E-002   1.0018249642235082        1.0101010101010102E-002   1.0018249642235082        1.0000000000000000       -6.2172489379008766E-015
  0.22222846132975002        2.4277263256359881E-006   1.2121212121212121E-002   1.0018253252093692        1.0101010101010102E-002   1.0018253252093692        1.0000000000000000       -1.7763568394002505E-015
  0.23232922361003805        1.1852773268714237E-006   1.2121212121212121E-002   1.0018254705681608        1.0101010101010102E-002   1.0018254705681608        1.0000000000000000       -5.6843418860808015E-014
  0.24242998619570447       -1.9842948900310094E-007   1.2121212121212121E-002   1.0018254916461906        1.0101010101010102E-002   1.0018254916461906        1.0000000000000000       -1.8562928971732617E-013
  0.25253074821964344       -1.8345577695071135E-006   1.2121212121212121E-002   1.0018254618975866        1.0101010101010102E-002   1.0018254618975866        1.0000000000000000        1.8385293287792592E-013
  0.26263151088319836       -3.6679843409651036E-006   1.2121212121212121E-002   1.0018250864707834        1.0101010101010102E-002   1.0018250864707834        1.0000000000000000        5.0626169922907138E-014
  0.27273228007426942       -5.3863717209008065E-006   1.2121212121212121E-002   1.0018242075224180        1.0101010101010102E-002   1.0018242075224180        1.0000000000000000       -6.2172489379008766E-015
  0.28283306031776939       -6.9247271113794705E-006   1.2121212121212121E-002   1.0018229835705867        1.0101010101010102E-002   1.0018229835705867        1.0000000000000000       -6.2172489379008766E-015
  0.29293385468141975       -7.9315474874739787E-006   1.2121212121212121E-002   1.0018220168051875        1.0101010101010102E-002   1.0018220168051875        1.0000000000000000       -6.2172489379008766E-015
  0.30303465459361711       -8.8134068062376305E-006   1.2121212121212121E-002   1.0018216361682375        1.0101010101010102E-002   1.0018216361682375        1.0000000000000000       -6.2172489379008766E-015
  0.31313545561828565       -9.8402931701076384E-006   1.2121212121212121E-002   1.0018213521258805        1.0101010101010102E-002   1.0018213521258805        1.0000000000000000       -6.2172489379008766E-015
  0.32323626057667099       -1.1120631198986426E-005   1.2121212121212121E-002   1.0018208207817447        1.0101010101010102E-002   1.0018208207817447        1.0000000000000000       -6.2172489379008766E-015
  0.33333707253377665       -1.1829115181017146E-005   1.2121212121212121E-002   1.0018202979016706        1.0101010101010102E-002   1.0018202979016706        1.0000000000000000       -6.2172489379008766E-015
  0.34343788856673768       -1.2183510754886120E-005   1.2121212121212121E-002   1.0018202155717053        1.0101010101010102E-002   1.0018202155717053        1.0000000000000000       -6.2172489379008766E-015
  0.35353870189782022       -1.2415965756758831E-005   1.2121212121212121E-002   1.0018204539886748        1.0101010101010102E-002   1.0018204539886748        1.0000000000000000       -6.2172489379008766E-015
  0.36363951295303470       -1.2582024504478320E-005   1.2121212121212121E-002   1.0018208541753177        1.0101010101010102E-002   1.0018208541753177        1.0000000000000000       -6.2172489379008766E-015
  0.37374031848989397       -1.2260565587900236E-005   1.2121212121212121E-002   1.0018214385721145        1.0101010101010102E-002   1.0018214385721145        1.0000000000000000       -6.2172489379008766E-015
  0.38384111743631355       -1.1469870095111711E-005   1.2121212121212121E-002   1.0018218792015052        1.0101010101010102E-002   1.0018218792015052        1.0000000000000000       -6.2172489379008766E-015
  0.39394191399088663       -1.0821610813554003E-005   1.2121212121212121E-002   1.0018220300529324        1.0101010101010102E-002   1.0018220300529324        1.0000000000000000       -6.2172489379008766E-015
  0.40404271073634851       -1.0143922189357685E-005   1.2121212121212121E-002   1.0018223466047778        1.0101010101010102E-002   1.0018223466047778        1.0000000000000000       -6.2172489379008766E-015
  0.41414350154177398       -9.4066815021395242E-006   1.2121212121212121E-002   1.0018231170054599        1.0101010101010102E-002   1.0018231170054599        1.0000000000000000       -6.2172489379008766E-015
  0.42424428229195221       -8.4998356575269591E-006   1.2121212121212121E-002   1.0018239063427445        1.0101010101010102E-002   1.0018239063427445        1.0000000000000000       -6.2172489379008766E-015
  0.43434505709602955       -7.7915072625276000E-006   1.2121212121212121E-002   1.0018244626081703        1.0101010101010102E-002   1.0018244626081703        1.0000000000000000       -6.2172489379008766E-015
  0.44444582720247100       -6.8525382583760510E-006   1.2121212121212121E-002   1.0018249662052610        1.0101010101010102E-002   1.0018249662052610        1.0000000000000000       -6.2172489379008766E-015
  0.45454659211735554       -5.5720061579022345E-006   1.2121212121212121E-002   1.0018254612447972        1.0101010101010102E-002   1.0018254612447972        1.0000000000000000       -6.2172489379008766E-015
  0.46464735227673182       -4.2082951177568900E-006   1.2121212121212121E-002   1.0018258515996548        1.0101010101010102E-002   1.0018258515996548        1.0000000000000000       -6.2172489379008766E-015
  0.47474810938103063       -2.7587274129646349E-006   1.2121212121212121E-002   1.0018260739020379        1.0101010101010102E-002   1.0018260739020379        1.0000000000000000        5.3290705182007514E-015
  0.48484886515951603       -1.4440613460983482E-006   1.2121212121212121E-002   1.0018261308143848        1.0101010101010102E-002   1.0018261308143848        1.0000000000000000       -7.0166095156309893E-014
  0.49494962115964430       -4.0496114084056977E-007   1.2121212121212121E-002   1.0018260532641052        1.0101010101010102E-002   1.0018260532641052        1.0000000000000000       -4.4941828036826337E-013
  0.50505037884107717        4.0496121275097486E-007   1.2121212121212121E-002   1.0018260532639531        1.0101010101010102E-002   1.0018260532639531        1.0000000000000000       -6.9277916736609768E-014
  0.51515113484120978        1.4440615511654559E-006   1.2121212121212121E-002   1.0018261308145808        1.0101010101010102E-002   1.0018261308145808        1.0000000000000000        1.5987211554602254E-014
  0.52525189061968625        2.7587273590355921E-006   1.2121212121212121E-002   1.0018260739021978        1.0101010101010102E-002   1.0018260739021978        1.0000000000000000        1.7763568394002505E-015
  0.53535264772399016        4.2082952284320995E-006   1.2121212121212121E-002   1.0018258515994072        1.0101010101010102E-002   1.0018258515994072        1.0000000000000000        1.7763568394002505E-015
  0.54545340788336716        5.5720062263354332E-006   1.2121212121212121E-002   1.0018254612446549        1.0101010101010102E-002   1.0018254612446549        1.0000000000000000        1.7763568394002505E-015
  0.55555417279825403        6.8525381345338828E-006   1.2121212121212121E-002   1.0018249662053893        1.0101010101010102E-002   1.0018249662053893        1.0000000000000000        1.7763568394002505E-015
  0.56565494290469021        7.7915075575503885E-006   1.2121212121212121E-002   1.0018244626083301        1.0101010101010102E-002   1.0018244626083301        1.0000000000000000        1.7763568394002505E-015
  0.57575571770876921        8.4998356006516444E-006   1.2121212121212121E-002   1.0018239063426924        1.0101010101010102E-002   1.0018239063426924        1.0000000000000000        1.7763568394002505E-015
  0.58585649845894738        9.4066818728630296E-006   1.2121212121212121E-002   1.0018231170054739        1.0101010101010102E-002   1.0018231170054739        1.0000000000000000        1.7763568394002505E-015
  0.59595728926437208        1.0143922164123526E-005   1.2121212121212121E-002   1.0018223466045859        1.0101010101010102E-002   1.0018223466045859        1.0000000000000000        1.7763568394002505E-015
  0.60605808600983890        1.0821610995557083E-005   1.2121212121212121E-002   1.0018220300527578        1.0101010101010102E-002   1.0018220300527578        1.0000000000000000        1.7763568394002505E-015
  0.61615888256441131        1.1469869907399319E-005   1.2121212121212121E-002   1.0018218792017706        1.0101010101010102E-002   1.0018218792017706        1.0000000000000000        1.7763568394002505E-015
  0.62625968151082489        1.2260565910532651E-005   1.2121212121212121E-002   1.0018214385720838        1.0101010101010102E-002   1.0018214385720838        1.0000000000000000        1.7763568394002505E-015
  0.63636048704769133        1.2582024506686701E-005   1.2121212121212121E-002   1.0018208541752489        1.0101010101010102E-002   1.0018208541752489        1.0000000000000000        1.7763568394002505E-015
  0.64646129810290021        1.2415965522081415E-005   1.2121212121212121E-002   1.0018204539887055        1.0101010101010102E-002   1.0018204539887055        1.0000000000000000        1.7763568394002505E-015
  0.65656211143398768        1.2183511229116396E-005   1.2121212121212121E-002   1.0018202155718066        1.0101010101010102E-002   1.0018202155718066        1.0000000000000000        1.7763568394002505E-015
  0.66666292746694167        1.1829115208839398E-005   1.2121212121212121E-002   1.0018202979017341        1.0101010101010102E-002   1.0018202979017341        1.0000000000000000        1.7763568394002505E-015
  0.67676373942405232        1.1120631140199438E-005   1.2121212121212121E-002   1.0018208207813819        1.0101010101010102E-002   1.0018208207813819        1.0000000000000000        1.7763568394002505E-015
  0.68686454438244127        9.8402932754086636E-006   1.2121212121212121E-002   1.0018213521258623        1.0101010101010102E-002   1.0018213521258623        1.0000000000000000        1.7763568394002505E-015
  0.69696534540710642        8.8134069578608666E-006   1.2121212121212121E-002   1.0018216361685006        1.0101010101010102E-002   1.0018216361685006        1.0000000000000000        1.7763568394002505E-015
  0.70706614531930079        7.9315477389167086E-006   1.2121212121212121E-002   1.0018220168050853        1.0101010101010102E-002   1.0018220168050853        1.0000000000000000        1.7763568394002505E-015
  0.71716693968295686        6.9247268917758417E-006   1.2121212121212121E-002   1.0018229835704802        1.0101010101010102E-002   1.0018229835704802        1.0000000000000000        1.7763568394002505E-015
  0.72726771992645367        5.3863718942285588E-006   1.2121212121212121E-002   1.0018242075225432        1.0101010101010102E-002   1.0018242075225432        1.0000000000000000        1.7763568394002505E-015
  0.73736848911752439        3.6679847733015107E-006   1.2121212121212121E-002   1.0018250864706335        1.0101010101010102E-002   1.0018250864706335        1.0000000000000000        1.7763568394002505E-015
  0.74746925178108359        1.8345577964425095E-006   1.2121212121212121E-002   1.0018254618976625        1.0101010101010102E-002   1.0018254618976625        1.0000000000000000        1.7763568394002505E-015
  0.75757001380501665        1.9842938251945732E-007   1.2121212121212121E-002   1.0018254916464173        1.0101010101010102E-002   1.0018254916464173        1.0000000000000000        1.7763568394002505E-015
  0.76767077639068360       -1.1852773961726411E-006   1.2121212121212121E-002   1.0018254705680532        1.0101010101010102E-002   1.0018254705680532        1.0000000000000000        1.7763568394002505E-015
  0.77777153867097393       -2.4277261294940695E-006   1.2121212121212121E-002   1.0018253252092844        1.0101010101010102E-002   1.0018253252092844        1.0000000000000000        1.7763568394002505E-015
  0.78787230396852159       -3.4105089826707806E-006   1.2121212121212121E-002   1.0018249642234851        1.0101010101010102E-002   1.0018249642234851        1.0000000000000000        1.7763568394002505E-015
  0.79797307353904201       -4.1445934672830371E-006   1.2121212121212121E-002   1.0018244733714829        1.0101010101010102E-002   1.0018244733714829        1.0000000000000000        1.7763568394002505E-015
  0.80807384861795495       -4.7723384775342573E-006   1.2121212121212121E-002   1.0018238968024771        1.0101010101010102E-002   1.0018238968024771        1.0000000000000000        1.7763568394002505E-015
  0.81817462936575736       -5.6541230531591197E-006   1.2121212121212121E-002   1.0018230907821566        1.0101010101010102E-002   1.0018230907821566        1.0000000000000000        1.7763568394002505E-015
  0.82827541986736897       -6.7070492823179026E-006   1.2121212121212121E-002   1.0018217917804926        1.0101010101010102E-002   1.0018217917804926        1.0000000000000000        1.7763568394002505E-015
  0.83837622695241931       -7.6415245156956272E-006   1.2121212121212121E-002   1.0018203850954641        1.0101010101010102E-002   1.0018203850954641        1.0000000000000000        1.7763568394002505E-015
  0.84847704582609662       -8.3338231149510456E-006   1.2121212121212121E-002   1.0018192146206186        1.0101010101010102E-002   1.0018192146206186        1.0000000000000000        1.7763568394002505E-015
  0.85857787566955446       -9.2838935342170054E-006   1.2121212121212121E-002   1.0018180940470678        1.0101010101010102E-002   1.0018180940470678        1.0000000000000000        1.7763568394002505E-015
  0.86867871657777140       -1.0671594773515326E-005   1.2121212121212121E-002   1.0018169675120279        1.0101010101010102E-002   1.0018169675120279        1.0000000000000000        1.7763568394002505E-015
  0.87877956914971511       -1.1834428047425545E-005   1.2121212121212121E-002   1.0018161007758593        1.0101010101010102E-002   1.0018161007758593        1.0000000000000000        1.7763568394002505E-015
  0.88888042726579053       -1.2647088854385569E-005   1.2121212121212121E-002   1.0018155236162034        1.0101010101010102E-002   1.0018155236162034        1.0000000000000000        1.7763568394002505E-015
  0.89898129044067610       -1.3493973209072640E-005   1.2121212121212121E-002   1.0018147794097665        1.0101010101010102E-002   1.0018147794097665        1.0000000000000000        1.7763568394002505E-015
  0.90908216317067114       -1.4503638780696451E-005   1.2121212121212121E-002   1.0018137881619722        1.0101010101010102E-002   1.0018137881619722        1.0000000000000000        1.7763568394002505E-015
  0.91918304617693514       -1.5141997235559129E-005   1.2121212121212121E-002   1.0018126657302187        1.0101010101010102E-002   1.0018126657302187        1.0000000000000000        1.7763568394002505E-015
  0.92928394070983489       -1.5490716831215191E-005   1.2121212121212121E-002   1.0018112040179377        1.0101010101010102E-002   1.0018112040179377        1.0000000000000000        1.7763568394002505E-015
  0.93938485246709358       -1.5849487939932128E-005   1.2121212121212121E-002   1.0018093289110355        1.0101010101010102E-002   1.0018093289110355        1.0000000000000000        1.7763568394002505E-015
  0.94948578444248943       -1.6320006327567684E-005   1.2121212121212121E-002   1.0018072831364964        1.0101010101010102E-002   1.0018072831364964        1.0000000000000000        1.7763568394002505E-015
  0.95958673714864862       -1.6934243321978229E-005   1.2121212121212121E-002   1.0018053790888142        1.0101010101010102E-002   1.0018053790888142        1.0000000000000000        1.7763568394002505E-015
  0.96968770661923542       -1.7524906710784867E-005   1.2121212121212121E-002   1.0018035664525200        1.0101010101010102E-002   1.0018035664525200        1.0000000000000000        8.8817841970012523E-016
  0.97978869506366506       -1.7938623605662206E-005   1.2121212121212121E-002   1.0018018259194008        1.0101010101010102E-002   1.0018018259194008        1.0000000000000000       -3.2862601528904634E-014
  0.98988969956066475       -1.7791533543617215E-005   1.2121212121212121E-002   1.0018004901013262        1.0101010101010102E-002   1.0018004901013262        1.0000000000000000        1.5010215292932116E-013
  0.99999071392069294       -1.7508833526470134E-005   1.2121212121212121E-002   1.0017994120679465        1.0101010101010102E-002   1.0017994120679465        1.0000000000000000        1.0436096431476471E-012
   1.0100917240217031        1.7852806534414021E-005   1.2121212121212121E-002   1.0018004901012907        1.0101010101010102E-002   1.0017995736685517        1.0000000000000000        1.4299672557172016E-013
   1.0201927341227133        1.8021867374284406E-005   1.2121212121212121E-002   1.0018018259196955        1.0101010101010102E-002   1.0018003444545205        1.0000000000000000       -1.9677833450701065E-002
   1.0302937442237234        1.7623178666618884E-005   1.2121212121212121E-002   1.0018035664526879        1.0101010101010102E-002   1.0018004115226273        1.0000000000000000       -1.3138325546267744     
   1.0403947543247336        1.7026069088395079E-005   1.2121212121212121E-002   1.0018053790887573        1.0101010101010102E-002  0.99665637860081713        1.0000000000000000       -4.6453021478719450     
   1.0504957644257438        1.6427647356294127E-005   1.2121212121212121E-002   1.0018072831364129        1.0101010101010102E-002  0.77867798353909146        1.0000000000000000        107.01218865918355     
  -1.0091724020977081E-002  -1.7852806503234433E-005   1.2121212121212121E-002   1.0018004901013262        1.0101010101010102E-002   1.0017995736685521        1.0000000000000000        1.1546319456101628E-014
  -2.0192734121987181E-002  -1.8021867090223219E-005   1.2121212121212121E-002   1.0018018259194008        1.0101010101010102E-002   1.0018003444545269        1.0000000000000000        1.9677833450746363E-002
  -3.0293744222997281E-002  -1.7623178613698315E-005   1.2121212121212121E-002   1.0018035664525200        1.0101010101010102E-002   1.0018004115226335        1.0000000000000000        1.3138325546268277     
  -4.0394754324007388E-002  -1.7026069160041337E-005   1.2121212121212121E-002   1.0018053790888142        1.0101010101010102E-002  0.99665637860082268        1.0000000000000000        4.6453021478716039     
  -5.0495764425017492E-002  -1.6427647313613559E-005   1.2121212121212121E-002   1.0018072831364964        1.0101010101010102E-002  0.77867798353909445        1.0000000000000000       -107.01218865918408     
