 # x v h rho m p cs a
   20.901818181818808     
   2.0111462582003739E-014   7.4700434390362177E-013   1.2121212121212121E-002   1.0018909429888938        1.0101010101010102E-002   1.0018909429888938        1.0000000000000000       -5.6386006974662450E-011
   1.0100115466006258E-002  -2.4952855641799473E-006   1.2121212121212121E-002   1.0018907603955147        1.0101010101010102E-002   1.0018907603955147        1.0000000000000000        3.8081766678743634E-005
   2.0200234540462613E-002  -4.9805950814120905E-006   1.2121212121212121E-002   1.0018902133551426        1.0101010101010102E-002   1.0018902133551426        1.0000000000000000        7.6009168902047008E-005
   3.0300360817235084E-002  -7.4459909644361044E-006   1.2121212121212121E-002   1.0018893040872792        1.0101010101010102E-002   1.0018893040872792        1.0000000000000000        1.1362828564465133E-004
   4.0400497860956439E-002  -9.8816145603495102E-006   1.2121212121212121E-002   1.0018880362795153        1.0101010101010102E-002   1.0018880362795153        1.0000000000000000        1.5078690918812754E-004
   5.0500649192637068E-002  -1.2277724711263383E-005   1.2121212121212121E-002   1.0018864150727729        1.0101010101010102E-002   1.0018864150727729        1.0000000000000000        1.8733427928729895E-004
   6.0600818275367070E-002  -1.4624730421242093E-005   1.2121212121212121E-002   1.0018844470405568        1.0101010101010102E-002   1.0018844470405568        1.0000000000000000        2.2312248718581174E-004
   7.0701008500314827E-002  -1.6913237326734835E-005   1.2121212121212121E-002   1.0018821401615392        1.0101010101010102E-002   1.0018821401615392        1.0000000000000000        2.5800646052154264E-004
   8.0801223172972614E-002  -1.9134079083600366E-005   1.2121212121212121E-002   1.0018795037870167        1.0101010101010102E-002   1.0018795037870167        1.0000000000000000        2.9184510257973528E-004
   9.0901465499791514E-002  -2.1278355731588231E-005   1.2121212121212121E-002   1.0018765486010701        1.0101010101010102E-002   1.0018765486010701        1.0000000000000000        3.2450158869146151E-004
  0.10100173857522164       -2.3337465042638408E-005   1.2121212121212121E-002   1.0018732865779083        1.0101010101010102E-002   1.0018732865779083        1.0000000000000000        3.5584375489960962E-004
  0.11110204536917613       -2.5303140157076383E-005   1.2121212121212121E-002   1.0018697309308910        1.0101010101010102E-002   1.0018697309308910        1.0000000000000000        3.8574535349589212E-004
  0.12120238871508807       -2.7167484476632172E-005   1.2121212121212121E-002   1.0018658960591131        1.0101010101010102E-002   1.0018658960591131        1.0000000000000000        4.1408533289821747E-004
  0.13130277129842305       -2.8922998653761190E-005   1.2121212121212121E-002   1.0018617974891841        1.0101010101010102E-002   1.0018617974891841        1.0000000000000000        4.4074962241502647E-004
  0.14140319564587456       -3.0562612123736108E-005   1.2121212121212121E-002   1.0018574518078849        1.0101010101010102E-002   1.0018574518078849        1.0000000000000000        4.6563111431652260E-004
  0.15150366411522881       -3.2079711144032248E-005   1.2121212121212121E-002   1.0018528765977583        1.0101010101010102E-002   1.0018528765977583        1.0000000000000000        4.8862924048531653E-004
  0.16160417888580461       -3.3468168352411735E-005   1.2121212121212121E-002   1.0018480903631226        1.0101010101010102E-002   1.0018480903631226        1.0000000000000000        5.0965223027077400E-004
  0.17170474194979324       -3.4722364787881695E-005   1.2121212121212121E-002   1.0018431124541054        1.0101010101010102E-002   1.0018431124541054        1.0000000000000000        5.2861537249349055E-004
  0.18180535510419563       -3.5837215323875093E-005   1.2121212121212121E-002   1.0018379629885363        1.0101010101010102E-002   1.0018379629885363        1.0000000000000000        5.4544318393290325E-004
  0.19190601994369677       -3.6808184832616325E-005   1.2121212121212121E-002   1.0018326627685035        1.0101010101010102E-002   1.0018326627685035        1.0000000000000000        5.6006829500532263E-004
  0.20200673785425990       -3.7631315617821550E-005   1.2121212121212121E-002   1.0018272331967688        1.0101010101010102E-002   1.0018272331967688        1.0000000000000000        5.7243269124196416E-004
  0.21210751000764083       -3.8303235278296007E-005   1.2121212121212121E-002   1.0018216961885760        1.0101010101010102E-002   1.0018216961885760        1.0000000000000000        5.8248733401633501E-004
  0.22220833735673209       -3.8821177542321637E-005   1.2121212121212121E-002   1.0018160740832804        1.0101010101010102E-002   1.0018160740832804        1.0000000000000000        5.9019267627391514E-004
  0.23230922063181511       -3.9182990826889813E-005   1.2121212121212121E-002   1.0018103895528476        1.0101010101010102E-002   1.0018103895528476        1.0000000000000000        5.9551871326402050E-004
  0.24241016033771895       -3.9387149259470324E-005   1.2121212121212121E-002   1.0018046655110342        1.0101010101010102E-002   1.0018046655110342        1.0000000000000000        5.9844486563775945E-004
  0.25251115675185914       -3.9432761525790972E-005   1.2121212121212121E-002   1.0017989250200585        1.0101010101010102E-002   1.0017989250200585        1.0000000000000000        5.9896056745767368E-004
  0.26261220992324585       -3.9319571974092005E-005   1.2121212121212121E-002   1.0017931911977616        1.0101010101010102E-002   1.0017931911977616        1.0000000000000000        5.9706460017316942E-004
  0.27271331967235585       -3.9047964855272346E-005   1.2121212121212121E-002   1.0017874871248116        1.0101010101010102E-002   1.0017874871248116        1.0000000000000000        5.9276578832001547E-004
  0.28281448559197009       -3.8618964861254582E-005   1.2121212121212121E-002   1.0017818357502293        1.0101010101010102E-002   1.0017818357502293        1.0000000000000000        5.8608257480674553E-004
  0.29291570704892594       -3.8034233498267937E-005   1.2121212121212121E-002   1.0017762598017581        1.0101010101010102E-002   1.0017762598017581        1.0000000000000000        5.7704251716383936E-004
  0.30301698318671189       -3.7296061519504358E-005   1.2121212121212121E-002   1.0017707816938024        1.0101010101010102E-002   1.0017707816938024        1.0000000000000000        5.6568325228401051E-004
  0.31311831292904641       -3.6407362070489651E-005   1.2121212121212121E-002   1.0017654234362949        1.0101010101010102E-002   1.0017654234362949        1.0000000000000000        5.5205136777924935E-004
  0.32321969498428177       -3.5371661307038471E-005   1.2121212121212121E-002   1.0017602065484736        1.0101010101010102E-002   1.0017602065484736        1.0000000000000000        5.3620251153763121E-004
  0.33332112785068002       -3.4193084655143209E-005   1.2121212121212121E-002   1.0017551519733834        1.0101010101010102E-002   1.0017551519733834        1.0000000000000000        5.1820106773003971E-004
  0.34342260982251144       -3.2876337968463160E-005   1.2121212121212121E-002   1.0017502799944704        1.0101010101010102E-002   1.0017502799944704        1.0000000000000000        4.9812015722583425E-004
  0.35352413899697649       -3.1426690293002291E-005   1.2121212121212121E-002   1.0017456101527595        1.0101010101010102E-002   1.0017456101527595        1.0000000000000000        4.7604143450463710E-004
  0.36362571328195659       -2.9849957752869050E-005   1.2121212121212121E-002   1.0017411611715625        1.0101010101010102E-002   1.0017411611715625        1.0000000000000000        4.5205374776458029E-004
  0.37372733040441602       -2.8152476358484058E-005   1.2121212121212121E-002   1.0017369508834213        1.0101010101010102E-002   1.0017369508834213        1.0000000000000000        4.2625400484563869E-004
  0.38382898791959508       -2.6341073640645825E-005   1.2121212121212121E-002   1.0017329961572674        1.0101010101010102E-002   1.0017329961572674        1.0000000000000000        3.9874625629199301E-004
  0.39393068322086683       -2.4423046440440645E-005   1.2121212121212121E-002   1.0017293128326012        1.0101010101010102E-002   1.0017293128326012        1.0000000000000000        3.6964120663718347E-004
  0.40403241355022568       -2.2406133452417921E-005   1.2121212121212121E-002   1.0017259156570455        1.0101010101010102E-002   1.0017259156570455        1.0000000000000000        3.3905592085137215E-004
  0.41413417600938435       -2.0298475914178371E-005   1.2121212121212121E-002   1.0017228182288516        1.0101010101010102E-002   1.0017228182288516        1.0000000000000000        3.0711310959397053E-004
  0.42423596757140014       -1.8108590277954171E-005   1.2121212121212121E-002   1.0017200329438478        1.0101010101010102E-002   1.0017200329438478        1.0000000000000000        2.7394093782096007E-004
  0.43433778509281934       -1.5845331518343625E-005   1.2121212121212121E-002   1.0017175709451867        1.0101010101010102E-002   1.0017175709451867        1.0000000000000000        2.3967262720514526E-004
  0.44443962532630599       -1.3517858225507299E-005   1.2121212121212121E-002   1.0017154420797620        1.0101010101010102E-002   1.0017154420797620        1.0000000000000000        2.0444544809716803E-004
  0.45454148493365010       -1.1135594281189234E-005   1.2121212121212121E-002   1.0017136548615069        1.0101010101010102E-002   1.0017136548615069        1.0000000000000000        1.6840027978215488E-004
  0.46464336049911625       -8.7081893174058753E-006   1.2121212121212121E-002   1.0017122164374854        1.0101010101010102E-002   1.0017122164374854        1.0000000000000000        1.3168147681863474E-004
  0.47474524854312666       -6.2454794499798063E-006   1.2121212121212121E-002   1.0017111325583448        1.0101010101010102E-002   1.0017111325583448        1.0000000000000000        9.4436123290186913E-005
  0.48484714553620001       -3.7574452847007886E-006   1.2121212121212121E-002   1.0017104075559864        1.0101010101010102E-002   1.0017104075559864        1.0000000000000000        5.6813245856268679E-005
  0.49494904791307648       -1.2541774619756317E-006   1.2121212121212121E-002   1.0017100443282569        1.0101010101010102E-002   1.0017100443282569        1.0000000000000000        1.8963075146594122E-005
  0.50505095208695705        1.2541773221114186E-006   1.2121212121212121E-002   1.0017100443284706        1.0101010101010102E-002   1.0017100443284706        1.0000000000000000       -1.8963116882986242E-005
  0.51515285446382786        3.7574457123192095E-006   1.2121212121212121E-002   1.0017104075558894        1.0101010101010102E-002   1.0017104075558894        1.0000000000000000       -5.6813142422562635E-005
  0.52525475145690903        6.2454789973873504E-006   1.2121212121212121E-002   1.0017111325580672        1.0101010101010102E-002   1.0017111325580672        1.0000000000000000       -9.4436187228374990E-005
  0.53535663950091827        8.7081894742557993E-006   1.2121212121212121E-002   1.0017122164376653        1.0101010101010102E-002   1.0017122164376653        1.0000000000000000       -1.3168150981623938E-004
  0.54545851506638121        1.1135594267909531E-005   1.2121212121212121E-002   1.0017136548617067        1.0101010101010102E-002   1.0017136548617067        1.0000000000000000       -1.6840025523467972E-004
  0.55556037467372410        1.3517858289770471E-005   1.2121212121212121E-002   1.0017154420796814        1.0101010101010102E-002   1.0017154420796814        1.0000000000000000       -2.0444540819575252E-004
  0.56566221490721391        1.5845331413036206E-005   1.2121212121212121E-002   1.0017175709450306        1.0101010101010102E-002   1.0017175709450306        1.0000000000000000       -2.3967265018409734E-004
  0.57576403242863361        1.8108589732989435E-005   1.2121212121212121E-002   1.0017200329439493        1.0101010101010102E-002   1.0017200329439493        1.0000000000000000       -2.7394097474164880E-004
  0.58586582399064668        2.0298476152323731E-005   1.2121212121212121E-002   1.0017228182290594        1.0101010101010102E-002   1.0017228182290594        1.0000000000000000       -3.0711309213504734E-004
  0.59596758644980286        2.2406133658939319E-005   1.2121212121212121E-002   1.0017259156567686        1.0101010101010102E-002   1.0017259156567686        1.0000000000000000       -3.3905583468385458E-004
  0.60606931677917064        2.4423046698781540E-005   1.2121212121212121E-002   1.0017293128323690        1.0101010101010102E-002   1.0017293128323690        1.0000000000000000       -3.6964130243699600E-004
  0.61617101208043878        2.6341073596604631E-005   1.2121212121212121E-002   1.0017329961574855        1.0101010101010102E-002   1.0017329961574855        1.0000000000000000       -3.9874625521818530E-004
  0.62627266959561589        2.8152476046449586E-005   1.2121212121212121E-002   1.0017369508834413        1.0101010101010102E-002   1.0017369508834413        1.0000000000000000       -4.2625396998197118E-004
  0.63637428671807728        2.9849958287100519E-005   1.2121212121212121E-002   1.0017411611715452        1.0101010101010102E-002   1.0017411611715452        1.0000000000000000       -4.5205376837476052E-004
  0.64647586100305576        3.1426690292638521E-005   1.2121212121212121E-002   1.0017456101527185        1.0101010101010102E-002   1.0017456101527185        1.0000000000000000       -4.7604141034884861E-004
  0.65657739017752326        3.2876337817281129E-005   1.2121212121212121E-002   1.0017502799944211        1.0101010101010102E-002   1.0017502799944211        1.0000000000000000       -4.9812017985750856E-004
  0.66667887214935329        3.4193084821800858E-005   1.2121212121212121E-002   1.0017551519733696        1.0101010101010102E-002   1.0017551519733696        1.0000000000000000       -5.1820105034217079E-004
  0.67678030501575315        3.5371661495651553E-005   1.2121212121212121E-002   1.0017602065484945        1.0101010101010102E-002   1.0017602065484945        1.0000000000000000       -5.3620254102781928E-004
  0.68688168707098696        3.6407361351018341E-005   1.2121212121212121E-002   1.0017654234365716        1.0101010101010102E-002   1.0017654234365716        1.0000000000000000       -5.5205139058589481E-004
  0.69698301681331676        3.7296061908218945E-005   1.2121212121212121E-002   1.0017707816938930        1.0101010101010102E-002   1.0017707816938930        1.0000000000000000       -5.6568319054051130E-004
  0.70708429295110553        3.8034233288419387E-005   1.2121212121212121E-002   1.0017762598016002        1.0101010101010102E-002   1.0017762598016002        1.0000000000000000       -5.7704252523471666E-004
  0.71718551440806233        3.8618965026713137E-005   1.2121212121212121E-002   1.0017818357501758        1.0101010101010102E-002   1.0017818357501758        1.0000000000000000       -5.8608258605286068E-004
  0.72728668032767640        3.9047964855543885E-005   1.2121212121212121E-002   1.0017874871247490        1.0101010101010102E-002   1.0017874871247490        1.0000000000000000       -5.9276578018074844E-004
  0.73738779007678801        3.9319572201543100E-005   1.2121212121212121E-002   1.0017931911977811        1.0101010101010102E-002   1.0017931911977811        1.0000000000000000       -5.9706462331821086E-004
  0.74748884324817244        3.9432761654815686E-005   1.2121212121212121E-002   1.0017989250200148        1.0101010101010102E-002   1.0017989250200148        1.0000000000000000       -5.9896053158592366E-004
  0.75758983966231586        3.9387148996226816E-005   1.2121212121212121E-002   1.0018046655109689        1.0101010101010102E-002   1.0018046655109689        1.0000000000000000       -5.9844489614757634E-004
  0.76769077936821795        3.9182990466120103E-005   1.2121212121212121E-002   1.0018103895528678        1.0101010101010102E-002   1.0018103895528678        1.0000000000000000       -5.9551870162977139E-004
  0.77779166264330224        3.8821177569861348E-005   1.2121212121212121E-002   1.0018160740833475        1.0101010101010102E-002   1.0018160740833475        1.0000000000000000       -5.9019269850413281E-004
  0.78789248999239070        3.8303235434770477E-005   1.2121212121212121E-002   1.0018216961885715        1.0101010101010102E-002   1.0018216961885715        1.0000000000000000       -5.8248729353760353E-004
  0.79799326214577448        3.7631315206554718E-005   1.2121212121212121E-002   1.0018272331967000        1.0101010101010102E-002   1.0018272331967000        1.0000000000000000       -5.7243272287799130E-004
  0.80809398005633681        3.6808185541328426E-005   1.2121212121212121E-002   1.0018326627687124        1.0101010101010102E-002   1.0018326627687124        1.0000000000000000       -5.6006831687227532E-004
  0.81819464489583360        3.5837215370787809E-005   1.2121212121212121E-002   1.0018379629884993        1.0101010101010102E-002   1.0018379629884993        1.0000000000000000       -5.4544311685322810E-004
  0.82829525805024162        3.4722364899651596E-005   1.2121212121212121E-002   1.0018431124540639        1.0101010101010102E-002   1.0018431124540639        1.0000000000000000       -5.2861543151561108E-004
  0.83839582111422517        3.3468167789086369E-005   1.2121212121212121E-002   1.0018480903629656        1.0101010101010102E-002   1.0018480903629656        1.0000000000000000       -5.0965215019349586E-004
  0.84849633588480944        3.2079711272456774E-005   1.2121212121212121E-002   1.0018528765976371        1.0101010101010102E-002   1.0018528765976371        1.0000000000000000       -4.8862932840876283E-004
  0.85859680435415764        3.0562612056848905E-005   1.2121212121212121E-002   1.0018574518078052        1.0101010101010102E-002   1.0018574518078052        1.0000000000000000       -4.6563103062347011E-004
  0.86869722870161636        2.8922998650303933E-005   1.2121212121212121E-002   1.0018617974889701        1.0101010101010102E-002   1.0018617974889701        1.0000000000000000       -4.4074968627683120E-004
  0.87879761128494949        2.7167484529283184E-005   1.2121212121212121E-002   1.0018658960593196        1.0101010101010102E-002   1.0018658960593196        1.0000000000000000       -4.1408535147358094E-004
  0.88889795463085786        2.5303140393876993E-005   1.2121212121212121E-002   1.0018697309308162        1.0101010101010102E-002   1.0018697309308162        1.0000000000000000       -3.8574527730883545E-004
  0.89899826142481754        2.3337464839587961E-005   1.2121212121212121E-002   1.0018732865776265        1.0101010101010102E-002   1.0018732865776265        1.0000000000000000       -3.5584378498398905E-004
  0.90909853450024924        2.1278355646615912E-005   1.2121212121212121E-002   1.0018765486012515        1.0101010101010102E-002   1.0018765486012515        1.0000000000000000       -3.2450165884245763E-004
  0.91919877682706252        1.9134079407247948E-005   1.2121212121212121E-002   1.0018795037874164        1.0101010101010102E-002   1.0018795037874164        1.0000000000000000       -2.9184508186208546E-004
  0.92929899149971706        1.6913237020536490E-005   1.2121212121212121E-002   1.0018821401615907        1.0101010101010102E-002   1.0018821401615907        1.0000000000000000       -2.5800640304307620E-004
  0.93939918172466730        1.4624730476734266E-005   1.2121212121212121E-002   1.0018844470404014        1.0101010101010102E-002   1.0018844470404014        1.0000000000000000       -2.2312249986899957E-004
  0.94949935080739889        1.2277724376557067E-005   1.2121212121212121E-002   1.0018864150729667        1.0101010101010102E-002   1.0018864150729667        1.0000000000000000       -1.8733434398043869E-004
  0.95959950213907363        9.8816153602657839E-006   1.2121212121212121E-002   1.0018880362797939        1.0101010101010102E-002   1.0018880362797939        1.0000000000000000       -1.5078686219904824E-004
  0.96969963918279434        7.4459907310336635E-006   1.2121212121212121E-002   1.0018893040870747        1.0101010101010102E-002   1.0018893040870747        1.0000000000000000       -1.1362822910143677E-004
  0.97979976545957237        4.9805950773726895E-006   1.2121212121212121E-002   1.0018902133549257        1.0101010101010102E-002   1.0018902133549257        1.0000000000000000       -7.6009220850714598E-005
  0.98989988453402800        2.4952852461838020E-006   1.2121212121212121E-002   1.0018907603956007        1.0101010101010102E-002   1.0018907603956007        1.0000000000000000       -3.8081780707521773E-005
   1.0000000000000124       -3.4327953570706973E-013   1.2121212121212121E-002   1.0018909429888916        1.0101010101010102E-002   1.0018909429888916        1.0000000000000000        8.8682838850218104E-011
   1.0101001154660063       -2.5872898031472602E-006   1.2121212121212121E-002   1.0018907603955147        1.0101010101010102E-002   1.0018907603955147        1.0000000000000000        3.8081722833815945E-005
   1.0202002345404626       -5.1642305797584923E-006   1.2121212121212121E-002   1.0018902133551426        1.0101010101010102E-002   1.0018902133551426        1.0000000000000000        7.6009141039889982E-005
   1.0303003608172352       -7.7205128698600053E-006   1.2121212121212121E-002   1.0018893040872792        1.0101010101010102E-002   1.0018893040872792        1.0000000000000000        1.1362828337002640E-004
   1.0404004978609565       -1.0245910203532075E-005   1.2121212121212121E-002   1.0018880362795153        1.0101010101010102E-002   1.0018880362795153        1.0000000000000000        1.5078690873515654E-004
   1.0505006491926370       -1.2730317067605822E-005   1.2121212121212121E-002   1.0018864150727729        1.0101010101010102E-002   1.0018864150727729        1.0000000000000000        1.8733428114359185E-004
   1.0606008182753670       -1.5163785263629163E-005   1.2121212121212121E-002   1.0018844470405568        1.0101010101010102E-002   1.0018844470405568        1.0000000000000000        2.2312248795941514E-004
   1.0707010085003148       -1.7536569823628220E-005   1.2121212121212121E-002   1.0018821401615392        1.0101010101010102E-002   1.0018821401615392        1.0000000000000000        2.5800646054108256E-004
   1.0808012231729727       -1.9839163497267704E-005   1.2121212121212121E-002   1.0018795037870167        1.0101010101010102E-002   1.0018795037870167        1.0000000000000000        2.9184510066482261E-004
   1.0909014654997915       -2.2062335661990200E-005   1.2121212121212121E-002   1.0018765486010701        1.0101010101010102E-002   1.0018765486010701        1.0000000000000000        7.6303684802989551     
   1.1010017385752215       -2.4197164874079479E-005   1.2121212121212121E-002   1.0018732865779083        1.0101010101010102E-002   1.0018732865779083        1.0000000000000000        93.411110119491127     
  -1.0100115465972004E-002   2.5872895351754769E-006   1.2121212121212121E-002   1.0018907603956007        1.0101010101010102E-002   1.0018907603956007        1.0000000000000000       -3.8081737386619352E-005
  -2.0200234540427631E-002   5.1642306952991268E-006   1.2121212121212121E-002   1.0018902133549257        1.0101010101010102E-002   1.0018902133549257        1.0000000000000000       -7.6009191837478340E-005
  -3.0300360817205663E-002   7.7205125239947994E-006   1.2121212121212121E-002   1.0018893040870747        1.0101010101010102E-002   1.0018893040870747        1.0000000000000000       -1.1362822909788406E-004
  -4.0400497860926365E-002   1.0245910848701829E-005   1.2121212121212121E-002   1.0018880362797939        1.0101010101010102E-002   1.0018880362797939        1.0000000000000000       -1.5078686219904824E-004
  -5.0500649192601110E-002   1.2730316909275591E-005   1.2121212121212121E-002   1.0018864150729667        1.0101010101010102E-002   1.0018864150729667        1.0000000000000000       -1.8733434397777415E-004
  -6.0600818275332702E-002   1.5163785343864371E-005   1.2121212121212121E-002   1.0018844470404014        1.0101010101010102E-002   1.0018844470404014        1.0000000000000000       -2.2312249987432864E-004
  -7.0701008500282936E-002   1.7536569398758472E-005   1.2121212121212121E-002   1.0018821401615907        1.0101010101010102E-002   1.0018821401615907        1.0000000000000000       -2.5800640303952349E-004
  -8.0801223172937475E-002   1.9839163749372248E-005   1.2121212121212121E-002   1.0018795037874164        1.0101010101010102E-002   1.0018795037874164        1.0000000000000000       -2.9184508186475000E-004
  -9.0901465499750755E-002   2.2062335747784982E-005   1.2121212121212121E-002   1.0018765486012515        1.0101010101010102E-002   1.0018765486012515        1.0000000000000000       -7.6303684803431793     
 -0.10100173857518246        2.4197164757195258E-005   1.2121212121212121E-002   1.0018732865776265        1.0101010101010102E-002   1.0018732865776265        1.0000000000000000       -93.411110119500265     
