 # x v h rho m p cs a
   3.6049999999999454     
   1.1206591210566200E-016   0.0000000000000000        1.2121212121212121E-002   1.0018596744167170        1.0101010101010102E-002   1.0018596744167170        1.0000000000000000        1.2434497875801753E-014
   1.0099825507562594E-002  -4.3960914935996033E-006   1.2121212121212121E-002   1.0019068682391752        1.0101010101010102E-002   1.0019068682391752        1.0000000000000000       -1.4210854715202004E-014
   2.0199832480766539E-002  -7.9766406566425788E-006   1.2121212121212121E-002   1.0019059376652724        1.0101010101010102E-002   1.0019059376652724        1.0000000000000000       -9.9475983006414026E-014
   3.0299772169208178E-002  -1.1932999655191900E-005   1.2121212121212121E-002   1.0019069238751961        1.0101010101010102E-002   1.0019069238751961        1.0000000000000000        6.1284310959308641E-014
   4.0399742156681955E-002  -1.5815833061006534E-005   1.2121212121212121E-002   1.0019050546348713        1.0101010101010102E-002   1.0019050546348713        1.0000000000000000        3.5527136788005009E-015
   5.0499725408561132E-002  -1.9569443099448265E-005   1.2121212121212121E-002   1.0019031499414375        1.0101010101010102E-002   1.0019031499414375        1.0000000000000000        4.4408920985006262E-015
   6.0599731661807633E-002  -2.3162175966375168E-005   1.2121212121212121E-002   1.0019007905486559        1.0101010101010102E-002   1.0019007905486559        1.0000000000000000       -8.8817841970012523E-015
   7.0699761924392937E-002  -2.6832536190679435E-005   1.2121212121212121E-002   1.0018981173602788        1.0101010101010102E-002   1.0018981173602788        1.0000000000000000       -5.1514348342607263E-014
   8.0799820650693174E-002  -3.0347592302005493E-005   1.2121212121212121E-002   1.0018949596680411        1.0101010101010102E-002   1.0018949596680411        1.0000000000000000        2.1316282072803006E-014
   9.0899913326525403E-002  -3.3646665194725707E-005   1.2121212121212121E-002   1.0018913278406436        1.0101010101010102E-002   1.0018913278406436        1.0000000000000000        7.1054273576010019E-015
  0.10100004401187856       -3.6860914068110573E-005   1.2121212121212121E-002   1.0018873476241132        1.0101010101010102E-002   1.0018873476241132        1.0000000000000000        7.1054273576010019E-015
  0.11110021543742975       -4.0031088649555819E-005   1.2121212121212121E-002   1.0018830928200662        1.0101010101010102E-002   1.0018830928200662        1.0000000000000000        3.5527136788005009E-015
  0.12120043013610059       -4.2941448352472412E-005   1.2121212121212121E-002   1.0018785424174745        1.0101010101010102E-002   1.0018785424174745        1.0000000000000000        1.9539925233402755E-014
  0.13130069145569268       -4.5639160758127114E-005   1.2121212121212121E-002   1.0018736854479064        1.0101010101010102E-002   1.0018736854479064        1.0000000000000000        8.0824236192711396E-014
  0.14140100201751987       -4.8138368855841675E-005   1.2121212121212121E-002   1.0018684671088771        1.0101010101010102E-002   1.0018684671088771        1.0000000000000000        2.2204460492503131E-014
  0.15150136643029194       -5.0594540256754769E-005   1.2121212121212121E-002   1.0018628888470023        1.0101010101010102E-002   1.0018628888470023        1.0000000000000000       -6.2172489379008766E-015
  0.16160178739184081       -5.2776301270001436E-005   1.2121212121212121E-002   1.0018570742393360        1.0101010101010102E-002   1.0018570742393360        1.0000000000000000       -6.2172489379008766E-015
  0.17170226701370037       -5.4726919860379088E-005   1.2121212121212121E-002   1.0018512056506477        1.0101010101010102E-002   1.0018512056506477        1.0000000000000000       -6.2172489379008766E-015
  0.18180280366168264       -5.6472958723592069E-005   1.2121212121212121E-002   1.0018451355413238        1.0101010101010102E-002   1.0018451355413238        1.0000000000000000       -6.2172489379008766E-015
  0.19190340293659899       -5.7891768229825198E-005   1.2121212121212121E-002   1.0018387124852348        1.0101010101010102E-002   1.0018387124852348        1.0000000000000000       -6.2172489379008766E-015
  0.20200406691189993       -5.9160916231020303E-005   1.2121212121212121E-002   1.0018321644672881        1.0101010101010102E-002   1.0018321644672881        1.0000000000000000       -6.2172489379008766E-015
  0.21210479563526982       -6.0211411611842311E-005   1.2121212121212121E-002   1.0018255490890684        1.0101010101010102E-002   1.0018255490890684        1.0000000000000000       -6.2172489379008766E-015
  0.22220559025695530       -6.1134155583045865E-005   1.2121212121212121E-002   1.0018188292109356        1.0101010101010102E-002   1.0018188292109356        1.0000000000000000       -1.7763568394002505E-015
  0.23230645168646494       -6.1624747765300043E-005   1.2121212121212121E-002   1.0018119740055116        1.0101010101010102E-002   1.0018119740055116        1.0000000000000000       -5.6843418860808015E-014
  0.24240738202651790       -6.1872805275366944E-005   1.2121212121212121E-002   1.0018051341265606        1.0101010101010102E-002   1.0018051341265606        1.0000000000000000       -1.8562928971732617E-013
  0.25250837868175230       -6.1881634784916037E-005   1.2121212121212121E-002   1.0017983506874628        1.0101010101010102E-002   1.0017983506874628        1.0000000000000000        1.8385293287792592E-013
  0.26260944278891779       -6.1644625915110440E-005   1.2121212121212121E-002   1.0017914787226090        1.0101010101010102E-002   1.0017914787226090        1.0000000000000000        5.0626169922907138E-014
  0.27271057536135956       -6.1319836736927995E-005   1.2121212121212121E-002   1.0017845873034465        1.0101010101010102E-002   1.0017845873034465        1.0000000000000000       -6.2172489379008766E-015
  0.28281177585844958       -6.0665727554975531E-005   1.2121212121212121E-002   1.0017778037484344        1.0101010101010102E-002   1.0017778037484344        1.0000000000000000       -6.2172489379008766E-015
  0.29291304247074923       -5.9641454491753430E-005   1.2121212121212121E-002   1.0017711323588054        1.0101010101010102E-002   1.0017711323588054        1.0000000000000000       -6.2172489379008766E-015
  0.30301437475638188       -5.8424592890857620E-005   1.2121212121212121E-002   1.0017645610968362        1.0101010101010102E-002   1.0017645610968362        1.0000000000000000       -6.2172489379008766E-015
  0.31311577149056774       -5.7099949306076798E-005   1.2121212121212121E-002   1.0017582345932410        1.0101010101010102E-002   1.0017582345932410        1.0000000000000000       -6.2172489379008766E-015
  0.32321722870451208       -5.5428975641834532E-005   1.2121212121212121E-002   1.0017520994187636        1.0101010101010102E-002   1.0017520994187636        1.0000000000000000       -6.2172489379008766E-015
  0.33331874639765374       -5.3476581456666372E-005   1.2121212121212121E-002   1.0017460051391818        1.0101010101010102E-002   1.0017460051391818        1.0000000000000000       -6.2172489379008766E-015
  0.34342032434376762       -5.1479974019022277E-005   1.2121212121212121E-002   1.0017401189506008        1.0101010101010102E-002   1.0017401189506008        1.0000000000000000       -6.2172489379008766E-015
  0.35352195859868357       -4.9344622854607328E-005   1.2121212121212121E-002   1.0017345857572721        1.0101010101010102E-002   1.0017345857572721        1.0000000000000000       -6.2172489379008766E-015
  0.36362364578089285       -4.6915607019458171E-005   1.2121212121212121E-002   1.0017293555155362        1.0101010101010102E-002   1.0017293555155362        1.0000000000000000       -6.2172489379008766E-015
  0.37372538344371803       -4.4204557462659427E-005   1.2121212121212121E-002   1.0017244487147015        1.0101010101010102E-002   1.0017244487147015        1.0000000000000000       -6.2172489379008766E-015
  0.38382716761228253       -4.1353048294141745E-005   1.2121212121212121E-002   1.0017198681765196        1.0101010101010102E-002   1.0017198681765196        1.0000000000000000       -6.2172489379008766E-015
  0.39392899565106154       -3.8419668834160486E-005   1.2121212121212121E-002   1.0017155385767169        1.0101010101010102E-002   1.0017155385767169        1.0000000000000000       -6.2172489379008766E-015
  0.40403086556295831       -3.5335199454356791E-005   1.2121212121212121E-002   1.0017115565244723        1.0101010101010102E-002   1.0017115565244723        1.0000000000000000       -6.2172489379008766E-015
  0.41413277236938639       -3.2057356916895346E-005   1.2121212121212121E-002   1.0017079531911324        1.0101010101010102E-002   1.0017079531911324        1.0000000000000000       -6.2172489379008766E-015
  0.42423471315795835       -2.8633643775064868E-005   1.2121212121212121E-002   1.0017045493738053        1.0101010101010102E-002   1.0017045493738053        1.0000000000000000       -6.2172489379008766E-015
  0.43433668742852299       -2.5089980698500015E-005   1.2121212121212121E-002   1.0017014617856241        1.0101010101010102E-002   1.0017014617856241        1.0000000000000000       -6.2172489379008766E-015
  0.44443868971822803       -2.1399777126332960E-005   1.2121212121212121E-002   1.0016989590918715        1.0101010101010102E-002   1.0016989590918715        1.0000000000000000       -6.2172489379008766E-015
  0.45454071317790601       -1.7549836520067775E-005   1.2121212121212121E-002   1.0016968935601516        1.0101010101010102E-002   1.0016968935601516        1.0000000000000000       -6.2172489379008766E-015
  0.46464275597501919       -1.3586269026114462E-005   1.2121212121212121E-002   1.0016950885716049        1.0101010101010102E-002   1.0016950885716049        1.0000000000000000       -6.2172489379008766E-015
  0.47474481544646602       -9.6514608515165023E-006   1.2121212121212121E-002   1.0016937276719633        1.0101010101010102E-002   1.0016937276719633        1.0000000000000000        5.3290705182007514E-015
  0.48484688527882169       -5.8150761848160625E-006   1.2121212121212121E-002   1.0016928960550489        1.0101010101010102E-002   1.0016928960550489        1.0000000000000000       -7.0166095156309893E-014
  0.49494896097508190       -1.9574595915722982E-006   1.2121212121212121E-002   1.0016924810803942        1.0101010101010102E-002   1.0016924810803942        1.0000000000000000       -4.4941828036826337E-013
  0.50505103902491211        1.9574596564267222E-006   1.2121212121212121E-002   1.0016924810804004        1.0101010101010102E-002   1.0016924810804004        1.0000000000000000       -6.9277916736609768E-014
  0.51515311472117220        5.8150762035007021E-006   1.2121212121212121E-002   1.0016928960550722        1.0101010101010102E-002   1.0016928960550722        1.0000000000000000        1.5987211554602254E-014
  0.52525518455352749        9.6514607303043359E-006   1.2121212121212121E-002   1.0016937276719831        1.0101010101010102E-002   1.0016937276719831        1.0000000000000000        1.7763568394002505E-015
  0.53535724402497431        1.3586269001995326E-005   1.2121212121212121E-002   1.0016950885716109        1.0101010101010102E-002   1.0016950885716109        1.0000000000000000        1.7763568394002505E-015
  0.54545928682208722        1.7549836518210757E-005   1.2121212121212121E-002   1.0016968935600690        1.0101010101010102E-002   1.0016968935600690        1.0000000000000000        1.7763568394002505E-015
  0.55556131028176736        2.1399777064506179E-005   1.2121212121212121E-002   1.0016989590918426        1.0101010101010102E-002   1.0016989590918426        1.0000000000000000        1.7763568394002505E-015
  0.56566331257147084        2.5089980726228116E-005   1.2121212121212121E-002   1.0017014617856717        1.0101010101010102E-002   1.0017014617856717        1.0000000000000000        1.7763568394002505E-015
  0.57576528684203587        2.8633643805080040E-005   1.2121212121212121E-002   1.0017045493738050        1.0101010101010102E-002   1.0017045493738050        1.0000000000000000        1.7763568394002505E-015
  0.58586722763060750        3.2057356873711309E-005   1.2121212121212121E-002   1.0017079531911099        1.0101010101010102E-002   1.0017079531911099        1.0000000000000000        1.7763568394002505E-015
  0.59596913443703647        3.5335199483725877E-005   1.2121212121212121E-002   1.0017115565244936        1.0101010101010102E-002   1.0017115565244936        1.0000000000000000        1.7763568394002505E-015
  0.60607100434893191        3.8419668749456039E-005   1.2121212121212121E-002   1.0017155385767622        1.0101010101010102E-002   1.0017155385767622        1.0000000000000000        1.7763568394002505E-015
  0.61617283238771114        4.1353048326871241E-005   1.2121212121212121E-002   1.0017198681764783        1.0101010101010102E-002   1.0017198681764783        1.0000000000000000        1.7763568394002505E-015
  0.62627461655627648        4.4204557452953480E-005   1.2121212121212121E-002   1.0017244487146963        1.0101010101010102E-002   1.0017244487146963        1.0000000000000000        1.7763568394002505E-015
  0.63637635421910088        4.6915607164004513E-005   1.2121212121212121E-002   1.0017293555155478        1.0101010101010102E-002   1.0017293555155478        1.0000000000000000        1.7763568394002505E-015
  0.64647804140131060        4.9344622800081208E-005   1.2121212121212121E-002   1.0017345857572442        1.0101010101010102E-002   1.0017345857572442        1.0000000000000000        1.7763568394002505E-015
  0.65657967565622677        5.1479973987575481E-005   1.2121212121212121E-002   1.0017401189505908        1.0101010101010102E-002   1.0017401189505908        1.0000000000000000        1.7763568394002505E-015
  0.66668125360234054        5.3476581453725291E-005   1.2121212121212121E-002   1.0017460051391540        1.0101010101010102E-002   1.0017460051391540        1.0000000000000000        1.7763568394002505E-015
  0.67678277129548292        5.5428975594575678E-005   1.2121212121212121E-002   1.0017520994187541        1.0101010101010102E-002   1.0017520994187541        1.0000000000000000        1.7763568394002505E-015
  0.68688422850942676        5.7099949301421505E-005   1.2121212121212121E-002   1.0017582345932636        1.0101010101010102E-002   1.0017582345932636        1.0000000000000000        1.7763568394002505E-015
  0.69698562524361252        5.8424592768374203E-005   1.2121212121212121E-002   1.0017645610968033        1.0101010101010102E-002   1.0017645610968033        1.0000000000000000        1.7763568394002505E-015
  0.70708695752924600        5.9641454531491432E-005   1.2121212121212121E-002   1.0017711323587606        1.0101010101010102E-002   1.0017711323587606        1.0000000000000000        1.7763568394002505E-015
  0.71718822414154593        6.0665727606031004E-005   1.2121212121212121E-002   1.0017778037484926        1.0101010101010102E-002   1.0017778037484926        1.0000000000000000        1.7763568394002505E-015
  0.72728942463863422        6.1319836673848205E-005   1.2121212121212121E-002   1.0017845873034525        1.0101010101010102E-002   1.0017845873034525        1.0000000000000000        1.7763568394002505E-015
  0.73739055721107760        6.1644625805529245E-005   1.2121212121212121E-002   1.0017914787225592        1.0101010101010102E-002   1.0017914787225592        1.0000000000000000        1.7763568394002505E-015
  0.74749162131824265        6.1881634922263947E-005   1.2121212121212121E-002   1.0017983506874599        1.0101010101010102E-002   1.0017983506874599        1.0000000000000000        1.7763568394002505E-015
  0.75759261797347754        6.1872805346613528E-005   1.2121212121212121E-002   1.0018051341266065        1.0101010101010102E-002   1.0018051341266065        1.0000000000000000        1.7763568394002505E-015
  0.76769354831352898        6.1624747699854090E-005   1.2121212121212121E-002   1.0018119740055347        1.0101010101010102E-002   1.0018119740055347        1.0000000000000000        1.7763568394002505E-015
  0.77779440974303959        6.1134155519316854E-005   1.2121212121212121E-002   1.0018188292108798        1.0101010101010102E-002   1.0018188292108798        1.0000000000000000        1.7763568394002505E-015
  0.78789520436472538        6.0211411667074185E-005   1.2121212121212121E-002   1.0018255490890315        1.0101010101010102E-002   1.0018255490890315        1.0000000000000000        1.7763568394002505E-015
  0.79799593308809569        5.9160916236605266E-005   1.2121212121212121E-002   1.0018321644672779        1.0101010101010102E-002   1.0018321644672779        1.0000000000000000        1.7763568394002505E-015
  0.80809659706339643        5.7891768193397110E-005   1.2121212121212121E-002   1.0018387124852557        1.0101010101010102E-002   1.0018387124852557        1.0000000000000000        1.7763568394002505E-015
  0.81819719633831245        5.6472958685936298E-005   1.2121212121212121E-002   1.0018451355413172        1.0101010101010102E-002   1.0018451355413172        1.0000000000000000        1.7763568394002505E-015
  0.82829773298629528        5.4726919892911624E-005   1.2121212121212121E-002   1.0018512056506503        1.0101010101010102E-002   1.0018512056506503        1.0000000000000000        1.7763568394002505E-015
  0.83839821260815406        5.2776301277909261E-005   1.2121212121212121E-002   1.0018570742392681        1.0101010101010102E-002   1.0018570742392681        1.0000000000000000        1.7763568394002505E-015
  0.84849863356970523        5.0594540200438367E-005   1.2121212121212121E-002   1.0018628888469581        1.0101010101010102E-002   1.0018628888469581        1.0000000000000000        1.7763568394002505E-015
  0.85859899798247585        4.8138368902786640E-005   1.2121212121212121E-002   1.0018684671088565        1.0101010101010102E-002   1.0018684671088565        1.0000000000000000        1.7763568394002505E-015
  0.86869930854430488        4.5639160753852004E-005   1.2121212121212121E-002   1.0018736854479049        1.0101010101010102E-002   1.0018736854479049        1.0000000000000000        1.7763568394002505E-015
  0.87879956986389529        4.2941448349360555E-005   1.2121212121212121E-002   1.0018785424175405        1.0101010101010102E-002   1.0018785424175405        1.0000000000000000        1.7763568394002505E-015
  0.88889978456256613        4.0031088587655092E-005   1.2121212121212121E-002   1.0018830928200104        1.0101010101010102E-002   1.0018830928200104        1.0000000000000000        1.7763568394002505E-015
  0.89899995598811877        3.6860914151655330E-005   1.2121212121212121E-002   1.0018873476241184        1.0101010101010102E-002   1.0018873476241184        1.0000000000000000        1.7763568394002505E-015
  0.90910008667347031        3.3646665127817314E-005   1.2121212121212121E-002   1.0018913278406816        1.0101010101010102E-002   1.0018913278406816        1.0000000000000000        1.7763568394002505E-015
  0.91920017934930320        3.0347592359755417E-005   1.2121212121212121E-002   1.0018949596680053        1.0101010101010102E-002   1.0018949596680053        1.0000000000000000        1.7763568394002505E-015
  0.92930023807560369        2.6832536229540744E-005   1.2121212121212121E-002   1.0018981173602692        1.0101010101010102E-002   1.0018981173602692        1.0000000000000000        1.7763568394002505E-015
  0.93940026833818879        2.3162175941167285E-005   1.2121212121212121E-002   1.0019007905486097        1.0101010101010102E-002   1.0019007905486097        1.0000000000000000        1.7763568394002505E-015
  0.94950027459143649        1.9569443077516082E-005   1.2121212121212121E-002   1.0019031499413995        1.0101010101010102E-002   1.0019031499413995        1.0000000000000000        1.7763568394002505E-015
  0.95960025784331526        1.5815833037503839E-005   1.2121212121212121E-002   1.0019050546348658        1.0101010101010102E-002   1.0019050546348658        1.0000000000000000        1.7763568394002505E-015
  0.96970022783078946        1.1932999723429776E-005   1.2121212121212121E-002   1.0019069238751752        1.0101010101010102E-002   1.0019069238751752        1.0000000000000000        8.8817841970012523E-016
  0.97980016751923105        7.9766405796055336E-006   1.2121212121212121E-002   1.0019059376652157        1.0101010101010102E-002   1.0019059376652157        1.0000000000000000       -3.2862601528904634E-014
  0.98990017449243628        4.3960915457279133E-006   1.2121212121212121E-002   1.0019068682391503        1.0101010101010102E-002   1.0019068682391503        1.0000000000000000        1.5010215292932116E-013
  0.99999999999999800        0.0000000000000000        1.2121212121212121E-002   1.0018596744167443        1.0101010101010102E-002   1.0018596744167443        1.0000000000000000        1.0436096431476471E-012
