 # x v h rho m p cs a
   4.3049999999999304     
   1.3382628338831613E-016   0.0000000000000000        1.2121212121212121E-002   1.0017376270687084        1.0101010101010102E-002   1.0017376270687084        1.0000000000000000        1.2434497875801753E-014
   1.0102265438547657E-002   3.8630354399323271E-006   1.2121212121212121E-002   1.0016876582010883        1.0101010101010102E-002   1.0016876582010883        1.0000000000000000       -1.4210854715202004E-014
   2.0204337680456999E-002   7.0804153255235634E-006   1.2121212121212121E-002   1.0016886497485094        1.0101010101010102E-002   1.0016886497485094        1.0000000000000000       -9.9475983006414026E-014
   3.0306482128169047E-002   1.0577025141450674E-005   1.2121212121212121E-002   1.0016875563781986        1.0101010101010102E-002   1.0016875563781986        1.0000000000000000        6.1284310959308641E-014
   4.0408594646752324E-002   1.4093074423568373E-005   1.2121212121212121E-002   1.0016895226504883        1.0101010101010102E-002   1.0016895226504883        1.0000000000000000        3.5527136788005009E-015
   5.0510693083780374E-002   1.7615782925074967E-005   1.2121212121212121E-002   1.0016914958334420        1.0101010101010102E-002   1.0016914958334420        1.0000000000000000        4.4408920985006262E-015
   6.0612768105949240E-002   2.0995542571476396E-005   1.2121212121212121E-002   1.0016939640160143        1.0101010101010102E-002   1.0016939640160143        1.0000000000000000       -8.8817841970012523E-015
   7.0714817641049019E-002   2.4197731968687063E-005   1.2121212121212121E-002   1.0016969425089302        1.0101010101010102E-002   1.0016969425089302        1.0000000000000000       -5.1514348342607263E-014
   8.0816833952020925E-002   2.7305778841312688E-005   1.2121212121212121E-002   1.0017004885891689        1.0101010101010102E-002   1.0017004885891689        1.0000000000000000        2.1316282072803006E-014
   9.0918812899516796E-002   3.0328020277460082E-005   1.2121212121212121E-002   1.0017043177303886        1.0101010101010102E-002   1.0017043177303886        1.0000000000000000        7.1054273576010019E-015
  0.10102075341836012        3.3246775076008379E-005   1.2121212121212121E-002   1.0017083567928131        1.0101010101010102E-002   1.0017083567928131        1.0000000000000000        7.1054273576010019E-015
  0.11112265287823443        3.5907336387793685E-005   1.2121212121212121E-002   1.0017127906978776        1.0101010101010102E-002   1.0017127906978776        1.0000000000000000        3.5527136788005009E-015
  0.12122450572040283        3.8470972703596173E-005   1.2121212121212121E-002   1.0017175973943522        1.0101010101010102E-002   1.0017175973943522        1.0000000000000000        1.9539925233402755E-014
  0.13132630994325792        4.0941903702924057E-005   1.2121212121212121E-002   1.0017226468822051        1.0101010101010102E-002   1.0017226468822051        1.0000000000000000        8.0824236192711396E-014
  0.14142806318321077        4.3235558347418188E-005   1.2121212121212121E-002   1.0017280404330398        1.0101010101010102E-002   1.0017280404330398        1.0000000000000000        2.2204460492503131E-014
  0.15152976090401382        4.5287464162195037E-005   1.2121212121212121E-002   1.0017338254718557        1.0101010101010102E-002   1.0017338254718557        1.0000000000000000       -6.2172489379008766E-015
  0.16163139954987063        4.7127713877216731E-005   1.2121212121212121E-002   1.0017398573181882        1.0101010101010102E-002   1.0017398573181882        1.0000000000000000       -6.2172489379008766E-015
  0.17173297811727251        4.8732437922300928E-005   1.2121212121212121E-002   1.0017461530822303        1.0101010101010102E-002   1.0017461530822303        1.0000000000000000       -6.2172489379008766E-015
  0.18183449238262200        5.0333204977164190E-005   1.2121212121212121E-002   1.0017527242747415        1.0101010101010102E-002   1.0017527242747415        1.0000000000000000       -6.2172489379008766E-015
  0.19193594084734195        5.1783681552936784E-005   1.2121212121212121E-002   1.0017594282635049        1.0101010101010102E-002   1.0017594282635049        1.0000000000000000       -6.2172489379008766E-015
  0.20203732251469306        5.2928159676708066E-005   1.2121212121212121E-002   1.0017662005312296        1.0101010101010102E-002   1.0017662005312296        1.0000000000000000       -6.2172489379008766E-015
  0.21213863742630820        5.3785574248868828E-005   1.2121212121212121E-002   1.0017731925033795        1.0101010101010102E-002   1.0017731925033795        1.0000000000000000       -6.2172489379008766E-015
  0.22223988092537547        5.4458163385745796E-005   1.2121212121212121E-002   1.0017804014134486        1.0101010101010102E-002   1.0017804014134486        1.0000000000000000       -1.7763568394002505E-015
  0.23234105304470121        5.5093681104719109E-005   1.2121212121212121E-002   1.0017876417079534        1.0101010101010102E-002   1.0017876417079534        1.0000000000000000       -5.6843418860808015E-014
  0.24244215361238158        5.5275473097040915E-005   1.2121212121212121E-002   1.0017949682333911        1.0101010101010102E-002   1.0017949682333911        1.0000000000000000       -1.8562928971732617E-013
  0.25254318079826216        5.5258634819765228E-005   1.2121212121212121E-002   1.0018022907561144        1.0101010101010102E-002   1.0018022907561144        1.0000000000000000        1.8385293287792592E-013
  0.26264413654594315        5.5132371190539717E-005   1.2121212121212121E-002   1.0018095302227972        1.0101010101010102E-002   1.0018095302227972        1.0000000000000000        5.0626169922907138E-014
  0.27274502071352086        5.4859093368406740E-005   1.2121212121212121E-002   1.0018167048026627        1.0101010101010102E-002   1.0018167048026627        1.0000000000000000       -6.2172489379008766E-015
  0.28284583483396847        5.4212250448100317E-005   1.2121212121212121E-002   1.0018238948776277        1.0101010101010102E-002   1.0018238948776277        1.0000000000000000       -6.2172489379008766E-015
  0.29294657693926529        5.3323698716363919E-005   1.2121212121212121E-002   1.0018310933561374        1.0101010101010102E-002   1.0018310933561374        1.0000000000000000       -6.2172489379008766E-015
  0.30304724847141334        5.2337376189335146E-005   1.2121212121212121E-002   1.0018380965805613        1.0101010101010102E-002   1.0018380965805613        1.0000000000000000       -6.2172489379008766E-015
  0.31314785216703711        5.0984465219778152E-005   1.2121212121212121E-002   1.0018448708241623        1.0101010101010102E-002   1.0018448708241623        1.0000000000000000       -6.2172489379008766E-015
  0.32324838995100863        4.9517179652934619E-005   1.2121212121212121E-002   1.0018514740993858        1.0101010101010102E-002   1.0018514740993858        1.0000000000000000       -6.2172489379008766E-015
  0.33334886325064450        4.7964813921541104E-005   1.2121212121212121E-002   1.0018579433368136        1.0101010101010102E-002   1.0018579433368136        1.0000000000000000       -6.2172489379008766E-015
  0.34344927304754674        4.6152133257914389E-005   1.2121212121212121E-002   1.0018641773045354        1.0101010101010102E-002   1.0018641773045354        1.0000000000000000       -6.2172489379008766E-015
  0.35354962301880410        4.4063593980337146E-005   1.2121212121212121E-002   1.0018700812106311        1.0101010101010102E-002   1.0018700812106311        1.0000000000000000       -6.2172489379008766E-015
  0.36364991627981019        4.1804043899734862E-005   1.2121212121212121E-002   1.0018757152482491        1.0101010101010102E-002   1.0018757152482491        1.0000000000000000       -6.2172489379008766E-015
  0.37375015506734294        3.9372517316306859E-005   1.2121212121212121E-002   1.0018811486889181        1.0101010101010102E-002   1.0018811486889181        1.0000000000000000       -6.2172489379008766E-015
  0.38385034080490155        3.6841401947533304E-005   1.2121212121212121E-002   1.0018862704199416        1.0101010101010102E-002   1.0018862704199416        1.0000000000000000       -6.2172489379008766E-015
  0.39395047806451350        3.4279504270754570E-005   1.2121212121212121E-002   1.0018908890293601        1.0101010101010102E-002   1.0018908890293601        1.0000000000000000       -6.2172489379008766E-015
  0.40405057277490730        3.1460397261146092E-005   1.2121212121212121E-002   1.0018951266992591        1.0101010101010102E-002   1.0018951266992591        1.0000000000000000       -6.2172489379008766E-015
  0.41415062659925966        2.8408160454244309E-005   1.2121212121212121E-002   1.0018991394949570        1.0101010101010102E-002   1.0018991394949570        1.0000000000000000       -6.2172489379008766E-015
  0.42425064169499410        2.5312843939486143E-005   1.2121212121212121E-002   1.0019027414175301        1.0101010101010102E-002   1.0019027414175301        1.0000000000000000       -6.2172489379008766E-015
  0.43435062419886078        2.2144768177206127E-005   1.2121212121212121E-002   1.0019058385825295        1.0101010101010102E-002   1.0019058385825295        1.0000000000000000       -6.2172489379008766E-015
  0.44445057840565716        1.8911460429383763E-005   1.2121212121212121E-002   1.0019085857249910        1.0101010101010102E-002   1.0019085857249910        1.0000000000000000       -6.2172489379008766E-015
  0.45455050650981738        1.5658391096235961E-005   1.2121212121212121E-002   1.0019109103488550        1.0101010101010102E-002   1.0019109103488550        1.0000000000000000       -6.2172489379008766E-015
  0.46465041450433980        1.2248183451199082E-005   1.2121212121212121E-002   1.0019126560506679        1.0101010101010102E-002   1.0019126560506679        1.0000000000000000       -6.2172489379008766E-015
  0.47475030839864479        8.6959493097203923E-006   1.2121212121212121E-002   1.0019139753665791        1.0101010101010102E-002   1.0019139753665791        1.0000000000000000        5.3290705182007514E-015
  0.48485019051578315        5.2103285798523992E-006   1.2121212121212121E-002   1.0019149759064203        1.0101010101010102E-002   1.0019149759064203        1.0000000000000000       -7.0166095156309893E-014
  0.49495006440065803        1.7519601871667509E-006   1.2121212121212121E-002   1.0019155216044133        1.0101010101010102E-002   1.0019155216044133        1.0000000000000000       -4.4941828036826337E-013
  0.50504993559933342       -1.7519601777013610E-006   1.2121212121212121E-002   1.0019155216043458        1.0101010101010102E-002   1.0019155216043458        1.0000000000000000       -6.9277916736609768E-014
  0.51514980948420996       -5.2103285851508224E-006   1.2121212121212121E-002   1.0019149759063926        1.0101010101010102E-002   1.0019149759063926        1.0000000000000000        1.5987211554602254E-014
  0.52524969160134727       -8.6959492794559271E-006   1.2121212121212121E-002   1.0019139753666344        1.0101010101010102E-002   1.0019139753666344        1.0000000000000000        1.7763568394002505E-015
  0.53534958549565204       -1.2248183469547357E-005   1.2121212121212121E-002   1.0019126560507021        1.0101010101010102E-002   1.0019126560507021        1.0000000000000000        1.7763568394002505E-015
  0.54544949349017391       -1.5658391051543653E-005   1.2121212121212121E-002   1.0019109103488062        1.0101010101010102E-002   1.0019109103488062        1.0000000000000000        1.7763568394002505E-015
  0.55554942159433574       -1.8911460445167507E-005   1.2121212121212121E-002   1.0019085857249197        1.0101010101010102E-002   1.0019085857249197        1.0000000000000000        1.7763568394002505E-015
  0.56564937580113217       -2.2144768186233205E-005   1.2121212121212121E-002   1.0019058385825756        1.0101010101010102E-002   1.0019058385825756        1.0000000000000000        1.7763568394002505E-015
  0.57574935830499774       -2.5312843835341531E-005   1.2121212121212121E-002   1.0019027414176134        1.0101010101010102E-002   1.0019027414176134        1.0000000000000000        1.7763568394002505E-015
  0.58584937340073140       -2.8408160456014994E-005   1.2121212121212121E-002   1.0018991394949404        1.0101010101010102E-002   1.0018991394949404        1.0000000000000000        1.7763568394002505E-015
  0.59594942722508504       -3.1460397286635522E-005   1.2121212121212121E-002   1.0018951266992335        1.0101010101010102E-002   1.0018951266992335        1.0000000000000000        1.7763568394002505E-015
  0.60604952193547812       -3.4279504356462920E-005   1.2121212121212121E-002   1.0018908890293612        1.0101010101010102E-002   1.0018908890293612        1.0000000000000000        1.7763568394002505E-015
  0.61614965919509068       -3.6841401852622869E-005   1.2121212121212121E-002   1.0018862704199196        1.0101010101010102E-002   1.0018862704199196        1.0000000000000000        1.7763568394002505E-015
  0.62624984493264912       -3.9372517386382755E-005   1.2121212121212121E-002   1.0018811486888799        1.0101010101010102E-002   1.0018811486888799        1.0000000000000000        1.7763568394002505E-015
  0.63635008372018287       -4.1804043895570143E-005   1.2121212121212121E-002   1.0018757152482400        1.0101010101010102E-002   1.0018757152482400        1.0000000000000000        1.7763568394002505E-015
  0.64645037698118812       -4.4063593971718810E-005   1.2121212121212121E-002   1.0018700812106407        1.0101010101010102E-002   1.0018700812106407        1.0000000000000000        1.7763568394002505E-015
  0.65655072695244598       -4.6152133169031393E-005   1.2121212121212121E-002   1.0018641773044950        1.0101010101010102E-002   1.0018641773044950        1.0000000000000000        1.7763568394002505E-015
  0.66665113674934873       -4.7964813941389308E-005   1.2121212121212121E-002   1.0018579433368218        1.0101010101010102E-002   1.0018579433368218        1.0000000000000000        1.7763568394002505E-015
  0.67675161004898376       -4.9517179656453492E-005   1.2121212121212121E-002   1.0018514740993592        1.0101010101010102E-002   1.0018514740993592        1.0000000000000000        1.7763568394002505E-015
  0.68685214783295667       -5.0984465238500677E-005   1.2121212121212121E-002   1.0018448708241170        1.0101010101010102E-002   1.0018448708241170        1.0000000000000000        1.7763568394002505E-015
  0.69695275152858016       -5.2337376139032976E-005   1.2121212121212121E-002   1.0018380965806086        1.0101010101010102E-002   1.0018380965806086        1.0000000000000000        1.7763568394002505E-015
  0.70705342306072727       -5.3323698718619676E-005   1.2121212121212121E-002   1.0018310933561285        1.0101010101010102E-002   1.0018310933561285        1.0000000000000000        1.7763568394002505E-015
  0.71715416516602526       -5.4212250513681145E-005   1.2121212121212121E-002   1.0018238948775811        1.0101010101010102E-002   1.0018238948775811        1.0000000000000000        1.7763568394002505E-015
  0.72725497928647276       -5.4859093311716343E-005   1.2121212121212121E-002   1.0018167048026483        1.0101010101010102E-002   1.0018167048026483        1.0000000000000000        1.7763568394002505E-015
  0.73735586345405080       -5.5132371202294678E-005   1.2121212121212121E-002   1.0018095302227892        1.0101010101010102E-002   1.0018095302227892        1.0000000000000000        1.7763568394002505E-015
  0.74745681920173168       -5.5258634778773509E-005   1.2121212121212121E-002   1.0018022907561450        1.0101010101010102E-002   1.0018022907561450        1.0000000000000000        1.7763568394002505E-015
  0.75755784638761170       -5.5275473175812194E-005   1.2121212121212121E-002   1.0017949682334220        1.0101010101010102E-002   1.0017949682334220        1.0000000000000000        1.7763568394002505E-015
  0.76765894695529191       -5.5093681087658483E-005   1.2121212121212121E-002   1.0017876417079257        1.0101010101010102E-002   1.0017876417079257        1.0000000000000000        1.7763568394002505E-015
  0.77776011907461851       -5.4458163381586851E-005   1.2121212121212121E-002   1.0017804014134370        1.0101010101010102E-002   1.0017804014134370        1.0000000000000000        1.7763568394002505E-015
  0.78786136257368511       -5.3785574103782832E-005   1.2121212121212121E-002   1.0017731925033633        1.0101010101010102E-002   1.0017731925033633        1.0000000000000000        1.7763568394002505E-015
  0.79796267748530103       -5.2928159728981823E-005   1.2121212121212121E-002   1.0017662005311090        1.0101010101010102E-002   1.0017662005311090        1.0000000000000000        1.7763568394002505E-015
  0.80806405915265411       -5.1783681625190205E-005   1.2121212121212121E-002   1.0017594282634714        1.0101010101010102E-002   1.0017594282634714        1.0000000000000000        1.7763568394002505E-015
  0.81816550761737261       -5.0333204953305460E-005   1.2121212121212121E-002   1.0017527242747308        1.0101010101010102E-002   1.0017527242747308        1.0000000000000000        1.7763568394002505E-015
  0.82826702188272361       -4.8732437944050043E-005   1.2121212121212121E-002   1.0017461530821570        1.0101010101010102E-002   1.0017461530821570        1.0000000000000000        1.7763568394002505E-015
  0.83836860045012562       -4.7127713846554470E-005   1.2121212121212121E-002   1.0017398573181544        1.0101010101010102E-002   1.0017398573181544        1.0000000000000000        1.7763568394002505E-015
  0.84847023909598296       -4.5287464219700009E-005   1.2121212121212121E-002   1.0017338254718673        1.0101010101010102E-002   1.0017338254718673        1.0000000000000000        1.7763568394002505E-015
  0.85857193681678512       -4.3235558231575279E-005   1.2121212121212121E-002   1.0017280404330251        1.0101010101010102E-002   1.0017280404330251        1.0000000000000000        1.7763568394002505E-015
  0.86867369005673922       -4.0941903826830104E-005   1.2121212121212121E-002   1.0017226468822074        1.0101010101010102E-002   1.0017226468822074        1.0000000000000000        1.7763568394002505E-015
  0.87877549427959323       -3.8470972676396833E-005   1.2121212121212121E-002   1.0017175973944692        1.0101010101010102E-002   1.0017175973944692        1.0000000000000000        1.7763568394002505E-015
  0.88887734712175992       -3.5907336316829692E-005   1.2121212121212121E-002   1.0017127906978527        1.0101010101010102E-002   1.0017127906978527        1.0000000000000000        1.7763568394002505E-015
  0.89897924658163653       -3.3246775199650944E-005   1.2121212121212121E-002   1.0017083567926941        1.0101010101010102E-002   1.0017083567926941        1.0000000000000000        1.7763568394002505E-015
  0.90908118710048025       -3.0328020263528429E-005   1.2121212121212121E-002   1.0017043177303739        1.0101010101010102E-002   1.0017043177303739        1.0000000000000000        1.7763568394002505E-015
  0.91918316604797590       -2.7305778783895594E-005   1.2121212121212121E-002   1.0017004885892089        1.0101010101010102E-002   1.0017004885892089        1.0000000000000000        1.7763568394002505E-015
  0.92928518235894708       -2.4197731993554836E-005   1.2121212121212121E-002   1.0016969425089355        1.0101010101010102E-002   1.0016969425089355        1.0000000000000000        1.7763568394002505E-015
  0.93938723189404749       -2.0995542605626071E-005   1.2121212121212121E-002   1.0016939640159939        1.0101010101010102E-002   1.0016939640159939        1.0000000000000000        1.7763568394002505E-015
  0.94948930691621625       -1.7615782853768356E-005   1.2121212121212121E-002   1.0016914958334475        1.0101010101010102E-002   1.0016914958334475        1.0000000000000000        1.7763568394002505E-015
  0.95959140535324405       -1.4093074373154711E-005   1.2121212121212121E-002   1.0016895226503970        1.0101010101010102E-002   1.0016895226503970        1.0000000000000000        1.7763568394002505E-015
  0.96969351787182956       -1.0577025223545819E-005   1.2121212121212121E-002   1.0016875563781054        1.0101010101010102E-002   1.0016875563781054        1.0000000000000000        8.8817841970012523E-016
  0.97979566231954129       -7.0804154194603685E-006   1.2121212121212121E-002   1.0016886497484609        1.0101010101010102E-002   1.0016886497484609        1.0000000000000000       -3.2862601528904634E-014
  0.98989773456145191       -3.8630352919917472E-006   1.2121212121212121E-002   1.0016876582010965        1.0101010101010102E-002   1.0016876582010965        1.0000000000000000        1.5010215292932116E-013
  0.99999999999999800        0.0000000000000000        1.2121212121212121E-002   1.0017376270687672        1.0101010101010102E-002   1.0017376270687672        1.0000000000000000        1.0436096431476471E-012
