 # x v h rho m p cs a
   22.950303030304795     
   2.6938756500464178E-014   4.3142970677460582E-013   1.2121212121212121E-002   1.0018917298866765        1.0101010101010102E-002   1.0018917298866765        1.0000000000000000       -7.8467010666827264E-011
   1.0100107691504236E-002   2.3706420253912984E-006   1.2121212121212121E-002   1.0018915463241700        1.0101010101010102E-002   1.0018915463241700        1.0000000000000000        3.8283632800784062E-005
   2.0200219010585024E-002   4.7316493910664335E-006   1.2121212121212121E-002   1.0018909963701992        1.0101010101010102E-002   1.0018909963701992        1.0000000000000000        7.6414173180161526E-005
   3.0300337570365356E-002   7.0734304286869765E-006   1.2121212121212121E-002   1.0018900822258261        1.0101010101010102E-002   1.0018900822258261        1.0000000000000000        1.1423902405649500E-004
   4.0400466954981853E-002   9.3864718344039347E-006   1.2121212121212121E-002   1.0018888075501233        1.0101010101010102E-002   1.0018888075501233        1.0000000000000000        1.5160675172243288E-004
   5.0500610705258436E-002   1.1661377810618176E-005   1.2121212121212121E-002   1.0018871774452505        1.0101010101010102E-002   1.0018871774452505        1.0000000000000000        1.8836797153909401E-004
   6.0600772304554268E-002   1.3888915239407508E-005   1.2121212121212121E-002   1.0018851984352686        1.0101010101010102E-002   1.0018851984352686        1.0000000000000000        2.2437563573962649E-004
   7.0700955164836071E-002   1.6060048137472214E-005   1.2121212121212121E-002   1.0018828784427705        1.0101010101010102E-002   1.0018828784427705        1.0000000000000000        2.5948520692153920E-004
   8.0801162612977054E-002   1.8165973251378973E-005   1.2121212121212121E-002   1.0018802267582507        1.0101010101010102E-002   1.0018802267582507        1.0000000000000000        2.9355601829816891E-004
   9.0901397877429221E-002   2.0198158336611616E-005   1.2121212121212121E-002   1.0018772540004619        1.0101010101010102E-002   1.0018772540004619        1.0000000000000000        3.2645179808188374E-004
  0.10100166407531759        2.2148378960548355E-005   1.2121212121212121E-002   1.0018739720752599        1.0101010101010102E-002   1.0018739720752599        1.0000000000000000        3.5804046418785873E-004
  0.11110196419991929        2.4008752521131781E-005   1.2121212121212121E-002   1.0018703941309821        1.0101010101010102E-002   1.0018703941309821        1.0000000000000000        3.8819497463471464E-004
  0.12120230110863137        2.5771765585220895E-005   1.2121212121212121E-002   1.0018665345067346        1.0101010101010102E-002   1.0018665345067346        1.0000000000000000        4.1679403647165714E-004
  0.13130267751146646        2.7430307061691127E-005   1.2121212121212121E-002   1.0018624086724273        1.0101010101010102E-002   1.0018624086724273        1.0000000000000000        4.4372312170182227E-004
  0.14140309596021658        2.8977700916386503E-005   1.2121212121212121E-002   1.0018580331681646        1.0101010101010102E-002   1.0018580331681646        1.0000000000000000        4.6887354868818676E-004
  0.15150355883814243        3.0407729657745227E-005   1.2121212121212121E-002   1.0018534255422895        1.0101010101010102E-002   1.0018534255422895        1.0000000000000000        4.9214365306049501E-004
  0.16160406835034535        3.1714658974539116E-005   1.2121212121212121E-002   1.0018486042806825        1.0101010101010102E-002   1.0018486042806825        1.0000000000000000        5.1343949141280376E-004
  0.17170462651485610        3.2893255494148019E-005   1.2121212121212121E-002   1.0018435887301649        1.0101010101010102E-002   1.0018435887301649        1.0000000000000000        5.3267538465195940E-004
  0.18180523515453087        3.3938820942977734E-005   1.2121212121212121E-002   1.0018383990234239        1.0101010101010102E-002   1.0018383990234239        1.0000000000000000        5.4977302668302030E-004
  0.19190589588961324        3.4847198315926032E-005   1.2121212121212121E-002   1.0018330560013673        1.0101010101010102E-002   1.0018330560013673        1.0000000000000000        5.6466286146772404E-004
  0.20200661013115589        3.5614791137285615E-005   1.2121212121212121E-002   1.0018275811291246        1.0101010101010102E-002   1.0018275811291246        1.0000000000000000        5.7728410527158047E-004
  0.21210737907524321        3.6238575878289724E-005   1.2121212121212121E-002   1.0018219964075645        1.0101010101010102E-002   1.0018219964075645        1.0000000000000000        5.8758569882488842E-004
  0.22220820369816852        3.6716117864230568E-005   1.2121212121212121E-002   1.0018163242858324        1.0101010101010102E-002   1.0018163242858324        1.0000000000000000        5.9552503509419097E-004
  0.23230908475238643        3.7045577153570448E-005   1.2121212121212121E-002   1.0018105875761187        1.0101010101010102E-002   1.0018105875761187        1.0000000000000000        6.0106882403854200E-004
  0.24241002276335163        3.7225709768369109E-005   1.2121212121212121E-002   1.0018048093595133        1.0101010101010102E-002   1.0018048093595133        1.0000000000000000        6.0419406689593558E-004
  0.25251101802734593        3.7255877419261746E-005   1.2121212121212121E-002   1.0017990128910299        1.0101010101010102E-002   1.0017990128910299        1.0000000000000000        6.0488733331354183E-004
  0.26261207061019931        3.7136047404824733E-005   1.2121212121212121E-002   1.0017932215078600        1.0101010101010102E-002   1.0017932215078600        1.0000000000000000        6.0314475080147645E-004
  0.27271318034692205        3.6866791909751759E-005   1.2121212121212121E-002   1.0017874585369189        1.0101010101010102E-002   1.0017874585369189        1.0000000000000000        5.9897212406401223E-004
  0.28281434684225171        3.6449282867849867E-005   1.2121212121212121E-002   1.0017817472008330        1.0101010101010102E-002   1.0017817472008330        1.0000000000000000        5.9238518806825624E-004
  0.29291556947214303        3.5885281452688154E-005   1.2121212121212121E-002   1.0017761105223104        1.0101010101010102E-002   1.0017761105223104        1.0000000000000000        5.8340978971926916E-004
  0.30301684738620638        3.5177139550344430E-005   1.2121212121212121E-002   1.0017705712285681        1.0101010101010102E-002   1.0017705712285681        1.0000000000000000        5.7208153838050890E-004
  0.31311817951110649        3.4327782209960051E-005   1.2121212121212121E-002   1.0017651516655024        1.0101010101010102E-002   1.0017651516655024        1.0000000000000000        5.5844418834460896E-004
  0.32321956455466905        3.3340698621455238E-005   1.2121212121212121E-002   1.0017598737061890        1.0101010101010102E-002   1.0017598737061890        1.0000000000000000        5.4255245573386901E-004
  0.33332100101109252        3.2219917747930654E-005   1.2121212121212121E-002   1.0017547586557149        1.0101010101010102E-002   1.0017547586557149        1.0000000000000000        5.2446998187960503E-004
  0.34342248716696649        3.0970003171528351E-005   1.2121212121212121E-002   1.0017498271682574        1.0101010101010102E-002   1.0017498271682574        1.0000000000000000        5.0426883685084078E-004
  0.35352402110810338        2.9596030783538962E-005   1.2121212121212121E-002   1.0017450991659413        1.0101010101010102E-002   1.0017450991659413        1.0000000000000000        4.8202948668585321E-004
  0.36362560072715905        2.8103560879285828E-005   1.2121212121212121E-002   1.0017405937564836        1.0101010101010102E-002   1.0017405937564836        1.0000000000000000        4.5784127900905247E-004
  0.37372722373209377        2.6498620496578844E-005   1.2121212121212121E-002   1.0017363291502719        1.0101010101010102E-002   1.0017363291502719        1.0000000000000000        4.3180201154946474E-004
  0.38382888765545592        2.4787678460255430E-005   1.2121212121212121E-002   1.0017323225886612        1.0101010101010102E-002   1.0017323225886612        1.0000000000000000        4.0401601504225226E-004
  0.39393058986424945        2.2977625601667394E-005   1.2121212121212121E-002   1.0017285902767499        1.0101010101010102E-002   1.0017285902767499        1.0000000000000000        3.7459507112025392E-004
  0.40403232757053920        2.1075733210326510E-005   1.2121212121212121E-002   1.0017251473150177        1.0101010101010102E-002   1.0017251473150177        1.0000000000000000        3.4365780689782355E-004
  0.41413409784268074        1.9089629628305710E-005   1.2121212121212121E-002   1.0017220076346720        1.0101010101010102E-002   1.0017220076346720        1.0000000000000000        3.1132958212243267E-004
  0.42423589761721248        1.7027277280638660E-005   1.2121212121212121E-002   1.0017191839409745        1.0101010101010102E-002   1.0017191839409745        1.0000000000000000        2.7774082713261095E-004
  0.43433772371120966        1.4896935982706746E-005   1.2121212121212121E-002   1.0017166876650001        1.0101010101010102E-002   1.0017166876650001        1.0000000000000000        2.4302695879452330E-004
  0.44443957283511665        1.2707128280077191E-005   1.2121212121212121E-002   1.0017145289154161        1.0101010101010102E-002   1.0017145289154161        1.0000000000000000        2.0732848101268075E-004
  0.45454144160606236        1.0466604102241590E-005   1.2121212121212121E-002   1.0017127164335253        1.0101010101010102E-002   1.0017127164335253        1.0000000000000000        1.7079027338606778E-004
  0.46464332656159330        8.1843121296933176E-006   1.2121212121212121E-002   1.0017112575577791        1.0101010101010102E-002   1.0017112575577791        1.0000000000000000        1.3356022530963685E-004
  0.47474522417369269        5.8693704945523832E-006   1.2121212121212121E-002   1.0017101581977554        1.0101010101010102E-002   1.0017101581977554        1.0000000000000000        9.5788632708426746E-005
  0.48484713086301229        3.5310139207933550E-006   1.2121212121212121E-002   1.0017094228082948        1.0101010101010102E-002   1.0017094228082948        1.0000000000000000        5.7628783287633212E-005
  0.49494904301341203        1.1785724243177129E-006   1.2121212121212121E-002   1.0017090543680556        1.0101010101010102E-002   1.0017090543680556        1.0000000000000000        1.9235508077919405E-005
  0.50505095698662605       -1.1785720358158942E-006   1.2121212121212121E-002   1.0017090543680731        1.0101010101010102E-002   1.0017090543680731        1.0000000000000000       -1.9235508791126676E-005
  0.51515286913702507       -3.5310145088871864E-006   1.2121212121212121E-002   1.0017094228081820        1.0101010101010102E-002   1.0017094228081820        1.0000000000000000       -5.7628759061678636E-005
  0.52525477582634816       -5.8693698557533720E-006   1.2121212121212121E-002   1.0017101581977963        1.0101010101010102E-002   1.0017101581977963        1.0000000000000000       -9.5788690406273247E-005
  0.53535667343844306       -8.1843120223112036E-006   1.2121212121212121E-002   1.0017112575578473        1.0101010101010102E-002   1.0017112575578473        1.0000000000000000       -1.3356016746701727E-004
  0.54545855839397628       -1.0466604444620901E-005   1.2121212121212121E-002   1.0017127164331980        1.0101010101010102E-002   1.0017127164331980        1.0000000000000000       -1.7079025439681317E-004
  0.55556042716492782       -1.2707128101973230E-005   1.2121212121212121E-002   1.0017145289155400        1.0101010101010102E-002   1.0017145289155400        1.0000000000000000       -2.0732858971683754E-004
  0.56566227628882570       -1.4896936370797273E-005   1.2121212121212121E-002   1.0017166876651640        1.0101010101010102E-002   1.0017166876651640        1.0000000000000000       -2.4302686317323463E-004
  0.57576410238282827       -1.7027277263540470E-005   1.2121212121212121E-002   1.0017191839409005        1.0101010101010102E-002   1.0017191839409005        1.0000000000000000       -2.7774087214460508E-004
  0.58586590215735679       -1.9089629717832512E-005   1.2121212121212121E-002   1.0017220076347231        1.0101010101010102E-002   1.0017220076347231        1.0000000000000000       -3.1132955928470096E-004
  0.59596767242950022       -2.1075733040955523E-005   1.2121212121212121E-002   1.0017251473150501        1.0101010101010102E-002   1.0017251473150501        1.0000000000000000       -3.4365783037593189E-004
  0.60606941013578752       -2.2977625450720783E-005   1.2121212121212121E-002   1.0017285902767887        1.0101010101010102E-002   1.0017285902767887        1.0000000000000000       -3.7459504772741070E-004
  0.61617111234458255       -2.4787678783381565E-005   1.2121212121212121E-002   1.0017323225886048        1.0101010101010102E-002   1.0017323225886048        1.0000000000000000       -4.0401601536910192E-004
  0.62627277626794420       -2.6498620169418846E-005   1.2121212121212121E-002   1.0017363291500867        1.0101010101010102E-002   1.0017363291500867        1.0000000000000000       -4.3180198692560623E-004
  0.63637439927288386       -2.8103561046522566E-005   1.2121212121212121E-002   1.0017405937565851        1.0101010101010102E-002   1.0017405937565851        1.0000000000000000       -4.5784136473958625E-004
  0.64647597889193209       -2.9596030413483854E-005   1.2121212121212121E-002   1.0017450991660519        1.0101010101010102E-002   1.0017450991660519        1.0000000000000000       -4.8202939964347991E-004
  0.65657751283307353       -3.0970003635881997E-005   1.2121212121212121E-002   1.0017498271680232        1.0101010101010102E-002   1.0017498271680232        1.0000000000000000       -5.0426885635168617E-004
  0.66667899898894900       -3.2219917600128155E-005   1.2121212121212121E-002   1.0017547586558617        1.0101010101010102E-002   1.0017547586558617        1.0000000000000000       -5.2447003648925516E-004
  0.67678043544536715       -3.3340698589566236E-005   1.2121212121212121E-002   1.0017598737062552        1.0101010101010102E-002   1.0017598737062552        1.0000000000000000       -5.4255239162959157E-004
  0.68688182048893365       -3.4327782694885946E-005   1.2121212121212121E-002   1.0017651516653976        1.0101010101010102E-002   1.0017651516653976        1.0000000000000000       -5.5844420887041224E-004
  0.69698315261383192       -3.5177139344557078E-005   1.2121212121212121E-002   1.0017705712283447        1.0101010101010102E-002   1.0017705712283447        1.0000000000000000       -5.7208149406928754E-004
  0.70708443052790226       -3.5885281342291802E-005   1.2121212121212121E-002   1.0017761105223886        1.0101010101010102E-002   1.0017761105223886        1.0000000000000000       -5.8340990251792846E-004
  0.71718565315778493       -3.6449282651186862E-005   1.2121212121212121E-002   1.0017817472011159        1.0101010101010102E-002   1.0017817472011159        1.0000000000000000       -5.9238511566395147E-004
  0.72728681965311637       -3.6866792098585889E-005   1.2121212121212121E-002   1.0017874585367164        1.0101010101010102E-002   1.0017874585367164        1.0000000000000000       -5.9897209526038608E-004
  0.73738792938984232       -3.7136047077827623E-005   1.2121212121212121E-002   1.0017932215076897        1.0101010101010102E-002   1.0017932215076897        1.0000000000000000       -6.0314478306189301E-004
  0.74748898197269620       -3.7255877097092277E-005   1.2121212121212121E-002   1.0017990128911052        1.0101010101010102E-002   1.0017990128911052        1.0000000000000000       -6.0488735501529334E-004
  0.75758997723668775       -3.7225710185855209E-005   1.2121212121212121E-002   1.0018048093594276        1.0101010101010102E-002   1.0018048093594276        1.0000000000000000       -6.0419401078970481E-004
  0.76769091524765753       -3.7045577059247129E-005   1.2121212121212121E-002   1.0018105875759535        1.0101010101010102E-002   1.0018105875759535        1.0000000000000000       -6.0106886318767039E-004
  0.77779179630187489       -3.6716117705024965E-005   1.2121212121212121E-002   1.0018163242859957        1.0101010101010102E-002   1.0018163242859957        1.0000000000000000       -5.9552506317928078E-004
  0.78789262092479695       -3.6238576300515462E-005   1.2121212121212121E-002   1.0018219964077719        1.0101010101010102E-002   1.0018219964077719        1.0000000000000000       -5.8758568857619764E-004
  0.79799338986888357       -3.5614791240251116E-005   1.2121212121212121E-002   1.0018275811293884        1.0101010101010102E-002   1.0018275811293884        1.0000000000000000       -5.7728411904900412E-004
  0.80809410411042082       -3.4847198056741133E-005   1.2121212121212121E-002   1.0018330560012356        1.0101010101010102E-002   1.0018330560012356        1.0000000000000000       -5.6466276740341215E-004
  0.81819476484551212       -3.3938820555018416E-005   1.2121212121212121E-002   1.0018383990233792        1.0101010101010102E-002   1.0018383990233792        1.0000000000000000       -5.4977313777104797E-004
  0.82829537348517890       -3.2893256067784000E-005   1.2121212121212121E-002   1.0018435887302473        1.0101010101010102E-002   1.0018435887302473        1.0000000000000000       -5.3267529790712587E-004
  0.83839593164969517       -3.1714659011746379E-005   1.2121212121212121E-002   1.0018486042804757        1.0101010101010102E-002   1.0018486042804757        1.0000000000000000       -5.1343952223703582E-004
  0.84849644116189782       -3.0407729804842229E-005   1.2121212121212121E-002   1.0018534255423952        1.0101010101010102E-002   1.0018534255423952        1.0000000000000000       -4.9214368499939098E-004
  0.85859690403982147       -2.8977700766830503E-005   1.2121212121212121E-002   1.0018580331683897        1.0101010101010102E-002   1.0018580331683897        1.0000000000000000       -4.6887354662672465E-004
  0.86869732248856868       -2.7430307328754452E-005   1.2121212121212121E-002   1.0018624086723851        1.0101010101010102E-002   1.0018624086723851        1.0000000000000000       -4.4372306239903736E-004
  0.87879769889140757       -2.5771765214333939E-005   1.2121212121212121E-002   1.0018665345064670        1.0101010101010102E-002   1.0018665345064670        1.0000000000000000       -4.1679404812189347E-004
  0.88889803580012205       -2.4008752295000994E-005   1.2121212121212121E-002   1.0018703941309937        1.0101010101010102E-002   1.0018703941309937        1.0000000000000000       -3.8819502390552429E-004
  0.89899833592472078       -2.2148378850498172E-005   1.2121212121212121E-002   1.0018739720753642        1.0101010101010102E-002   1.0018739720753642        1.0000000000000000       -3.5804043408838027E-004
  0.90909860212260929       -2.0198158413490207E-005   1.2121212121212121E-002   1.0018772540002461        1.0101010101010102E-002   1.0018772540002461        1.0000000000000000       -3.2645175973833318E-004
  0.91919883738706643       -1.8165973524594719E-005   1.2121212121212121E-002   1.0018802267581752        1.0101010101010102E-002   1.0018802267581752        1.0000000000000000       -2.9355608612924300E-004
  0.92929904483520431       -1.6060048325322285E-005   1.2121212121212121E-002   1.0018828784430502        1.0101010101010102E-002   1.0018828784430502        1.0000000000000000       -2.5948521804597391E-004
  0.93939922769548279       -1.3888915358235293E-005   1.2121212121212121E-002   1.0018851984353918        1.0101010101010102E-002   1.0018851984353918        1.0000000000000000       -2.2437559080312752E-004
  0.94949938929477906       -1.1661377391756199E-005   1.2121212121212121E-002   1.0018871774449489        1.0101010101010102E-002   1.0018871774449489        1.0000000000000000       -1.8836792092091770E-004
  0.95959953304506185       -9.3864717066308628E-006   1.2121212121212121E-002   1.0018888075498074        1.0101010101010102E-002   1.0018888075498074        1.0000000000000000       -1.5160680305648100E-004
  0.96969966242967920       -7.0734305801293388E-006   1.2121212121212121E-002   1.0018900822259356        1.0101010101010102E-002   1.0018900822259356        1.0000000000000000       -1.1423906230145775E-004
  0.97979978098945530       -4.7316497456047723E-006   1.2121212121212121E-002   1.0018909963700933        1.0101010101010102E-002   1.0018909963700933        1.0000000000000000       -7.6414091021881347E-005
  0.98989989230854247       -2.3706416594028538E-006   1.2121212121212121E-002   1.0018915463238691        1.0101010101010102E-002   1.0018915463238691        1.0000000000000000       -3.8283669510974505E-005
   1.0000000000000202       -5.7793842735164718E-013   1.2121212121212121E-002   1.0018917298866798        1.0101010101010102E-002   1.0018917298866798        1.0000000000000000        4.8065551538911677E-011
   1.0101001076915042        2.2775401981777013E-006   1.2121212121212121E-002   1.0018915463241700        1.0101010101010102E-002   1.0018915463241700        1.0000000000000000        3.8283596221155847E-005
   1.0202002190105850        4.5458181485770267E-006   1.2121212121212121E-002   1.0018909963701992        1.0101010101010102E-002   1.0018909963701992        1.0000000000000000        7.6414147947012623E-005
   1.0303003375703654        6.7956132352997654E-006   1.2121212121212121E-002   1.0018900822258261        1.0101010101010102E-002   1.0018900822258261        1.0000000000000000        1.1423902148166576E-004
   1.0404004669549818        9.0177804569375957E-006   1.2121212121212121E-002   1.0018888075501233        1.0101010101010102E-002   1.0018888075501233        1.0000000000000000        1.5160675290637471E-004
   1.0505006107052584        1.1203287505146778E-005   1.2121212121212121E-002   1.0018871774452505        1.0101010101010102E-002   1.0018871774452505        1.0000000000000000        1.8836797339183420E-004
   1.0606007723045543        1.3343258834722951E-005   1.2121212121212121E-002   1.0018851984352686        1.0101010101010102E-002   1.0018851984352686        1.0000000000000000        2.2437563431054741E-004
   1.0707009551648361        1.5429009908194796E-005   1.2121212121212121E-002   1.0018828784427705        1.0101010101010102E-002   1.0018828784427705        1.0000000000000000        2.5948520551732912E-004
   1.0808011626129770        1.7452079642455017E-005   1.2121212121212121E-002   1.0018802267582507        1.0101010101010102E-002   1.0018802267582507        1.0000000000000000        2.9355601899450079E-004
   1.0909013978774291        1.9404267300807945E-005   1.2121212121212121E-002   1.0018772540004619        1.0101010101010102E-002   1.0018772540004619        1.0000000000000000        7.6304163657400750     
   1.1010016640753175        2.1277669659241958E-005   1.2121212121212121E-002   1.0018739720752599        1.0101010101010102E-002   1.0018739720752599        1.0000000000000000        93.411136764065716     
  -1.0100107691457527E-002  -2.2775397701308851E-006   1.2121212121212121E-002   1.0018915463238691        1.0101010101010102E-002   1.0018915463238691        1.0000000000000000       -3.8283631238478222E-005
  -2.0200219010544695E-002  -4.5458186774825518E-006   1.2121212121212121E-002   1.0018909963700933        1.0101010101010102E-002   1.0018909963700933        1.0000000000000000       -7.6414065604879511E-005
  -3.0300337570320801E-002  -6.7956132888185732E-006   1.2121212121212121E-002   1.0018900822259356        1.0101010101010102E-002   1.0018900822259356        1.0000000000000000       -1.1423906230501046E-004
  -4.0400466954938152E-002  -9.0177802138692739E-006   1.2121212121212121E-002   1.0018888075498074        1.0101010101010102E-002   1.0018888075498074        1.0000000000000000       -1.5160680305914553E-004
  -5.0500610705220939E-002  -1.1203287223110568E-005   1.2121212121212121E-002   1.0018871774449489        1.0101010101010102E-002   1.0018871774449489        1.0000000000000000       -1.8836792093335220E-004
  -6.0600772304517214E-002  -1.3343259052500272E-005   1.2121212121212121E-002   1.0018851984353918        1.0101010101010102E-002   1.0018851984353918        1.0000000000000000       -2.2437559080934477E-004
  -7.0700955164795687E-002  -1.5429010068410140E-005   1.2121212121212121E-002   1.0018828784430502        1.0101010101010102E-002   1.0018828784430502        1.0000000000000000       -2.5948521804686209E-004
  -8.0801162612933575E-002  -1.7452079747094495E-005   1.2121212121212121E-002   1.0018802267581752        1.0101010101010102E-002   1.0018802267581752        1.0000000000000000       -2.9355608613990114E-004
  -9.0901397877390711E-002  -1.9404267466669095E-005   1.2121212121212121E-002   1.0018772540002461        1.0101010101010102E-002   1.0018772540002461        1.0000000000000000       -7.6304163657123638     
 -0.10100166407527922       -2.1277669622506868E-005   1.2121212121212121E-002   1.0018739720753642        1.0101010101010102E-002   1.0018739720753642        1.0000000000000000       -93.411136764050454     
