 # x v h rho m p cs a
   2.2509999999998631     
  -2.9651156253629879E-005   6.2028746739999516E-005   1.2121212121212121E-002   1.0017921021908422        1.0101010101010102E-002   1.0017921021908422        1.0000000000000000        1.2434497875801753E-014
   1.0071462259493463E-002   6.1474445681919567E-005   1.2121212121212121E-002   1.0017874110383991        1.0101010101010102E-002   1.0017874110383991        1.0000000000000000       -1.4210854715202004E-014
   2.0172625439045085E-002   6.1160799491487814E-005   1.2121212121212121E-002   1.0017825020912732        1.0101010101010102E-002   1.0017825020912732        1.0000000000000000       -9.9475983006414026E-014
   3.0273836750488940E-002   6.1046438172069088E-005   1.2121212121212121E-002   1.0017778140285456        1.0101010101010102E-002   1.0017778140285456        1.0000000000000000        6.1284310959308641E-014
   4.0375092601013400E-002   6.0479306366413841E-005   1.2121212121212121E-002   1.0017733918795177        1.0101010101010102E-002   1.0017733918795177        1.0000000000000000        3.5527136788005009E-015
   5.0476390938020609E-002   5.9087956558086611E-005   1.2121212121212121E-002   1.0017690157034786        1.0101010101010102E-002   1.0017690157034786        1.0000000000000000        4.4408920985006262E-015
   6.0577732937799750E-002   5.7544390828096709E-005   1.2121212121212121E-002   1.0017645047762178        1.0101010101010102E-002   1.0017645047762178        1.0000000000000000       -8.8817841970012523E-015
   7.0679120901683837E-002   5.6279835874040964E-005   1.2121212121212121E-002   1.0017601458477767        1.0101010101010102E-002   1.0017601458477767        1.0000000000000000       -5.1514348342607263E-014
   8.0780549571695198E-002   5.4872042055329060E-005   1.2121212121212121E-002   1.0017562528231634        1.0101010101010102E-002   1.0017562528231634        1.0000000000000000        2.1316282072803006E-014
   9.0882014200632147E-002   5.2939285181305710E-005   1.2121212121212121E-002   1.0017526634147000        1.0101010101010102E-002   1.0017526634147000        1.0000000000000000        7.1054273576010019E-015
  0.10098351307074817        5.0395100173274794E-005   1.2121212121212121E-002   1.0017489452743227        1.0101010101010102E-002   1.0017489452743227        1.0000000000000000        7.1054273576010019E-015
  0.11108505114680299        4.8013084301990718E-005   1.2121212121212121E-002   1.0017451050640780        1.0101010101010102E-002   1.0017451050640780        1.0000000000000000        3.5527136788005009E-015
  0.12118662711210738        4.5666156305694305E-005   1.2121212121212121E-002   1.0017418342682858        1.0101010101010102E-002   1.0017418342682858        1.0000000000000000        1.9539925233402755E-014
  0.13128822995895756        4.3098556691945071E-005   1.2121212121212121E-002   1.0017392209162317        1.0101010101010102E-002   1.0017392209162317        1.0000000000000000        8.0824236192711396E-014
  0.14138985660835227        4.0105450127949145E-005   1.2121212121212121E-002   1.0017366932868814        1.0101010101010102E-002   1.0017366932868814        1.0000000000000000        2.2204460492503131E-014
  0.15149150879996573        3.6929763852455034E-005   1.2121212121212121E-002   1.0017338918556624        1.0101010101010102E-002   1.0017338918556624        1.0000000000000000       -6.2172489379008766E-015
  0.16159319150402357        3.3659253885946863E-005   1.2121212121212121E-002   1.0017312430513199        1.0101010101010102E-002   1.0017312430513199        1.0000000000000000       -6.2172489379008766E-015
  0.17169489729409504        3.0242910665778243E-005   1.2121212121212121E-002   1.0017294704179713        1.0101010101010102E-002   1.0017294704179713        1.0000000000000000       -6.2172489379008766E-015
  0.18179661455198867        2.6967143502006567E-005   1.2121212121212121E-002   1.0017282988417975        1.0101010101010102E-002   1.0017282988417975        1.0000000000000000       -6.2172489379008766E-015
  0.19189834218916443        2.3563805009165012E-005   1.2121212121212121E-002   1.0017269624520375        1.0101010101010102E-002   1.0017269624520375        1.0000000000000000       -6.2172489379008766E-015
  0.20200008590723217        1.9818263813064756E-005   1.2121212121212121E-002   1.0017254795569970        1.0101010101010102E-002   1.0017254795569970        1.0000000000000000       -6.2172489379008766E-015
  0.21210184396299936        1.5736860821403525E-005   1.2121212121212121E-002   1.0017244980230433        1.0101010101010102E-002   1.0017244980230433        1.0000000000000000       -6.2172489379008766E-015
  0.22220360731049421        1.1733462987291417E-005   1.2121212121212121E-002   1.0017241822248613        1.0101010101010102E-002   1.0017241822248613        1.0000000000000000       -1.7763568394002505E-015
  0.23230537113725863        8.2319378096142227E-006   1.2121212121212121E-002   1.0017242630478824        1.0101010101010102E-002   1.0017242630478824        1.0000000000000000       -5.6843418860808015E-014
  0.24240713262963703        4.7826952753909708E-006   1.2121212121212121E-002   1.0017245578318454        1.0101010101010102E-002   1.0017245578318454        1.0000000000000000       -1.8562928971732617E-013
  0.25250889039327995        6.3525172603980567E-007   1.2121212121212121E-002   1.0017249205336036        1.0101010101010102E-002   1.0017249205336036        1.0000000000000000        1.8385293287792592E-013
  0.26261064476105445       -3.8390978734348375E-006   1.2121212121212121E-002   1.0017253862607673        1.0101010101010102E-002   1.0017253862607673        1.0000000000000000        5.0626169922907138E-014
  0.27271239376278339       -7.7502403355240688E-006   1.2121212121212121E-002   1.0017262306437695        1.0101010101010102E-002   1.0017262306437695        1.0000000000000000       -6.2172489379008766E-015
  0.28281413186887394       -1.1277443572560898E-005   1.2121212121212121E-002   1.0017277170415142        1.0101010101010102E-002   1.0017277170415142        1.0000000000000000       -6.2172489379008766E-015
  0.29291585146516436       -1.4924305325876796E-005   1.2121212121212121E-002   1.0017298060905508        1.0101010101010102E-002   1.0017298060905508        1.0000000000000000       -6.2172489379008766E-015
  0.30301754742093379       -1.8602938061679691E-005   1.2121212121212121E-002   1.0017319603773718        1.0101010101010102E-002   1.0017319603773718        1.0000000000000000       -6.2172489379008766E-015
  0.31311922358996913       -2.2338956216990573E-005   1.2121212121212121E-002   1.0017336862919277        1.0101010101010102E-002   1.0017336862919277        1.0000000000000000       -6.2172489379008766E-015
  0.32322088614742134       -2.6211811734354484E-005   1.2121212121212121E-002   1.0017354049454874        1.0101010101010102E-002   1.0017354049454874        1.0000000000000000       -6.2172489379008766E-015
  0.33332252953172131       -2.9676893701979569E-005   1.2121212121212121E-002   1.0017377949009303        1.0101010101010102E-002   1.0017377949009303        1.0000000000000000       -6.2172489379008766E-015
  0.34342414427326418       -3.2236897701299053E-005   1.2121212121212121E-002   1.0017405184896815        1.0101010101010102E-002   1.0017405184896815        1.0000000000000000       -6.2172489379008766E-015
  0.35352573256103842       -3.4123697810845814E-005   1.2121212121212121E-002   1.0017428055391235        1.0101010101010102E-002   1.0017428055391235        1.0000000000000000       -6.2172489379008766E-015
  0.36362730178857289       -3.5697299450687155E-005   1.2121212121212121E-002   1.0017443856197938        1.0101010101010102E-002   1.0017443856197938        1.0000000000000000       -6.2172489379008766E-015
  0.37372885834405556       -3.6866340038574754E-005   1.2121212121212121E-002   1.0017449175818991        1.0101010101010102E-002   1.0017449175818991        1.0000000000000000       -6.2172489379008766E-015
  0.38383041633453002       -3.7119866182682818E-005   1.2121212121212121E-002   1.0017440037615974        1.0101010101010102E-002   1.0017440037615974        1.0000000000000000       -6.2172489379008766E-015
  0.39393199174994969       -3.5883931690467007E-005   1.2121212121212121E-002   1.0017421215560136        1.0101010101010102E-002   1.0017421215560136        1.0000000000000000       -6.2172489379008766E-015
  0.40403358808111861       -3.3079812544576443E-005   1.2121212121212121E-002   1.0017399359808103        1.0101010101010102E-002   1.0017399359808103        1.0000000000000000       -6.2172489379008766E-015
  0.41413520615064098       -2.9149474965835198E-005   1.2121212121212121E-002   1.0017371706506633        1.0101010101010102E-002   1.0017371706506633        1.0000000000000000       -6.2172489379008766E-015
  0.42423685657855342       -2.4646853991829876E-005   1.2121212121212121E-002   1.0017335355993013        1.0101010101010102E-002   1.0017335355993013        1.0000000000000000       -6.2172489379008766E-015
  0.43433854751504875       -2.0303182486267297E-005   1.2121212121212121E-002   1.0017296422524440        1.0101010101010102E-002   1.0017296422524440        1.0000000000000000       -6.2172489379008766E-015
  0.44444027593537966       -1.6822731518958156E-005   1.2121212121212121E-002   1.0017261677199365        1.0101010101010102E-002   1.0017261677199365        1.0000000000000000       -6.2172489379008766E-015
  0.45454203607397181       -1.4069237863835012E-005   1.2121212121212121E-002   1.0017235258652584        1.0101010101010102E-002   1.0017235258652584        1.0000000000000000       -6.2172489379008766E-015
  0.46464381780279052       -1.1358898455440773E-005   1.2121212121212121E-002   1.0017223914651543        1.0101010101010102E-002   1.0017223914651543        1.0000000000000000       -6.2172489379008766E-015
  0.47474560080032790       -8.4932306976030952E-006   1.2121212121212121E-002   1.0017229868904545        1.0101010101010102E-002   1.0017229868904545        1.0000000000000000        5.3290705182007514E-015
  0.48484736910625109       -5.4608416055047651E-006   1.2121212121212121E-002   1.0017242955765655        1.0101010101010102E-002   1.0017242955765655        1.0000000000000000       -7.0166095156309893E-014
  0.49494912434812599       -1.9365757874276137E-006   1.2121212121212121E-002   1.0017251320335434        1.0101010101010102E-002   1.0017251320335434        1.0000000000000000       -4.4941828036826337E-013
  0.50505087565189011        1.9365757090835781E-006   1.2121212121212121E-002   1.0017251320335523        1.0101010101010102E-002   1.0017251320335523        1.0000000000000000       -6.9277916736609768E-014
  0.51515263089376451        5.4608417113946704E-006   1.2121212121212121E-002   1.0017242955764454        1.0101010101010102E-002   1.0017242955764454        1.0000000000000000        1.5987211554602254E-014
  0.52525439919969097        8.4932308370165021E-006   1.2121212121212121E-002   1.0017229868904161        1.0101010101010102E-002   1.0017229868904161        1.0000000000000000        1.7763568394002505E-015
  0.53535618219722581        1.1358898463390038E-005   1.2121212121212121E-002   1.0017223914651945        1.0101010101010102E-002   1.0017223914651945        1.0000000000000000        1.7763568394002505E-015
  0.54545796392604617        1.4069237895813707E-005   1.2121212121212121E-002   1.0017235258653243        1.0101010101010102E-002   1.0017235258653243        1.0000000000000000        1.7763568394002505E-015
  0.55555972406463539        1.6822731610534801E-005   1.2121212121212121E-002   1.0017261677200222        1.0101010101010102E-002   1.0017261677200222        1.0000000000000000        1.7763568394002505E-015
  0.56566145248496724        2.0303182549273775E-005   1.2121212121212121E-002   1.0017296422523896        1.0101010101010102E-002   1.0017296422523896        1.0000000000000000        1.7763568394002505E-015
  0.57576314342146295        2.4646853860730674E-005   1.2121212121212121E-002   1.0017335355992449        1.0101010101010102E-002   1.0017335355992449        1.0000000000000000        1.7763568394002505E-015
  0.58586479384937629        2.9149475109094412E-005   1.2121212121212121E-002   1.0017371706507030        1.0101010101010102E-002   1.0017371706507030        1.0000000000000000        1.7763568394002505E-015
  0.59596641191889688        3.3079812440143047E-005   1.2121212121212121E-002   1.0017399359808887        1.0101010101010102E-002   1.0017399359808887        1.0000000000000000        1.7763568394002505E-015
  0.60606800825006590        3.5883931685921835E-005   1.2121212121212121E-002   1.0017421215560451        1.0101010101010102E-002   1.0017421215560451        1.0000000000000000        1.7763568394002505E-015
  0.61616958366548469        3.7119866292876025E-005   1.2121212121212121E-002   1.0017440037614969        1.0101010101010102E-002   1.0017440037614969        1.0000000000000000        1.7763568394002505E-015
  0.62627114165596220        3.6866340113323236E-005   1.2121212121212121E-002   1.0017449175817765        1.0101010101010102E-002   1.0017449175817765        1.0000000000000000        1.7763568394002505E-015
  0.63637269821144460        3.5697299476903366E-005   1.2121212121212121E-002   1.0017443856198380        1.0101010101010102E-002   1.0017443856198380        1.0000000000000000        1.7763568394002505E-015
  0.64647426743897807        3.4123697788418300E-005   1.2121212121212121E-002   1.0017428055391226        1.0101010101010102E-002   1.0017428055391226        1.0000000000000000        1.7763568394002505E-015
  0.65657585572675337        3.2236897722885003E-005   1.2121212121212121E-002   1.0017405184896486        1.0101010101010102E-002   1.0017405184896486        1.0000000000000000        1.7763568394002505E-015
  0.66667747046829606        2.9676893831526018E-005   1.2121212121212121E-002   1.0017377949009776        1.0101010101010102E-002   1.0017377949009776        1.0000000000000000        1.7763568394002505E-015
  0.67677911385259482        2.6211811601251452E-005   1.2121212121212121E-002   1.0017354049453895        1.0101010101010102E-002   1.0017354049453895        1.0000000000000000        1.7763568394002505E-015
  0.68688077641005052        2.2338956192335318E-005   1.2121212121212121E-002   1.0017336862918627        1.0101010101010102E-002   1.0017336862918627        1.0000000000000000        1.7763568394002505E-015
  0.69698245257908376        1.8602938162752785E-005   1.2121212121212121E-002   1.0017319603773995        1.0101010101010102E-002   1.0017319603773995        1.0000000000000000        1.7763568394002505E-015
  0.70708414853485446        1.4924305390385103E-005   1.2121212121212121E-002   1.0017298060905226        1.0101010101010102E-002   1.0017298060905226        1.0000000000000000        1.7763568394002505E-015
  0.71718586813114427        1.1277443460768863E-005   1.2121212121212121E-002   1.0017277170414813        1.0101010101010102E-002   1.0017277170414813        1.0000000000000000        1.7763568394002505E-015
  0.72728760623723610        7.7502403690276642E-006   1.2121212121212121E-002   1.0017262306437482        1.0101010101010102E-002   1.0017262306437482        1.0000000000000000        1.7763568394002505E-015
  0.73738935523896421        3.8390980040226261E-006   1.2121212121212121E-002   1.0017253862607705        1.0101010101010102E-002   1.0017253862607705        1.0000000000000000        1.7763568394002505E-015
  0.74749110960673937       -6.3525170283149096E-007   1.2121212121212121E-002   1.0017249205335734        1.0101010101010102E-002   1.0017249205335734        1.0000000000000000        1.7763568394002505E-015
  0.75759286737038223       -4.7826952624778095E-006   1.2121212121212121E-002   1.0017245578317926        1.0101010101010102E-002   1.0017245578317926        1.0000000000000000        1.7763568394002505E-015
  0.76769462886276185       -8.2319377774662781E-006   1.2121212121212121E-002   1.0017242630478742        1.0101010101010102E-002   1.0017242630478742        1.0000000000000000        1.7763568394002505E-015
  0.77779639268952516       -1.1733463088488555E-005   1.2121212121212121E-002   1.0017241822248713        1.0101010101010102E-002   1.0017241822248713        1.0000000000000000        1.7763568394002505E-015
  0.78789815603702085       -1.5736860752581742E-005   1.2121212121212121E-002   1.0017244980230207        1.0101010101010102E-002   1.0017244980230207        1.0000000000000000        1.7763568394002505E-015
  0.79799991409278759       -1.9818263780881746E-005   1.2121212121212121E-002   1.0017254795569026        1.0101010101010102E-002   1.0017254795569026        1.0000000000000000        1.7763568394002505E-015
  0.80810165781085763       -2.3563804863752711E-005   1.2121212121212121E-002   1.0017269624518825        1.0101010101010102E-002   1.0017269624518825        1.0000000000000000        1.7763568394002505E-015
  0.81820338544803450       -2.6967143535525734E-005   1.2121212121212121E-002   1.0017282988417697        1.0101010101010102E-002   1.0017282988417697        1.0000000000000000        1.7763568394002505E-015
  0.82830510270592739       -3.0242910737997505E-005   1.2121212121212121E-002   1.0017294704179891        1.0101010101010102E-002   1.0017294704179891        1.0000000000000000        1.7763568394002505E-015
  0.83840680849599936       -3.3659253908594959E-005   1.2121212121212121E-002   1.0017312430514242        1.0101010101010102E-002   1.0017312430514242        1.0000000000000000        1.7763568394002505E-015
  0.84850849120005445       -3.6929763717139373E-005   1.2121212121212121E-002   1.0017338918557368        1.0101010101010102E-002   1.0017338918557368        1.0000000000000000        1.7763568394002505E-015
  0.85861014339166886       -4.0105450056005189E-005   1.2121212121212121E-002   1.0017366932867449        1.0101010101010102E-002   1.0017366932867449        1.0000000000000000        1.7763568394002505E-015
  0.86871177004106570       -4.3098556769066818E-005   1.2121212121212121E-002   1.0017392209160949        1.0101010101010102E-002   1.0017392209160949        1.0000000000000000        1.7763568394002505E-015
  0.87881337288791661       -4.5666156309056457E-005   1.2121212121212121E-002   1.0017418342682534        1.0101010101010102E-002   1.0017418342682534        1.0000000000000000        1.7763568394002505E-015
  0.88891494885322064       -4.8013084252880608E-005   1.2121212121212121E-002   1.0017451050640129        1.0101010101010102E-002   1.0017451050640129        1.0000000000000000        1.7763568394002505E-015
  0.89901648692927727       -5.0395100144508281E-005   1.2121212121212121E-002   1.0017489452743094        1.0101010101010102E-002   1.0017489452743094        1.0000000000000000        1.7763568394002505E-015
  0.90911798579939185       -5.2939285226147506E-005   1.2121212121212121E-002   1.0017526634147866        1.0101010101010102E-002   1.0017526634147866        1.0000000000000000        1.7763568394002505E-015
  0.91921945042832820       -5.4872042201985761E-005   1.2121212121212121E-002   1.0017562528231778        1.0101010101010102E-002   1.0017562528231778        1.0000000000000000        1.7763568394002505E-015
  0.92932087909834005       -5.6279835641167388E-005   1.2121212121212121E-002   1.0017601458477976        1.0101010101010102E-002   1.0017601458477976        1.0000000000000000        1.7763568394002505E-015
  0.93942226706222309       -5.7544390834364096E-005   1.2121212121212121E-002   1.0017645047761714        1.0101010101010102E-002   1.0017645047761714        1.0000000000000000        1.7763568394002505E-015
  0.94952360906200417       -5.9087956585933415E-005   1.2121212121212121E-002   1.0017690157033547        1.0101010101010102E-002   1.0017690157033547        1.0000000000000000        1.7763568394002505E-015
  0.95962490739901207       -6.0479306327037542E-005   1.2121212121212121E-002   1.0017733918794394        1.0101010101010102E-002   1.0017733918794394        1.0000000000000000        1.7763568394002505E-015
  0.96972616324953775       -6.1046438206910101E-005   1.2121212121212121E-002   1.0017778140287024        1.0101010101010102E-002   1.0017778140287024        1.0000000000000000        8.8817841970012523E-016
  0.97982737456097668       -6.1160799570800429E-005   1.2121212121212121E-002   1.0017825020913322        1.0101010101010102E-002   1.0017825020913322        1.0000000000000000       -3.2862601528904634E-014
  0.98992853774053191       -6.1474445607213158E-005   1.2121212121212121E-002   1.0017874110382718        1.0101010101010102E-002   1.0017874110382718        1.0000000000000000        1.5010215292932116E-013
   1.0000296511562785       -6.2028746673325094E-005   1.2121212121212121E-002   1.0017921021908482        1.0101010101010102E-002   1.0017921021908482        1.0000000000000000        1.0436096431476471E-012
   1.0101306612572887        6.1218797339627600E-005   1.2121212121212121E-002   1.0017874110383991        1.0101010101010102E-002   1.0017971261158094        1.0000000000000000        1.4299672557172016E-013
   1.0202316713582988        6.0905962160940277E-005   1.2121212121212121E-002   1.0017825020912732        1.0101010101010102E-002   1.0018001755398602        1.0000000000000000       -1.9677833450701065E-002
   1.0303326814593090        6.0811267719436210E-005   1.2121212121212121E-002   1.0017778140285456        1.0101010101010102E-002   1.0018004115226273        1.0000000000000000       -1.3138325546267744     
   1.0404336915603192        6.0254822662263550E-005   1.2121212121212121E-002   1.0017733918795177        1.0101010101010102E-002  0.99665637860081713        1.0000000000000000       -4.6453021478719450     
   1.0505347016613293        5.8856510668268340E-005   1.2121212121212121E-002   1.0017690157034786        1.0101010101010102E-002  0.77867798353909146        1.0000000000000000        107.01218865918355     
  -1.0130661257263732E-002  -6.1218797253595589E-005   1.2121212121212121E-002   1.0017874110382718        1.0101010101010102E-002   1.0017971261158141        1.0000000000000000        1.1546319456101628E-014
  -2.0231671358273834E-002  -6.0905962271336913E-005   1.2121212121212121E-002   1.0017825020913322        1.0101010101010102E-002   1.0018001755398669        1.0000000000000000        1.9677833450746363E-002
  -3.0332681459283934E-002  -6.0811267733703450E-005   1.2121212121212121E-002   1.0017778140287024        1.0101010101010102E-002   1.0018004115226335        1.0000000000000000        1.3138325546268277     
  -4.0433691560294034E-002  -6.0254822618660408E-005   1.2121212121212121E-002   1.0017733918794394        1.0101010101010102E-002  0.99665637860082268        1.0000000000000000        4.6453021478716039     
  -5.0534701661304138E-002  -5.8856510694074554E-005   1.2121212121212121E-002   1.0017690157033547        1.0101010101010102E-002  0.77867798353909445        1.0000000000000000       -107.01218865918408     
