 # x v h rho m p cs a
   13.300999999998067     
  -9.8557926968931347E-006   2.3629531996342650E-005   1.2121212121212121E-002   1.0017976852922283        1.0101010101010102E-002   1.0017976852922283        1.0000000000000000        1.2434497875801753E-014
   1.0091185075818049E-002   2.3535581000318268E-005   1.2121212121212121E-002   1.0017963834717616        1.0101010101010102E-002   1.0017963834717616        1.0000000000000000       -1.4210854715202004E-014
   2.0192243251881650E-002   2.3229739624664849E-005   1.2121212121212121E-002   1.0017947008802428        1.0101010101010102E-002   1.0017947008802428        1.0000000000000000       -9.9475983006414026E-014
   3.0293318577957095E-002   2.2821528194537286E-005   1.2121212121212121E-002   1.0017932514949952        1.0101010101010102E-002   1.0017932514949952        1.0000000000000000        6.1284310959308641E-014
   4.0394405143959089E-002   2.2518353775864950E-005   1.2121212121212121E-002   1.0017919129142356        1.0101010101010102E-002   1.0017919129142356        1.0000000000000000        3.5527136788005009E-015
   5.0495506105989268E-002   2.2282171511210288E-005   1.2121212121212121E-002   1.0017902288917524        1.0101010101010102E-002   1.0017902288917524        1.0000000000000000        4.4408920985006262E-015
   6.0596626348689994E-002   2.1841310900212035E-005   1.2121212121212121E-002   1.0017884367724761        1.0101010101010102E-002   1.0017884367724761        1.0000000000000000       -8.8817841970012523E-015
   7.0697763727854593E-002   2.1325547006416894E-005   1.2121212121212121E-002   1.0017871299590955        1.0101010101010102E-002   1.0017871299590955        1.0000000000000000       -5.1514348342607263E-014
   8.0798909819727330E-002   2.0783303298541204E-005   1.2121212121212121E-002   1.0017863403926794        1.0101010101010102E-002   1.0017863403926794        1.0000000000000000        2.1316282072803006E-014
   9.0900062134390738E-002   1.9980675634503804E-005   1.2121212121212121E-002   1.0017856732941968        1.0101010101010102E-002   1.0017856732941968        1.0000000000000000        7.1054273576010019E-015
  0.10100122108208201        1.9166924858284801E-005   1.2121212121212121E-002   1.0017848985940472        1.0101010101010102E-002   1.0017848985940472        1.0000000000000000        7.1054273576010019E-015
  0.11110238849739289        1.8248566096532917E-005   1.2121212121212121E-002   1.0017838665225955        1.0101010101010102E-002   1.0017838665225955        1.0000000000000000        3.5527136788005009E-015
  0.12120356754420265        1.7055757723866723E-005   1.2121212121212121E-002   1.0017824190053841        1.0101010101010102E-002   1.0017824190053841        1.0000000000000000        1.9539925233402755E-014
  0.13130476396835025        1.5787991792665356E-005   1.2121212121212121E-002   1.0017808241621933        1.0101010101010102E-002   1.0017808241621933        1.0000000000000000        8.0824236192711396E-014
  0.14140597556578596        1.4844810882180354E-005   1.2121212121212121E-002   1.0017797067634948        1.0101010101010102E-002   1.0017797067634948        1.0000000000000000        2.2204460492503131E-014
  0.15150719435928711        1.3957844850033593E-005   1.2121212121212121E-002   1.0017792484156332        1.0101010101010102E-002   1.0017792484156332        1.0000000000000000       -6.2172489379008766E-015
  0.16160841431714665        1.2551646107483358E-005   1.2121212121212121E-002   1.0017790373160735        1.0101010101010102E-002   1.0017790373160735        1.0000000000000000       -6.2172489379008766E-015
  0.17170963669677086        1.1141100768379476E-005   1.2121212121212121E-002   1.0017787063721784        1.0101010101010102E-002   1.0017787063721784        1.0000000000000000       -6.2172489379008766E-015
  0.18181086322368342        9.9764312922961501E-006   1.2121212121212121E-002   1.0017782583565480        1.0101010101010102E-002   1.0017782583565480        1.0000000000000000       -6.2172489379008766E-015
  0.19191209476621784        8.8158803809993262E-006   1.2121212121212121E-002   1.0017778767614993        1.0101010101010102E-002   1.0017778767614993        1.0000000000000000       -6.2172489379008766E-015
  0.20201332894450685        7.4670514983335676E-006   1.2121212121212121E-002   1.0017776336948425        1.0101010101010102E-002   1.0017776336948425        1.0000000000000000       -6.2172489379008766E-015
  0.21211456515891999        5.8997050756991540E-006   1.2121212121212121E-002   1.0017774396240362        1.0101010101010102E-002   1.0017774396240362        1.0000000000000000       -6.2172489379008766E-015
  0.22221580276968397        4.4466321227921259E-006   1.2121212121212121E-002   1.0017770635365697        1.0101010101010102E-002   1.0017770635365697        1.0000000000000000       -1.7763568394002505E-015
  0.23231704651145590        2.8355114226517050E-006   1.2121212121212121E-002   1.0017765708464172        1.0101010101010102E-002   1.0017765708464172        1.0000000000000000       -5.6843418860808015E-014
  0.24241829447793820        1.3652304675634031E-006   1.2121212121212121E-002   1.0017763359972154        1.0101010101010102E-002   1.0017763359972154        1.0000000000000000       -1.8562928971732617E-013
  0.25251954319041980       -2.2358102014079807E-007   1.2121212121212121E-002   1.0017765677834003        1.0101010101010102E-002   1.0017765677834003        1.0000000000000000        1.8385293287792592E-013
  0.26262078637062969       -2.0185788116856740E-006   1.2121212121212121E-002   1.0017771344401627        1.0101010101010102E-002   1.0017771344401627        1.0000000000000000        5.0626169922907138E-014
  0.27272202326973438       -3.4007284368988406E-006   1.2121212121212121E-002   1.0017776764495441        1.0101010101010102E-002   1.0017776764495441        1.0000000000000000       -6.2172489379008766E-015
  0.28282325577009654       -4.3476010389331782E-006   1.2121212121212121E-002   1.0017781868751645        1.0101010101010102E-002   1.0017781868751645        1.0000000000000000       -6.2172489379008766E-015
  0.29292448271623628       -5.0971658493391361E-006   1.2121212121212121E-002   1.0017787313448341        1.0101010101010102E-002   1.0017787313448341        1.0000000000000000       -6.2172489379008766E-015
  0.30302570422219144       -6.3766077151875342E-006   1.2121212121212121E-002   1.0017791753032057        1.0101010101010102E-002   1.0017791753032057        1.0000000000000000       -6.2172489379008766E-015
  0.31312692225048605       -7.5839938636941943E-006   1.2121212121212121E-002   1.0017794386623491        1.0101010101010102E-002   1.0017794386623491        1.0000000000000000       -6.2172489379008766E-015
  0.32322813883545004       -8.9850115725260773E-006   1.2121212121212121E-002   1.0017796789025437        1.0101010101010102E-002   1.0017796789025437        1.0000000000000000       -6.2172489379008766E-015
  0.33332935218694032       -1.0371673752629713E-005   1.2121212121212121E-002   1.0017799346601404        1.0101010101010102E-002   1.0017799346601404        1.0000000000000000       -6.2172489379008766E-015
  0.34343056340488254       -1.1426043179451670E-005   1.2121212121212121E-002   1.0017800268477226        1.0101010101010102E-002   1.0017800268477226        1.0000000000000000       -6.2172489379008766E-015
  0.35353177484803600       -1.2112816767780229E-005   1.2121212121212121E-002   1.0017799068518389        1.0101010101010102E-002   1.0017799068518389        1.0000000000000000       -6.2172489379008766E-015
  0.36363298876457545       -1.2457922732707760E-005   1.2121212121212121E-002   1.0017797634263177        1.0101010101010102E-002   1.0017797634263177        1.0000000000000000       -6.2172489379008766E-015
  0.37373420317457273       -1.2416395156583251E-005   1.2121212121212121E-002   1.0017796697005814        1.0101010101010102E-002   1.0017796697005814        1.0000000000000000       -6.2172489379008766E-015
  0.38383541856821618       -1.1964199763776317E-005   1.2121212121212121E-002   1.0017794229555932        1.0101010101010102E-002   1.0017794229555932        1.0000000000000000       -6.2172489379008766E-015
  0.39393663793488415       -1.1675594711230026E-005   1.2121212121212121E-002   1.0017790612540272        1.0101010101010102E-002   1.0017790612540272        1.0000000000000000       -6.2172489379008766E-015
  0.40403786069378733       -1.1273262880478062E-005   1.2121212121212121E-002   1.0017787057065566        1.0101010101010102E-002   1.0017787057065566        1.0000000000000000       -6.2172489379008766E-015
  0.41413908694826307       -1.0163499746902603E-005   1.2121212121212121E-002   1.0017782628276777        1.0101010101010102E-002   1.0017782628276777        1.0000000000000000       -6.2172489379008766E-015
  0.42424031794723982       -8.4116334140846664E-006   1.2121212121212121E-002   1.0017774282214276        1.0101010101010102E-002   1.0017774282214276        1.0000000000000000       -6.2172489379008766E-015
  0.43434156057320755       -6.9133668447753851E-006   1.2121212121212121E-002   1.0017761228309197        1.0101010101010102E-002   1.0017761228309197        1.0000000000000000       -6.2172489379008766E-015
  0.44444281767843735       -5.9601404726087365E-006   1.2121212121212121E-002   1.0017745188624119        1.0101010101010102E-002   1.0017745188624119        1.0000000000000000       -6.2172489379008766E-015
  0.45454409202845758       -4.9925122413220901E-006   1.2121212121212121E-002   1.0017726782335081        1.0101010101010102E-002   1.0017726782335081        1.0000000000000000       -6.2172489379008766E-015
  0.46464538610153411       -3.7167188541505139E-006   1.2121212121212121E-002   1.0017709708478206        1.0101010101010102E-002   1.0017709708478206        1.0000000000000000       -6.2172489379008766E-015
  0.47474669477401071       -2.5329274898422646E-006   1.2121212121212121E-002   1.0017697532315319        1.0101010101010102E-002   1.0017697532315319        1.0000000000000000        5.3290705182007514E-015
  0.48484801280013634       -1.5675425825609083E-006   1.2121212121212121E-002   1.0017689820963152        1.0101010101010102E-002   1.0017689820963152        1.0000000000000000       -7.0166095156309893E-014
  0.49494933649187034       -5.3353308265592558E-007   1.2121212121212121E-002   1.0017685384342079        1.0101010101010102E-002   1.0017685384342079        1.0000000000000000       -4.4941828036826337E-013
  0.50505066350876959        5.3353314475462653E-007   1.2121212121212121E-002   1.0017685384343815        1.0101010101010102E-002   1.0017685384343815        1.0000000000000000       -6.9277916736609768E-014
  0.51515198720049948        1.5675426927772210E-006   1.2121212121212121E-002   1.0017689820964728        1.0101010101010102E-002   1.0017689820964728        1.0000000000000000        1.5987211554602254E-014
  0.52525330522662583        2.5329275467593194E-006   1.2121212121212121E-002   1.0017697532314882        1.0101010101010102E-002   1.0017697532314882        1.0000000000000000        1.7763568394002505E-015
  0.53535461389910266        3.7167190969223182E-006   1.2121212121212121E-002   1.0017709708476277        1.0101010101010102E-002   1.0017709708476277        1.0000000000000000        1.7763568394002505E-015
  0.54545590797218324        4.9925120253121646E-006   1.2121212121212121E-002   1.0017726782334595        1.0101010101010102E-002   1.0017726782334595        1.0000000000000000        1.7763568394002505E-015
  0.55555718232220086        5.9601404239600709E-006   1.2121212121212121E-002   1.0017745188627378        1.0101010101010102E-002   1.0017745188627378        1.0000000000000000        1.7763568394002505E-015
  0.56565843942742544        6.9133673250604050E-006   1.2121212121212121E-002   1.0017761228308815        1.0101010101010102E-002   1.0017761228308815        1.0000000000000000        1.7763568394002505E-015
  0.57575968205339967        8.4116333508847938E-006   1.2121212121212121E-002   1.0017774282212735        1.0101010101010102E-002   1.0017774282212735        1.0000000000000000        1.7763568394002505E-015
  0.58586091305237342        1.0163500022234039E-005   1.2121212121212121E-002   1.0017782628276830        1.0101010101010102E-002   1.0017782628276830        1.0000000000000000        1.7763568394002505E-015
  0.59596213930685182        1.1273262655895967E-005   1.2121212121212121E-002   1.0017787057065979        1.0101010101010102E-002   1.0017787057065979        1.0000000000000000        1.7763568394002505E-015
  0.60606336206575118        1.1675595255608008E-005   1.2121212121212121E-002   1.0017790612539204        1.0101010101010102E-002   1.0017790612539204        1.0000000000000000        1.7763568394002505E-015
  0.61616458143242558        1.1964199775443082E-005   1.2121212121212121E-002   1.0017794229556181        1.0101010101010102E-002   1.0017794229556181        1.0000000000000000        1.7763568394002505E-015
  0.62626579682606232        1.2416394920517245E-005   1.2121212121212121E-002   1.0017796697008150        1.0101010101010102E-002   1.0017796697008150        1.0000000000000000        1.7763568394002505E-015
  0.63636701123606032        1.2457922872362249E-005   1.2121212121212121E-002   1.0017797634260539        1.0101010101010102E-002   1.0017797634260539        1.0000000000000000        1.7763568394002505E-015
  0.64646822515260560        1.2112816889333431E-005   1.2121212121212121E-002   1.0017799068517854        1.0101010101010102E-002   1.0017799068517854        1.0000000000000000        1.7763568394002505E-015
  0.65656943659575462        1.1426043297239541E-005   1.2121212121212121E-002   1.0017800268480532        1.0101010101010102E-002   1.0017800268480532        1.0000000000000000        1.7763568394002505E-015
  0.66667064781369312        1.0371673736274521E-005   1.2121212121212121E-002   1.0017799346599958        1.0101010101010102E-002   1.0017799346599958        1.0000000000000000        1.7763568394002505E-015
  0.67677186116519095        8.9850117774953773E-006   1.2121212121212121E-002   1.0017796789024005        1.0101010101010102E-002   1.0017796789024005        1.0000000000000000        1.7763568394002505E-015
  0.68687307775015027        7.5839939508738500E-006   1.2121212121212121E-002   1.0017794386622694        1.0101010101010102E-002   1.0017794386622694        1.0000000000000000        1.7763568394002505E-015
  0.69697429577845071        6.3766079946030231E-006   1.2121212121212121E-002   1.0017791753030125        1.0101010101010102E-002   1.0017791753030125        1.0000000000000000        1.7763568394002505E-015
  0.70707551728440488        5.0971657781002500E-006   1.2121212121212121E-002   1.0017787313450477        1.0101010101010102E-002   1.0017787313450477        1.0000000000000000        1.7763568394002505E-015
  0.71717674423054067        4.3476012266809142E-006   1.2121212121212121E-002   1.0017781868753997        1.0101010101010102E-002   1.0017781868753997        1.0000000000000000        1.7763568394002505E-015
  0.72727797673090155        3.4007285851154804E-006   1.2121212121212121E-002   1.0017776764494655        1.0101010101010102E-002   1.0017776764494655        1.0000000000000000        1.7763568394002505E-015
  0.73737921363000958        2.0185785225616860E-006   1.2121212121212121E-002   1.0017771344400437        1.0101010101010102E-002   1.0017771344400437        1.0000000000000000        1.7763568394002505E-015
  0.74748045681021880        2.2358123663043620E-007   1.2121212121212121E-002   1.0017765677834174        1.0101010101010102E-002   1.0017765677834174        1.0000000000000000        1.7763568394002505E-015
  0.75758170552270021       -1.3652307642805171E-006   1.2121212121212121E-002   1.0017763359971026        1.0101010101010102E-002   1.0017763359971026        1.0000000000000000        1.7763568394002505E-015
  0.76768295348918525       -2.8355108838821018E-006   1.2121212121212121E-002   1.0017765708463509        1.0101010101010102E-002   1.0017765708463509        1.0000000000000000        1.7763568394002505E-015
  0.77778419723095604       -4.4466319059148209E-006   1.2121212121212121E-002   1.0017770635366947        1.0101010101010102E-002   1.0017770635366947        1.0000000000000000        1.7763568394002505E-015
  0.78788543484171791       -5.8997053465051681E-006   1.2121212121212121E-002   1.0017774396239594        1.0101010101010102E-002   1.0017774396239594        1.0000000000000000        1.7763568394002505E-015
  0.79798667105613530       -7.4670514663537904E-006   1.2121212121212121E-002   1.0017776336948712        1.0101010101010102E-002   1.0017776336948712        1.0000000000000000        1.7763568394002505E-015
  0.80808790523441942       -8.8158800604285011E-006   1.2121212121212121E-002   1.0017778767615912        1.0101010101010102E-002   1.0017778767615912        1.0000000000000000        1.7763568394002505E-015
  0.81818913677695626       -9.9764312709675065E-006   1.2121212121212121E-002   1.0017782583563579        1.0101010101010102E-002   1.0017782583563579        1.0000000000000000        1.7763568394002505E-015
  0.82829036330387074       -1.1141100849645079E-005   1.2121212121212121E-002   1.0017787063720121        1.0101010101010102E-002   1.0017787063720121        1.0000000000000000        1.7763568394002505E-015
  0.83839158568349659       -1.2551645738843860E-005   1.2121212121212121E-002   1.0017790373160962        1.0101010101010102E-002   1.0017790373160962        1.0000000000000000        1.7763568394002505E-015
  0.84849280564135376       -1.3957844875860537E-005   1.2121212121212121E-002   1.0017792484156993        1.0101010101010102E-002   1.0017792484156993        1.0000000000000000        1.7763568394002505E-015
  0.85859402443485588       -1.4844810820958864E-005   1.2121212121212121E-002   1.0017797067635335        1.0101010101010102E-002   1.0017797067635335        1.0000000000000000        1.7763568394002505E-015
  0.86869523603228960       -1.5787991590810459E-005   1.2121212121212121E-002   1.0017808241620765        1.0101010101010102E-002   1.0017808241620765        1.0000000000000000        1.7763568394002505E-015
  0.87879643245644201       -1.7055757881106947E-005   1.2121212121212121E-002   1.0017824190054005        1.0101010101010102E-002   1.0017824190054005        1.0000000000000000        1.7763568394002505E-015
  0.88889761150324687       -1.8248565784674979E-005   1.2121212121212121E-002   1.0017838665228449        1.0101010101010102E-002   1.0017838665228449        1.0000000000000000        1.7763568394002505E-015
  0.89899877891855662       -1.9166924802988413E-005   1.2121212121212121E-002   1.0017848985939490        1.0101010101010102E-002   1.0017848985939490        1.0000000000000000        1.7763568394002505E-015
  0.90909993786625176       -1.9980675659223410E-005   1.2121212121212121E-002   1.0017856732941557        1.0101010101010102E-002   1.0017856732941557        1.0000000000000000        1.7763568394002505E-015
  0.91920109018091212       -2.0783303205000323E-005   1.2121212121212121E-002   1.0017863403927065        1.0101010101010102E-002   1.0017863403927065        1.0000000000000000        1.7763568394002505E-015
  0.92930223627278674       -2.1325547286026031E-005   1.2121212121212121E-002   1.0017871299588781        1.0101010101010102E-002   1.0017871299588781        1.0000000000000000        1.7763568394002505E-015
  0.93940337365195459       -2.1841310511846168E-005   1.2121212121212121E-002   1.0017884367724579        1.0101010101010102E-002   1.0017884367724579        1.0000000000000000        1.7763568394002505E-015
  0.94950449389465230       -2.2282171382918546E-005   1.2121212121212121E-002   1.0017902288918996        1.0101010101010102E-002   1.0017902288918996        1.0000000000000000        1.7763568394002505E-015
  0.95960559485668240       -2.2518353689215072E-005   1.2121212121212121E-002   1.0017919129143995        1.0101010101010102E-002   1.0017919129143995        1.0000000000000000        1.7763568394002505E-015
  0.96970668142268057       -2.2821528094299326E-005   1.2121212121212121E-002   1.0017932514948258        1.0101010101010102E-002   1.0017932514948258        1.0000000000000000        8.8817841970012523E-016
  0.97980775674876386       -2.3229739504619308E-005   1.2121212121212121E-002   1.0017947008801034        1.0101010101010102E-002   1.0017947008801034        1.0000000000000000       -3.2862601528904634E-014
  0.98990881492482263       -2.3535581292459985E-005   1.2121212121212121E-002   1.0017963834717976        1.0101010101010102E-002   1.0017963834717976        1.0000000000000000        1.5010215292932116E-013
   1.0000098557933410       -2.3629531690958195E-005   1.2121212121212121E-002   1.0017976852920931        1.0101010101010102E-002   1.0017976852920931        1.0000000000000000        1.0436096431476471E-012
   1.0101108658943512        2.3450511567052571E-005   1.2121212121212121E-002   1.0017963834717616        1.0101010101010102E-002   1.0017991909484867        1.0000000000000000        1.4299672557172016E-013
   1.0202118759953613        2.3140615086956254E-005   1.2121212121212121E-002   1.0017947008802428        1.0101010101010102E-002   1.0018003214771991        1.0000000000000000       -1.9677833450701065E-002
   1.0303128860963715        2.2759145945560142E-005   1.2121212121212121E-002   1.0017932514949952        1.0101010101010102E-002   1.0018004115226273        1.0000000000000000       -1.3138325546267744     
   1.0404138961973817        2.2442291446283932E-005   1.2121212121212121E-002   1.0017919129142356        1.0101010101010102E-002  0.99665637860081713        1.0000000000000000       -4.6453021478719450     
   1.0505149062983918        2.2181373107239582E-005   1.2121212121212121E-002   1.0017902288917524        1.0101010101010102E-002  0.77867798353909146        1.0000000000000000        107.01218865918355     
  -1.0110865893706996E-002  -2.3450511883525050E-005   1.2121212121212121E-002   1.0017963834717976        1.0101010101010102E-002   1.0017991909484958        1.0000000000000000        1.1546319456101628E-014
  -2.0211875994717098E-002  -2.3140614924575244E-005   1.2121212121212121E-002   1.0017947008801034        1.0101010101010102E-002   1.0018003214772049        1.0000000000000000        1.9677833450746363E-002
  -3.0312886095727198E-002  -2.2759145884731988E-005   1.2121212121212121E-002   1.0017932514948258        1.0101010101010102E-002   1.0018004115226335        1.0000000000000000        1.3138325546268277     
  -4.0413896196737298E-002  -2.2442291355488038E-005   1.2121212121212121E-002   1.0017919129143995        1.0101010101010102E-002  0.99665637860082268        1.0000000000000000        4.6453021478716039     
  -5.0514906297747401E-002  -2.2181372983420265E-005   1.2121212121212121E-002   1.0017902288918996        1.0101010101010102E-002  0.77867798353909445        1.0000000000000000       -107.01218865918408     
