 # x v h rho m p cs a
   10.950303030301825     
   4.0149383664539077E-015  -3.3208829625602437E-013   1.2121212121212121E-002   1.0017248631360338        1.0101010101010102E-002   1.0017248631360338        1.0000000000000000        3.7444713996137580E-011
   1.0101756798247133E-002  -4.0682155472854442E-006   1.2121212121212121E-002   1.0017250154455264        1.0101010101010102E-002   1.0017250154455264        1.0000000000000000       -3.1774149468866142E-005
   2.0203510585494518E-002  -8.1200602173449080E-006   1.2121212121212121E-002   1.0017254717586093        1.0101010101010102E-002   1.0017254717586093        1.0000000000000000       -6.3419787460716748E-005
   3.0305258362928716E-002  -1.2139230071900972E-005   1.2121212121212121E-002   1.0017262302285135        1.0101010101010102E-002   1.0017262302285135        1.0000000000000000       -9.4808567429716106E-005
   4.0406997156074473E-002  -1.6109551497490756E-005   1.2121212121212121E-002   1.0017272877843197        1.0101010101010102E-002   1.0017272877843197        1.0000000000000000       -1.2581332463934558E-004
   5.0508724026854079E-002  -2.0015046876465289E-005   1.2121212121212121E-002   1.0017286401455185        1.0101010101010102E-002   1.0017286401455185        1.0000000000000000       -1.5630879703198985E-004
   6.0610436085450879E-002  -2.3839998923570810E-005   1.2121212121212121E-002   1.0017302818396518        1.0101010101010102E-002   1.0017302818396518        1.0000000000000000       -1.8617153084221627E-004
   7.0712130502017356E-002  -2.7569015138202378E-005   1.2121212121212121E-002   1.0017322062238767        1.0101010101010102E-002   1.0017322062238767        1.0000000000000000       -2.1528074200904967E-004
   8.0813804518112806E-002  -3.1187086608124445E-005   1.2121212121212121E-002   1.0017344055114046        1.0101010101010102E-002   1.0017344055114046        1.0000000000000000       -2.4351848824455402E-004
   9.0915455457890079E-002  -3.4679651262659447E-005   1.2121212121212121E-002   1.0017368708041705        1.0101010101010102E-002   1.0017368708041705        1.0000000000000000       -2.7077083894244680E-004
  0.10101708073888566       -3.8032650916690561E-005   1.2121212121212121E-002   1.0017395921310543        1.0101010101010102E-002   1.0017395921310543        1.0000000000000000       -2.9692784175949782E-004
  0.11111867788244166       -4.1232587660501391E-005   1.2121212121212121E-002   1.0017425584873685        1.0101010101010102E-002   1.0017425584873685        1.0000000000000000       -3.2188380688058515E-004
  0.12122024452371928       -4.4266579398053474E-005   1.2121212121212121E-002   1.0017457578784856        1.0101010101010102E-002   1.0017457578784856        1.0000000000000000       -3.4553788576907607E-004
  0.13132177842126222       -4.7122410531329343E-005   1.2121212121212121E-002   1.0017491773704710        1.0101010101010102E-002   1.0017491773704710        1.0000000000000000       -3.6779496180905369E-004
  0.14142327746599989       -4.9788580314267470E-005   1.2121212121212121E-002   1.0017528031435112        1.0101010101010102E-002   1.0017528031435112        1.0000000000000000       -3.8856538532705542E-004
  0.15152473968975400       -5.2254352933505485E-005   1.2121212121212121E-002   1.0017566205481265        1.0101010101010102E-002   1.0017566205481265        1.0000000000000000       -4.0776575254497516E-004
  0.16162616327312776       -5.4509795842461413E-005   1.2121212121212121E-002   1.0017606141636526        1.0101010101010102E-002   1.0017606141636526        1.0000000000000000       -4.2531862207884075E-004
  0.17172754655286007       -5.6545823605090854E-005   1.2121212121212121E-002   1.0017647678617099        1.0101010101010102E-002   1.0017647678617099        1.0000000000000000       -4.4115385680498775E-004
  0.18182888802845659       -5.8354231159815387E-005   1.2121212121212121E-002   1.0017690648732942        1.0101010101010102E-002   1.0017690648732942        1.0000000000000000       -4.5520802333154364E-004
  0.19193018636820938       -5.9927730619423235E-005   1.2121212121212121E-002   1.0017734878557061        1.0101010101010102E-002   1.0017734878557061        1.0000000000000000       -4.6742497461949029E-004
  0.20203144041451079       -6.1259979186144281E-005   1.2121212121212121E-002   1.0017780189627365        1.0101010101010102E-002   1.0017780189627365        1.0000000000000000       -4.7775588219334253E-004
  0.21213264918848182       -6.2345603561963497E-005   1.2121212121212121E-002   1.0017826399170340        1.0101010101010102E-002   1.0017826399170340        1.0000000000000000       -4.8615975665722289E-004
  0.22223381189385910       -6.3180222077291847E-005   1.2121212121212121E-002   1.0017873320863473        1.0101010101010102E-002   1.0017873320863473        1.0000000000000000       -4.9260365682535223E-004
  0.23233492792010282       -6.3760464541379552E-005   1.2121212121212121E-002   1.0017920765571160        1.0101010101010102E-002   1.0017920765571160        1.0000000000000000       -4.9706197528021079E-004
  0.24243599684483860       -6.4083985314046787E-005   1.2121212121212121E-002   1.0017968542103799        1.0101010101010102E-002   1.0017968542103799        1.0000000000000000       -4.9951756809374359E-004
  0.25253701843546328       -6.4149469449616969E-005   1.2121212121212121E-002   1.0018016457996335        1.0101010101010102E-002   1.0018016457996335        1.0000000000000000       -4.9996109808692069E-004
  0.26263799265004673       -6.3956643546240070E-005   1.2121212121212121E-002   1.0018064320296740        1.0101010101010102E-002   1.0018064320296740        1.0000000000000000       -4.9839188866407369E-004
  0.27273891963737484       -6.3506272725861220E-005   1.2121212121212121E-002   1.0018111936338101        1.0101010101010102E-002   1.0018111936338101        1.0000000000000000       -4.9481668075657126E-004
  0.28283979973632539       -6.2800160333156713E-005   1.2121212121212121E-002   1.0018159114494842        1.0101010101010102E-002   1.0018159114494842        1.0000000000000000       -4.8925058461257720E-004
  0.29294063347442600       -6.1841139445397835E-005   1.2121212121212121E-002   1.0018205664969455        1.0101010101010102E-002   1.0018205664969455        1.0000000000000000       -4.8171671532148963E-004
  0.30304142156566466       -6.0633062849613440E-005   1.2121212121212121E-002   1.0018251400552827        1.0101010101010102E-002   1.0018251400552827        1.0000000000000000       -4.7224609613305546E-004
  0.31314216490755120       -5.9180784834989471E-005   1.2121212121212121E-002   1.0018296137379308        1.0101010101010102E-002   1.0018296137379308        1.0000000000000000       -4.6087753968571121E-004
  0.32324286457743018       -5.7490146473737849E-005   1.2121212121212121E-002   1.0018339695646241        1.0101010101010102E-002   1.0018339695646241        1.0000000000000000       -4.4765707795590970E-004
  0.33334352182812976       -5.5567948100611758E-005   1.2121212121212121E-002   1.0018381900339182        1.0101010101010102E-002   1.0018381900339182        1.0000000000000000       -4.3263864817699726E-004
  0.34344413808283974       -5.3421923690986873E-005   1.2121212121212121E-002   1.0018422581945325        1.0101010101010102E-002   1.0018422581945325        1.0000000000000000       -4.1588314474694243E-004
  0.35354471492934375       -5.1060709676701698E-005   1.2121212121212121E-002   1.0018461577110744        1.0101010101010102E-002   1.0018461577110744        1.0000000000000000       -3.9745821523506919E-004
  0.36364525411360993       -4.8493810539556247E-005   1.2121212121212121E-002   1.0018498729291361        1.0101010101010102E-002   1.0018498729291361        1.0000000000000000       -3.7743828619341002E-004
  0.37374575753273520       -4.5731561070522589E-005   1.2121212121212121E-002   1.0018533889382950        1.0101010101010102E-002   1.0018533889382950        1.0000000000000000       -3.5590416059694263E-004
  0.38384622722729139       -4.2785081335803128E-005   1.2121212121212121E-002   1.0018566916318947        1.0101010101010102E-002   1.0018566916318947        1.0000000000000000       -3.3294271804340525E-004
  0.39394666537308726       -3.9666237430997446E-005   1.2121212121212121E-002   1.0018597677620986        1.0101010101010102E-002   1.0018597677620986        1.0000000000000000       -3.0864621429138595E-004
  0.40404707427243164       -3.6387589255270984E-005   1.2121212121212121E-002   1.0018626049919170        1.0101010101010102E-002   1.0018626049919170        1.0000000000000000       -2.8311237891376351E-004
  0.41414745634487199       -3.2962343363247707E-005   1.2121212121212121E-002   1.0018651919454613        1.0101010101010102E-002   1.0018651919454613        1.0000000000000000       -2.5644390974566278E-004
  0.42424781411745749       -2.9404294650778662E-005   1.2121212121212121E-002   1.0018675182519614        1.0101010101010102E-002   1.0018675182519614        1.0000000000000000       -2.2874774516168372E-004
  0.43434815021461831       -2.5727776208591240E-005   1.2121212121212121E-002   1.0018695745876807        1.0101010101010102E-002   1.0018695745876807        1.0000000000000000       -2.0013528377837986E-004
  0.44444846734759463       -2.1947599896345793E-005   1.2121212121212121E-002   1.0018713527120005        1.0101010101010102E-002   1.0018713527120005        1.0000000000000000       -1.7072096369830092E-004
  0.45454876830360680       -1.8078993862225095E-005   1.2121212121212121E-002   1.0018728454990247        1.0101010101010102E-002   1.0018728454990247        1.0000000000000000       -1.4062280094950808E-004
  0.46464905593466926       -1.4137544196409736E-005   1.2121212121212121E-002   1.0018740469685308        1.0101010101010102E-002   1.0018740469685308        1.0000000000000000       -1.0996164464316394E-004
  0.47474933314613360       -1.0139132257027089E-005   1.2121212121212121E-002   1.0018749523076644        1.0101010101010102E-002   1.0018749523076644        1.0000000000000000       -7.8860060551910749E-005
  0.48484960288508672       -6.0998666985595253E-006   1.2121212121212121E-002   1.0018755578892946        1.0101010101010102E-002   1.0018755578892946        1.0000000000000000       -4.7442680104481383E-005
  0.49494986812853214       -2.0360235938164584E-006   1.2121212121212121E-002   1.0018758612874694        1.0101010101010102E-002   1.0018758612874694        1.0000000000000000       -1.5835316144574563E-005
  0.50505013187147962        2.0360236289212468E-006   1.2121212121212121E-002   1.0018758612875747        1.0101010101010102E-002   1.0018758612875747        1.0000000000000000        1.5835293057264721E-005
  0.51515039711492261        6.0998669291788845E-006   1.2121212121212121E-002   1.0018755578894112        1.0101010101010102E-002   1.0018755578894112        1.0000000000000000        4.7442701538003007E-005
  0.52525066685387556        1.0139131759284043E-005   1.2121212121212121E-002   1.0018749523076258        1.0101010101010102E-002   1.0018749523076258        1.0000000000000000        7.8860070848563169E-005
  0.53535094406534134        1.4137544458447952E-005   1.2121212121212121E-002   1.0018740469685967        1.0101010101010102E-002   1.0018740469685967        1.0000000000000000        1.0996161318388431E-004
  0.54545123169640075        1.8078993750341489E-005   1.2121212121212121E-002   1.0018728454990280        1.0101010101010102E-002   1.0018728454990280        1.0000000000000000        1.4062284763749489E-004
  0.55555153265241553        2.1947599633066923E-005   1.2121212121212121E-002   1.0018713527117586        1.0101010101010102E-002   1.0018713527117586        1.0000000000000000        1.7072096637704703E-004
  0.56565184978539496        2.5727776408365042E-005   1.2121212121212121E-002   1.0018695745876931        1.0101010101010102E-002   1.0018695745876931        1.0000000000000000        2.0013523078610262E-004
  0.57575218588255206        2.9404294584131673E-005   1.2121212121212121E-002   1.0018675182520644        1.0101010101010102E-002   1.0018675182520644        1.0000000000000000        2.2874777305847971E-004
  0.58585254365513917        3.2962343102904514E-005   1.2121212121212121E-002   1.0018651919455781        1.0101010101010102E-002   1.0018651919455781        1.0000000000000000        2.5644388102108451E-004
  0.59595292572757530        3.6387589724687665E-005   1.2121212121212121E-002   1.0018626049918724        1.0101010101010102E-002   1.0018626049918724        1.0000000000000000        2.8311244519585443E-004
  0.60605333462692479        3.9666237382706864E-005   1.2121212121212121E-002   1.0018597677619197        1.0101010101010102E-002   1.0018597677619197        1.0000000000000000        3.0864617280901285E-004
  0.61615377277271988        4.2785081391986248E-005   1.2121212121212121E-002   1.0018566916319915        1.0101010101010102E-002   1.0018566916319915        1.0000000000000000        3.3294270481309951E-004
  0.62625424246727412        4.5731560991384084E-005   1.2121212121212121E-002   1.0018533889382601        1.0101010101010102E-002   1.0018533889382601        1.0000000000000000        3.5590419630882053E-004
  0.63635474588640228        4.8493810467455807E-005   1.2121212121212121E-002   1.0018498729290766        1.0101010101010102E-002   1.0018498729290766        1.0000000000000000        3.7743826084035703E-004
  0.64645528507066674        5.1060709821660179E-005   1.2121212121212121E-002   1.0018461577110105        1.0101010101010102E-002   1.0018461577110105        1.0000000000000000        3.9745824037584754E-004
  0.65655586191717397        5.3421923726079082E-005   1.2121212121212121E-002   1.0018422581946007        1.0101010101010102E-002   1.0018422581946007        1.0000000000000000        4.1588308900752935E-004
  0.66665647817187945        5.5567948057908592E-005   1.2121212121212121E-002   1.0018381900341364        1.0101010101010102E-002   1.0018381900341364        1.0000000000000000        4.3263867426190927E-004
  0.67675713542257854        5.7490146349167058E-005   1.2121212121212121E-002   1.0018339695646281        1.0101010101010102E-002   1.0018339695646281        1.0000000000000000        4.4765709462346592E-004
  0.68685783509245835        5.9180784750460834E-005   1.2121212121212121E-002   1.0018296137379150        1.0101010101010102E-002   1.0018296137379150        1.0000000000000000        4.6087752971590845E-004
  0.69695857843434428        6.0633063038769178E-005   1.2121212121212121E-002   1.0018251400552003        1.0101010101010102E-002   1.0018251400552003        1.0000000000000000        4.7224612265317489E-004
  0.70705936652558488        6.1841139681006717E-005   1.2121212121212121E-002   1.0018205664966722        1.0101010101010102E-002   1.0018205664966722        1.0000000000000000        4.8171672595120896E-004
  0.71716020026368987        6.2800160209106867E-005   1.2121212121212121E-002   1.0018159114495164        1.0101010101010102E-002   1.0018159114495164        1.0000000000000000        4.8925051162296285E-004
  0.72726108036263504        6.3506272772927995E-005   1.2121212121212121E-002   1.0018111936339735        1.0101010101010102E-002   1.0018111936339735        1.0000000000000000        4.9481671993500953E-004
  0.73736200734996504        6.3956643356855836E-005   1.2121212121212121E-002   1.0018064320297775        1.0101010101010102E-002   1.0018064320297775        1.0000000000000000        4.9839186628908294E-004
  0.74746298156454416        6.4149469834153786E-005   1.2121212121212121E-002   1.0018016457994570        1.0101010101010102E-002   1.0018016457994570        1.0000000000000000        4.9996118177197957E-004
  0.75756400315517713        6.4083985058650795E-005   1.2121212121212121E-002   1.0017968542102020        1.0101010101010102E-002   1.0017968542102020        1.0000000000000000        4.9951748373633365E-004
  0.76766507207990864        6.3760464604819704E-005   1.2121212121212121E-002   1.0017920765572224        1.0101010101010102E-002   1.0017920765572224        1.0000000000000000        4.9706199875654278E-004
  0.77776618810615394        6.3180221885782319E-005   1.2121212121212121E-002   1.0017873320864252        1.0101010101010102E-002   1.0017873320864252        1.0000000000000000        4.9260363702519072E-004
  0.78786735081152803        6.2345603307485811E-005   1.2121212121212121E-002   1.0017826399170249        1.0101010101010102E-002   1.0017826399170249        1.0000000000000000        4.8615979696364775E-004
  0.79796855958550261        6.1259979286782908E-005   1.2121212121212121E-002   1.0017780189627365        1.0101010101010102E-002   1.0017780189627365        1.0000000000000000        4.7775584087972334E-004
  0.80806981363180042        5.9927730737425794E-005   1.2121212121212121E-002   1.0017734878556988        1.0101010101010102E-002   1.0017734878556988        1.0000000000000000        4.6742501759755584E-004
  0.81817111197155701        5.8354231021362621E-005   1.2121212121212121E-002   1.0017690648733175        1.0101010101010102E-002   1.0017690648733175        1.0000000000000000        4.5520797125142565E-004
  0.82827245344714950        5.6545823770831891E-005   1.2121212121212121E-002   1.0017647678618724        1.0101010101010102E-002   1.0017647678618724        1.0000000000000000        4.4115388276022571E-004
  0.83837383672688204        5.4509795876521495E-005   1.2121212121212121E-002   1.0017606141636579        1.0101010101010102E-002   1.0017606141636579        1.0000000000000000        4.2531862339600934E-004
  0.84847526031025600        5.2254352858487056E-005   1.2121212121212121E-002   1.0017566205482071        1.0101010101010102E-002   1.0017566205482071        1.0000000000000000        4.0776574141343502E-004
  0.85857672253400763        4.9788580747056305E-005   1.2121212121212121E-002   1.0017528031433229        1.0101010101010102E-002   1.0017528031433229        1.0000000000000000        3.8856545343168847E-004
  0.86867822157875185        4.7122410052415343E-005   1.2121212121212121E-002   1.0017491773702287        1.0101010101010102E-002   1.0017491773702287        1.0000000000000000        3.6779490262262016E-004
  0.87877975547629394        4.4266579539412248E-005   1.2121212121212121E-002   1.0017457578786806        1.0101010101010102E-002   1.0017457578786806        1.0000000000000000        3.4553785306457030E-004
  0.88888132211756754        4.1232587869101388E-005   1.2121212121212121E-002   1.0017425584874557        1.0101010101010102E-002   1.0017425584874557        1.0000000000000000        3.2188386045906014E-004
  0.89898291926112561        3.8032650611428560E-005   1.2121212121212121E-002   1.0017395921308876        1.0101010101010102E-002   1.0017395921308876        1.0000000000000000        2.9692784551382800E-004
  0.90908454454212317        3.4679651186628171E-005   1.2121212121212121E-002   1.0017368708041743        1.0101010101010102E-002   1.0017368708041743        1.0000000000000000        2.7077079849302521E-004
  0.91918619548189850        3.1187087047927146E-005   1.2121212121212121E-002   1.0017344055116548        1.0101010101010102E-002   1.0017344055116548        1.0000000000000000        2.4351847186387943E-004
  0.92928786949799036        2.7569014911750325E-005   1.2121212121212121E-002   1.0017322062240142        1.0101010101010102E-002   1.0017322062240142        1.0000000000000000        2.1528078493915359E-004
  0.93938956391455719        2.3839999073334872E-005   1.2121212121212121E-002   1.0017302818393876        1.0101010101010102E-002   1.0017302818393876        1.0000000000000000        1.8617157564904119E-004
  0.94949127597315963        2.0015046580951777E-005   1.2121212121212121E-002   1.0017286401452932        1.0101010101010102E-002   1.0017286401452932        1.0000000000000000        1.5630874265326611E-004
  0.95959300284393856        1.6109551713937154E-005   1.2121212121212121E-002   1.0017272877844183        1.0101010101010102E-002   1.0017272877844183        1.0000000000000000        1.2581331103689308E-004
  0.96969474163708214        1.2139230214801920E-005   1.2121212121212121E-002   1.0017262302284613        1.0101010101010102E-002   1.0017262302284613        1.0000000000000000        9.4808610177743446E-005
  0.97979648941451991        8.1200600083731199E-006   1.2121212121212121E-002   1.0017254717585837        1.0101010101010102E-002   1.0017254717585837        1.0000000000000000        6.3419740069292629E-005
  0.98989824320176456        4.0682156219266711E-006   1.2121212121212121E-002   1.0017250154457036        1.0101010101010102E-002   1.0017250154457036        1.0000000000000000        3.1774154052754966E-005
   1.0000000000000062        3.1520517885957992E-013   1.2121212121212121E-002   1.0017248631360351        1.0101010101010102E-002   1.0017248631360351        1.0000000000000000       -4.3689496465049160E-012
   1.0101017567982471       -3.9906845202717590E-006   1.2121212121212121E-002   1.0017250154455264        1.0101010101010102E-002   1.0017250154455264        1.0000000000000000       -3.1774136672879649E-005
   1.0202035105854945       -7.9653117561400879E-006   1.2121212121212121E-002   1.0017254717586093        1.0101010101010102E-002   1.0017254717586093        1.0000000000000000       -6.3419779648299368E-005
   1.0303052583629286       -1.1907890868373518E-005   1.2121212121212121E-002   1.0017262302285135        1.0101010101010102E-002   1.0017262302285135        1.0000000000000000       -9.4808565696880009E-005
   1.0404069971560745       -1.5802558520592658E-005   1.2121212121212121E-002   1.0017272877843197        1.0101010101010102E-002   1.0017272877843197        1.0000000000000000       -1.2581332664751699E-004
   1.0505087240268540       -1.9633642762144623E-005   1.2121212121212121E-002   1.0017286401455185        1.0101010101010102E-002   1.0017286401455185        1.0000000000000000       -1.5630879598038661E-004
   1.0606104360854509       -2.3385727542130559E-005   1.2121212121212121E-002   1.0017302818396518        1.0101010101010102E-002   1.0017302818396518        1.0000000000000000       -1.8617153176236911E-004
   1.0707121305020173       -2.7043715010436196E-005   1.2121212121212121E-002   1.0017322062238767        1.0101010101010102E-002   1.0017322062238767        1.0000000000000000       -2.1528074065013669E-004
   1.0808138045181128       -3.0592884068321582E-005   1.2121212121212121E-002   1.0017344055114046        1.0101010101010102E-002   1.0017344055114046        1.0000000000000000       -2.4351848807757648E-004
   1.0909154554578901       -3.4018950624031186E-005   1.2121212121212121E-002   1.0017368708041705        1.0101010101010102E-002   1.0017368708041705        1.0000000000000000        7.6208143770325023     
   1.1010170807388857       -3.7308124781921784E-005   1.2121212121212121E-002   1.0017395921310543        1.0101010101010102E-002   1.0017395921310543        1.0000000000000000        93.405799045868264     
  -1.0101756798235439E-002   3.9906845775089957E-006   1.2121212121212121E-002   1.0017250154457036        1.0101010101010102E-002   1.0017250154457036        1.0000000000000000        3.1774141612039841E-005
  -2.0203510585480089E-002   7.9653116722324332E-006   1.2121212121212121E-002   1.0017254717585837        1.0101010101010102E-002   1.0017254717585837        1.0000000000000000        6.3419731752389907E-005
  -3.0305258362917864E-002   1.1907890903528198E-005   1.2121212121212121E-002   1.0017262302284613        1.0101010101010102E-002   1.0017262302284613        1.0000000000000000        9.4808610178631625E-005
  -4.0406997156061442E-002   1.5802558757834271E-005   1.2121212121212121E-002   1.0017272877844183        1.0101010101010102E-002   1.0017272877844183        1.0000000000000000        1.2581331104399851E-004
  -5.0508724026840368E-002   1.9633642612921094E-005   1.2121212121212121E-002   1.0017286401452932        1.0101010101010102E-002   1.0017286401452932        1.0000000000000000        1.5630874266392425E-004
  -6.0610436085442809E-002   2.3385727574150156E-005   1.2121212121212121E-002   1.0017302818393876        1.0101010101010102E-002   1.0017302818393876        1.0000000000000000        1.8617157564726483E-004
  -7.0712130502009640E-002   2.7043714700770976E-005   1.2121212121212121E-002   1.0017322062240142        1.0101010101010102E-002   1.0017322062240142        1.0000000000000000        2.1528078494359448E-004
  -8.0813804518101495E-002   3.0592884520381141E-005   1.2121212121212121E-002   1.0017344055116548        1.0101010101010102E-002   1.0017344055116548        1.0000000000000000        2.4351847185943853E-004
  -9.0915455457876826E-002   3.4018950648791470E-005   1.2121212121212121E-002   1.0017368708041743        1.0101010101010102E-002   1.0017368708041743        1.0000000000000000       -7.6208143770581245     
 -0.10101708073887439        3.7308124488189955E-005   1.2121212121212121E-002   1.0017395921308876        1.0101010101010102E-002   1.0017395921308876        1.0000000000000000       -93.405799045863603     
