 # x v h rho m p cs a
   8.1503030303023198     
   5.3290835676486261E-015   4.2577443254589298E-013   1.2121212121212121E-002   1.0017734535370451        1.0101010101010102E-002   1.0017734535370451        1.0000000000000000       -3.9809044949379313E-011
   1.0101276532431836E-002  -6.1031899384495475E-006   1.2121212121212121E-002   1.0017735078988697        1.0101010101010102E-002   1.0017735078988697        1.0000000000000000       -1.1339808057897471E-005
   2.0202551990294092E-002  -1.2181769854688214E-005   1.2121212121212121E-002   1.0017736707641836        1.0101010101010102E-002   1.0017736707641836        1.0000000000000000       -2.2633786126213806E-005
   3.0303825303366401E-002  -1.8211226647702453E-005   1.2121212121212121E-002   1.0017739414736340        1.0101010101010102E-002   1.0017739414736340        1.0000000000000000       -3.3836007448329042E-005
   4.0405095410122507E-002  -2.4167248183741398E-005   1.2121212121212121E-002   1.0017743189300305        1.0101010101010102E-002   1.0017743189300305        1.0000000000000000       -4.4901081865944548E-005
   5.0506361262030057E-002  -3.0025820948793644E-005   1.2121212121212121E-002   1.0017748016037371        1.0101010101010102E-002   1.0017748016037371        1.0000000000000000       -5.5784169457062660E-005
   6.0607621827804756E-002  -3.5763323983660852E-005   1.2121212121212121E-002   1.0017753875394884        1.0101010101010102E-002   1.0017753875394884        1.0000000000000000       -6.6441331151523286E-005
   7.0708876097570053E-002  -4.1356625698083645E-005   1.2121212121212121E-002   1.0017760743643518        1.0101010101010102E-002   1.0017760743643518        1.0000000000000000       -7.6829364020092328E-005
   8.0810123086952360E-002  -4.6783180927203811E-005   1.2121212121212121E-002   1.0017768592963210        1.0101010101010102E-002   1.0017768592963210        1.0000000000000000       -8.6906132277242421E-005
   9.0911361841077121E-002  -5.2021118828332213E-005   1.2121212121212121E-002   1.0017777391567650        1.0101010101010102E-002   1.0017777391567650        1.0000000000000000       -9.6631019924409145E-005
  0.10101259143841206       -5.7049330071766769E-005   1.2121212121212121E-002   1.0017787103837912        1.0101010101010102E-002   1.0017787103837912        1.0000000000000000       -1.0596470236379218E-004
  0.11111381099449946       -6.1847555051864543E-005   1.2121212121212121E-002   1.0017797690465213        1.0101010101010102E-002   1.0017797690465213        1.0000000000000000       -1.1486953225592345E-004
  0.12121501966551769       -6.6396465332838159E-005   1.2121212121212121E-002   1.0017809108606659        1.0101010101010102E-002   1.0017809108606659        1.0000000000000000       -1.2330941712868082E-004
  0.13131621665170665       -7.0677740284087585E-005   1.2121212121212121E-002   1.0017821312062103        1.0101010101010102E-002   1.0017821312062103        1.0000000000000000       -1.3125043200989950E-004
  0.14141740120058172       -7.4674140563783754E-005   1.2121212121212121E-002   1.0017834251479909        1.0101010101010102E-002   1.0017834251479909        1.0000000000000000       -1.3866075377677589E-004
  0.15151857260994261       -7.8369580212402274E-005   1.2121212121212121E-002   1.0017847874542118        1.0101010101010102E-002   1.0017847874542118        1.0000000000000000       -1.4551035005982982E-004
  0.16161973023073170       -8.1749187270248224E-005   1.2121212121212121E-002   1.0017862126181658        1.0101010101010102E-002   1.0017862126181658        1.0000000000000000       -1.5177189738047048E-004
  0.17172087346960879       -8.4799368648212352E-005   1.2121212121212121E-002   1.0017876948810280        1.0101010101010102E-002   1.0017876948810280        1.0000000000000000       -1.5742013408548416E-004
  0.18182200179135835       -8.7507858692773883E-005   1.2121212121212121E-002   1.0017892282553154        1.0101010101010102E-002   1.0017892282553154        1.0000000000000000       -1.6243264862936257E-004
  0.19192311472100221       -8.9863774621307355E-005   1.2121212121212121E-002   1.0017908065497010        1.0101010101010102E-002   1.0017908065497010        1.0000000000000000       -1.6678932793290357E-004
  0.20202421184571157       -9.1857653652154970E-005   1.2121212121212121E-002   1.0017924233930000        1.0101010101010102E-002   1.0017924233930000        1.0000000000000000       -1.7047278673754107E-004
  0.21212529281645315       -9.3481494472858297E-005   1.2121212121212121E-002   1.0017940722611072        1.0101010101010102E-002   1.0017940722611072        1.0000000000000000       -1.7346851649602257E-004
  0.22222635734936258       -9.4728791542861575E-005   1.2121212121212121E-002   1.0017957465037488        1.0101010101010102E-002   1.0017957465037488        1.0000000000000000       -1.7576473720914976E-004
  0.23232740522686202       -9.5594553019050753E-005   1.2121212121212121E-002   1.0017974393708908        1.0101010101010102E-002   1.0017974393708908        1.0000000000000000       -1.7735242540428686E-004
  0.24242843629851191       -9.6075328236738222E-005   1.2121212121212121E-002   1.0017991440392542        1.0101010101010102E-002   1.0017991440392542        1.0000000000000000       -1.7822533840305965E-004
  0.25252945048160902       -9.6169214998745390E-005   1.2121212121212121E-002   1.0018008536411387        1.0101010101010102E-002   1.0018008536411387        1.0000000000000000       -1.7838047106977228E-004
  0.26263044776146288       -9.5875872159533124E-005   1.2121212121212121E-002   1.0018025612924997        1.0101010101010102E-002   1.0018025612924997        1.0000000000000000       -1.7781744497202823E-004
  0.27273142819143759       -9.5196515733950854E-005   1.2121212121212121E-002   1.0018042601194377        1.0101010101010102E-002   1.0018042601194377        1.0000000000000000       -1.7653876805034940E-004
  0.28283239189270959       -9.4133915893226957E-005   1.2121212121212121E-002   1.0018059432857205        1.0101010101010102E-002   1.0018059432857205        1.0000000000000000       -1.7454979733866338E-004
  0.29293333905376540       -9.2692385020120034E-005   1.2121212121212121E-002   1.0018076040212205        1.0101010101010102E-002   1.0018076040212205        1.0000000000000000       -1.7185898288119006E-004
  0.30303426992959354       -9.0877758604956472E-005   1.2121212121212121E-002   1.0018092356490382        1.0101010101010102E-002   1.0018092356490382        1.0000000000000000       -1.6847734310587725E-004
  0.31313518484064712       -8.8697373527369918E-005   1.2121212121212121E-002   1.0018108316116192        1.0101010101010102E-002   1.0018108316116192        1.0000000000000000       -1.6441876763639840E-004
  0.32323608417152189       -8.6160035942261146E-005   1.2121212121212121E-002   1.0018123854970196        1.0101010101010102E-002   1.0018123854970196        1.0000000000000000       -1.5969974542784371E-004
  0.33333696836939863       -8.3275984484067691E-005   1.2121212121212121E-002   1.0018138910646721        1.0101010101010102E-002   1.0018138910646721        1.0000000000000000       -1.5433954879640055E-004
  0.34343783794221217       -8.0056853549857076E-005   1.2121212121212121E-002   1.0018153422704958        1.0101010101010102E-002   1.0018153422704958        1.0000000000000000       -1.4835990562911405E-004
  0.35353869345659683       -7.6515620853929650E-005   1.2121212121212121E-002   1.0018167332907937        1.0101010101010102E-002   1.0018167332907937        1.0000000000000000       -1.4178506487638742E-004
  0.36363953553558320       -7.2666556464501999E-005   1.2121212121212121E-002   1.0018180585448626        1.0101010101010102E-002   1.0018180585448626        1.0000000000000000       -1.3464146525254961E-004
  0.37374036485609913       -6.8525166993397272E-005   1.2121212121212121E-002   1.0018193127174337        1.0101010101010102E-002   1.0018193127174337        1.0000000000000000       -1.2695803923712390E-004
  0.38384118214622220       -6.4108130549546125E-005   1.2121212121212121E-002   1.0018204907803350        1.0101010101010102E-002   1.0018204907803350        1.0000000000000000       -1.1876574654934302E-004
  0.39394198818225046       -5.9433232436482230E-005   1.2121212121212121E-002   1.0018215880119508        1.0101010101010102E-002   1.0018215880119508        1.0000000000000000       -1.1009757488444905E-004
  0.40404278378557223       -5.4519289372337078E-005   1.2121212121212121E-002   1.0018226000154049        1.0101010101010102E-002   1.0018226000154049        1.0000000000000000       -1.0098826187299181E-004
  0.41414356981937911       -4.9386078212221907E-005   1.2121212121212121E-002   1.0018235227362509        1.0101010101010102E-002   1.0018235227362509        1.0000000000000000       -9.1474500799826330E-005
  0.42424434718518617       -4.4054253135992170E-005   1.2121212121212121E-002   1.0018243524793158        1.0101010101010102E-002   1.0018243524793158        1.0000000000000000       -8.1594531932793757E-005
  0.43434511681920723       -3.8545265287383516E-005   1.2121212121212121E-002   1.0018250859221109        1.0101010101010102E-002   1.0018250859221109        1.0000000000000000       -7.1387847678572314E-005
  0.44444587968861626       -3.2881274830598254E-005   1.2121212121212121E-002   1.0018257201278449        1.0101010101010102E-002   1.0018257201278449        1.0000000000000000       -6.0895391829518530E-005
  0.45454663678766505       -2.7085063086116533E-005   1.2121212121212121E-002   1.0018262525578570        1.0101010101010102E-002   1.0018262525578570        1.0000000000000000       -5.0159256934634300E-005
  0.46464738913369552       -2.1179940577632316E-005   1.2121212121212121E-002   1.0018266810814409        1.0101010101010102E-002   1.0018266810814409        1.0000000000000000       -3.9222440032737893E-005
  0.47474813776306479       -1.5189653507513259E-005   1.2121212121212121E-002   1.0018270039836847        1.0101010101010102E-002   1.0018270039836847        1.0000000000000000       -2.8128655468862007E-005
  0.48484888372700413       -9.1382918000198360E-006   1.2121212121212121E-002   1.0018272199722191        1.0101010101010102E-002   1.0018272199722191        1.0000000000000000       -1.6922308575750833E-005
  0.49494962808741072       -3.0501851349869841E-006   1.2121212121212121E-002   1.0018273281828154        1.0101010101010102E-002   1.0018273281828154        1.0000000000000000       -5.6482852706096764E-006
  0.50505037191259416        3.0501850379265103E-006   1.2121212121212121E-002   1.0018273281827688        1.0101010101010102E-002   1.0018273281827688        1.0000000000000000        5.6482932251356033E-006
  0.51515111627300214        9.1382915638932998E-006   1.2121212121212121E-002   1.0018272199723139        1.0101010101010102E-002   1.0018272199723139        1.0000000000000000        1.6922273053054937E-005
  0.52525186223693798        1.5189653981820693E-005   1.2121212121212121E-002   1.0018270039838002        1.0101010101010102E-002   1.0018270039838002        1.0000000000000000        2.8128685269912523E-005
  0.53535261086630825        2.1179940557206069E-005   1.2121212121212121E-002   1.0018266810814489        1.0101010101010102E-002   1.0018266810814489        1.0000000000000000        3.9222433490415654E-005
  0.54545336321233773        2.7085062983978102E-005   1.2121212121212121E-002   1.0018262525578359        1.0101010101010102E-002   1.0018262525578359        1.0000000000000000        5.0159270841731995E-005
  0.55555412031138796        3.2881275052252986E-005   1.2121212121212121E-002   1.0018257201278207        1.0101010101010102E-002   1.0018257201278207        1.0000000000000000        6.0895377568037645E-005
  0.56565488318079604        3.8545265302382776E-005   1.2121212121212121E-002   1.0018250859220925        1.0101010101010102E-002   1.0018250859220925        1.0000000000000000        7.1387861435567856E-005
  0.57575565281481833        4.4054252900539806E-005   1.2121212121212121E-002   1.0018243524792623        1.0101010101010102E-002   1.0018243524792623        1.0000000000000000        8.1594525304318211E-005
  0.58585643018062539        4.9386078044114666E-005   1.2121212121212121E-002   1.0018235227362495        1.0101010101010102E-002   1.0018235227362495        1.0000000000000000        9.1474495605758932E-005
  0.59595721621443232        5.4519289505299939E-005   1.2121212121212121E-002   1.0018226000154657        1.0101010101010102E-002   1.0018226000154657        1.0000000000000000        1.0098825337490069E-004
  0.60605801181775254        5.9433232326254939E-005   1.2121212121212121E-002   1.0018215880119026        1.0101010101010102E-002   1.0018215880119026        1.0000000000000000        1.1009760791935719E-004
  0.61615881785378324        6.4108130881716059E-005   1.2121212121212121E-002   1.0018204907801533        1.0101010101010102E-002   1.0018204907801533        1.0000000000000000        1.1876574165459175E-004
  0.62625963514390792        6.8525166958115504E-005   1.2121212121212121E-002   1.0018193127173729        1.0101010101010102E-002   1.0018193127173729        1.0000000000000000        1.2695801985085353E-004
  0.63636046446442329        7.2666556726551346E-005   1.2121212121212121E-002   1.0018180585448588        1.0101010101010102E-002   1.0018180585448588        1.0000000000000000        1.3464147027963946E-004
  0.64646130654341027        7.6515620498489933E-005   1.2121212121212121E-002   1.0018167332908303        1.0101010101010102E-002   1.0018167332908303        1.0000000000000000        1.4178505131390295E-004
  0.65656216205779361        8.0056853341261349E-005   1.2121212121212121E-002   1.0018153422705669        1.0101010101010102E-002   1.0018153422705669        1.0000000000000000        1.4835991254535941E-004
  0.66666303163060692        8.3275984515131493E-005   1.2121212121212121E-002   1.0018138910646954        1.0101010101010102E-002   1.0018138910646954        1.0000000000000000        1.5433955088273166E-004
  0.67676391582848350        8.6160035667628358E-005   1.2121212121212121E-002   1.0018123854970209        1.0101010101010102E-002   1.0018123854970209        1.0000000000000000        1.5969974929319619E-004
  0.68686481515935827        8.8697373868873856E-005   1.2121212121212121E-002   1.0018108316115275        1.0101010101010102E-002   1.0018108316115275        1.0000000000000000        1.6441878470807580E-004
  0.69696573007041374        9.0877758634314349E-005   1.2121212121212121E-002   1.0018092356489103        1.0101010101010102E-002   1.0018092356489103        1.0000000000000000        1.6847733184377489E-004
  0.70706666094624293        9.2692384815365458E-005   1.2121212121212121E-002   1.0018076040212742        1.0101010101010102E-002   1.0018076040212742        1.0000000000000000        1.7185895726345990E-004
  0.71716760810729618        9.4133916143440653E-005   1.2121212121212121E-002   1.0018059432857307        1.0101010101010102E-002   1.0018059432857307        1.0000000000000000        1.7454982989217882E-004
  0.72726857180857063        9.5196515638674027E-005   1.2121212121212121E-002   1.0018042601194397        1.0101010101010102E-002   1.0018042601194397        1.0000000000000000        1.7653873948209053E-004
  0.73736955223854295        9.5875872151265270E-005   1.2121212121212121E-002   1.0018025612925534        1.0101010101010102E-002   1.0018025612925534        1.0000000000000000        1.7781746100808959E-004
  0.74747054951839820        9.6169215055009506E-005   1.2121212121212121E-002   1.0018008536412710        1.0101010101010102E-002   1.0018008536412710        1.0000000000000000        1.7838043799134340E-004
  0.75757156370149104        9.6075327963851393E-005   1.2121212121212121E-002   1.0017991440393104        1.0101010101010102E-002   1.0017991440393104        1.0000000000000000        1.7822538837108937E-004
  0.76767259477314398        9.5594553504477176E-005   1.2121212121212121E-002   1.0017974393708065        1.0101010101010102E-002   1.0017974393708065        1.0000000000000000        1.7735240620808668E-004
  0.77777364265064231        9.4728791345811909E-005   1.2121212121212121E-002   1.0017957465036786        1.0101010101010102E-002   1.0017957465036786        1.0000000000000000        1.7576475316705142E-004
  0.78787470718355435        9.3481494895873504E-005   1.2121212121212121E-002   1.0017940722611227        1.0101010101010102E-002   1.0017940722611227        1.0000000000000000        1.7346848176469365E-004
  0.79797578815429282        9.1857653047019983E-005   1.2121212121212121E-002   1.0017924233929973        1.0101010101010102E-002   1.0017924233929973        1.0000000000000000        1.7047282471338576E-004
  0.80807688527900534        8.9863774591964602E-005   1.2121212121212121E-002   1.0017908065496779        1.0101010101010102E-002   1.0017908065496779        1.0000000000000000        1.6678929434466028E-004
  0.81817799820864656        8.7507859251694198E-005   1.2121212121212121E-002   1.0017892282553031        1.0101010101010102E-002   1.0017892282553031        1.0000000000000000        1.6243268332694072E-004
  0.82827912653039881        8.4799368276144646E-005   1.2121212121212121E-002   1.0017876948809583        1.0101010101010102E-002   1.0017876948809583        1.0000000000000000        1.5742010636543569E-004
  0.83838026976927527        8.1749187374870644E-005   1.2121212121212121E-002   1.0017862126183770        1.0101010101010102E-002   1.0017862126183770        1.0000000000000000        1.5177186782011631E-004
  0.84848142739006005        7.8369580162749989E-005   1.2121212121212121E-002   1.0017847874542909        1.0101010101010102E-002   1.0017847874542909        1.0000000000000000        1.4551040716170860E-004
  0.85858259879942345        7.4674140802372606E-005   1.2121212121212121E-002   1.0017834251478019        1.0101010101010102E-002   1.0017834251478019        1.0000000000000000        1.3866075205637429E-004
  0.86868378334830054        7.0677740263050160E-005   1.2121212121212121E-002   1.0017821312061592        1.0101010101010102E-002   1.0017821312061592        1.0000000000000000        1.3125041046535557E-004
  0.87878498033448782        6.6396465313285020E-005   1.2121212121212121E-002   1.0017809108604452        1.0101010101010102E-002   1.0017809108604452        1.0000000000000000        1.2330947053840191E-004
  0.88888618900551264        6.1847554713053709E-005   1.2121212121212121E-002   1.0017797690464261        1.0101010101010102E-002   1.0017797690464261        1.0000000000000000        1.1486945326488751E-004
  0.89898740856159565        5.7049330078347029E-005   1.2121212121212121E-002   1.0017787103839968        1.0101010101010102E-002   1.0017787103839968        1.0000000000000000        1.0596471529122908E-004
  0.90908863815893037        5.2021118692946031E-005   1.2121212121212121E-002   1.0017777391569576        1.0101010101010102E-002   1.0017777391569576        1.0000000000000000        9.6631008338121660E-005
  0.91918987691305121        4.6783181165517879E-005   1.2121212121212121E-002   1.0017768592962872        1.0101010101010102E-002   1.0017768592962872        1.0000000000000000        8.6906196257174884E-005
  0.92929112390243818        4.1356626074159972E-005   1.2121212121212121E-002   1.0017760743641433        1.0101010101010102E-002   1.0017760743641433        1.0000000000000000        7.6829336143724447E-005
  0.93939237817220356        3.5763323640279286E-005   1.2121212121212121E-002   1.0017753875394491        1.0101010101010102E-002   1.0017753875394491        1.0000000000000000        6.6441324565680304E-005
  0.94949363873797865        3.0025821025114582E-005   1.2121212121212121E-002   1.0017748016037324        1.0101010101010102E-002   1.0017748016037324        1.0000000000000000        5.5784165920336193E-005
  0.95959490458988594        2.4167248358401411E-005   1.2121212121212121E-002   1.0017743189300776        1.0101010101010102E-002   1.0017743189300776        1.0000000000000000        4.4901074413239428E-005
  0.96969617469664149        1.8211226494191839E-005   1.2121212121212121E-002   1.0017739414737816        1.0101010101010102E-002   1.0017739414737816        1.0000000000000000        3.3835993069608605E-005
  0.97979744800971114        1.2181769352421645E-005   1.2121212121212121E-002   1.0017736707642522        1.0101010101010102E-002   1.0017736707642522        1.0000000000000000        2.2633819363626628E-005
  0.98989872346757446        6.1031903734026981E-006   1.2121212121212121E-002   1.0017735078987380        1.0101010101010102E-002   1.0017735078987380        1.0000000000000000        1.1339817022282261E-005
   1.0000000000000031       -4.2917661640114407E-013   1.2121212121212121E-002   1.0017734535370479        1.0101010101010102E-002   1.0017734535370479        1.0000000000000000        2.0063950501025829E-012
   1.0101012765324318       -6.0749380655125646E-006   1.2121212121212121E-002   1.0017735078988697        1.0101010101010102E-002   1.0017735078988697        1.0000000000000000       -1.1339818274613833E-005
   1.0202025519902942       -1.2125380255396804E-005   1.2121212121212121E-002   1.0017736707641836        1.0101010101010102E-002   1.0017736707641836        1.0000000000000000       -2.2633796359805558E-005
   1.0303038253033665       -1.8126927956803306E-005   1.2121212121212121E-002   1.0017739414736340        1.0101010101010102E-002   1.0017739414736340        1.0000000000000000       -3.3836009361465358E-005
   1.0404050954101225       -2.4055382109462289E-005   1.2121212121212121E-002   1.0017743189300305        1.0101010101010102E-002   1.0017743189300305        1.0000000000000000       -4.4901081325932068E-005
   1.0505063612620300       -2.9886840818514252E-005   1.2121212121212121E-002   1.0017748016037371        1.0101010101010102E-002   1.0017748016037371        1.0000000000000000       -5.5784168812245127E-005
   1.0606076218278047       -3.5597792647540382E-005   1.2121212121212121E-002   1.0017753875394884        1.0101010101010102E-002   1.0017753875394884        1.0000000000000000       -6.6441329368061020E-005
   1.0707088760975700       -4.1165213717724836E-005   1.2121212121212121E-002   1.0017760743643518        1.0101010101010102E-002   1.0017760743643518        1.0000000000000000       -7.6829364187069871E-005
   1.0808101230869525       -4.6566663743550181E-005   1.2121212121212121E-002   1.0017768592963210        1.0101010101010102E-002   1.0017768592963210        1.0000000000000000       -8.6906134495912113E-005
   1.0909113618410771       -5.1780373053468226E-005   1.2121212121212121E-002   1.0017777391567650        1.0101010101010102E-002   1.0017777391567650        1.0000000000000000        7.6236096726305931     
   1.1010125914384121       -5.6785330361572733E-005   1.2121212121212121E-002   1.0017787103837912        1.0101010101010102E-002   1.0017787103837912        1.0000000000000000        93.407353478663154     
  -1.0101276532425540E-002   6.0749384538573410E-006   1.2121212121212121E-002   1.0017735078987380        1.0101010101010102E-002   1.0017735078987380        1.0000000000000000        1.1339829764089870E-005
  -2.0202551990288864E-002   1.2125379702906707E-005   1.2121212121212121E-002   1.0017736707642522        1.0101010101010102E-002   1.0017736707642522        1.0000000000000000        2.2633827730267342E-005
  -3.0303825303358511E-002   1.8126927840361494E-005   1.2121212121212121E-002   1.0017739414737816        1.0101010101010102E-002   1.0017739414737816        1.0000000000000000        3.3835993067832248E-005
  -4.0405095410114056E-002   2.4055382287460777E-005   1.2121212121212121E-002   1.0017743189300776        1.0101010101010102E-002   1.0017743189300776        1.0000000000000000        4.4901074415015785E-005
  -5.0506361262021349E-002   2.9886840899596897E-005   1.2121212121212121E-002   1.0017748016037324        1.0101010101010102E-002   1.0017748016037324        1.0000000000000000        5.5784165916783479E-005
  -6.0607621827796443E-002   3.5597792344927820E-005   1.2121212121212121E-002   1.0017753875394491        1.0101010101010102E-002   1.0017753875394491        1.0000000000000000        6.6441324564792126E-005
  -7.0708876097561824E-002   4.1165214141269722E-005   1.2121212121212121E-002   1.0017760743641433        1.0101010101010102E-002   1.0017760743641433        1.0000000000000000        7.6829336132178128E-005
  -8.0810123086948793E-002   4.6566663822182682E-005   1.2121212121212121E-002   1.0017768592962872        1.0101010101010102E-002   1.0017768592962872        1.0000000000000000        8.6906196256286705E-005
  -9.0911361841069627E-002   5.1780372955342467E-005   1.2121212121212121E-002   1.0017777391569576        1.0101010101010102E-002   1.0017777391569576        1.0000000000000000       -7.6236096726574658     
 -0.10101259143840435        5.6785330330930245E-005   1.2121212121212121E-002   1.0017787103839968        1.0101010101010102E-002   1.0017787103839968        1.0000000000000000       -93.407353478662856     
