 # x v h rho m p cs a
   4.7049999999999219     
   1.4626078126411848E-016   0.0000000000000000        1.2121212121212121E-002   1.0017757901671653        1.0101010101010102E-002   1.0017757901671653        1.0000000000000000        1.2434497875801753E-014
   1.0101502304512712E-002  -6.6308283818487495E-006   1.2121212121212121E-002   1.0017561748840740        1.0101010101010102E-002   1.0017561748840740        1.0000000000000000       -1.4210854715202004E-014
   2.0202929525723043E-002  -1.2394770760982545E-005   1.2121212121212121E-002   1.0017566426019551        1.0101010101010102E-002   1.0017566426019551        1.0000000000000000       -9.9475983006414026E-014
   3.0304382765304651E-002  -1.8355429461632688E-005   1.2121212121212121E-002   1.0017563588105385        1.0101010101010102E-002   1.0017563588105385        1.0000000000000000        6.1284310959308641E-014
   4.0405822522756756E-002  -2.4134175878374781E-005   1.2121212121212121E-002   1.0017571154106946        1.0101010101010102E-002   1.0017571154106946        1.0000000000000000        3.5527136788005009E-015
   5.0507258071191836E-002  -2.9957882378957612E-005   1.2121212121212121E-002   1.0017577475319919        1.0101010101010102E-002   1.0017577475319919        1.0000000000000000        4.4408920985006262E-015
   6.0608686220915191E-002  -3.5670714787292007E-005   1.2121212121212121E-002   1.0017586216364753        1.0101010101010102E-002   1.0017586216364753        1.0000000000000000       -8.8817841970012523E-015
   7.0710104528253770E-002  -4.1151001936066134E-005   1.2121212121212121E-002   1.0017597982552604        1.0101010101010102E-002   1.0017597982552604        1.0000000000000000       -5.1514348342607263E-014
   8.0811509371982240E-002  -4.6531545882960219E-005   1.2121212121212121E-002   1.0017612361079167        1.0101010101010102E-002   1.0017612361079167        1.0000000000000000        2.1316282072803006E-014
   9.0912899027327423E-002  -5.1739887044398743E-005   1.2121212121212121E-002   1.0017627902164161        1.0101010101010102E-002   1.0017627902164161        1.0000000000000000        7.1054273576010019E-015
  0.10101427302664598       -5.6577652137385709E-005   1.2121212121212121E-002   1.0017643811289758        1.0101010101010102E-002   1.0017643811289758        1.0000000000000000        7.1054273576010019E-015
  0.11111563140859686       -6.1274030801353896E-005   1.2121212121212121E-002   1.0017661006251837        1.0101010101010102E-002   1.0017661006251837        1.0000000000000000        3.5527136788005009E-015
  0.12121697151647853       -6.5832021743613382E-005   1.2121212121212121E-002   1.0017680006445602        1.0101010101010102E-002   1.0017680006445602        1.0000000000000000        1.9539925233402755E-014
  0.13131829222282301       -7.0047219837765967E-005   1.2121212121212121E-002   1.0017700117918984        1.0101010101010102E-002   1.0017700117918984        1.0000000000000000        8.0824236192711396E-014
  0.14141959258000289       -7.3969258234103869E-005   1.2121212121212121E-002   1.0017721300949163        1.0101010101010102E-002   1.0017721300949163        1.0000000000000000        2.2204460492503131E-014
  0.15152087156898170       -7.7693159737391882E-005   1.2121212121212121E-002   1.0017744345173691        1.0101010101010102E-002   1.0017744345173691        1.0000000000000000       -6.2172489379008766E-015
  0.16162212635369530       -8.1040308828240579E-005   1.2121212121212121E-002   1.0017769028231762        1.0101010101010102E-002   1.0017769028231762        1.0000000000000000       -6.2172489379008766E-015
  0.17172335637770761       -8.3871466223246557E-005   1.2121212121212121E-002   1.0017794218556888        1.0101010101010102E-002   1.0017794218556888        1.0000000000000000       -6.2172489379008766E-015
  0.18182456131158808       -8.6418113123887534E-005   1.2121212121212121E-002   1.0017819447416085        1.0101010101010102E-002   1.0017819447416085        1.0000000000000000       -6.2172489379008766E-015
  0.19192574156433423       -8.8844984678487123E-005   1.2121212121212121E-002   1.0017845197653072        1.0101010101010102E-002   1.0017845197653072        1.0000000000000000       -6.2172489379008766E-015
  0.20202689571179394       -9.0918882275672862E-005   1.2121212121212121E-002   1.0017872068443001        1.0101010101010102E-002   1.0017872068443001        1.0000000000000000       -6.2172489379008766E-015
  0.21212802287146304       -9.2460594299301061E-005   1.2121212121212121E-002   1.0017900028130440        1.0101010101010102E-002   1.0017900028130440        1.0000000000000000       -6.2172489379008766E-015
  0.22222912155571903       -9.3702536562832595E-005   1.2121212121212121E-002   1.0017927806008766        1.0101010101010102E-002   1.0017927806008766        1.0000000000000000       -1.7763568394002505E-015
  0.23233019371685476       -9.4486925879930508E-005   1.2121212121212121E-002   1.0017954897391332        1.0101010101010102E-002   1.0017954897391332        1.0000000000000000       -5.6843418860808015E-014
  0.24243123930912944       -9.4955890177450132E-005   1.2121212121212121E-002   1.0017983688070320        1.0101010101010102E-002   1.0017983688070320        1.0000000000000000       -1.8562928971732617E-013
  0.25253225444269156       -9.4976682704151492E-005   1.2121212121212121E-002   1.0018013473597074        1.0101010101010102E-002   1.0018013473597074        1.0000000000000000        1.8385293287792592E-013
  0.26263324088982570       -9.4647888854036439E-005   1.2121212121212121E-002   1.0018042537657912        1.0101010101010102E-002   1.0018042537657912        1.0000000000000000        5.0626169922907138E-014
  0.27273419859368347       -9.3924252776909299E-005   1.2121212121212121E-002   1.0018070764479372        1.0101010101010102E-002   1.0018070764479372        1.0000000000000000       -6.2172489379008766E-015
  0.28283512932373067       -9.2894041194862092E-005   1.2121212121212121E-002   1.0018098465095013        1.0101010101010102E-002   1.0018098465095013        1.0000000000000000       -6.2172489379008766E-015
  0.29293603225280562       -9.1537966145318101E-005   1.2121212121212121E-002   1.0018125405485285        1.0101010101010102E-002   1.0018125405485285        1.0000000000000000       -6.2172489379008766E-015
  0.30303690967550073       -8.9650591440922154E-005   1.2121212121212121E-002   1.0018151324159252        1.0101010101010102E-002   1.0018151324159252        1.0000000000000000       -6.2172489379008766E-015
  0.31313776175385888       -8.7557137448129622E-005   1.2121212121212121E-002   1.0018178171058558        1.0101010101010102E-002   1.0018178171058558        1.0000000000000000       -6.2172489379008766E-015
  0.32323858597544919       -8.5085124240832685E-005   1.2121212121212121E-002   1.0018205072468673        1.0101010101010102E-002   1.0018205072468673        1.0000000000000000       -6.2172489379008766E-015
  0.33333938453910500       -8.2194119949577526E-005   1.2121212121212121E-002   1.0018229974725283        1.0101010101010102E-002   1.0018229974725283        1.0000000000000000       -6.2172489379008766E-015
  0.34344015970031855       -7.8933474255239218E-005   1.2121212121212121E-002   1.0018253669681818        1.0101010101010102E-002   1.0018253669681818        1.0000000000000000       -6.2172489379008766E-015
  0.35354091174985974       -7.5327083293141717E-005   1.2121212121212121E-002   1.0018277857396092        1.0101010101010102E-002   1.0018277857396092        1.0000000000000000       -6.2172489379008766E-015
  0.36364163890883677       -7.1438877005113255E-005   1.2121212121212121E-002   1.0018301320324017        1.0101010101010102E-002   1.0018301320324017        1.0000000000000000       -6.2172489379008766E-015
  0.37374234425240893       -6.7370413709331753E-005   1.2121212121212121E-002   1.0018322087132263        1.0101010101010102E-002   1.0018322087132263        1.0000000000000000       -6.2172489379008766E-015
  0.38384303058799385       -6.3075690685874910E-005   1.2121212121212121E-002   1.0018341206350696        1.0101010101010102E-002   1.0018341206350696        1.0000000000000000       -6.2172489379008766E-015
  0.39394369822222619       -5.8376444667557175E-005   1.2121212121212121E-002   1.0018359114812692        1.0101010101010102E-002   1.0018359114812692        1.0000000000000000       -6.2172489379008766E-015
  0.40404434906874143       -5.3508256685012035E-005   1.2121212121212121E-002   1.0018375266758421        1.0101010101010102E-002   1.0018375266758421        1.0000000000000000       -6.2172489379008766E-015
  0.41414498482066192       -4.8540014664694026E-005   1.2121212121212121E-002   1.0018389780571066        1.0101010101010102E-002   1.0018389780571066        1.0000000000000000       -6.2172489379008766E-015
  0.42424560697607228       -4.3328137195200570E-005   1.2121212121212121E-002   1.0018402601753145        1.0101010101010102E-002   1.0018402601753145        1.0000000000000000       -6.2172489379008766E-015
  0.43434621741622637       -3.7953681217792469E-005   1.2121212121212121E-002   1.0018413870172289        1.0101010101010102E-002   1.0018413870172289        1.0000000000000000       -6.2172489379008766E-015
  0.44444681736493230       -3.2446513788321303E-005   1.2121212121212121E-002   1.0018423865546420        1.0101010101010102E-002   1.0018423865546420        1.0000000000000000       -6.2172489379008766E-015
  0.45454740793892784       -2.6691171425325997E-005   1.2121212121212121E-002   1.0018431952080704        1.0101010101010102E-002   1.0018431952080704        1.0000000000000000       -6.2172489379008766E-015
  0.46464799191299994       -2.0803400037897441E-005   1.2121212121212121E-002   1.0018438190194696        1.0101010101010102E-002   1.0018438190194696        1.0000000000000000       -6.2172489379008766E-015
  0.47474857036574625       -1.4976986755328531E-005   1.2121212121212121E-002   1.0018443653092903        1.0101010101010102E-002   1.0018443653092903        1.0000000000000000        5.3290705182007514E-015
  0.48484914336848273       -9.1007083226066698E-006   1.2121212121212121E-002   1.0018447346617918        1.0101010101010102E-002   1.0018447346617918        1.0000000000000000       -7.0166095156309893E-014
  0.49494971435324847       -3.0584936375461538E-006   1.2121212121212121E-002   1.0018448366436170        1.0101010101010102E-002   1.0018448366436170        1.0000000000000000       -4.4941828036826337E-013
  0.50505028564674637        3.0584936496028013E-006   1.2121212121212121E-002   1.0018448366436181        1.0101010101010102E-002   1.0018448366436181        1.0000000000000000       -6.9277916736609768E-014
  0.51515085663151206        9.1007084255172325E-006   1.2121212121212121E-002   1.0018447346617736        1.0101010101010102E-002   1.0018447346617736        1.0000000000000000        1.5987211554602254E-014
  0.52525142963424887        1.4976986756833809E-005   1.2121212121212121E-002   1.0018443653092153        1.0101010101010102E-002   1.0018443653092153        1.0000000000000000        1.7763568394002505E-015
  0.53535200808699657        2.0803399963251972E-005   1.2121212121212121E-002   1.0018438190194674        1.0101010101010102E-002   1.0018438190194674        1.0000000000000000        1.7763568394002505E-015
  0.54545259206106733        2.6691171422838241E-005   1.2121212121212121E-002   1.0018431952081406        1.0101010101010102E-002   1.0018431952081406        1.0000000000000000        1.7763568394002505E-015
  0.55555318263506248        3.2446513882696061E-005   1.2121212121212121E-002   1.0018423865546033        1.0101010101010102E-002   1.0018423865546033        1.0000000000000000        1.7763568394002505E-015
  0.56565378258376975        3.7953681159398153E-005   1.2121212121212121E-002   1.0018413870171736        1.0101010101010102E-002   1.0018413870171736        1.0000000000000000        1.7763568394002505E-015
  0.57575439302392373        4.3328137239144381E-005   1.2121212121212121E-002   1.0018402601753189        1.0101010101010102E-002   1.0018402601753189        1.0000000000000000        1.7763568394002505E-015
  0.58585501517933403        4.8540014558022749E-005   1.2121212121212121E-002   1.0018389780571322        1.0101010101010102E-002   1.0018389780571322        1.0000000000000000        1.7763568394002505E-015
  0.59595565093125402        5.3508256725680716E-005   1.2121212121212121E-002   1.0018375266758557        1.0101010101010102E-002   1.0018375266758557        1.0000000000000000        1.7763568394002505E-015
  0.60605630177776948        5.8376444584648750E-005   1.2121212121212121E-002   1.0018359114812601        1.0101010101010102E-002   1.0018359114812601        1.0000000000000000        1.7763568394002505E-015
  0.61615696941200182        6.3075690804224277E-005   1.2121212121212121E-002   1.0018341206350656        1.0101010101010102E-002   1.0018341206350656        1.0000000000000000        1.7763568394002505E-015
  0.62625765574758685        6.7370413690592444E-005   1.2121212121212121E-002   1.0018322087132436        1.0101010101010102E-002   1.0018322087132436        1.0000000000000000        1.7763568394002505E-015
  0.63635836109115851        7.1438877052130238E-005   1.2121212121212121E-002   1.0018301320324159        1.0101010101010102E-002   1.0018301320324159        1.0000000000000000        1.7763568394002505E-015
  0.64645908825013576        7.5327083256391695E-005   1.2121212121212121E-002   1.0018277857396181        1.0101010101010102E-002   1.0018277857396181        1.0000000000000000        1.7763568394002505E-015
  0.65655984029967651        7.8933474306518795E-005   1.2121212121212121E-002   1.0018253669681674        1.0101010101010102E-002   1.0018253669681674        1.0000000000000000        1.7763568394002505E-015
  0.66666061546089095        8.2194119973929276E-005   1.2121212121212121E-002   1.0018229974725619        1.0101010101010102E-002   1.0018229974725619        1.0000000000000000        1.7763568394002505E-015
  0.67676141402454493        8.5085124291161648E-005   1.2121212121212121E-002   1.0018205072467989        1.0101010101010102E-002   1.0018205072467989        1.0000000000000000        1.7763568394002505E-015
  0.68686223824613846        8.7557137383510210E-005   1.2121212121212121E-002   1.0018178171057195        1.0101010101010102E-002   1.0018178171057195        1.0000000000000000        1.7763568394002505E-015
  0.69696309032449655        8.9650591498631485E-005   1.2121212121212121E-002   1.0018151324159721        1.0101010101010102E-002   1.0018151324159721        1.0000000000000000        1.7763568394002505E-015
  0.70706396774719038        9.1537966164531587E-005   1.2121212121212121E-002   1.0018125405485510        1.0101010101010102E-002   1.0018125405485510        1.0000000000000000        1.7763568394002505E-015
  0.71716487067626622        9.2894041088957685E-005   1.2121212121212121E-002   1.0018098465095113        1.0101010101010102E-002   1.0018098465095113        1.0000000000000000        1.7763568394002505E-015
  0.72726580140631236        9.3924252802872891E-005   1.2121212121212121E-002   1.0018070764479527        1.0101010101010102E-002   1.0018070764479527        1.0000000000000000        1.7763568394002505E-015
  0.73736675911017080        9.4647888886595016E-005   1.2121212121212121E-002   1.0018042537657728        1.0101010101010102E-002   1.0018042537657728        1.0000000000000000        1.7763568394002505E-015
  0.74746774555730477        9.4976682759709358E-005   1.2121212121212121E-002   1.0018013473597229        1.0101010101010102E-002   1.0018013473597229        1.0000000000000000        1.7763568394002505E-015
  0.75756876069086665        9.4955890193394220E-005   1.2121212121212121E-002   1.0017983688070207        1.0101010101010102E-002   1.0017983688070207        1.0000000000000000        1.7763568394002505E-015
  0.76766980628314163        9.4486925906234635E-005   1.2121212121212121E-002   1.0017954897390147        1.0101010101010102E-002   1.0017954897390147        1.0000000000000000        1.7763568394002505E-015
  0.77777087844427972        9.3702536468203904E-005   1.2121212121212121E-002   1.0017927806008382        1.0101010101010102E-002   1.0017927806008382        1.0000000000000000        1.7763568394002505E-015
  0.78787197712853430        9.2460594360866966E-005   1.2121212121212121E-002   1.0017900028131814        1.0101010101010102E-002   1.0017900028131814        1.0000000000000000        1.7763568394002505E-015
  0.79797310428820156        9.0918882266910665E-005   1.2121212121212121E-002   1.0017872068443272        1.0101010101010102E-002   1.0017872068443272        1.0000000000000000        1.7763568394002505E-015
  0.80807425843566272        8.8844984700127283E-005   1.2121212121212121E-002   1.0017845197652826        1.0101010101010102E-002   1.0017845197652826        1.0000000000000000        1.7763568394002505E-015
  0.81817543868840792        8.6418113146220541E-005   1.2121212121212121E-002   1.0017819447415477        1.0101010101010102E-002   1.0017819447415477        1.0000000000000000        1.7763568394002505E-015
  0.82827664362229059        8.3871466218619141E-005   1.2121212121212121E-002   1.0017794218556260        1.0101010101010102E-002   1.0017794218556260        1.0000000000000000        1.7763568394002505E-015
  0.83837787364630212        8.1040308850567039E-005   1.2121212121212121E-002   1.0017769028232053        1.0101010101010102E-002   1.0017769028232053        1.0000000000000000        1.7763568394002505E-015
  0.84847912843101581        7.7693159634824961E-005   1.2121212121212121E-002   1.0017744345174253        1.0101010101010102E-002   1.0017744345174253        1.0000000000000000        1.7763568394002505E-015
  0.85858040741999331        7.3969258370281586E-005   1.2121212121212121E-002   1.0017721300949327        1.0101010101010102E-002   1.0017721300949327        1.0000000000000000        1.7763568394002505E-015
  0.86868170777717424        7.0047219833706376E-005   1.2121212121212121E-002   1.0017700117919150        1.0101010101010102E-002   1.0017700117919150        1.0000000000000000        1.7763568394002505E-015
  0.87878302848351741        6.5832021751721371E-005   1.2121212121212121E-002   1.0017680006446086        1.0101010101010102E-002   1.0017680006446086        1.0000000000000000        1.7763568394002505E-015
  0.88888436859139908        6.1274030816840002E-005   1.2121212121212121E-002   1.0017661006250758        1.0101010101010102E-002   1.0017661006250758        1.0000000000000000        1.7763568394002505E-015
  0.89898572697335233        5.6577652119802816E-005   1.2121212121212121E-002   1.0017643811288408        1.0101010101010102E-002   1.0017643811288408        1.0000000000000000        1.7763568394002505E-015
  0.90908710097267154        5.1739887125712110E-005   1.2121212121212121E-002   1.0017627902164565        1.0101010101010102E-002   1.0017627902164565        1.0000000000000000        1.7763568394002505E-015
  0.91918849062801500        4.6531545834377736E-005   1.2121212121212121E-002   1.0017612361079820        1.0101010101010102E-002   1.0017612361079820        1.0000000000000000        1.7763568394002505E-015
  0.92928989547174357        4.1151001926290690E-005   1.2121212121212121E-002   1.0017597982551674        1.0101010101010102E-002   1.0017597982551674        1.0000000000000000        1.7763568394002505E-015
  0.93939131377908425        3.5670714820639416E-005   1.2121212121212121E-002   1.0017586216364238        1.0101010101010102E-002   1.0017586216364238        1.0000000000000000        1.7763568394002505E-015
  0.94949274192880673        2.9957882370354820E-005   1.2121212121212121E-002   1.0017577475320962        1.0101010101010102E-002   1.0017577475320962        1.0000000000000000        1.7763568394002505E-015
  0.95959417747724018        2.4134175814237846E-005   1.2121212121212121E-002   1.0017571154107214        1.0101010101010102E-002   1.0017571154107214        1.0000000000000000        1.7763568394002505E-015
  0.96969561723469344        1.8355429483743057E-005   1.2121212121212121E-002   1.0017563588105043        1.0101010101010102E-002   1.0017563588105043        1.0000000000000000        8.8817841970012523E-016
  0.97979707047427467        1.2394770836889889E-005   1.2121212121212121E-002   1.0017566426019193        1.0101010101010102E-002   1.0017566426019193        1.0000000000000000       -3.2862601528904634E-014
  0.98989849769548610        6.6308283130515977E-006   1.2121212121212121E-002   1.0017561748840547        1.0101010101010102E-002   1.0017561748840547        1.0000000000000000        1.5010215292932116E-013
  0.99999999999999800        0.0000000000000000        1.2121212121212121E-002   1.0017757901671891        1.0101010101010102E-002   1.0017757901671891        1.0000000000000000        1.0436096431476471E-012
