 # x v h rho m p cs a
   16.402424242422367     
   1.5678714647347053E-014  -4.2458158201374385E-014   1.2121212121212121E-002   1.0017896829982254        1.0101010101010102E-002   1.0017896829982254        1.0000000000000000       -9.6457064557853300E-011
   1.0101116131387687E-002   6.2976909062959496E-006   1.2121212121212121E-002   1.0017897045372097        1.0101010101010102E-002   1.0017897045372097        1.0000000000000000       -4.4927773510394786E-006
   2.0202231837028711E-002   1.2570105650028341E-005   1.2121212121212121E-002   1.0017897690689210        1.0101010101010102E-002   1.0017897690689210        1.0000000000000000       -8.9680416115456296E-006
   3.0303346692855285E-002   1.8792069613724699E-005   1.2121212121212121E-002   1.0017898763381503        1.0101010101010102E-002   1.0017898763381503        1.0000000000000000       -1.3407504551032901E-005
   4.0404460278185859E-002   2.4938606089349577E-005   1.2121212121212121E-002   1.0017900259163377        1.0101010101010102E-002   1.0017900259163377        1.0000000000000000       -1.7793373849883665E-005
   5.0505572177415477E-002   3.0985041169561144E-005   1.2121212121212121E-002   1.0017902172069326        1.0101010101010102E-002   1.0017902172069326        1.0000000000000000       -2.2108369980955445E-005
   6.0606681981656182E-002   3.6907097084216098E-005   1.2121212121212121E-002   1.0017904494487220        1.0101010101010102E-002   1.0017904494487220        1.0000000000000000       -2.6335466574600730E-005
   7.0707789290347503E-002   4.2680991388229957E-005   1.2121212121212121E-002   1.0017907217171897        1.0101010101010102E-002   1.0017907217171897        1.0000000000000000       -3.0457617923751457E-005
   8.0808893712873711E-002   4.8283530607025418E-005   1.2121212121212121E-002   1.0017910329264672        1.0101010101010102E-002   1.0017910329264672        1.0000000000000000       -3.4458198624243153E-005
   9.0909994870142077E-002   5.3692204517080239E-005   1.2121212121212121E-002   1.0017913818352400        1.0101010101010102E-002   1.0017913818352400        1.0000000000000000       -3.8321394752571791E-005
  0.10101109239607541        5.8885271989103782E-005   1.2121212121212121E-002   1.0017917670524064        1.0101010101010102E-002   1.0017917670524064        1.0000000000000000       -4.2031803704212223E-005
  0.11111218593907862        6.3841852957775795E-005   1.2121212121212121E-002   1.0017921870421398        1.0101010101010102E-002   1.0017921870421398        1.0000000000000000       -4.5574643817047900E-005
  0.12121327516343025        6.8542008003586192E-005   1.2121212121212121E-002   1.0017926401280621        1.0101010101010102E-002   1.0017926401280621        1.0000000000000000       -4.8935355304813299E-005
  0.13131435975067191        7.2966821542016144E-005   1.2121212121212121E-002   1.0017931244996852        1.0101010101010102E-002   1.0017931244996852        1.0000000000000000       -5.2100519999598305E-005
  0.14141543940087495        7.7098474890777133E-005   1.2121212121212121E-002   1.0017936382222286        1.0101010101010102E-002   1.0017936382222286        1.0000000000000000       -5.5057639393396585E-005
  0.15151651383382439        8.0920318775821472E-005   1.2121212121212121E-002   1.0017941792435581        1.0101010101010102E-002   1.0017941792435581        1.0000000000000000       -5.7794756148865645E-005
  0.16161758279015220        8.4416943288519628E-005   1.2121212121212121E-002   1.0017947454001113        1.0101010101010102E-002   1.0017947454001113        1.0000000000000000       -6.0300565206006240E-005
  0.17171864603240977        8.7574237306427193E-005   1.2121212121212121E-002   1.0017953344252479        1.0101010101010102E-002   1.0017953344252479        1.0000000000000000       -6.2564849836022063E-005
  0.18181970334603664        9.0379445595605712E-005   1.2121212121212121E-002   1.0017959439602879        1.0101010101010102E-002   1.0017959439602879        1.0000000000000000       -6.4578652099633871E-005
  0.19192075454020896        9.2821221400097987E-005   1.2121212121212121E-002   1.0017965715646628        1.0101010101010102E-002   1.0017965715646628        1.0000000000000000       -6.6333865237133693E-005
  0.20202179944860241        9.4889676573783495E-005   1.2121212121212121E-002   1.0017972147225056        1.0101010101010102E-002   1.0017972147225056        1.0000000000000000       -6.7822867611866400E-005
  0.21212283793012171        9.6576416178669846E-005   1.2121212121212121E-002   1.0017978708520594        1.0101010101010102E-002   1.0017978708520594        1.0000000000000000       -6.9039537399007145E-005
  0.22222386986948189        9.7874577862544862E-005   1.2121212121212121E-002   1.0017985373199247        1.0101010101010102E-002   1.0017985373199247        1.0000000000000000       -6.9979224418759145E-005
  0.23232489517763677        9.8778857144704520E-005   1.2121212121212121E-002   1.0017992114498373        1.0101010101010102E-002   1.0017992114498373        1.0000000000000000       -7.0637662898498377E-005
  0.24242591379219763        9.9285534775850307E-005   1.2121212121212121E-002   1.0017998905314558        1.0101010101010102E-002   1.0017998905314558        1.0000000000000000       -7.1012002376136252E-005
  0.25252692567769364        9.9392488169736934E-005   1.2121212121212121E-002   1.0018005718324905        1.0101010101010102E-002   1.0018005718324905        1.0000000000000000       -7.1100491709330527E-005
  0.26262793082574259        9.9099203630350057E-005   1.2121212121212121E-002   1.0018012526099089        1.0101010101010102E-002   1.0018012526099089        1.0000000000000000       -7.0902657587801343E-005
  0.27272892925509334        9.8406779115311959E-005   1.2121212121212121E-002   1.0018019301216505        1.0101010101010102E-002   1.0018019301216505        1.0000000000000000       -7.0419203083815773E-005
  0.28282992101156262        9.7317922851298516E-005   1.2121212121212121E-002   1.0018026016374166        1.0101010101010102E-002   1.0018026016374166        1.0000000000000000       -6.9651855650221250E-005
  0.29293090616786022        9.5836940146198178E-005   1.2121212121212121E-002   1.0018032644469173        1.0101010101010102E-002   1.0018032644469173        1.0000000000000000       -6.8603061866845394E-005
  0.30303188482337851        9.3969720632163339E-005   1.2121212121212121E-002   1.0018039158736138        1.0101010101010102E-002   1.0018039158736138        1.0000000000000000       -6.7277415607414071E-005
  0.31313285710373295        9.1723714192778298E-005   1.2121212121212121E-002   1.0018045532869775        1.0101010101010102E-002   1.0018045532869775        1.0000000000000000       -6.5679931306128481E-005
  0.32323382316030386        8.9107903445715455E-005   1.2121212121212121E-002   1.0018051741102001        1.0101010101010102E-002   1.0018051741102001        1.0000000000000000       -6.3816818024697852E-005
  0.33333478316963960        8.6132766596259353E-005   1.2121212121212121E-002   1.0018057758312491        1.0101010101010102E-002   1.0018057758312491        1.0000000000000000       -6.1695336368572384E-005
  0.34343573733277194        8.2810236211621472E-005   1.2121212121212121E-002   1.0018063560136632        1.0101010101010102E-002   1.0018063560136632        1.0000000000000000       -5.9324018183204430E-005
  0.35353668587440967        7.9153655110073020E-005   1.2121212121212121E-002   1.0018069123082578        1.0101010101010102E-002   1.0018069123082578        1.0000000000000000       -5.6712536136593883E-005
  0.36363762904201247        7.5177719260278604E-005   1.2121212121212121E-002   1.0018074424606767        1.0101010101010102E-002   1.0018074424606767        1.0000000000000000       -5.3871005202488220E-005
  0.37373856710484588        7.0898419797873504E-005   1.2121212121212121E-002   1.0018079443202272        1.0101010101010102E-002   1.0018079443202272        1.0000000000000000       -5.0810913887033848E-005
  0.38383950035288039        6.6332983083076738E-005   1.2121212121212121E-002   1.0018084158502096        1.0101010101010102E-002   1.0018084158502096        1.0000000000000000       -4.7544555117795539E-005
  0.39394042909563776        6.1499796100633185E-005   1.2121212121212121E-002   1.0018088551369804        1.0101010101010102E-002   1.0018088551369804        1.0000000000000000       -4.4085327670195795E-005
  0.40404135366090954        5.6418334134238223E-005   1.2121212121212121E-002   1.0018092603967998        1.0101010101010102E-002   1.0018092603967998        1.0000000000000000       -4.0446907652480490E-005
  0.41414227439346962        5.1109082319912248E-005   1.2121212121212121E-002   1.0018096299817050        1.0101010101010102E-002   1.0018096299817050        1.0000000000000000       -3.6643944433478737E-005
  0.42424319165368646        4.5593453747878547E-005   1.2121212121212121E-002   1.0018099623892245        1.0101010101010102E-002   1.0018099623892245        1.0000000000000000       -3.2692130307765410E-005
  0.43434410581602884        3.9893703941339727E-005   1.2121212121212121E-002   1.0018102562682420        1.0101010101010102E-002   1.0018102562682420        1.0000000000000000       -2.8607348893316953E-005
  0.44444501726756624        3.4032832927431652E-005   1.2121212121212121E-002   1.0018105104229342        1.0101010101010102E-002   1.0018105104229342        1.0000000000000000       -2.4406130957110861E-005
  0.45454592640640618        2.8034502663662738E-005   1.2121212121212121E-002   1.0018107238195479        1.0101010101010102E-002   1.0018107238195479        1.0000000000000000       -2.0105711810103344E-005
  0.46464683364004566        2.1922932357042657E-005   1.2121212121212121E-002   1.0018108955887435        1.0101010101010102E-002   1.0018108955887435        1.0000000000000000       -1.5723165034842168E-005
  0.47474773938377729        1.5722804602367716E-005   1.2121212121212121E-002   1.0018110250308536        1.0101010101010102E-002   1.0018110250308536        1.0000000000000000       -1.1276811278548848E-005
  0.48484864405892869        9.4591612659279004E-006   1.2121212121212121E-002   1.0018111116198889        1.0101010101010102E-002   1.0018111116198889        1.0000000000000000       -6.7845557927270761E-006
  0.49494954809118341        3.1573052692360619E-006   1.2121212121212121E-002   1.0018111550031188        1.0101010101010102E-002   1.0018111550031188        1.0000000000000000       -2.2646400585912829E-006
  0.50505045190884201       -3.1573051102836776E-006   1.2121212121212121E-002   1.0018111550031858        1.0101010101010102E-002   1.0018111550031858        1.0000000000000000        2.2646274926430010E-006
  0.51515135594109507       -9.4591611301573824E-006   1.2121212121212121E-002   1.0018111116199204        1.0101010101010102E-002   1.0018111116199204        1.0000000000000000        6.7845710765013223E-006
  0.52525226061624775       -1.5722804491570755E-005   1.2121212121212121E-002   1.0018110250309407        1.0101010101010102E-002   1.0018110250309407        1.0000000000000000        1.1276789372516305E-005
  0.53535316635997587       -2.1922932739479642E-005   1.2121212121212121E-002   1.0018108955886416        1.0101010101010102E-002   1.0018108955886416        1.0000000000000000        1.5723224448649376E-005
  0.54545407359362141       -2.8034502629872232E-005   1.2121212121212121E-002   1.0018107238195380        1.0101010101010102E-002   1.0018107238195380        1.0000000000000000        2.0105633756983821E-005
  0.55555498273245552       -3.4032833055090339E-005   1.2121212121212121E-002   1.0018105104230322        1.0101010101010102E-002   1.0018105104230322        1.0000000000000000        2.4406187751679909E-005
  0.56565589418399631       -3.9893703504851771E-005   1.2121212121212121E-002   1.0018102562681965        1.0101010101010102E-002   1.0018102562681965        1.0000000000000000        2.8607316558293405E-005
  0.57575680834633691       -4.5593454019926122E-005   1.2121212121212121E-002   1.0018099623893764        1.0101010101010102E-002   1.0018099623893764        1.0000000000000000        3.2692126267441779E-005
  0.58585772560655169       -5.1109082419092758E-005   1.2121212121212121E-002   1.0018096299816242        1.0101010101010102E-002   1.0018096299816242        1.0000000000000000        3.6643995942498009E-005
  0.59595864633911555       -5.6418333885175917E-005   1.2121212121212121E-002   1.0018092603965467        1.0101010101010102E-002   1.0018092603965467        1.0000000000000000        4.0446895593682086E-005
  0.60605957090438922       -6.1499796038858544E-005   1.2121212121212121E-002   1.0018088551369371        1.0101010101010102E-002   1.0018088551369371        1.0000000000000000        4.4085293941620307E-005
  0.61616049964714559       -6.6332983507073065E-005   1.2121212121212121E-002   1.0018084158504073        1.0101010101010102E-002   1.0018084158504073        1.0000000000000000        4.7544533670951239E-005
  0.62626143289517677       -7.0898419948261208E-005   1.2121212121212121E-002   1.0018079443203998        1.0101010101010102E-002   1.0018079443203998        1.0000000000000000        5.0810944238754985E-005
  0.63636237095800963       -7.5177718892381688E-005   1.2121212121212121E-002   1.0018074424605712        1.0101010101010102E-002   1.0018074424605712        1.0000000000000000        5.3871034300989606E-005
  0.64646331412561586       -7.9153655002749785E-005   1.2121212121212121E-002   1.0018069123083138        1.0101010101010102E-002   1.0018069123083138        1.0000000000000000        5.6712471553588273E-005
  0.65656426266724921       -8.2810236631089223E-005   1.2121212121212121E-002   1.0018063560139603        1.0101010101010102E-002   1.0018063560139603        1.0000000000000000        5.9324031636442953E-005
  0.66666521683037905       -8.6132766436370432E-005   1.2121212121212121E-002   1.0018057758312418        1.0101010101010102E-002   1.0018057758312418        1.0000000000000000        6.1695383319460007E-005
  0.67676617683971785       -8.9107903167751320E-005   1.2121212121212121E-002   1.0018051741100609        1.0101010101010102E-002   1.0018051741100609        1.0000000000000000        6.3816807757355321E-005
  0.68686714289628825       -9.1723714562393321E-005   1.2121212121212121E-002   1.0018045532866529        1.0101010101010102E-002   1.0018045532866529        1.0000000000000000        6.5679976278154584E-005
  0.69696811517665036       -9.3969720543059755E-005   1.2121212121212121E-002   1.0018039158735059        1.0101010101010102E-002   1.0018039158735059        1.0000000000000000        6.7277325878301042E-005
  0.70706909383216288       -9.5836939772063590E-005   1.2121212121212121E-002   1.0018032644469110        1.0101010101010102E-002   1.0018032644469110        1.0000000000000000        6.8603130787714406E-005
  0.71717007898846608       -9.7317922889724647E-005   1.2121212121212121E-002   1.0018026016373782        1.0101010101010102E-002   1.0018026016373782        1.0000000000000000        6.9651787283575572E-005
  0.72727107074493136       -9.8406779269744049E-005   1.2121212121212121E-002   1.0018019301219849        1.0101010101010102E-002   1.0018019301219849        1.0000000000000000        7.0419197574445036E-005
  0.73737206917427822       -9.9099203561801863E-005   1.2121212121212121E-002   1.0018012526099367        1.0101010101010102E-002   1.0018012526099367        1.0000000000000000        7.0902727005162092E-005
  0.74747307432233057       -9.9392488045177974E-005   1.2121212121212121E-002   1.0018005718322323        1.0101010101010102E-002   1.0018005718322323        1.0000000000000000        7.1100484230868233E-005
  0.75757408620782940       -9.9285534998663937E-005   1.2121212121212121E-002   1.0017998905315162        1.0101010101010102E-002   1.0017998905315162        1.0000000000000000        7.1011944025478613E-005
  0.76767510482238566       -9.8778857067914708E-005   1.2121212121212121E-002   1.0017992114499283        1.0101010101010102E-002   1.0017992114499283        1.0000000000000000        7.0637711265142400E-005
  0.77777613013054314       -9.7874577735256504E-005   1.2121212121212121E-002   1.0017985373199310        1.0101010101010102E-002   1.0017985373199310        1.0000000000000000        6.9979191922087125E-005
  0.78787716206990110       -9.6576416214504544E-005   1.2121212121212121E-002   1.0017978708522173        1.0101010101010102E-002   1.0017978708522173        1.0000000000000000        6.9039544990268098E-005
  0.79797820055141866       -9.4889676620464470E-005   1.2121212121212121E-002   1.0017972147224108        1.0101010101010102E-002   1.0017972147224108        1.0000000000000000        6.7822904111558557E-005
  0.80807924545981669       -9.2821221447282222E-005   1.2121212121212121E-002   1.0017965715647685        1.0101010101010102E-002   1.0017965715647685        1.0000000000000000        6.6333794953798986E-005
  0.81818029665398140       -9.0379445269514344E-005   1.2121212121212121E-002   1.0017959439601327        1.0101010101010102E-002   1.0017959439601327        1.0000000000000000        6.4578774452428434E-005
  0.82828135396761937       -8.7574237777706892E-005   1.2121212121212121E-002   1.0017953344250730        1.0101010101010102E-002   1.0017953344250730        1.0000000000000000        6.2564729859992951E-005
  0.83838241720987006       -8.4416943344598521E-005   1.2121212121212121E-002   1.0017947454003084        1.0101010101010102E-002   1.0017947454003084        1.0000000000000000        6.0300610101648999E-005
  0.84848348616619962       -8.0920318877485606E-005   1.2121212121212121E-002   1.0017941792434875        1.0101010101010102E-002   1.0017941792434875        1.0000000000000000        5.7794763098861779E-005
  0.85858456059914923       -7.7098474817901481E-005   1.2121212121212121E-002   1.0017936382221420        1.0101010101010102E-002   1.0017936382221420        1.0000000000000000        5.5057640623523696E-005
  0.86868564024935413       -7.2966821578354454E-005   1.2121212121212121E-002   1.0017931244997800        1.0101010101010102E-002   1.0017931244997800        1.0000000000000000        5.2100477722305527E-005
  0.87878672483659181       -6.8542008080983794E-005   1.2121212121212121E-002   1.0017926401282042        1.0101010101010102E-002   1.0017926401282042        1.0000000000000000        4.8935386561588246E-005
  0.88888781406094430       -6.3841852521668725E-005   1.2121212121212121E-002   1.0017921870421485        1.0101010101010102E-002   1.0017921870421485        1.0000000000000000        4.5574642962620260E-005
  0.89898890760394656       -5.8885272288524460E-005   1.2121212121212121E-002   1.0017917670523251        1.0101010101010102E-002   1.0017917670523251        1.0000000000000000        4.2031825246979793E-005
  0.90909000512988281       -5.3692204030651180E-005   1.2121212121212121E-002   1.0017913818352808        1.0101010101010102E-002   1.0017913818352808        1.0000000000000000        3.8321342681335580E-005
  0.91919110628714762       -4.8283530842022715E-005   1.2121212121212121E-002   1.0017910329266910        1.0101010101010102E-002   1.0017910329266910        1.0000000000000000        3.4458214527077757E-005
  0.92929221070967194       -4.2680991607198606E-005   1.2121212121212121E-002   1.0017907217170479        1.0101010101010102E-002   1.0017907217170479        1.0000000000000000        3.0457680051831915E-005
  0.93939331801836845       -3.6907097461753373E-005   1.2121212121212121E-002   1.0017904494484906        1.0101010101010102E-002   1.0017904494484906        1.0000000000000000        2.6335424315959699E-005
  0.94949442782260940       -3.0985040781458128E-005   1.2121212121212121E-002   1.0017902172070963        1.0101010101010102E-002   1.0017902172070963        1.0000000000000000        2.2108327101477698E-005
  0.95959553972183487       -2.4938606141054315E-005   1.2121212121212121E-002   1.0017900259165360        1.0101010101010102E-002   1.0017900259165360        1.0000000000000000        1.7793407149468976E-005
  0.96969665330716526       -1.8792069084992612E-005   1.2121212121212121E-002   1.0017898763381421        1.0101010101010102E-002   1.0017898763381421        1.0000000000000000        1.3407514058094705E-005
  0.97979776816299269       -1.2570106224565726E-005   1.2121212121212121E-002   1.0017897690689466        1.0101010101010102E-002   1.0017897690689466        1.0000000000000000        8.9680322234997334E-006
  0.98989888386863178       -6.2976908066145823E-006   1.2121212121212121E-002   1.0017897045370112        1.0101010101010102E-002   1.0017897045370112        1.0000000000000000        4.4928296984991789E-006
   1.0000000000000104        2.3709500060149118E-013   1.2121212121212121E-002   1.0017896829982222        1.0101010101010102E-002   1.0017896829982222        1.0000000000000000        2.8927971129633079E-012
   1.0101011161313878        6.3077980324595641E-006   1.2121212121212121E-002   1.0017897045372097        1.0101010101010102E-002   1.0017897045372097        1.0000000000000000       -4.4928079390160747E-006
   1.0202022318370287        1.2590280550338167E-005   1.2121212121212121E-002   1.0017897690689210        1.0101010101010102E-002   1.0017897690689210        1.0000000000000000       -8.9680614481224552E-006
   1.0303033466928553        1.8822231679561969E-005   1.2121212121212121E-002   1.0017898763381503        1.0101010101010102E-002   1.0017898763381503        1.0000000000000000       -1.3407503979045998E-005
   1.0404044602781859        2.4978634773787777E-005   1.2121212121212121E-002   1.0017900259163377        1.0101010101010102E-002   1.0017900259163377        1.0000000000000000       -1.7793374276209306E-005
   1.0505055721774155        3.1034776977017469E-005   1.2121212121212121E-002   1.0017902172069326        1.0101010101010102E-002   1.0017902172069326        1.0000000000000000       -2.2108369258866389E-005
   1.0606066819816562        3.6966342268979561E-005   1.2121212121212121E-002   1.0017904494487220        1.0101010101010102E-002   1.0017904494487220        1.0000000000000000       -2.6335466263738283E-005
   1.0707077892903476        4.2749509830916315E-005   1.2121212121212121E-002   1.0017907217171897        1.0101010101010102E-002   1.0017907217171897        1.0000000000000000       -3.0457619430102056E-005
   1.0808088937128737        4.8361048784376488E-005   1.2121212121212121E-002   1.0017910329264672        1.0101010101010102E-002   1.0017910329264672        1.0000000000000000       -3.4458197171183258E-005
   1.0909099948701422        5.3778413271954919E-005   1.2121212121212121E-002   1.0017913818352400        1.0101010101010102E-002   1.0017913818352400        1.0000000000000000        7.6245428846717545     
   1.1010110923960754        5.8979827618075681E-005   1.2121212121212121E-002   1.0017917670524064        1.0101010101010102E-002   1.0017917670524064        1.0000000000000000        93.407872321101109     
  -1.0101116131368215E-002  -6.3077980637129216E-006   1.2121212121212121E-002   1.0017897045370112        1.0101010101010102E-002   1.0017897045370112        1.0000000000000000        4.4928592357607045E-006
  -2.0202231837007312E-002  -1.2590281067938471E-005   1.2121212121212121E-002   1.0017897690689466        1.0101010101010102E-002   1.0017897690689466        1.0000000000000000        8.9680520325430280E-006
  -3.0303346692834743E-002  -1.8822231203879433E-005   1.2121212121212121E-002   1.0017898763381421        1.0101010101010102E-002   1.0017898763381421        1.0000000000000000        1.3407514060759240E-005
  -4.0404460278165133E-002  -2.4978634889277721E-005   1.2121212121212121E-002   1.0017900259165360        1.0101010101010102E-002   1.0017900259165360        1.0000000000000000        1.7793407160127117E-005
  -5.0505572177390601E-002  -3.1034776512294258E-005   1.2121212121212121E-002   1.0017902172070963        1.0101010101010102E-002   1.0017902172070963        1.0000000000000000        2.2108327104142234E-005
  -6.0606681981631549E-002  -3.6966342528982308E-005   1.2121212121212121E-002   1.0017904494484906        1.0101010101010102E-002   1.0017904494484906        1.0000000000000000        2.6335424324841483E-005
  -7.0707789290328060E-002  -4.2749510191219452E-005   1.2121212121212121E-002   1.0017907217170479        1.0101010101010102E-002   1.0017907217170479        1.0000000000000000        3.0457680058937342E-005
  -8.0808893712852381E-002  -4.8361049047520968E-005   1.2121212121212121E-002   1.0017910329266910        1.0101010101010102E-002   1.0017910329266910        1.0000000000000000        3.4458214527077757E-005
  -9.0909994870117194E-002  -5.3778412691762212E-005   1.2121212121212121E-002   1.0017913818352808        1.0101010101010102E-002   1.0017913818352808        1.0000000000000000       -7.6245428847173145     
 -0.10101109239605344       -5.8979827940976566E-005   1.2121212121212121E-002   1.0017917670523251        1.0101010101010102E-002   1.0017917670523251        1.0000000000000000       -93.407872321087808     
