 # x v h rho m p cs a
   21.401212121213025     
   2.0562493448572591E-014   6.8073977431457671E-013   1.2121212121212121E-002   1.0017061643359004        1.0101010101010102E-002   1.0017061643359004        1.0000000000000000       -6.6158634126622928E-011
   1.0101941628370876E-002   1.8303739368089942E-006   1.2121212121212121E-002   1.0017063538232662        1.0101010101010102E-002   1.0017063538232662        1.0000000000000000       -3.9530945415755525E-005
   2.0203879510638352E-002   3.6532881325109578E-006   1.2121212121212121E-002   1.0017069215258201        1.0101010101010102E-002   1.0017069215258201        1.0000000000000000       -7.8903528446083726E-005
   3.0305809915748307E-002   5.4613137186449314E-006   1.2121212121212121E-002   1.0017078651715081        1.0101010101010102E-002   1.0017078651715081        1.0000000000000000       -1.1796021508647669E-004
   4.0407729142565109E-002   7.2470893215450786E-006   1.2121212121212121E-002   1.0017091809828418        1.0101010101010102E-002   1.0017091809828418        1.0000000000000000       -1.5654439435586198E-004
   5.0509633534732590E-002   9.0033391166675491E-006   1.2121212121212121E-002   1.0017108636903407        1.0101010101010102E-002   1.0017108636903407        1.0000000000000000       -1.9450127798670280E-004
   6.0611519495351762E-002   1.0722916911686697E-005   1.2121212121212121E-002   1.0017129065554202        1.0101010101010102E-002   1.0017129065554202        1.0000000000000000       -2.3167904486509627E-004
   7.0713383501357682E-002   1.2398831508791463E-005   1.2121212121212121E-002   1.0017153013973197        1.0101010101010102E-002   1.0017153013973197        1.0000000000000000       -2.6792855789548042E-004
   8.0815222117663649E-002   1.4024274989347470E-005   1.2121212121212121E-002   1.0017180386239448        1.0101010101010102E-002   1.0017180386239448        1.0000000000000000       -3.0310443278036558E-004
   9.0917032010932125E-002   1.5592647395519648E-005   1.2121212121212121E-002   1.0017211072695065        1.0101010101010102E-002   1.0017211072695065        1.0000000000000000       -3.3706536444277901E-004
  0.10101880996297041        1.7097589559350008E-005   1.2121212121212121E-002   1.0017244950379411        1.0101010101010102E-002   1.0017244950379411        1.0000000000000000       -3.6967510583796326E-004
  0.11112055288364525        1.8533014667879264E-005   1.2121212121212121E-002   1.0017281883535460        1.0101010101010102E-002   1.0017281883535460        1.0000000000000000       -4.0080289493626964E-004
  0.12122225782326140        1.9893119688327663E-005   1.2121212121212121E-002   1.0017321724118071        1.0101010101010102E-002   1.0017321724118071        1.0000000000000000       -4.3032312413515683E-004
  0.13132392198448381        2.1172415600520283E-005   1.2121212121212121E-002   1.0017364312379498        1.0101010101010102E-002   1.0017364312379498        1.0000000000000000       -4.5811725369837575E-004
  0.14142554273355490        2.2365752508731678E-005   1.2121212121212121E-002   1.0017409477525350        1.0101010101010102E-002   1.0017409477525350        1.0000000000000000       -4.8407339367884106E-004
  0.15152711761090645        2.3468340244432068E-005   1.2121212121212121E-002   1.0017457038379567        1.0101010101010102E-002   1.0017457038379567        1.0000000000000000       -5.0808690930548295E-004
  0.16162864434106672        2.4475763214481620E-005   1.2121212121212121E-002   1.0017506804092411        1.0101010101010102E-002   1.0017506804092411        1.0000000000000000       -5.3006068842087473E-004
  0.17173012084187347        2.5383995296360995E-005   1.2121212121212121E-002   1.0017558574908385        1.0101010101010102E-002   1.0017558574908385        1.0000000000000000       -5.4990611323724181E-004
  0.18183154523285350        2.6189425326704537E-005   1.2121212121212121E-002   1.0017612142956709        1.0101010101010102E-002   1.0017612142956709        1.0000000000000000       -5.6754263967118135E-004
  0.19193291584287758        2.6888866082492992E-005   1.2121212121212121E-002   1.0017667293092651        1.0101010101010102E-002   1.0017667293092651        1.0000000000000000       -5.8289918095333348E-004
  0.20203423121686406        2.7479563001490560E-005   1.2121212121212121E-002   1.0017723803734875        1.0101010101010102E-002   1.0017723803734875        1.0000000000000000       -5.9591267094649680E-004
  0.21213549012178565        2.7959206624070089E-005   1.2121212121212121E-002   1.0017781447745511        1.0101010101010102E-002   1.0017781447745511        1.0000000000000000       -6.0653042694358561E-004
  0.22223669155163633        2.8325942094046106E-005   1.2121212121212121E-002   1.0017839993372670        1.0101010101010102E-002   1.0017839993372670        1.0000000000000000       -6.1470903024396506E-004
  0.23233783473155409        2.8578377447888706E-005   1.2121212121212121E-002   1.0017899205151790        1.0101010101010102E-002   1.0017899205151790        1.0000000000000000       -6.2041465271622798E-004
  0.24243891912102061        2.8715578899856991E-005   1.2121212121212121E-002   1.0017958844842467        1.0101010101010102E-002   1.0017958844842467        1.0000000000000000       -6.2362336293730891E-004
  0.25253994441612937        2.8737084390956438E-005   1.2121212121212121E-002   1.0018018672394675        1.0101010101010102E-002   1.0018018672394675        1.0000000000000000       -6.2432154182001653E-004
  0.26264091055087374        2.8642896070220321E-005   1.2121212121212121E-002   1.0018078446930136        1.0101010101010102E-002   1.0018078446930136        1.0000000000000000       -6.2250573131628073E-004
  0.27274181769746708        2.8433482880910120E-005   1.2121212121212121E-002   1.0018137927694302        1.0101010101010102E-002   1.0018137927694302        1.0000000000000000       -6.1818215755948813E-004
  0.28284266626575644        2.8109777317620754E-005   1.2121212121212121E-002   1.0018196875015126        1.0101010101010102E-002   1.0018196875015126        1.0000000000000000       -6.1136734491196165E-004
  0.29294345690165235        2.7673164428840356E-005   1.2121212121212121E-002   1.0018255051291025        1.0101010101010102E-002   1.0018255051291025        1.0000000000000000       -6.0208814880446937E-004
  0.30304419048458275        2.7125483376368529E-005   1.2121212121212121E-002   1.0018312221960262        1.0101010101010102E-002   1.0018312221960262        1.0000000000000000       -5.9038130539779132E-004
  0.31314486812400327        2.6469013910821473E-005   1.2121212121212121E-002   1.0018368156424762        1.0101010101010102E-002   1.0018368156424762        1.0000000000000000       -5.7629291224614576E-004
  0.32324549115503770        2.5706467320658703E-005   1.2121212121212121E-002   1.0018422628986050        1.0101010101010102E-002   1.0018422628986050        1.0000000000000000       -5.5987921673494867E-004
  0.33334606113313914        2.4840971795921779E-005   1.2121212121212121E-002   1.0018475419784736        1.0101010101010102E-002   1.0018475419784736        1.0000000000000000       -5.4120589803297037E-004
  0.34344657982786431        2.3876062123171370E-005   1.2121212121212121E-002   1.0018526315680678        1.0101010101010102E-002   1.0018526315680678        1.0000000000000000       -5.2034756545982219E-004
  0.35354704921580637        2.2815665794708063E-005   1.2121212121212121E-002   1.0018575111117116        1.0101010101010102E-002   1.0018575111117116        1.0000000000000000       -4.9738788599640316E-004
  0.36364747147266346        2.1664080381208015E-005   1.2121212121212121E-002   1.0018621608965734        1.0101010101010102E-002   1.0018621608965734        1.0000000000000000       -4.7241905993544719E-004
  0.37374784896449809        2.0425963303415980E-005   1.2121212121212121E-002   1.0018665621320975        1.0101010101010102E-002   1.0018665621320975        1.0000000000000000       -4.4554132491203546E-004
  0.38384818423824590        1.9106305826534202E-005   1.2121212121212121E-002   1.0018706970277522        1.0101010101010102E-002   1.0018706970277522        1.0000000000000000       -4.1686307250454746E-004
  0.39394848001143595        1.7710417911114831E-005   1.2121212121212121E-002   1.0018745488659782        1.0101010101010102E-002   1.0018745488659782        1.0000000000000000       -3.8649971324922205E-004
  0.40404873916125744        1.6243905458173131E-005   1.2121212121212121E-002   1.0018781020686702        1.0101010101010102E-002   1.0018781020686702        1.0000000000000000       -3.5457350517376085E-004
  0.41414896471298046        1.4712647294182414E-005   1.2121212121212121E-002   1.0018813422628459        1.0101010101010102E-002   1.0018813422628459        1.0000000000000000       -3.2121350555769368E-004
  0.42424915982771672        1.3122771604330618E-005   1.2121212121212121E-002   1.0018842563396937        1.0101010101010102E-002   1.0018842563396937        1.0000000000000000       -2.8655430817092764E-004
  0.43434932778967844        1.1480632513326661E-005   1.2121212121212121E-002   1.0018868325076868        1.0101010101010102E-002   1.0018868325076868        1.0000000000000000       -2.5073599769775967E-004
  0.44444947199289214        9.7927865147132302E-006   1.2121212121212121E-002   1.0018890603399264        1.0101010101010102E-002   1.0018890603399264        1.0000000000000000       -2.1390299894008535E-004
  0.45454959592752753        8.0659643474640587E-006   1.2121212121212121E-002   1.0018909308175374        1.0101010101010102E-002   1.0018909308175374        1.0000000000000000       -1.7620448420441193E-004
  0.46464970316575799        6.3070474908391496E-006   1.2121212121212121E-002   1.0018924363695281        1.0101010101010102E-002   1.0018924363695281        1.0000000000000000       -1.3779313380446467E-004
  0.47474979734728717        4.5230381715417227E-006   1.2121212121212121E-002   1.0018935709006411        1.0101010101010102E-002   1.0018935709006411        1.0000000000000000       -9.8823966721006684E-005
  0.48484988216468033        2.7210389561826882E-006   1.2121212121212121E-002   1.0018943298169294        1.0101010101010102E-002   1.0018943298169294        1.0000000000000000       -5.9454903140299109E-005
  0.49494996134837693        9.0821737113295914E-007   1.2121212121212121E-002   1.0018947100446081        1.0101010101010102E-002   1.0018947100446081        1.0000000000000000       -1.9844949883385254E-005
  0.50505003865165610       -9.0821735441723964E-007   1.2121212121212121E-002   1.0018947100444024        1.0101010101010102E-002   1.0018947100444024        1.0000000000000000        1.9844989550321657E-005
  0.51515011783535813       -2.7210391147092792E-006   1.2121212121212121E-002   1.0018943298170098        1.0101010101010102E-002   1.0018943298170098        1.0000000000000000        5.9454807937342480E-005
  0.52525020265274391       -4.5230383422026417E-006   1.2121212121212121E-002   1.0018935709008319        1.0101010101010102E-002   1.0018935709008319        1.0000000000000000        9.8824037960909550E-005
  0.53535029683427582       -6.3070469603826361E-006   1.2121212121212121E-002   1.0018924363693564        1.0101010101010102E-002   1.0018924363693564        1.0000000000000000        1.3779313490669409E-004
  0.54545040407250800       -8.0659641785024530E-006   1.2121212121212121E-002   1.0018909308175226        1.0101010101010102E-002   1.0018909308175226        1.0000000000000000        1.7620445868171686E-004
  0.55555052800714133       -9.7927867761444911E-006   1.2121212121212121E-002   1.0018890603397910        1.0101010101010102E-002   1.0018890603397910        1.0000000000000000        2.1390304217305811E-004
  0.56565067221036025       -1.1480632463701344E-005   1.2121212121212121E-002   1.0018868325076649        1.0101010101010102E-002   1.0018868325076649        1.0000000000000000        2.5073593351976342E-004
  0.57575084017231692       -1.3122771210242097E-005   1.2121212121212121E-002   1.0018842563396462        1.0101010101010102E-002   1.0018842563396462        1.0000000000000000        2.8655437822067142E-004
  0.58585103528705895       -1.4712647889864377E-005   1.2121212121212121E-002   1.0018813422626658        1.0101010101010102E-002   1.0018813422626658        1.0000000000000000        3.2121346179891930E-004
  0.59595126083878036       -1.6243905490003182E-005   1.2121212121212121E-002   1.0018781020686711        1.0101010101010102E-002   1.0018781020686711        1.0000000000000000        3.5457351330503428E-004
  0.60605151998860307       -1.7710417831243961E-005   1.2121212121212121E-002   1.0018745488659790        1.0101010101010102E-002   1.0018745488659790        1.0000000000000000        3.8649970154658320E-004
  0.61615181576179190       -1.9106305724767733E-005   1.2121212121212121E-002   1.0018706970277407        1.0101010101010102E-002   1.0018706970277407        1.0000000000000000        4.1686309092803242E-004
  0.62625215103554110       -2.0425963311057277E-005   1.2121212121212121E-002   1.0018665621320662        1.0101010101010102E-002   1.0018665621320662        1.0000000000000000        4.4554130864238317E-004
  0.63635252852737545       -2.1664080602145822E-005   1.2121212121212121E-002   1.0018621608967841        1.0101010101010102E-002   1.0018621608967841        1.0000000000000000        4.7241902266836888E-004
  0.64645295078422838       -2.2815665710870466E-005   1.2121212121212121E-002   1.0018575111119927        1.0101010101010102E-002   1.0018575111119927        1.0000000000000000        4.9738790971520785E-004
  0.65655342017216822       -2.3876062239685370E-005   1.2121212121212121E-002   1.0018526315679623        1.0101010101010102E-002   1.0018526315679623        1.0000000000000000        5.2034762622632513E-004
  0.66665393886689828       -2.4840972115803998E-005   1.2121212121212121E-002   1.0018475419783119        1.0101010101010102E-002   1.0018475419783119        1.0000000000000000        5.4120584647066039E-004
  0.67675450884499888       -2.5706466818833037E-005   1.2121212121212121E-002   1.0018422628988382        1.0101010101010102E-002   1.0018422628988382        1.0000000000000000        5.5987918799349501E-004
  0.68685513187602820       -2.6469013826325573E-005   1.2121212121212121E-002   1.0018368156424147        1.0101010101010102E-002   1.0018368156424147        1.0000000000000000        5.7629299873251938E-004
  0.69695580951545555       -2.7125483197488120E-005   1.2121212121212121E-002   1.0018312221959205        1.0101010101010102E-002   1.0018312221959205        1.0000000000000000        5.9038123146670785E-004
  0.70705654309838173       -2.7673164647426356E-005   1.2121212121212121E-002   1.0018255051292424        1.0101010101010102E-002   1.0018255051292424        1.0000000000000000        6.0208817104001611E-004
  0.71715733373427848       -2.8109776807932118E-005   1.2121212121212121E-002   1.0018196875015752        1.0101010101010102E-002   1.0018196875015752        1.0000000000000000        6.1136733588806891E-004
  0.72725818230256589       -2.8433483255320801E-005   1.2121212121212121E-002   1.0018137927694628        1.0101010101010102E-002   1.0018137927694628        1.0000000000000000        6.1818217504061579E-004
  0.73735908944916062       -2.8642896448039594E-005   1.2121212121212121E-002   1.0018078446930674        1.0101010101010102E-002   1.0018078446930674        1.0000000000000000        6.2250570814637030E-004
  0.74746005558390238       -2.8737084688436039E-005   1.2121212121212121E-002   1.0018018672394440        1.0101010101010102E-002   1.0018018672394440        1.0000000000000000        6.2432158375802516E-004
  0.75756108087901397       -2.8715578847308433E-005   1.2121212121212121E-002   1.0017958844840329        1.0101010101010102E-002   1.0017958844840329        1.0000000000000000        6.2362336103305438E-004
  0.76766216526848252       -2.8578376664697513E-005   1.2121212121212121E-002   1.0017899205151271        1.0101010101010102E-002   1.0017899205151271        1.0000000000000000        6.2041462205897346E-004
  0.77776330844839936       -2.8325942464323049E-005   1.2121212121212121E-002   1.0017839993374553        1.0101010101010102E-002   1.0017839993374553        1.0000000000000000        6.1470900152738039E-004
  0.78786450987824719       -2.7959206375523361E-005   1.2121212121212121E-002   1.0017781447748839        1.0101010101010102E-002   1.0017781447748839        1.0000000000000000        6.0653043133829243E-004
  0.79796576878316372       -2.7479563298997330E-005   1.2121212121212121E-002   1.0017723803732548        1.0101010101010102E-002   1.0017723803732548        1.0000000000000000        5.9591278592208141E-004
  0.80806708415716089       -2.6888865908519330E-005   1.2121212121212121E-002   1.0017667293090284        1.0101010101010102E-002   1.0017667293090284        1.0000000000000000        5.8289906871333841E-004
  0.81816845476717970       -2.6189425455459630E-005   1.2121212121212121E-002   1.0017612142958525        1.0101010101010102E-002   1.0017612142958525        1.0000000000000000        5.6754266056202596E-004
  0.82826987915816042       -2.5383995492064623E-005   1.2121212121212121E-002   1.0017558574909009        1.0101010101010102E-002   1.0017558574909009        1.0000000000000000        5.4990611514416088E-004
  0.83837135565896503       -2.4475762774646562E-005   1.2121212121212121E-002   1.0017506804090412        1.0101010101010102E-002   1.0017506804090412        1.0000000000000000        5.3006074674755155E-004
  0.84847288238913188       -2.3468340466856324E-005   1.2121212121212121E-002   1.0017457038377819        1.0101010101010102E-002   1.0017457038377819        1.0000000000000000        5.0808684543923732E-004
  0.85857445726648063       -2.2365752687210638E-005   1.2121212121212121E-002   1.0017409477525769        1.0101010101010102E-002   1.0017409477525769        1.0000000000000000        4.8407340936229559E-004
  0.86867607801555335       -2.1172415481744793E-005   1.2121212121212121E-002   1.0017364312380164        1.0101010101010102E-002   1.0017364312380164        1.0000000000000000        4.5811723333599730E-004
  0.87877774217677251       -1.9893119474825016E-005   1.2121212121212121E-002   1.0017321724117352        1.0101010101010102E-002   1.0017321724117352        1.0000000000000000        4.3032317477731397E-004
  0.88887944711639377       -1.8533014592854106E-005   1.2121212121212121E-002   1.0017281883535789        1.0101010101010102E-002   1.0017281883535789        1.0000000000000000        4.0080282109222765E-004
  0.89898119003706300       -1.7097589732117339E-005   1.2121212121212121E-002   1.0017244950381536        1.0101010101010102E-002   1.0017244950381536        1.0000000000000000        3.6967514366459397E-004
  0.90908296798910204       -1.5592647099087658E-005   1.2121212121212121E-002   1.0017211072695593        1.0101010101010102E-002   1.0017211072695593        1.0000000000000000        3.3706535557254114E-004
  0.91918477788236930       -1.4024274661662634E-005   1.2121212121212121E-002   1.0017180386241045        1.0101010101010102E-002   1.0017180386241045        1.0000000000000000        3.0310442410463878E-004
  0.92928661649867284       -1.2398832142245351E-005   1.2121212121212121E-002   1.0017153013973374        1.0101010101010102E-002   1.0017153013973374        1.0000000000000000        2.6792859321300710E-004
  0.93938848050468093       -1.0722916729321794E-005   1.2121212121212121E-002   1.0017129065553330        1.0101010101010102E-002   1.0017129065553330        1.0000000000000000        2.3167903530829648E-004
  0.94949036646529972       -9.0033391272113491E-006   1.2121212121212121E-002   1.0017108636902123        1.0101010101010102E-002   1.0017108636902123        1.0000000000000000        1.9450129501841218E-004
  0.95959227085747045       -7.2470893385010044E-006   1.2121212121212121E-002   1.0017091809828573        1.0101010101010102E-002   1.0017091809828573        1.0000000000000000        1.5654434482481605E-004
  0.96969419008428359       -5.4613141821017224E-006   1.2121212121212121E-002   1.0017078651716047        1.0101010101010102E-002   1.0017078651716047        1.0000000000000000        1.1796024840027286E-004
  0.97979612048939480       -3.6532874886775147E-006   1.2121212121212121E-002   1.0017069215257284        1.0101010101010102E-002   1.0017069215257284        1.0000000000000000        7.8903534475927017E-005
  0.98989805837166323       -1.8303741529165417E-006   1.2121212121212121E-002   1.0017063538231876        1.0101010101010102E-002   1.0017063538231876        1.0000000000000000        3.9530939541343457E-005
   1.0000000000000142       -7.5344032992458772E-013   1.2121212121212121E-002   1.0017061643358969        1.0101010101010102E-002   1.0017061643358969        1.0000000000000000        5.4000359739347914E-011
   1.0101019416283710        1.9259692773273826E-006   1.2121212121212121E-002   1.0017063538232662        1.0101010101010102E-002   1.0017063538232662        1.0000000000000000       -3.9530983455549062E-005
   1.0202038795106383        3.8440959010737499E-006   1.2121212121212121E-002   1.0017069215258201        1.0101010101010102E-002   1.0017069215258201        1.0000000000000000       -7.8903551046671794E-005
   1.0303058099157483        5.7465701749213522E-006   1.2121212121212121E-002   1.0017078651715081        1.0101010101010102E-002   1.0017078651715081        1.0000000000000000       -1.1796021461307760E-004
   1.0404077291425651        7.6256517986824065E-006   1.2121212121212121E-002   1.0017091809828418        1.0101010101010102E-002   1.0017091809828418        1.0000000000000000       -1.5654439393752995E-004
   1.0505096335347326        9.4736909642580972E-006   1.2121212121212121E-002   1.0017108636903407        1.0101010101010102E-002   1.0017108636903407        1.0000000000000000       -1.9450127835174413E-004
   1.0606115194953518        1.1283174300505327E-005   1.2121212121212121E-002   1.0017129065554202        1.0101010101010102E-002   1.0017129065554202        1.0000000000000000       -2.3167904653220717E-004
   1.0707133835013576        1.3046749927386864E-005   1.2121212121212121E-002   1.0017153013973197        1.0101010101010102E-002   1.0017153013973197        1.0000000000000000       -2.6792855589885534E-004
   1.0808152221176637        1.4757258299594961E-005   1.2121212121212121E-002   1.0017180386239448        1.0101010101010102E-002   1.0017180386239448        1.0000000000000000       -3.0310443447412183E-004
   1.0909170320109320        1.6407757943897312E-005   1.2121212121212121E-002   1.0017211072695065        1.0101010101010102E-002   1.0017211072695065        1.0000000000000000        7.6197365231080880     
   1.1010188099629703        1.7991560330154215E-005   1.2121212121212121E-002   1.0017244950379411        1.0101010101010102E-002   1.0017244950379411        1.0000000000000000        93.405199511081932     
  -1.0101941628336775E-002  -1.9259694648969499E-006   1.2121212121212121E-002   1.0017063538231876        1.0101010101010102E-002   1.0017063538231876        1.0000000000000000        3.9530975317170203E-005
  -2.0203879510605205E-002  -3.8440953138404189E-006   1.2121212121212121E-002   1.0017069215257284        1.0101010101010102E-002   1.0017069215257284        1.0000000000000000        7.8903558439868959E-005
  -3.0305809915716408E-002  -5.7465706851587692E-006   1.2121212121212121E-002   1.0017078651716047        1.0101010101010102E-002   1.0017078651716047        1.0000000000000000        1.1796024839760832E-004
  -4.0407729142529547E-002  -7.6256517007564913E-006   1.2121212121212121E-002   1.0017091809828573        1.0101010101010102E-002   1.0017091809828573        1.0000000000000000        1.5654434481948698E-004
  -5.0509633534700282E-002  -9.4736910201603625E-006   1.2121212121212121E-002   1.0017108636902123        1.0101010101010102E-002   1.0017108636902123        1.0000000000000000        1.9450129501752400E-004
  -6.0611519495319066E-002  -1.1283174110870280E-005   1.2121212121212121E-002   1.0017129065553330        1.0101010101010102E-002   1.0017129065553330        1.0000000000000000        2.3167903531007283E-004
  -7.0713383501327165E-002  -1.3046750606829016E-005   1.2121212121212121E-002   1.0017153013973374        1.0101010101010102E-002   1.0017153013973374        1.0000000000000000        2.6792859321123075E-004
  -8.0815222117630703E-002  -1.4757257973574519E-005   1.2121212121212121E-002   1.0017180386241045        1.0101010101010102E-002   1.0017180386241045        1.0000000000000000        3.0310442410019789E-004
  -9.0917032010897958E-002  -1.6407757639926027E-005   1.2121212121212121E-002   1.0017211072695593        1.0101010101010102E-002   1.0017211072695593        1.0000000000000000       -7.6197365231345486     
 -0.10101880996293700       -1.7991560572484757E-005   1.2121212121212121E-002   1.0017244950381536        1.0101010101010102E-002   1.0017244950381536        1.0000000000000000       -93.405199511066044     
