 # x v h rho m p cs a
   9.7500000000000355     
  -7.2413753153862980E-007  -1.2283115340557425E-005   1.2121212121212121E-002   1.0018040154342986        1.0101010101010102E-002   1.0018040154342986        1.0000000000000000        1.2434497875801753E-014
   1.0100228942328210E-002  -1.2729225526506729E-005   1.2121212121212121E-002   1.0018081904361775        1.0101010101010102E-002   1.0018081904361775        1.0000000000000000       -1.4210854715202004E-014
   2.0201141714747729E-002  -1.3348220772525857E-005   1.2121212121212121E-002   1.0018120603451106        1.0101010101010102E-002   1.0018120603451106        1.0000000000000000       -9.9475983006414026E-014
   3.0302018017371406E-002  -1.4199840963579350E-005   1.2121212121212121E-002   1.0018152935052620        1.0101010101010102E-002   1.0018152935052620        1.0000000000000000        6.1284310959308641E-014
   4.0402866609122318E-002  -1.5308325613629948E-005   1.2121212121212121E-002   1.0018177171898699        1.0101010101010102E-002   1.0018177171898699        1.0000000000000000        3.5527136788005009E-015
   5.0503695242414701E-002  -1.6762399247756298E-005   1.2121212121212121E-002   1.0018194457350382        1.0101010101010102E-002   1.0018194457350382        1.0000000000000000        4.4408920985006262E-015
   6.0604509750129966E-002  -1.7975969377583738E-005   1.2121212121212121E-002   1.0018205447073805        1.0101010101010102E-002   1.0018205447073805        1.0000000000000000       -8.8817841970012523E-015
   7.0705316949765284E-002  -1.8813074668697601E-005   1.2121212121212121E-002   1.0018211580553722        1.0101010101010102E-002   1.0018211580553722        1.0000000000000000       -5.1514348342607263E-014
   8.0806118950856196E-002  -1.9321242216247971E-005   1.2121212121212121E-002   1.0018210589956558        1.0101010101010102E-002   1.0018210589956558        1.0000000000000000        2.1316282072803006E-014
   9.0906927703689813E-002  -2.0071023986653533E-005   1.2121212121212121E-002   1.0018200397524868        1.0101010101010102E-002   1.0018200397524868        1.0000000000000000        7.1054273576010019E-015
  0.10100775067169089       -2.1459145981664208E-005   1.2121212121212121E-002   1.0018186140602823        1.0101010101010102E-002   1.0018186140602823        1.0000000000000000        7.1054273576010019E-015
  0.11110858884114558       -2.2942129612157183E-005   1.2121212121212121E-002   1.0018175362290533        1.0101010101010102E-002   1.0018175362290533        1.0000000000000000        3.5527136788005009E-015
  0.12120943316548990       -2.4271132412473620E-005   1.2121212121212121E-002   1.0018168635304303        1.0101010101010102E-002   1.0018168635304303        1.0000000000000000        1.9539925233402755E-014
  0.13131028384498133       -2.5652279068609781E-005   1.2121212121212121E-002   1.0018161553236675        1.0101010101010102E-002   1.0018161553236675        1.0000000000000000        8.0824236192711396E-014
  0.14141114219236872       -2.7421088068228631E-005   1.2121212121212121E-002   1.0018153894297637        1.0101010101010102E-002   1.0018153894297637        1.0000000000000000        2.2204460492503131E-014
  0.15151200801801401       -2.8796927908659520E-005   1.2121212121212121E-002   1.0018145736525983        1.0101010101010102E-002   1.0018145736525983        1.0000000000000000       -6.2172489379008766E-015
  0.16161288246686514       -3.0154371935014339E-005   1.2121212121212121E-002   1.0018137004437482        1.0101010101010102E-002   1.0018137004437482        1.0000000000000000       -6.2172489379008766E-015
  0.17171376558386733       -3.1877339262056253E-005   1.2121212121212121E-002   1.0018127799271943        1.0101010101010102E-002   1.0018127799271943        1.0000000000000000       -6.2172489379008766E-015
  0.18181465801914812       -3.3510397384551198E-005   1.2121212121212121E-002   1.0018116688889502        1.0101010101010102E-002   1.0018116688889502        1.0000000000000000       -6.2172489379008766E-015
  0.19191556249894259       -3.4112166870190837E-005   1.2121212121212121E-002   1.0018100291032113        1.0101010101010102E-002   1.0018100291032113        1.0000000000000000       -6.2172489379008766E-015
  0.20201648749895357       -3.4122837285751199E-005   1.2121212121212121E-002   1.0018079701169904        1.0101010101010102E-002   1.0018079701169904        1.0000000000000000       -6.2172489379008766E-015
  0.21211743358003715       -3.4335742056705412E-005   1.2121212121212121E-002   1.0018060328337262        1.0101010101010102E-002   1.0018060328337262        1.0000000000000000       -6.2172489379008766E-015
  0.22221839707241270       -3.4621096011490810E-005   1.2121212121212121E-002   1.0018043651265514        1.0101010101010102E-002   1.0018043651265514        1.0000000000000000       -1.7763568394002505E-015
  0.23231937572218528       -3.4774757615717032E-005   1.2121212121212121E-002   1.0018027505512384        1.0101010101010102E-002   1.0018027505512384        1.0000000000000000       -5.6843418860808015E-014
  0.24242037095589927       -3.4979812386942959E-005   1.2121212121212121E-002   1.0018010946057088        1.0101010101010102E-002   1.0018010946057088        1.0000000000000000       -1.8562928971732617E-013
  0.25252138266936525       -3.5448041063049652E-005   1.2121212121212121E-002   1.0017995865979454        1.0101010101010102E-002   1.0017995865979454        1.0000000000000000        1.8385293287792592E-013
  0.26262240775051915       -3.5843144656554647E-005   1.2121212121212121E-002   1.0017982614316874        1.0101010101010102E-002   1.0017982614316874        1.0000000000000000        5.0626169922907138E-014
  0.27272344544033766       -3.5752104478817022E-005   1.2121212121212121E-002   1.0017970047960982        1.0101010101010102E-002   1.0017970047960982        1.0000000000000000       -6.2172489379008766E-015
  0.28282449539368931       -3.5169600663218838E-005   1.2121212121212121E-002   1.0017958176996153        1.0101010101010102E-002   1.0017958176996153        1.0000000000000000       -6.2172489379008766E-015
  0.29292555630677125       -3.4366581244367730E-005   1.2121212121212121E-002   1.0017945448080392        1.0101010101010102E-002   1.0017945448080392        1.0000000000000000       -6.2172489379008766E-015
  0.30302663093226545       -3.3603279808999724E-005   1.2121212121212121E-002   1.0017929013978315        1.0101010101010102E-002   1.0017929013978315        1.0000000000000000       -6.2172489379008766E-015
  0.31312772433061897       -3.2861810948376657E-005   1.2121212121212121E-002   1.0017908917057798        1.0101010101010102E-002   1.0017908917057798        1.0000000000000000       -6.2172489379008766E-015
  0.32322883910554989       -3.1958319016974310E-005   1.2121212121212121E-002   1.0017887992852041        1.0101010101010102E-002   1.0017887992852041        1.0000000000000000       -6.2172489379008766E-015
  0.33332997452037183       -3.0603498662775682E-005   1.2121212121212121E-002   1.0017870537056905        1.0101010101010102E-002   1.0017870537056905        1.0000000000000000       -6.2172489379008766E-015
  0.34343112430522676       -2.9232415254784305E-005   1.2121212121212121E-002   1.0017859652322201        1.0101010101010102E-002   1.0017859652322201        1.0000000000000000       -6.2172489379008766E-015
  0.35353228087679789       -2.8094939318812072E-005   1.2121212121212121E-002   1.0017853196810969        1.0101010101010102E-002   1.0017853196810969        1.0000000000000000       -6.2172489379008766E-015
  0.36363344262859959       -2.7059062425267398E-005   1.2121212121212121E-002   1.0017846300253315        1.0101010101010102E-002   1.0017846300253315        1.0000000000000000       -6.2172489379008766E-015
  0.37373461243846889       -2.5753254292142257E-005   1.2121212121212121E-002   1.0017836373385260        1.0101010101010102E-002   1.0017836373385260        1.0000000000000000       -6.2172489379008766E-015
  0.38383579386325090       -2.4005991365938869E-005   1.2121212121212121E-002   1.0017823667767936        1.0101010101010102E-002   1.0017823667767936        1.0000000000000000       -6.2172489379008766E-015
  0.39393698902591723       -2.2038433599014473E-005   1.2121212121212121E-002   1.0017809787935512        1.0101010101010102E-002   1.0017809787935512        1.0000000000000000       -6.2172489379008766E-015
  0.40403819822637860       -2.0023382530628912E-005   1.2121212121212121E-002   1.0017796859121275        1.0101010101010102E-002   1.0017796859121275        1.0000000000000000       -6.2172489379008766E-015
  0.41413941897226370       -1.8341322596974212E-005   1.2121212121212121E-002   1.0017785407819175        1.0101010101010102E-002   1.0017785407819175        1.0000000000000000       -6.2172489379008766E-015
  0.42424065109932735       -1.6456456563436908E-005   1.2121212121212121E-002   1.0017777310734093        1.0101010101010102E-002   1.0017777310734093        1.0000000000000000       -6.2172489379008766E-015
  0.43434188816579983       -1.4094585084945056E-005   1.2121212121212121E-002   1.0017774268519433        1.0101010101010102E-002   1.0017774268519433        1.0000000000000000       -6.2172489379008766E-015
  0.44444312576471756       -1.1759212093415125E-005   1.2121212121212121E-002   1.0017773021541636        1.0101010101010102E-002   1.0017773021541636        1.0000000000000000       -6.2172489379008766E-015
  0.45454436460783021       -9.7686581910585713E-006   1.2121212121212121E-002   1.0017769535979892        1.0101010101010102E-002   1.0017769535979892        1.0000000000000000       -6.2172489379008766E-015
  0.46464560939899896       -8.0354247572168583E-006   1.2121212121212121E-002   1.0017765389667701        1.0101010101010102E-002   1.0017765389667701        1.0000000000000000       -6.2172489379008766E-015
  0.47474685681461049       -6.0592783209826919E-006   1.2121212121212121E-002   1.0017762439085356        1.0101010101010102E-002   1.0017762439085356        1.0000000000000000        5.3290705182007514E-015
  0.48484810653518579       -3.7297406318163019E-006   1.2121212121212121E-002   1.0017755958587302        1.0101010101010102E-002   1.0017755958587302        1.0000000000000000       -7.0166095156309893E-014
  0.49494936718010424       -1.2630962107712919E-006   1.2121212121212121E-002   1.0017748613084809        1.0101010101010102E-002   1.0017748613084809        1.0000000000000000       -4.4941828036826337E-013
  0.50505063282027074        1.2630962435117742E-006   1.2121212121212121E-002   1.0017748613086532        1.0101010101010102E-002   1.0017748613086532        1.0000000000000000       -6.9277916736609768E-014
  0.51515189346518497        3.7297409907842690E-006   1.2121212121212121E-002   1.0017755958588175        1.0101010101010102E-002   1.0017755958588175        1.0000000000000000        1.5987211554602254E-014
  0.52525314318576266        6.0592780222366312E-006   1.2121212121212121E-002   1.0017762439084628        1.0101010101010102E-002   1.0017762439084628        1.0000000000000000        1.7763568394002505E-015
  0.53535439060137380        8.0354249150313462E-006   1.2121212121212121E-002   1.0017765389668303        1.0101010101010102E-002   1.0017765389668303        1.0000000000000000        1.7763568394002505E-015
  0.54545563539254138        9.7686583126615062E-006   1.2121212121212121E-002   1.0017769535979866        1.0101010101010102E-002   1.0017769535979866        1.0000000000000000        1.7763568394002505E-015
  0.55555687423565492        1.1759212142645819E-005   1.2121212121212121E-002   1.0017773021539318        1.0101010101010102E-002   1.0017773021539318        1.0000000000000000        1.7763568394002505E-015
  0.56565811183457715        1.4094584926275844E-005   1.2121212121212121E-002   1.0017774268519117        1.0101010101010102E-002   1.0017774268519117        1.0000000000000000        1.7763568394002505E-015
  0.57575934890104552        1.6456456932810243E-005   1.2121212121212121E-002   1.0017777310734555        1.0101010101010102E-002   1.0017777310734555        1.0000000000000000        1.7763568394002505E-015
  0.58586058102811178        1.8341322537160858E-005   1.2121212121212121E-002   1.0017785407817481        1.0101010101010102E-002   1.0017785407817481        1.0000000000000000        1.7763568394002505E-015
  0.59596180177399871        2.0023382475266805E-005   1.2121212121212121E-002   1.0017796859123067        1.0101010101010102E-002   1.0017796859123067        1.0000000000000000        1.7763568394002505E-015
  0.60606301097445414        2.2038433914521947E-005   1.2121212121212121E-002   1.0017809787937895        1.0101010101010102E-002   1.0017809787937895        1.0000000000000000        1.7763568394002505E-015
  0.61616420613712120        2.4005991357324534E-005   1.2121212121212121E-002   1.0017823667767829        1.0101010101010102E-002   1.0017823667767829        1.0000000000000000        1.7763568394002505E-015
  0.62626538756190286        2.5753254240650944E-005   1.2121212121212121E-002   1.0017836373383764        1.0101010101010102E-002   1.0017836373383764        1.0000000000000000        1.7763568394002505E-015
  0.63636655737177616        2.7059062779547267E-005   1.2121212121212121E-002   1.0017846300254276        1.0101010101010102E-002   1.0017846300254276        1.0000000000000000        1.7763568394002505E-015
  0.64646771912357148        2.8094939297150618E-005   1.2121212121212121E-002   1.0017853196811717        1.0101010101010102E-002   1.0017853196811717        1.0000000000000000        1.7763568394002505E-015
  0.65656887569514699        2.9232415266732592E-005   1.2121212121212121E-002   1.0017859652320025        1.0101010101010102E-002   1.0017859652320025        1.0000000000000000        1.7763568394002505E-015
  0.66667002548000276        3.0603498752591756E-005   1.2121212121212121E-002   1.0017870537056626        1.0101010101010102E-002   1.0017870537056626        1.0000000000000000        1.7763568394002505E-015
  0.67677116089482414        3.1958319037276349E-005   1.2121212121212121E-002   1.0017887992852423        1.0101010101010102E-002   1.0017887992852423        1.0000000000000000        1.7763568394002505E-015
  0.68687227566975462        3.2861810785180709E-005   1.2121212121212121E-002   1.0017908917057434        1.0101010101010102E-002   1.0017908917057434        1.0000000000000000        1.7763568394002505E-015
  0.69697336906810958        3.3603280201148840E-005   1.2121212121212121E-002   1.0017929013978839        1.0101010101010102E-002   1.0017929013978839        1.0000000000000000        1.7763568394002505E-015
  0.70707444369360162        3.4366580949407852E-005   1.2121212121212121E-002   1.0017945448083230        1.0101010101010102E-002   1.0017945448083230        1.0000000000000000        1.7763568394002505E-015
  0.71717550460667912        3.5169600952972770E-005   1.2121212121212121E-002   1.0017958176995785        1.0101010101010102E-002   1.0017958176995785        1.0000000000000000        1.7763568394002505E-015
  0.72727655456003593        3.5752104435935986E-005   1.2121212121212121E-002   1.0017970047957574        1.0101010101010102E-002   1.0017970047957574        1.0000000000000000        1.7763568394002505E-015
  0.73737759224985744        3.5843144748509811E-005   1.2121212121212121E-002   1.0017982614318193        1.0101010101010102E-002   1.0017982614318193        1.0000000000000000        1.7763568394002505E-015
  0.74747861733100507        3.5448041112332882E-005   1.2121212121212121E-002   1.0017995865982054        1.0101010101010102E-002   1.0017995865982054        1.0000000000000000        1.7763568394002505E-015
  0.75757962904447151        3.4979812537044116E-005   1.2121212121212121E-002   1.0018010946057054        1.0101010101010102E-002   1.0018010946057054        1.0000000000000000        1.7763568394002505E-015
  0.76768062427818551        3.4774757979972214E-005   1.2121212121212121E-002   1.0018027505511611        1.0101010101010102E-002   1.0018027505511611        1.0000000000000000        1.7763568394002505E-015
  0.77778160292795950        3.4621095810784754E-005   1.2121212121212121E-002   1.0018043651263651        1.0101010101010102E-002   1.0018043651263651        1.0000000000000000        1.7763568394002505E-015
  0.78788256642033749        3.4335741814828886E-005   1.2121212121212121E-002   1.0018060328335487        1.0101010101010102E-002   1.0018060328335487        1.0000000000000000        1.7763568394002505E-015
  0.79798351250142263        3.4122837575960313E-005   1.2121212121212121E-002   1.0018079701170961        1.0101010101010102E-002   1.0018079701170961        1.0000000000000000        1.7763568394002505E-015
  0.80808443750142966        3.4112167223884792E-005   1.2121212121212121E-002   1.0018100291034238        1.0101010101010102E-002   1.0018100291034238        1.0000000000000000        1.7763568394002505E-015
  0.81818534198122328        3.3510397426634736E-005   1.2121212121212121E-002   1.0018116688889300        1.0101010101010102E-002   1.0018116688889300        1.0000000000000000        1.7763568394002505E-015
  0.82828623441650573        3.1877338991975400E-005   1.2121212121212121E-002   1.0018127799271543        1.0101010101010102E-002   1.0018127799271543        1.0000000000000000        1.7763568394002505E-015
  0.83838711753350725        3.0154372256074628E-005   1.2121212121212121E-002   1.0018137004437988        1.0101010101010102E-002   1.0018137004437988        1.0000000000000000        1.7763568394002505E-015
  0.84848799198235747        2.8796927713910443E-005   1.2121212121212121E-002   1.0018145736524464        1.0101010101010102E-002   1.0018145736524464        1.0000000000000000        1.7763568394002505E-015
  0.85858885780800720        2.7421088251409754E-005   1.2121212121212121E-002   1.0018153894296917        1.0101010101010102E-002   1.0018153894296917        1.0000000000000000        1.7763568394002505E-015
  0.86868971615539181        2.5652279196052610E-005   1.2121212121212121E-002   1.0018161553238110        1.0101010101010102E-002   1.0018161553238110        1.0000000000000000        1.7763568394002505E-015
  0.87879056683488255        2.4271132205378245E-005   1.2121212121212121E-002   1.0018168635304416        1.0101010101010102E-002   1.0018168635304416        1.0000000000000000        1.7763568394002505E-015
  0.88889141115922743        2.2942130016107711E-005   1.2121212121212121E-002   1.0018175362289612        1.0101010101010102E-002   1.0018175362289612        1.0000000000000000        1.7763568394002505E-015
  0.89899224932868360        2.1459145873299194E-005   1.2121212121212121E-002   1.0018186140602388        1.0101010101010102E-002   1.0018186140602388        1.0000000000000000        1.7763568394002505E-015
  0.90909307229668446        2.0071024111427507E-005   1.2121212121212121E-002   1.0018200397526860        1.0101010101010102E-002   1.0018200397526860        1.0000000000000000        1.7763568394002505E-015
  0.91919388104951349        1.9321242188326726E-005   1.2121212121212121E-002   1.0018210589956336        1.0101010101010102E-002   1.0018210589956336        1.0000000000000000        1.7763568394002505E-015
  0.92929468305060958        1.8813074937291951E-005   1.2121212121212121E-002   1.0018211580552159        1.0101010101010102E-002   1.0018211580552159        1.0000000000000000        1.7763568394002505E-015
  0.93939549025024360        1.7975969238347266E-005   1.2121212121212121E-002   1.0018205447075088        1.0101010101010102E-002   1.0018205447075088        1.0000000000000000        1.7763568394002505E-015
  0.94949630475795688        1.6762399390193558E-005   1.2121212121212121E-002   1.0018194457350547        1.0101010101010102E-002   1.0018194457350547        1.0000000000000000        1.7763568394002505E-015
  0.95959713339125075        1.5308325720882615E-005   1.2121212121212121E-002   1.0018177171896612        1.0101010101010102E-002   1.0018177171896612        1.0000000000000000        1.7763568394002505E-015
  0.96969798198300483        1.4199840920408971E-005   1.2121212121212121E-002   1.0018152935051257        1.0101010101010102E-002   1.0018152935051257        1.0000000000000000        8.8817841970012523E-016
  0.97979885828562807        1.3348221122099541E-005   1.2121212121212121E-002   1.0018120603451055        1.0101010101010102E-002   1.0018120603451055        1.0000000000000000       -3.2862601528904634E-014
  0.98989977105804827        1.2729225531684738E-005   1.2121212121212121E-002   1.0018081904363723        1.0101010101010102E-002   1.0018081904363723        1.0000000000000000        1.5010215292932116E-013
   1.0000007241379032        1.2283115349757956E-005   1.2121212121212121E-002   1.0018040154345134        1.0101010101010102E-002   1.0018040154345134        1.0000000000000000        1.0436096431476471E-012
   1.0101017342389134       -1.2508348293946692E-005   1.2121212121212121E-002   1.0018081904361775        1.0101010101010102E-002   1.0018011935428490        1.0000000000000000        1.4299672557172016E-013
   1.0202027443399235       -1.3157085847941856E-005   1.2121212121212121E-002   1.0018120603451106        1.0101010101010102E-002   1.0018004575820603        1.0000000000000000       -1.9677833450701065E-002
   1.0303037544409337       -1.4052819183249246E-005   1.2121212121212121E-002   1.0018152935052620        1.0101010101010102E-002   1.0018004115226273        1.0000000000000000       -1.3138325546267744     
   1.0404047645419439       -1.5202567161444424E-005   1.2121212121212121E-002   1.0018177171898699        1.0101010101010102E-002  0.99665637860081713        1.0000000000000000       -4.6453021478719450     
   1.0505057746429540       -1.6689323164730208E-005   1.2121212121212121E-002   1.0018194457350382        1.0101010101010102E-002  0.77867798353909146        1.0000000000000000        107.01218865918355     
  -1.0101734238541641E-002   1.2508348318901770E-005   1.2121212121212121E-002   1.0018081904363723        1.0101010101010102E-002   1.0018011935428419        1.0000000000000000        1.1546319456101628E-014
  -2.0202744339551743E-002   1.3157086199541919E-005   1.2121212121212121E-002   1.0018120603451055        1.0101010101010102E-002   1.0018004575820671        1.0000000000000000        1.9677833450746363E-002
  -3.0303754440561843E-002   1.4052819153895372E-005   1.2121212121212121E-002   1.0018152935051257        1.0101010101010102E-002   1.0018004115226335        1.0000000000000000        1.3138325546268277     
  -4.0404764541571943E-002   1.5202567261287464E-005   1.2121212121212121E-002   1.0018177171896612        1.0101010101010102E-002  0.99665637860082268        1.0000000000000000        4.6453021478716039     
  -5.0505774642582046E-002   1.6689323289512259E-005   1.2121212121212121E-002   1.0018194457350547        1.0101010101010102E-002  0.77867798353909445        1.0000000000000000       -107.01218865918408     
