 # x v h rho m p cs a
   25.801212121215471     
   1.7158337356790446E-014  -8.9125743822173502E-014   1.2121212121212121E-002   1.0018981862703016        1.0101010101010102E-002   1.0018981862703016        1.0000000000000000        1.5071233150365515E-010
   1.0100043895396664E-002   7.4906310640858101E-007   1.2121212121212121E-002   1.0018979895000673        1.0101010101010102E-002   1.0018979895000673        1.0000000000000000        4.1037696275836311E-005
   2.0200091679327205E-002   1.4949821119781468E-006   1.2121212121212121E-002   1.0018973999823302        1.0101010101010102E-002   1.0018973999823302        1.0000000000000000        8.1910459899248167E-005
   3.0300147224739719E-002   2.2346226978666420E-006   1.2121212121212121E-002   1.0018964200861131        1.0101010101010102E-002   1.0018964200861131        1.0000000000000000        1.2245418272893716E-004
   4.0400214373385090E-002   2.9648819480345601E-006   1.2121212121212121E-002   1.0018950537505218        1.0101010101010102E-002   1.0018950537505218        1.0000000000000000        1.6250582151755566E-004
   5.0500296920397175E-002   3.6827027154364538E-006   1.2121212121212121E-002   1.0018933064702198        1.0101010101010102E-002   1.0018933064702198        1.0000000000000000        2.0190409305165247E-004
   6.0600398599001036E-002   4.3850878272598838E-006   1.2121212121212121E-002   1.0018911852716785        1.0101010101010102E-002   1.0018911852716785        1.0000000000000000        2.4049096139311388E-004
   7.0700523065547041E-002   5.0691063499039353E-006   1.2121212121212121E-002   1.0018886986825593        1.0101010101010102E-002   1.0018886986825593        1.0000000000000000        2.7811151440904069E-004
   8.0800673884834529E-002   5.7319138201246806E-006   1.2121212121212121E-002   1.0018858567006541        1.0101010101010102E-002   1.0018858567006541        1.0000000000000000        3.1461417093936461E-004
   9.0900854515745061E-002   6.3707666181061424E-006   1.2121212121212121E-002   1.0018826707556785        1.0101010101010102E-002   1.0018826707556785        1.0000000000000000        3.4985189884650936E-004
  0.10100106829731588        6.9830340369869731E-006   1.2121212121212121E-002   1.0018791536616833        1.0101010101010102E-002   1.0018791536616833        1.0000000000000000        3.8368310574643516E-004
  0.11110131843531153        7.5662008933284576E-006   1.2121212121212121E-002   1.0018753195613088        1.0101010101010102E-002   1.0018753195613088        1.0000000000000000        4.1597238025747885E-004
  0.12120160798941666        8.1178881259623504E-006   1.2121212121212121E-002   1.0018711838730039        1.0101010101010102E-002   1.0018711838730039        1.0000000000000000        4.4658905555117201E-004
  0.13130193986083530        8.6358589788247465E-006   1.2121212121212121E-002   1.0018667632340528        1.0101010101010102E-002   1.0018667632340528        1.0000000000000000        4.7540957300107323E-004
  0.14140231678058401        9.1180315464336932E-006   1.2121212121212121E-002   1.0018620754275702        1.0101010101010102E-002   1.0018620754275702        1.0000000000000000        5.0231847608550595E-004
  0.15150274129856037        9.5624834678698891E-006   1.2121212121212121E-002   1.0018571393093467        1.0101010101010102E-002   1.0018571393093467        1.0000000000000000        5.2720752293744511E-004
  0.16160321577328035        9.9674558259214567E-006   1.2121212121212121E-002   1.0018519747364605        1.0101010101010102E-002   1.0018519747364605        1.0000000000000000        5.4997603625750457E-004
  0.17170374236234190        1.0331369358358792E-005   1.2121212121212121E-002   1.0018466024902435        1.0101010101010102E-002   1.0018466024902435        1.0000000000000000        5.7053178930388526E-004
  0.18180432301367264        1.0652826979979695E-005   1.2121212121212121E-002   1.0018410441886694        1.0101010101010102E-002   1.0018410441886694        1.0000000000000000        5.8879241243392499E-004
  0.19190495945773672        1.0930610316718003E-005   1.2121212121212121E-002   1.0018353221967975        1.0101010101010102E-002   1.0018353221967975        1.0000000000000000        6.0468436996163888E-004
  0.20200565320055977        1.1163690596093947E-005   1.2121212121212121E-002   1.0018294595411317        1.0101010101010102E-002   1.0018294595411317        1.0000000000000000        6.1814308257179817E-004
  0.21210640551761073        1.1351233620173949E-005   1.2121212121212121E-002   1.0018234798196228        1.0101010101010102E-002   1.0018234798196228        1.0000000000000000        6.2911374298391110E-004
  0.22220721744859467        1.1492598495615935E-005   1.2121212121212121E-002   1.0018174071027548        1.0101010101010102E-002   1.0018174071027548        1.0000000000000000        6.3755240959295634E-004
  0.23230808979330481        1.1587333281552044E-005   1.2121212121212121E-002   1.0018112658353315        1.0101010101010102E-002   1.0018112658353315        1.0000000000000000        6.4342481812573737E-004
  0.24240902310835483        1.1635178783253602E-005   1.2121212121212121E-002   1.0018050807400358        1.0101010101010102E-002   1.0018050807400358        1.0000000000000000        6.4670706423264335E-004
  0.25251001770493353        1.1636074235946908E-005   1.2121212121212121E-002   1.0017988767211752        1.0101010101010102E-002   1.0017988767211752        1.0000000000000000        6.4738492208782361E-004
  0.26261107364742658        1.1590148511777204E-005   1.2121212121212121E-002   1.0017926787621765        1.0101010101010102E-002   1.0017926787621765        1.0000000000000000        6.4545591779108236E-004
  0.27271219075320208        1.1497713585158236E-005   1.2121212121212121E-002   1.0017865118206470        1.0101010101010102E-002   1.0017865118206470        1.0000000000000000        6.4092772868207248E-004
  0.28281336859332551        1.1359269723096743E-005   1.2121212121212121E-002   1.0017804007316771        1.0101010101010102E-002   1.0017804007316771        1.0000000000000000        6.3381804667095309E-004
  0.29291460649423956        1.1175497407529571E-005   1.2121212121212121E-002   1.0017743701105124        1.0101010101010102E-002   1.0017743701105124        1.0000000000000000        6.2415478839028538E-004
  0.30301590354039681        1.0947253952802277E-005   1.2121212121212121E-002   1.0017684442507133        1.0101010101010102E-002   1.0017684442507133        1.0000000000000000        6.1197694054548890E-004
  0.31311725857796202        1.0675566317132107E-005   1.2121212121212121E-002   1.0017626470231420        1.0101010101010102E-002   1.0017626470231420        1.0000000000000000        5.9733355909763475E-004
  0.32321867021945183        1.0361623130329768E-005   1.2121212121212121E-002   1.0017570017815423        1.0101010101010102E-002   1.0017570017815423        1.0000000000000000        5.8028328195547374E-004
  0.33332013684930156        1.0006776635442211E-005   1.2121212121212121E-002   1.0017515312725596        1.0101010101010102E-002   1.0017515312725596        1.0000000000000000        5.6089393481340011E-004
  0.34342165663026702        9.6125303005678035E-006   1.2121212121212121E-002   1.0017462575406175        1.0101010101010102E-002   1.0017462575406175        1.0000000000000000        5.3924403036909041E-004
  0.35352322751088866        9.1805269866893348E-006   1.2121212121212121E-002   1.0017412018359810        1.0101010101010102E-002   1.0017412018359810        1.0000000000000000        5.1542063021781104E-004
  0.36362484723372279        8.7125498256360284E-006   1.2121212121212121E-002   1.0017363845318621        1.0101010101010102E-002   1.0017363845318621        1.0000000000000000        4.8951957705511973E-004
  0.37372651334443230        8.2105097971426220E-006   1.2121212121212121E-002   1.0017318250432423        1.0101010101010102E-002   1.0017318250432423        1.0000000000000000        4.6164477436239082E-004
  0.38382822320163068        7.6764413687485146E-006   1.2121212121212121E-002   1.0017275417493601        1.0101010101010102E-002   1.0017275417493601        1.0000000000000000        4.3190836384443543E-004
  0.39392997398749441        7.1124876067298902E-006   1.2121212121212121E-002   1.0017235519140928        1.0101010101010102E-002   1.0017235519140928        1.0000000000000000        4.0043085181018512E-004
  0.40403176271921104        6.5208948987312999E-006   1.2121212121212121E-002   1.0017198716186619        1.0101010101010102E-002   1.0017198716186619        1.0000000000000000        3.6733847480974191E-004
  0.41413358626091040        5.9040085195654409E-006   1.2121212121212121E-002   1.0017165156996031        1.0101010101010102E-002   1.0017165156996031        1.0000000000000000        3.3276465002263222E-004
  0.42423544133633273        5.2642601523078685E-006   1.2121212121212121E-002   1.0017134976868420        1.0101010101010102E-002   1.0017134976868420        1.0000000000000000        2.9684854632350266E-004
  0.43433732454199719        4.6041541432323988E-006   1.2121212121212121E-002   1.0017108297475203        1.0101010101010102E-002   1.0017108297475203        1.0000000000000000        2.5973540141688289E-004
  0.44443923236098232        3.9262656934447770E-006   1.2121212121212121E-002   1.0017085226361369        1.0101010101010102E-002   1.0017085226361369        1.0000000000000000        2.2157476781092811E-004
  0.45454116117708948        3.2332312510516370E-006   1.2121212121212121E-002   1.0017065856544034        1.0101010101010102E-002   1.0017065856544034        1.0000000000000000        1.8252024309006742E-004
  0.46464310728940678        2.5277372536995712E-006   1.2121212121212121E-002   1.0017050266140091        1.0101010101010102E-002   1.0017050266140091        1.0000000000000000        1.4272918730284800E-004
  0.47474506692720658        1.8125078643166469E-006   1.2121212121212121E-002   1.0017038518005192        1.0101010101010102E-002   1.0017038518005192        1.0000000000000000        1.0236275269903672E-004
  0.48484703626524528        1.0903003248772115E-006   1.2121212121212121E-002   1.0017030659494350        1.0101010101010102E-002   1.0017030659494350        1.0000000000000000        6.1583337596538001E-005
  0.49494901143912529        3.6390043156795486E-007   1.2121212121212121E-002   1.0017026722294335        1.0101010101010102E-002   1.0017026722294335        1.0000000000000000        2.0555543412292820E-005
  0.50505098856092157       -3.6390022611379723E-007   1.2121212121212121E-002   1.0017026722292564        1.0101010101010102E-002   1.0017026722292564        1.0000000000000000       -2.0555509569142316E-005
  0.51515296373480657       -1.0903008439192124E-006   1.2121212121212121E-002   1.0017030659496642        1.0101010101010102E-002   1.0017030659496642        1.0000000000000000       -6.1583453708102809E-005
  0.52525493307283544       -1.8125075386129215E-006   1.2121212121212121E-002   1.0017038518009940        1.0101010101010102E-002   1.0017038518009940        1.0000000000000000       -1.0236269180197155E-004
  0.53535689271063436       -2.5277373467195021E-006   1.2121212121212121E-002   1.0017050266139786        1.0101010101010102E-002   1.0017050266139786        1.0000000000000000       -1.4272913877988458E-004
  0.54545883882295354       -3.2332311335934732E-006   1.2121212121212121E-002   1.0017065856540739        1.0101010101010102E-002   1.0017065856540739        1.0000000000000000       -1.8252022527853740E-004
  0.55556076763906626       -3.9262654346814013E-006   1.2121212121212121E-002   1.0017085226360372        1.0101010101010102E-002   1.0017085226360372        1.0000000000000000       -2.2157483401752387E-004
  0.56566267545804738       -4.6041541921817823E-006   1.2121212121212121E-002   1.0017108297474608        1.0101010101010102E-002   1.0017108297474608        1.0000000000000000       -2.5973534942380638E-004
  0.57576455866371701       -5.2642600951362608E-006   1.2121212121212121E-002   1.0017134976867876        1.0101010101010102E-002   1.0017134976867876        1.0000000000000000       -2.9684859539180763E-004
  0.58586641373913506       -5.9040086183272362E-006   1.2121212121212121E-002   1.0017165156994647        1.0101010101010102E-002   1.0017165156994647        1.0000000000000000       -3.3276458253084229E-004
  0.59596823728084181       -6.5208949930222342E-006   1.2121212121212121E-002   1.0017198716186584        1.0101010101010102E-002   1.0017198716186584        1.0000000000000000       -3.6733857630100175E-004
  0.60607002601255144       -7.1124875459436694E-006   1.2121212121212121E-002   1.0017235519143508        1.0101010101010102E-002   1.0017235519143508        1.0000000000000000       -4.0043079722362762E-004
  0.61617177679841562       -7.6764416044218017E-006   1.2121212121212121E-002   1.0017275417491489        1.0101010101010102E-002   1.0017275417491489        1.0000000000000000       -4.3190832843631455E-004
  0.62627348665561933       -8.2105097263870631E-006   1.2121212121212121E-002   1.0017318250433667        1.0101010101010102E-002   1.0017318250433667        1.0000000000000000       -4.6164487322197800E-004
  0.63637515276632040       -8.7125492378014954E-006   1.2121212121212121E-002   1.0017363845320055        1.0101010101010102E-002   1.0017363845320055        1.0000000000000000       -4.8951948644937460E-004
  0.64647677248915958       -9.1805278488004663E-006   1.2121212121212121E-002   1.0017412018358365        1.0101010101010102E-002   1.0017412018358365        1.0000000000000000       -5.1542065938914305E-004
  0.65657834336977972       -9.6125304108696960E-006   1.2121212121212121E-002   1.0017462575405500        1.0101010101010102E-002   1.0017462575405500        1.0000000000000000       -5.3924401208771400E-004
  0.66667986315074790       -1.0006776402586623E-005   1.2121212121212121E-002   1.0017515312725602        1.0101010101010102E-002   1.0017515312725602        1.0000000000000000       -5.6089397405845176E-004
  0.67678132978059524       -1.0361623210473793E-005   1.2121212121212121E-002   1.0017570017817730        1.0101010101010102E-002   1.0017570017817730        1.0000000000000000       -5.8028329017023594E-004
  0.68688274142208228       -1.0675566072185454E-005   1.2121212121212121E-002   1.0017626470232717        1.0101010101010102E-002   1.0017626470232717        1.0000000000000000       -5.9733352951329977E-004
  0.69698409645964754       -1.0947253775561640E-005   1.2121212121212121E-002   1.0017684442506456        1.0101010101010102E-002   1.0017684442506456        1.0000000000000000       -6.1197692834369377E-004
  0.70708539350580657       -1.1175497079873020E-005   1.2121212121212121E-002   1.0017743701105037        1.0101010101010102E-002   1.0017743701105037        1.0000000000000000       -6.2415481087185753E-004
  0.71718663140671868       -1.1359270135378446E-005   1.2121212121212121E-002   1.0017804007315583        1.0101010101010102E-002   1.0017804007315583        1.0000000000000000       -6.3381800282691358E-004
  0.72728780924684644       -1.1497713971165824E-005   1.2121212121212121E-002   1.0017865118204370        1.0101010101010102E-002   1.0017865118204370        1.0000000000000000       -6.4092774929846996E-004
  0.73738892635262199       -1.1590147901760118E-005   1.2121212121212121E-002   1.0017926787620437        1.0101010101010102E-002   1.0017926787620437        1.0000000000000000       -6.4545591767561916E-004
  0.74748998229511820       -1.1636074146317451E-005   1.2121212121212121E-002   1.0017988767214336        1.0101010101010102E-002   1.0017988767214336        1.0000000000000000       -6.4738500590610926E-004
  0.75759097689168786       -1.1635179109647167E-005   1.2121212121212121E-002   1.0018050807402499        1.0101010101010102E-002   1.0018050807402499        1.0000000000000000       -6.4670697059288074E-004
  0.76769191020674221       -1.1587333227121341E-005   1.2121212121212121E-002   1.0018112658352258        1.0101010101010102E-002   1.0018112658352258        1.0000000000000000       -6.4342484482526885E-004
  0.77779278255145090       -1.1492598039354357E-005   1.2121212121212121E-002   1.0018174071027335        1.0101010101010102E-002   1.0018174071027335        1.0000000000000000       -6.3755239541141151E-004
  0.78789359448243623       -1.1351233901875740E-005   1.2121212121212121E-002   1.0018234798194687        1.0101010101010102E-002   1.0018234798194687        1.0000000000000000       -6.2911373371399293E-004
  0.79799434679948911       -1.1163690811779648E-005   1.2121212121212121E-002   1.0018294595409754        1.0101010101010102E-002   1.0018294595409754        1.0000000000000000       -6.1814308827212727E-004
  0.80809504054231340       -1.0930610557615458E-005   1.2121212121212121E-002   1.0018353221967002        1.0101010101010102E-002   1.0018353221967002        1.0000000000000000       -6.0468437741967307E-004
  0.81819567698637830       -1.0652826226896069E-005   1.2121212121212121E-002   1.0018410441887149        1.0101010101010102E-002   1.0018410441887149        1.0000000000000000       -5.8879243716791763E-004
  0.82829625763770742       -1.0331369582241240E-005   1.2121212121212121E-002   1.0018466024904717        1.0101010101010102E-002   1.0018466024904717        1.0000000000000000       -5.7053180480881593E-004
  0.83839678422676567       -9.9674558416420172E-006   1.2121212121212121E-002   1.0018519747366239        1.0101010101010102E-002   1.0018519747366239        1.0000000000000000       -5.4997600371731181E-004
  0.84849725870148529       -9.5624832646251973E-006   1.2121212121212121E-002   1.0018571393092155        1.0101010101010102E-002   1.0018571393092155        1.0000000000000000       -5.2720749227663788E-004
  0.85859768321946539       -9.1180317387100808E-006   1.2121212121212121E-002   1.0018620754275886        1.0101010101010102E-002   1.0018620754275886        1.0000000000000000       -5.0231854027238398E-004
  0.86869806013921025       -8.6358595622739866E-006   1.2121212121212121E-002   1.0018667632343510        1.0101010101010102E-002   1.0018667632343510        1.0000000000000000       -4.7540957030633990E-004
  0.87879839201062582       -8.1178878908008457E-006   1.2121212121212121E-002   1.0018711838729999        1.0101010101010102E-002   1.0018711838729999        1.0000000000000000       -4.4658899129323970E-004
  0.88889868156473395       -7.5662009760070327E-006   1.2121212121212121E-002   1.0018753195609291        1.0101010101010102E-002   1.0018753195609291        1.0000000000000000       -4.1597236475610089E-004
  0.89899893170273537       -6.9830340617881748E-006   1.2121212121212121E-002   1.0018791536616170        1.0101010101010102E-002   1.0018791536616170        1.0000000000000000       -3.8368318489734321E-004
  0.90909914548430126       -6.3707672420702500E-006   1.2121212121212121E-002   1.0018826707557154        1.0101010101010102E-002   1.0018826707557154        1.0000000000000000       -3.4985184682501114E-004
  0.91919932611521582       -5.7319132039756539E-006   1.2121212121212121E-002   1.0018858567006783        1.0101010101010102E-002   1.0018858567006783        1.0000000000000000       -3.1461422124490213E-004
  0.92929947693449899       -5.0691060955984593E-006   1.2121212121212121E-002   1.0018886986826401        1.0101010101010102E-002   1.0018886986826401        1.0000000000000000       -2.7811147147005499E-004
  0.93939960140104717       -4.3850880024865121E-006   1.2121212121212121E-002   1.0018911852715404        1.0101010101010102E-002   1.0018911852715404        1.0000000000000000       -2.4049096080602794E-004
  0.94949970307965215       -3.6827030403672590E-006   1.2121212121212121E-002   1.0018933064701547        1.0101010101010102E-002   1.0018933064701547        1.0000000000000000       -2.0190410593201591E-004
  0.95959978562666437       -2.9648817258776912E-006   1.2121212121212121E-002   1.0018950537505378        1.0101010101010102E-002   1.0018950537505378        1.0000000000000000       -1.6250582984778106E-004
  0.96969985277530923       -2.2346223485561491E-006   1.2121212121212121E-002   1.0018964200861620        1.0101010101010102E-002   1.0018964200861620        1.0000000000000000       -1.2245417934941827E-004
  0.97979990832072095       -1.4949825476917025E-006   1.2121212121212121E-002   1.0018973999822340        1.0101010101010102E-002   1.0018973999822340        1.0000000000000000       -8.1910433391563231E-005
  0.98989995610465453       -7.4906289008520348E-007   1.2121212121212121E-002   1.0018979895000069        1.0101010101010102E-002   1.0018979895000069        1.0000000000000000       -4.1037728212067748E-005
   1.0000000000000322        2.4622224501629726E-013   1.2121212121212121E-002   1.0018981862703022        1.0101010101010102E-002   1.0018981862703022        1.0000000000000000       -1.3305001544949846E-010
   1.0101000438953966        6.4948646148134797E-007   1.2121212121212121E-002   1.0018979895000673        1.0101010101010102E-002   1.0018979895000673        1.0000000000000000        4.1037781871366974E-005
   1.0202000916793272        1.2962289619183797E-006   1.2121212121212121E-002   1.0018973999823302        1.0101010101010102E-002   1.0018973999823302        1.0000000000000000        8.1910515834948683E-005
   1.0303001472247397        1.9374916285731641E-006   1.2121212121212121E-002   1.0018964200861131        1.0101010101010102E-002   1.0018964200861131        1.0000000000000000        1.2245418226353166E-004
   1.0404002143733850        2.5705672546504222E-006   1.2121212121212121E-002   1.0018950537505218        1.0101010101010102E-002   1.0018950537505218        1.0000000000000000        1.6250582294752292E-004
   1.0505002969203971        3.1927900347396285E-006   1.2121212121212121E-002   1.0018933064702198        1.0101010101010102E-002   1.0018933064702198        1.0000000000000000        2.0190409398157527E-004
   1.0606003985990011        3.8015461685841335E-006   1.2121212121212121E-002   1.0018911852716785        1.0101010101010102E-002   1.0018911852716785        1.0000000000000000        2.4049095973666113E-004
   1.0707005230655471        4.3942808297478270E-006   1.2121212121212121E-002   1.0018886986825593        1.0101010101010102E-002   1.0018886986825593        1.0000000000000000        2.7811151424295133E-004
   1.0808006738848346        4.9685174615485636E-006   1.2121212121212121E-002   1.0018858567006541        1.0101010101010102E-002   1.0018858567006541        1.0000000000000000        3.1461417049083451E-004
   1.0909008545157450        5.5218691785941854E-006   1.2121212121212121E-002   1.0018826707556785        1.0101010101010102E-002   1.0018826707556785        1.0000000000000000        7.6307870127701989     
   1.1010010682973159        6.0520486762851229E-006   1.2121212121212121E-002   1.0018791536616833        1.0101010101010102E-002   1.0018791536616833        1.0000000000000000        93.411342686562548     
  -1.0100043895345467E-002  -6.4948618172911235E-007   1.2121212121212121E-002   1.0018979895000069        1.0101010101010102E-002   1.0018979895000069        1.0000000000000000       -4.1037813288014036E-005
  -2.0200091679279053E-002  -1.2962294294405652E-006   1.2121212121212121E-002   1.0018973999822340        1.0101010101010102E-002   1.0018973999822340        1.0000000000000000       -8.1910490167480532E-005
  -3.0300147224690765E-002  -1.9374913062525294E-006   1.2121212121212121E-002   1.0018964200861620        1.0101010101010102E-002   1.0018964200861620        1.0000000000000000       -1.2245417935119463E-004
  -4.0400214373335630E-002  -2.5705670259867042E-006   1.2121212121212121E-002   1.0018950537505378        1.0101010101010102E-002   1.0018950537505378        1.0000000000000000       -1.6250582984866924E-004
  -5.0500296920347854E-002  -3.1927903123838145E-006   1.2121212121212121E-002   1.0018933064701547        1.0101010101010102E-002   1.0018933064701547        1.0000000000000000       -2.0190410593912134E-004
  -6.0600398598952832E-002  -3.8015463332613548E-006   1.2121212121212121E-002   1.0018911852715404        1.0101010101010102E-002   1.0018911852715404        1.0000000000000000       -2.4049096079981069E-004
  -7.0700523065501009E-002  -4.3942806846420029E-006   1.2121212121212121E-002   1.0018886986826401        1.0101010101010102E-002   1.0018886986826401        1.0000000000000000       -2.7811147146916682E-004
  -8.0800673884784180E-002  -4.9685167632048141E-006   1.2121212121212121E-002   1.0018858567006783        1.0101010101010102E-002   1.0018858567006783        1.0000000000000000       -3.1461422123424398E-004
  -9.0900854515698737E-002  -5.5218698842922383E-006   1.2121212121212121E-002   1.0018826707557154        1.0101010101010102E-002   1.0018826707557154        1.0000000000000000       -7.6307870127152029     
 -0.10100106829726463       -6.0520485200981699E-006   1.2121212121212121E-002   1.0018791536616170        1.0101010101010102E-002   1.0018791536616170        1.0000000000000000       -93.411342686595603     
