 # x v h rho m p cs a
   29.801212121217695     
   2.6322154169606015E-014  -9.5031322878254049E-013   1.2121212121212121E-002   1.0018485460833793        1.0101010101010102E-002   1.0018485460833793        1.0000000000000000        4.8073545144688978E-011
   1.0100534414282727E-002   5.5235880730710468E-006   1.2121212121212121E-002   1.0018484496919757        1.0101010101010102E-002   1.0018484496919757        1.0000000000000000        2.0104490340955294E-005
   2.0201070733598014E-002   1.1025007801697690E-005   1.2121212121212121E-002   1.0018481608980685        1.0101010101010102E-002   1.0018481608980685        1.0000000000000000        4.0129803051236479E-005
   3.0301610855525449E-002   1.6482175298701850E-005   1.2121212121212121E-002   1.0018476808384063        1.0101010101010102E-002   1.0018476808384063        1.0000000000000000        5.9997252272125934E-005
   4.0402156662664557E-002   2.1873187125969690E-005   1.2121212121212121E-002   1.0018470114047626        1.0101010101010102E-002   1.0018470114047626        1.0000000000000000        7.9628076307791673E-005
   5.0502710015196225E-002   2.7176403845474482E-005   1.2121212121212121E-002   1.0018461552392364        1.0101010101010102E-002   1.0018461552392364        1.0000000000000000        9.8944587944238549E-005
   6.0603272743506596E-002   3.2370529285793508E-005   1.2121212121212121E-002   1.0018451157183821        1.0101010101010102E-002   1.0018451157183821        1.0000000000000000        1.1787133274498984E-004
   7.0703846641065021E-002   3.7434702286747989E-005   1.2121212121212121E-002   1.0018438969418821        1.0101010101010102E-002   1.0018438969418821        1.0000000000000000        1.3633298858461984E-004
   8.0804433457265568E-002   4.2348583754518182E-005   1.2121212121212121E-002   1.0018425037227099        1.0101010101010102E-002   1.0018425037227099        1.0000000000000000        1.5425612254826859E-004
   9.0905034890475162E-002   4.7092428632871109E-005   1.2121212121212121E-002   1.0018409415659759        1.0101010101010102E-002   1.0018409415659759        1.0000000000000000        1.7156978499155429E-004
  0.10100565258131168        5.1647169598439800E-005   1.2121212121212121E-002   1.0018392166462160        1.0101010101010102E-002   1.0018392166462160        1.0000000000000000        1.8820537910002599E-004
  0.11110628810614187        5.5994489869831629E-005   1.2121212121212121E-002   1.0018373357850880        1.0101010101010102E-002   1.0018373357850880        1.0000000000000000        2.0409654309982983E-004
  0.12120694297080123        6.0116902928444624E-005   1.2121212121212121E-002   1.0018353064297909        1.0101010101010102E-002   1.0018353064297909        1.0000000000000000        2.1917913405555822E-004
  0.13130761860450274        6.3997819555228089E-005   1.2121212121212121E-002   1.0018331366238833        1.0101010101010102E-002   1.0018331366238833        1.0000000000000000        2.3339291949042718E-004
  0.14140831635413434        6.7621610122154928E-005   1.2121212121212121E-002   1.0018308349719147        1.0101010101010102E-002   1.0018308349719147        1.0000000000000000        2.4668112919190577E-004
  0.15150903747888994        7.0973668755060782E-005   1.2121212121212121E-002   1.0018284106107258        1.0101010101010102E-002   1.0018284106107258        1.0000000000000000        2.5898952076719439E-004
  0.16160978314511359        7.4040483648974808E-005   1.2121212121212121E-002   1.0018258731771077        1.0101010101010102E-002   1.0018258731771077        1.0000000000000000        2.7026801510565690E-004
  0.17171055442156244        7.6809677686498501E-005   1.2121212121212121E-002   1.0018232327679726        1.0101010101010102E-002   1.0018232327679726        1.0000000000000000        2.8047066122294240E-004
  0.18181135227505249        7.9270061960579264E-005   1.2121212121212121E-002   1.0018204999010967        1.0101010101010102E-002   1.0018204999010967        1.0000000000000000        2.8955567329003173E-004
  0.19191217756648934        8.1411684250761598E-005   1.2121212121212121E-002   1.0018176854737511        1.0101010101010102E-002   1.0018176854737511        1.0000000000000000        2.9748561345144253E-004
  0.20201303104734478        8.3225872392473003E-005   1.2121212121212121E-002   1.0018148007255359        1.0101010101010102E-002   1.0018148007255359        1.0000000000000000        3.0422647749439591E-004
  0.21211391335639510        8.4705265740893046E-005   1.2121212121212121E-002   1.0018118571919838        1.0101010101010102E-002   1.0018118571919838        1.0000000000000000        3.0975048142867223E-004
  0.22221482501712850        8.5843842901420263E-005   1.2121212121212121E-002   1.0018088666564458        1.0101010101010102E-002   1.0018088666564458        1.0000000000000000        3.1403368059557124E-004
  0.23231576643544502        8.6636951651996845E-005   1.2121212121212121E-002   1.0018058411065820        1.0101010101010102E-002   1.0018058411065820        1.0000000000000000        3.1705740036880314E-004
  0.24241673789790619        8.7081329764583833E-005   1.2121212121212121E-002   1.0018027926869055        1.0101010101010102E-002   1.0018027926869055        1.0000000000000000        3.1880749279711296E-004
  0.25251773957038304        8.7175119699216039E-005   1.2121212121212121E-002   1.0017997336519802        1.0101010101010102E-002   1.0017997336519802        1.0000000000000000        3.1927509254536801E-004
  0.26261877149721902        8.6917867093055527E-005   1.2121212121212121E-002   1.0017966763148634        1.0101010101010102E-002   1.0017966763148634        1.0000000000000000        3.1845683164988259E-004
  0.27271983360090596        8.6310536437562955E-005   1.2121212121212121E-002   1.0017936329960309        1.0101010101010102E-002   1.0017936329960309        1.0000000000000000        3.1635448416711398E-004
  0.28282092568226630        8.5355501272370426E-005   1.2121212121212121E-002   1.0017906159780599        1.0101010101010102E-002   1.0017906159780599        1.0000000000000000        3.1297410288733118E-004
  0.29292204742100558        8.4056542820990423E-005   1.2121212121212121E-002   1.0017876374557155        1.0101010101010102E-002   1.0017876374557155        1.0000000000000000        3.0832789884183143E-004
  0.30302319837687963        8.2418825360942483E-005   1.2121212121212121E-002   1.0017847094809496        1.0101010101010102E-002   1.0017847094809496        1.0000000000000000        3.0243339623847731E-004
  0.31312437799136023        8.0448881094012054E-005   1.2121212121212121E-002   1.0017818439166595        1.0101010101010102E-002   1.0017818439166595        1.0000000000000000        2.9531248823655432E-004
  0.32322558558969766        7.8154589183577954E-005   1.2121212121212121E-002   1.0017790523897143        1.0101010101010102E-002   1.0017790523897143        1.0000000000000000        2.8699244110974576E-004
  0.33332682038351125        7.5545142381561100E-005   1.2121212121212121E-002   1.0017763462406395        1.0101010101010102E-002   1.0017763462406395        1.0000000000000000        2.7750565379847103E-004
  0.34342808147385656        7.2631008602823697E-005   1.2121212121212121E-002   1.0017737364753669        1.0101010101010102E-002   1.0017737364753669        1.0000000000000000        2.6688953722597830E-004
  0.35352936785476818        6.9423885461539163E-005   1.2121212121212121E-002   1.0017712337189522        1.0101010101010102E-002   1.0017712337189522        1.0000000000000000        2.5518607833863172E-004
  0.36363067841724994        6.5936663362991721E-005   1.2121212121212121E-002   1.0017688481746883        1.0101010101010102E-002   1.0017688481746883        1.0000000000000000        2.4244123205363621E-004
  0.37373201195360772        6.2183374462680520E-005   1.2121212121212121E-002   1.0017665895789298        1.0101010101010102E-002   1.0017665895789298        1.0000000000000000        2.2870642830419285E-004
  0.38383336716234251        5.8179123066414921E-005   1.2121212121212121E-002   1.0017644671568271        1.0101010101010102E-002   1.0017644671568271        1.0000000000000000        2.1403684895648922E-004
  0.39393474265337364        5.3940034353133811E-005   1.2121212121212121E-002   1.0017624895867749        1.0101010101010102E-002   1.0017624895867749        1.0000000000000000        1.9849141308014850E-004
  0.40403613695361157        4.9483191398633752E-005   1.2121212121212121E-002   1.0017606649618738        1.0101010101010102E-002   1.0017606649618738        1.0000000000000000        1.8213322832760781E-004
  0.41413754851296175        4.4826563573389109E-005   1.2121212121212121E-002   1.0017590007568598        1.0101010101010102E-002   1.0017590007568598        1.0000000000000000        1.6502820594688217E-004
  0.42423897571053631        3.9988932092962327E-005   1.2121212121212121E-002   1.0017575037933695        1.0101010101010102E-002   1.0017575037933695        1.0000000000000000        1.4724670972743326E-004
  0.43434041686135771        3.4989810637107597E-005   1.2121212121212121E-002   1.0017561802102954        1.0101010101010102E-002   1.0017561802102954        1.0000000000000000        1.2886078076679297E-004
  0.44444187022316367        2.9849376588161627E-005   1.2121212121212121E-002   1.0017550354422440        1.0101010101010102E-002   1.0017550354422440        1.0000000000000000        1.0994533840946730E-004
  0.45454333400350738        2.4588382993592630E-005   1.2121212121212121E-002   1.0017540741909134        1.0101010101010102E-002   1.0017540741909134        1.0000000000000000        9.0578356573445262E-005
  0.46464480636715716        1.9228072312880181E-005   1.2121212121212121E-002   1.0017533004040813        1.0101010101010102E-002   1.0017533004040813        1.0000000000000000        7.0839192128246964E-005
  0.47474628544361142        1.3790089697136852E-005   1.2121212121212121E-002   1.0017527172622211        1.0101010101010102E-002   1.0017527172622211        1.0000000000000000        5.0808593933027169E-005
  0.48484776933474633        8.2963982910806296E-006   1.2121212121212121E-002   1.0017523271636131        1.0101010101010102E-002   1.0017523271636131        1.0000000000000000        3.0568982531065103E-005
  0.49494925612263546        2.7691947363999080E-006   1.2121212121212121E-002   1.0017521317127873        1.0101010101010102E-002   1.0017521317127873        1.0000000000000000        1.0203581553014374E-005
  0.50505074387742599       -2.7691942222547664E-006   1.2121212121212121E-002   1.0017521317128926        1.0101010101010102E-002   1.0017521317128926        1.0000000000000000       -1.0203601818581376E-005
  0.51515223066531235       -8.2963989782596624E-006   1.2121212121212121E-002   1.0017523271635813        1.0101010101010102E-002   1.0017523271635813        1.0000000000000000       -3.0568934472618992E-005
  0.52525371455645087       -1.3790089968647512E-005   1.2121212121212121E-002   1.0017527172621676        1.0101010101010102E-002   1.0017527172621676        1.0000000000000000       -5.0808641208099914E-005
  0.53535519363290329       -1.9228071790959824E-005   1.2121212121212121E-002   1.0017533004043588        1.0101010101010102E-002   1.0017533004043588        1.0000000000000000       -7.0839208362372119E-005
  0.54545666599654807       -2.4588383368193835E-005   1.2121212121212121E-002   1.0017540741908417        1.0101010101010102E-002   1.0017540741908417        1.0000000000000000       -9.0578272716967945E-005
  0.55555812977689911       -2.9849376502924779E-005   1.2121212121212121E-002   1.0017550354422804        1.0101010101010102E-002   1.0017550354422804        1.0000000000000000       -1.0994544226683445E-004
  0.56565958313869713       -3.4989810689720710E-005   1.2121212121212121E-002   1.0017561802104986        1.0101010101010102E-002   1.0017561802104986        1.0000000000000000       -1.2886071081563699E-004
  0.57576102428952147       -3.9988931682096704E-005   1.2121212121212121E-002   1.0017575037932300        1.0101010101010102E-002   1.0017575037932300        1.0000000000000000       -1.4724671384591659E-004
  0.58586245148709670       -4.4826563564742650E-005   1.2121212121212121E-002   1.0017590007567803        1.0101010101010102E-002   1.0017590007567803        1.0000000000000000       -1.6502820330988044E-004
  0.59596386304644711       -4.9483191010694472E-005   1.2121212121212121E-002   1.0017606649615582        1.0101010101010102E-002   1.0017606649615582        1.0000000000000000       -1.8213318773341314E-004
  0.60606525734669203       -5.3940034608266829E-005   1.2121212121212121E-002   1.0017624895867485        1.0101010101010102E-002   1.0017624895867485        1.0000000000000000       -1.9849151724571357E-004
  0.61616663283771667       -5.8179122980324505E-005   1.2121212121212121E-002   1.0017644671570465        1.0101010101010102E-002   1.0017644671570465        1.0000000000000000       -2.1403678879838850E-004
  0.62626798804645201       -6.2183374873046515E-005   1.2121212121212121E-002   1.0017665895785897        1.0101010101010102E-002   1.0017665895785897        1.0000000000000000       -2.2870637938332550E-004
  0.63636932158281811       -6.5936663317683414E-005   1.2121212121212121E-002   1.0017688481749030        1.0101010101010102E-002   1.0017688481749030        1.0000000000000000       -2.4244139256346386E-004
  0.64647063214528655       -6.9423884867996966E-005   1.2121212121212121E-002   1.0017712337193354        1.0101010101010102E-002   1.0017712337193354        1.0000000000000000       -2.5518595726126136E-004
  0.65657191852620256       -7.2631008554907260E-005   1.2121212121212121E-002   1.0017737364751580        1.0101010101010102E-002   1.0017737364751580        1.0000000000000000       -2.6688953286413408E-004
  0.66667317961654871       -7.5545142830219625E-005   1.2121212121212121E-002   1.0017763462404015        1.0101010101010102E-002   1.0017763462404015        1.0000000000000000       -2.7750564275486056E-004
  0.67677441441036634       -7.8154588823851288E-005   1.2121212121212121E-002   1.0017790523896224        1.0101010101010102E-002   1.0017790523896224        1.0000000000000000       -2.8699249112129621E-004
  0.68687562200870189       -8.0448881185991958E-005   1.2121212121212121E-002   1.0017818439168884        1.0101010101010102E-002   1.0017818439168884        1.0000000000000000       -2.9531250724090796E-004
  0.69697680162317921       -8.2418825827734941E-005   1.2121212121212121E-002   1.0017847094811339        1.0101010101010102E-002   1.0017847094811339        1.0000000000000000       -3.0243336724211645E-004
  0.70707795257905248       -8.4056542606323110E-005   1.2121212121212121E-002   1.0017876374556161        1.0101010101010102E-002   1.0017876374556161        1.0000000000000000       -3.0832786636825205E-004
  0.71717907431779504       -8.5355501560045868E-005   1.2121212121212121E-002   1.0017906159779626        1.0101010101010102E-002   1.0017906159779626        1.0000000000000000       -3.1297413221764714E-004
  0.72728016639915405       -8.6310535844707654E-005   1.2121212121212121E-002   1.0017936329959876        1.0101010101010102E-002   1.0017936329959876        1.0000000000000000       -3.1635446909472620E-004
  0.73738122850284338       -8.6917867723363846E-005   1.2121212121212121E-002   1.0017966763149879        1.0101010101010102E-002   1.0017966763149879        1.0000000000000000       -3.1845688552678553E-004
  0.74748226042967447       -8.7175119371419099E-005   1.2121212121212121E-002   1.0017997336522202        1.0101010101010102E-002   1.0017997336522202        1.0000000000000000       -3.1927506052742416E-004
  0.75758326210215066       -8.7081329740330745E-005   1.2121212121212121E-002   1.0018027926868249        1.0101010101010102E-002   1.0018027926868249        1.0000000000000000       -3.1880745742007832E-004
  0.76768423356461457       -8.6636952159803627E-005   1.2121212121212121E-002   1.0018058411064388        1.0101010101010102E-002   1.0018058411064388        1.0000000000000000       -3.1705742071430620E-004
  0.77778517498293154       -8.5843843010852949E-005   1.2121212121212121E-002   1.0018088666564482        1.0101010101010102E-002   1.0018088666564482        1.0000000000000000       -3.1403368969051826E-004
  0.78788608664366400       -8.4705265492594363E-005   1.2121212121212121E-002   1.0018118571919195        1.0101010101010102E-002   1.0018118571919195        1.0000000000000000       -3.0975046254511085E-004
  0.79798696895271704       -8.3225872245180872E-005   1.2121212121212121E-002   1.0018148007256542        1.0101010101010102E-002   1.0018148007256542        1.0000000000000000       -3.0422653407313760E-004
  0.80808782243356714       -8.1411684577835917E-005   1.2121212121212121E-002   1.0018176854738998        1.0101010101010102E-002   1.0018176854738998        1.0000000000000000       -2.9748556457853681E-004
  0.81818864772500588       -7.9270061576751759E-005   1.2121212121212121E-002   1.0018204999009863        1.0101010101010102E-002   1.0018204999009863        1.0000000000000000       -2.8955566422883550E-004
  0.82828944557849637       -7.6809677204010116E-005   1.2121212121212121E-002   1.0018232327676979        1.0101010101010102E-002   1.0018232327676979        1.0000000000000000       -2.8047063394520677E-004
  0.83839021685495085       -7.4040483654651772E-005   1.2121212121212121E-002   1.0018258731770471        1.0101010101010102E-002   1.0018258731770471        1.0000000000000000       -2.7026808985119999E-004
  0.84849096252117007       -7.0973669163261463E-005   1.2121212121212121E-002   1.0018284106108850        1.0101010101010102E-002   1.0018284106108850        1.0000000000000000       -2.5898949449576492E-004
  0.85859168364592642       -6.7621609949140629E-005   1.2121212121212121E-002   1.0018308349719838        1.0101010101010102E-002   1.0018308349719838        1.0000000000000000       -2.4668113692172255E-004
  0.86869238139555593       -6.3997819352732001E-005   1.2121212121212121E-002   1.0018331366238566        1.0101010101010102E-002   1.0018331366238566        1.0000000000000000       -2.3339288884027809E-004
  0.87879305702926014       -6.0116903131084205E-005   1.2121212121212121E-002   1.0018353064297250        1.0101010101010102E-002   1.0018353064297250        1.0000000000000000       -2.1917915699631862E-004
  0.88889371189391819       -5.5994490409836214E-005   1.2121212121212121E-002   1.0018373357850294        1.0101010101010102E-002   1.0018373357850294        1.0000000000000000       -2.0409651983666066E-004
  0.89899434741875073       -5.1647168929313147E-005   1.2121212121212121E-002   1.0018392166461276        1.0101010101010102E-002   1.0018392166461276        1.0000000000000000       -1.8820539928920965E-004
  0.90909496510958709       -4.7092428601257223E-005   1.2121212121212121E-002   1.0018409415660849        1.0101010101010102E-002   1.0018409415660849        1.0000000000000000       -1.7156980330756966E-004
  0.91919556654279422       -4.2348583659371297E-005   1.2121212121212121E-002   1.0018425037227885        1.0101010101010102E-002   1.0018425037227885        1.0000000000000000       -1.5425610359720565E-004
  0.92929615335899596       -3.7434702448799067E-005   1.2121212121212121E-002   1.0018438969420367        1.0101010101010102E-002   1.0018438969420367        1.0000000000000000       -1.3633301785809238E-004
  0.93939672725654955       -3.2370529177283200E-005   1.2121212121212121E-002   1.0018451157183197        1.0101010101010102E-002   1.0018451157183197        1.0000000000000000       -1.1787125936457699E-004
  0.94949728998486649       -2.7176403442545663E-005   1.2121212121212121E-002   1.0018461552392259        1.0101010101010102E-002   1.0018461552392259        1.0000000000000000       -9.8944675261947168E-005
  0.95959784333739206       -2.1873188227904948E-005   1.2121212121212121E-002   1.0018470114049174        1.0101010101010102E-002   1.0018470114049174        1.0000000000000000       -7.9628015697608134E-005
  0.96969838914453288       -1.6482175151594667E-005   1.2121212121212121E-002   1.0018476808380732        1.0101010101010102E-002   1.0018476808380732        1.0000000000000000       -5.9997217106477763E-005
  0.97979892926646694       -1.1025006957704356E-005   1.2121212121212121E-002   1.0018481608981686        1.0101010101010102E-002   1.0018481608981686        1.0000000000000000       -4.0129926381027303E-005
  0.98989946558577335       -5.5235883402429168E-006   1.2121212121212121E-002   1.0018484496923847        1.0101010101010102E-002   1.0018484496923847        1.0000000000000000       -2.0104438483770082E-005
   1.0000000000000293        2.0039223855977247E-013   1.2121212121212121E-002   1.0018485460833750        1.0101010101010102E-002   1.0018485460833750        1.0000000000000000       -7.8790307611598109E-012
   1.0101005344142828        5.4741653958470389E-006   1.2121212121212121E-002   1.0018484496919757        1.0101010101010102E-002   1.0018484496919757        1.0000000000000000        2.0104505413343077E-005
   1.0202010707335980        1.0926357062926245E-005   1.2121212121212121E-002   1.0018481608980685        1.0101010101010102E-002   1.0018481608980685        1.0000000000000000        4.0129814429690214E-005
   1.0303016108555254        1.6334684758077531E-005   1.2121212121212121E-002   1.0018476808384063        1.0101010101010102E-002   1.0018476808384063        1.0000000000000000        5.9997252827237446E-005
   1.0404021566626644        2.1677438550857283E-005   1.2121212121212121E-002   1.0018470114047626        1.0101010101010102E-002   1.0018470114047626        1.0000000000000000        7.9628078241356093E-005
   1.0505027100151962        2.6933169807220681E-005   1.2121212121212121E-002   1.0018461552392364        1.0101010101010102E-002   1.0018461552392364        1.0000000000000000        9.8944587039184739E-005
   1.0606032727435066        3.2080768142383344E-005   1.2121212121212121E-002   1.0018451157183821        1.0101010101010102E-002   1.0018451157183821        1.0000000000000000        1.1787133137541872E-004
   1.0707038466410650        3.7099557621654755E-005   1.2121212121212121E-002   1.0018438969418821        1.0101010101010102E-002   1.0018438969418821        1.0000000000000000        1.3633298918236392E-004
   1.0808044334572655        4.1969379449459949E-005   1.2121212121212121E-002   1.0018425037227099        1.0101010101010102E-002   1.0018425037227099        1.0000000000000000        1.5425612363895169E-004
   1.0909050348904752        4.6670663086888801E-005   1.2121212121212121E-002   1.0018409415659759        1.0101010101010102E-002   1.0018409415659759        1.0000000000000000        7.6279323911806927     
   1.1010056525813117        5.1184509842175710E-005   1.2121212121212121E-002   1.0018392166462160        1.0101010101010102E-002   1.0018392166462160        1.0000000000000000        93.409756451513928     
  -1.0100534414226647E-002  -5.4741657721141326E-006   1.2121212121212121E-002   1.0018484496923847        1.0101010101010102E-002   1.0018484496923847        1.0000000000000000       -2.0104455630054474E-005
  -2.0201070733533055E-002  -1.0926355980993679E-005   1.2121212121212121E-002   1.0018481608981686        1.0101010101010102E-002   1.0018481608981686        1.0000000000000000       -4.0129937644906022E-005
  -3.0301610855467120E-002  -1.6334684700883068E-005   1.2121212121212121E-002   1.0018476808380732        1.0101010101010102E-002   1.0018476808380732        1.0000000000000000       -5.9997217103813227E-005
  -4.0402156662607935E-002  -2.1677439730902718E-005   1.2121212121212121E-002   1.0018470114049174        1.0101010101010102E-002   1.0018470114049174        1.0000000000000000       -7.9628015695831778E-005
  -5.0502710015133512E-002  -2.6933169237589923E-005   1.2121212121212121E-002   1.0018461552392259        1.0101010101010102E-002   1.0018461552392259        1.0000000000000000       -9.8944675263723525E-005
  -6.0603272743450454E-002  -3.2080768210933822E-005   1.2121212121212121E-002   1.0018451157183197        1.0101010101010102E-002   1.0018451157183197        1.0000000000000000       -1.1787125936457699E-004
  -7.0703846641004042E-002  -3.7099557702047248E-005   1.2121212121212121E-002   1.0018438969420367        1.0101010101010102E-002   1.0018438969420367        1.0000000000000000       -1.3633301786963870E-004
  -8.0804433457205782E-002  -4.1969379401589983E-005   1.2121212121212121E-002   1.0018425037227885        1.0101010101010102E-002   1.0018425037227885        1.0000000000000000       -1.5425610359276476E-004
  -9.0905034890412906E-002  -4.6670663002168302E-005   1.2121212121212121E-002   1.0018409415660849        1.0101010101010102E-002   1.0018409415660849        1.0000000000000000       -7.6279323911913792     
 -0.10100565258124927       -5.1184509165351506E-005   1.2121212121212121E-002   1.0018392166461276        1.0101010101010102E-002   1.0018392166461276        1.0000000000000000       -93.409756451523762     
