 # x v h rho m p cs a
   26.700606060609910     
   2.3606716907760246E-014  -9.2119712531491419E-013   1.2121212121212121E-002   1.0018944223800732        1.0101010101010102E-002   1.0018944223800732        1.0000000000000000        9.3391960831468168E-012
   1.0100081085825427E-002  -1.8869871142786543E-006   1.2121212121212121E-002   1.0018942327688158        1.0101010101010102E-002   1.0018942327688158        1.0000000000000000        3.9545138144525538E-005
   2.0200165918754179E-002  -3.7664845192218241E-006   1.2121212121212121E-002   1.0018936647040637        1.0101010101010102E-002   1.0018936647040637        1.0000000000000000        7.8929995329879432E-005
   3.0300258230752494E-002  -5.6310330990093248E-006   1.2121212121212121E-002   1.0018927204896741        1.0101010101010102E-002   1.0018927204896741        1.0000000000000000        1.1799484092378520E-004
   4.0400361723442836E-002  -7.4732302560186740E-006   1.2121212121212121E-002   1.0018914039553348        1.0101010101010102E-002   1.0018914039553348        1.0000000000000000        1.5658132027152050E-004
   5.0500480053125130E-002  -9.2857543651047319E-006   1.2121212121212121E-002   1.0018897204398822        1.0101010101010102E-002   1.0018897204398822        1.0000000000000000        1.9453318520579188E-004
   6.0600616815970676E-002  -1.1061397275211751E-005   1.2121212121212121E-002   1.0018876767686253        1.0101010101010102E-002   1.0018876767686253        1.0000000000000000        2.3169677700352054E-004
   7.0700775533472052E-002  -1.2793098583439949E-005   1.2121212121212121E-002   1.0018852812273120        1.0101010101010102E-002   1.0018852812273120        1.0000000000000000        2.6792127291397350E-004
   8.0800959638138548E-002  -1.4473958372742345E-005   1.2121212121212121E-002   1.0018825435268670        1.0101010101010102E-002   1.0018825435268670        1.0000000000000000        3.0306035020100097E-004
   9.0901172459646531E-002  -1.6097268126554544E-005   1.2121212121212121E-002   1.0018794747618325        1.0101010101010102E-002   1.0018794747618325        1.0000000000000000        3.3697183767333883E-004
  0.10100141721136070       -1.7656542709926439E-005   1.2121212121212121E-002   1.0018760873661559        1.0101010101010102E-002   1.0018760873661559        1.0000000000000000        3.6951864188772277E-004
  0.11110169697734575       -1.9145546577081461E-005   1.2121212121212121E-002   1.0018723950613451        1.0101010101010102E-002   1.0018723950613451        1.0000000000000000        4.0056934143617440E-004
  0.12120201469991672       -2.0558309501008625E-005   1.2121212121212121E-002   1.0018684128004502        1.0101010101010102E-002   1.0018684128004502        1.0000000000000000        4.2999852121994309E-004
  0.13130237316775117       -2.1889149065345672E-005   1.2121212121212121E-002   1.0018641567061251        1.0101010101010102E-002   1.0018641567061251        1.0000000000000000        4.5768767843590297E-004
  0.14140277500466061       -2.3132705527998398E-005   1.2121212121212121E-002   1.0018596440030376        1.0101010101010102E-002   1.0018596440030376        1.0000000000000000        4.8352544969176847E-004
  0.15150322265904453       -2.4283961792031029E-005   1.2121212121212121E-002   1.0018548929493714        1.0101010101010102E-002   1.0018548929493714        1.0000000000000000        5.0740759280110126E-004
  0.16160371839400189       -2.5338249507263412E-005   1.2121212121212121E-002   1.0018499227618456        1.0101010101010102E-002   1.0018499227618456        1.0000000000000000        5.2923836958918002E-004
  0.17170426427826338       -2.6291275213316088E-005   1.2121212121212121E-002   1.0018447535341175        1.0101010101010102E-002   1.0018447535341175        1.0000000000000000        5.4893054384752560E-004
  0.18180486217792635       -2.7139150334808796E-005   1.2121212121212121E-002   1.0018394061561187        1.0101010101010102E-002   1.0018394061561187        1.0000000000000000        5.6640518817463459E-004
  0.19190551374897130       -2.7878396736868021E-005   1.2121212121212121E-002   1.0018339022307550        1.0101010101010102E-002   1.0018339022307550        1.0000000000000000        5.8159237348753834E-004
  0.20200622043063490       -2.8505960946672474E-005   1.2121212121212121E-002   1.0018282639846727        1.0101010101010102E-002   1.0018282639846727        1.0000000000000000        5.9443179870388718E-004
  0.21210698343969001       -2.9019222964867314E-005   1.2121212121212121E-002   1.0018225141748902        1.0101010101010102E-002   1.0018225141748902        1.0000000000000000        6.0487302705780621E-004
  0.22220780376567320       -2.9416025618798360E-005   1.2121212121212121E-002   1.0018166759978628        1.0101010101010102E-002   1.0018166759978628        1.0000000000000000        6.1287467016590824E-004
  0.23230868216695677       -2.9694675230029988E-005   1.2121212121212121E-002   1.0018107729989987        1.0101010101010102E-002   1.0018107729989987        1.0000000000000000        6.1840513983923984E-004
  0.24240961916774673       -2.9853941863243722E-005   1.2121212121212121E-002   1.0018048289740533        1.0101010101010102E-002   1.0018048289740533        1.0000000000000000        6.2144362945293352E-004
  0.25251061505611633       -2.9893072809105905E-005   1.2121212121212121E-002   1.0017988678703258        1.0101010101010102E-002   1.0017988678703258        1.0000000000000000        6.2197916757877891E-004
  0.26261166988296719       -2.9811804446639720E-005   1.2121212121212121E-002   1.0017929136939414        1.0101010101010102E-002   1.0017929136939414        1.0000000000000000        6.2001028719294027E-004
  0.27271278346187544       -2.9610357157465379E-005   1.2121212121212121E-002   1.0017869904133077        1.0101010101010102E-002   1.0017869904133077        1.0000000000000000        6.1554609023595219E-004
  0.28281395536996629       -2.9289437196421691E-005   1.2121212121212121E-002   1.0017811218612089        1.0101010101010102E-002   1.0017811218612089        1.0000000000000000        6.0860558839870293E-004
  0.29291518494969765       -2.8850227819769865E-005   1.2121212121212121E-002   1.0017753316375753        1.0101010101010102E-002   1.0017753316375753        1.0000000000000000        5.9921820713526586E-004
  0.30301647131166171       -2.8294404714176977E-005   1.2121212121212121E-002   1.0017696430160430        1.0101010101010102E-002   1.0017696430160430        1.0000000000000000        5.8742237486075766E-004
  0.31311781333821864       -2.7624118977987034E-005   1.2121212121212121E-002   1.0017640788549960        1.0101010101010102E-002   1.0017640788549960        1.0000000000000000        5.7326612470021132E-004
  0.32321920968803453       -2.6841988580927652E-005   1.2121212121212121E-002   1.0017586615014973        1.0101010101010102E-002   1.0017586615014973        1.0000000000000000        5.5680791995715850E-004
  0.33332065880164019       -2.5951087733586603E-005   1.2121212121212121E-002   1.0017534127013368        1.0101010101010102E-002   1.0017534127013368        1.0000000000000000        5.3811461170738539E-004
  0.34342215890774941       -2.4954944822138663E-005   1.2121212121212121E-002   1.0017483535161580        1.0101010101010102E-002   1.0017483535161580        1.0000000000000000        5.1726195769941086E-004
  0.35352370803044114       -2.3857527992945787E-005   1.2121212121212121E-002   1.0017435042389415        1.0101010101010102E-002   1.0017435042389415        1.0000000000000000        4.9433440265733708E-004
  0.36362530399716125       -2.2663219621925077E-005   1.2121212121212121E-002   1.0017388843132036        1.0101010101010102E-002   1.0017388843132036        1.0000000000000000        4.6942462646359928E-004
  0.37372694444750160       -2.1376802208775262E-005   1.2121212121212121E-002   1.0017345122552201        1.0101010101010102E-002   1.0017345122552201        1.0000000000000000        4.4263334052097036E-004
  0.38382862684274310       -2.0003448991737085E-005   1.2121212121212121E-002   1.0017304055805065        1.0101010101010102E-002   1.0017304055805065        1.0000000000000000        4.1406853791770004E-004
  0.39393034847609687       -1.8548699832881667E-005   1.2121212121212121E-002   1.0017265807375115        1.0101010101010102E-002   1.0017265807375115        1.0000000000000000        3.8384481075315335E-004
  0.40403210648354498       -1.7018430480132784E-005   1.2121212121212121E-002   1.0017230530407690        1.0101010101010102E-002   1.0017230530407690        1.0000000000000000        3.5208410013698455E-004
  0.41413389785541777       -1.5418832197339171E-005   1.2121212121212121E-002   1.0017198366099016        1.0101010101010102E-002   1.0017198366099016        1.0000000000000000        3.1891375718284820E-004
  0.42423571944844529       -1.3756389719465949E-005   1.2121212121212121E-002   1.0017169443160112        1.0101010101010102E-002   1.0017169443160112        1.0000000000000000        2.8446694718819998E-004
  0.43433756799838574       -1.2037862162753537E-005   1.2121212121212121E-002   1.0017143877299124        1.0101010101010102E-002   1.0017143877299124        1.0000000000000000        2.4888179056148374E-004
  0.44443944013311332       -1.0270234432894741E-005   1.2121212121212121E-002   1.0017121770774811        1.0101010101010102E-002   1.0017121770774811        1.0000000000000000        2.1230083174295089E-004
  0.45454133238612404       -8.4607008830807215E-006   1.2121212121212121E-002   1.0017103211987941        1.0101010101010102E-002   1.0017103211987941        1.0000000000000000        1.7487071826316480E-004
  0.46464324121043843       -6.6166334474565086E-006   1.2121212121212121E-002   1.0017088275136250        1.0101010101010102E-002   1.0017088275136250        1.0000000000000000        1.3674120720619243E-004
  0.47474516299279168       -4.7455583131651526E-006   1.2121212121212121E-002   1.0017077019936664        1.0101010101010102E-002   1.0017077019936664        1.0000000000000000        9.8064746080872567E-005
  0.48484709406808191       -2.8551102301932002E-006   1.2121212121212121E-002   1.0017069491387522        1.0101010101010102E-002   1.0017069491387522        1.0000000000000000        5.8996058190707856E-005
  0.49494903073403362       -9.5300183209538597E-007   1.2121212121212121E-002   1.0017065719581431        1.0101010101010102E-002   1.0017065719581431        1.0000000000000000        1.9691523787557230E-005
  0.50505096926601956        9.5300141224609744E-007   1.2121212121212121E-002   1.0017065719585372        1.0101010101010102E-002   1.0017065719585372        1.0000000000000000       -1.9691606560456876E-005
  0.51515290593196184        2.8551106904556631E-006   1.2121212121212121E-002   1.0017069491390531        1.0101010101010102E-002   1.0017069491390531        1.0000000000000000       -5.8995960393382063E-005
  0.52525483700725506        4.7455584020482059E-006   1.2121212121212121E-002   1.0017077019935672        1.0101010101010102E-002   1.0017077019935672        1.0000000000000000       -9.8064757114713075E-005
  0.53535675878960831        6.6166334796148209E-006   1.2121212121212121E-002   1.0017088275136603        1.0101010101010102E-002   1.0017088275136603        1.0000000000000000       -1.3674121851092735E-004
  0.54545866761392137        8.4607003122049587E-006   1.2121212121212121E-002   1.0017103211986684        1.0101010101010102E-002   1.0017103211986684        1.0000000000000000       -1.7487068132826522E-004
  0.55556055986693620        1.0270234881068330E-005   1.2121212121212121E-002   1.0017121770773063        1.0101010101010102E-002   1.0017121770773063        1.0000000000000000       -2.1230084918588688E-004
  0.56566243200166266        1.2037862035360225E-005   1.2121212121212121E-002   1.0017143877295036        1.0101010101010102E-002   1.0017143877295036        1.0000000000000000       -2.4888172417281140E-004
  0.57576428055161344        1.3756389582528040E-005   1.2121212121212121E-002   1.0017169443160303        1.0101010101010102E-002   1.0017169443160303        1.0000000000000000       -2.8446711483365306E-004
  0.58586610214463097        1.5418832476519380E-005   1.2121212121212121E-002   1.0017198366106550        1.0101010101010102E-002   1.0017198366106550        1.0000000000000000       -3.1891373827086511E-004
  0.59596789351649582        1.7018430503242852E-005   1.2121212121212121E-002   1.0017230530406254        1.0101010101010102E-002   1.0017230530406254        1.0000000000000000       -3.5208393260965920E-004
  0.60606965152395598        1.8548699459600451E-005   1.2121212121212121E-002   1.0017265807371185        1.0101010101010102E-002   1.0017265807371185        1.0000000000000000       -3.8384491789589248E-004
  0.61617137315730697        2.0003449325488581E-005   1.2121212121212121E-002   1.0017304055807210        1.0101010101010102E-002   1.0017304055807210        1.0000000000000000       -4.1406856237813372E-004
  0.62627305555254575        2.1376802031155248E-005   1.2121212121212121E-002   1.0017345122553827        1.0101010101010102E-002   1.0017345122553827        1.0000000000000000       -4.4263331113114646E-004
  0.63637469600288521        2.2663219856357390E-005   1.2121212121212121E-002   1.0017388843130490        1.0101010101010102E-002   1.0017388843130490        1.0000000000000000       -4.6942458311782786E-004
  0.64647629196960976        2.3857527930298397E-005   1.2121212121212121E-002   1.0017435042387546        1.0101010101010102E-002   1.0017435042387546        1.0000000000000000       -4.9433443792867848E-004
  0.65657784109230111        2.4954944932432487E-005   1.2121212121212121E-002   1.0017483535161540        1.0101010101010102E-002   1.0017483535161540        1.0000000000000000       -5.1726196261547841E-004
  0.66667934119841055        2.5951088427129015E-005   1.2121212121212121E-002   1.0017534127013901        1.0101010101010102E-002   1.0017534127013901        1.0000000000000000       -5.3811462075170624E-004
  0.67678079031201488        2.6841988136260339E-005   1.2121212121212121E-002   1.0017586615015666        1.0101010101010102E-002   1.0017586615015666        1.0000000000000000       -5.5680791327894497E-004
  0.68688218666183076        2.7624118954831749E-005   1.2121212121212121E-002   1.0017640788551001        1.0101010101010102E-002   1.0017640788551001        1.0000000000000000       -5.7326614064656667E-004
  0.69698352868838565        2.8294404127352507E-005   1.2121212121212121E-002   1.0017696430161600        1.0101010101010102E-002   1.0017696430161600        1.0000000000000000       -5.8742235821185318E-004
  0.70708481505034892        2.8850228179385648E-005   1.2121212121212121E-002   1.0017753316374440        1.0101010101010102E-002   1.0017753316374440        1.0000000000000000       -5.9921817367936114E-004
  0.71718604463008429        2.9289436772041200E-005   1.2121212121212121E-002   1.0017811218611548        1.0101010101010102E-002   1.0017811218611548        1.0000000000000000       -6.0860563489839592E-004
  0.72728721653817208        2.9610357566759641E-005   1.2121212121212121E-002   1.0017869904132881        1.0101010101010102E-002   1.0017869904132881        1.0000000000000000       -6.1554605175473398E-004
  0.73738833011708371        2.9811804258569735E-005   1.2121212121212121E-002   1.0017929136939479        1.0101010101010102E-002   1.0017929136939479        1.0000000000000000       -6.2001033596725819E-004
  0.74748938494393158        2.9893073003705267E-005   1.2121212121212121E-002   1.0017988678705971        1.0101010101010102E-002   1.0017988678705971        1.0000000000000000       -6.2197916902473338E-004
  0.75759038083229779        2.9853941919295609E-005   1.2121212121212121E-002   1.0018048289740682        1.0101010101010102E-002   1.0018048289740682        1.0000000000000000       -6.2144357990678856E-004
  0.76769131783309152        2.9694675046083319E-005   1.2121212121212121E-002   1.0018107729990806        1.0101010101010102E-002   1.0018107729990806        1.0000000000000000       -6.1840520086064998E-004
  0.77779219623436946        2.9416025832978031E-005   1.2121212121212121E-002   1.0018166759978733        1.0101010101010102E-002   1.0018166759978733        1.0000000000000000       -6.1287459125214383E-004
  0.78789301656035737        2.9019223403780854E-005   1.2121212121212121E-002   1.0018225141744708        1.0101010101010102E-002   1.0018225141744708        1.0000000000000000       -6.0487301730116627E-004
  0.79799377956941719        2.8505960140991895E-005   1.2121212121212121E-002   1.0018282639844420        1.0101010101010102E-002   1.0018282639844420        1.0000000000000000       -5.9443184472840471E-004
  0.80809448625108060        2.7878396798582246E-005   1.2121212121212121E-002   1.0018339022307345        1.0101010101010102E-002   1.0018339022307345        1.0000000000000000       -5.8159237651889129E-004
  0.81819513782212583        2.7139150717432453E-005   1.2121212121212121E-002   1.0018394061561269        1.0101010101010102E-002   1.0018394061561269        1.0000000000000000       -5.6640519273809531E-004
  0.82829573572178838        2.6291275253286207E-005   1.2121212121212121E-002   1.0018447535341373        1.0101010101010102E-002   1.0018447535341373        1.0000000000000000       -5.4893053690641125E-004
  0.83839628160604962        2.5338249006144297E-005   1.2121212121212121E-002   1.0018499227617521        1.0101010101010102E-002   1.0018499227617521        1.0000000000000000       -5.2923835700191546E-004
  0.84849677734100970        2.4283961953947997E-005   1.2121212121212121E-002   1.0018548929494711        1.0101010101010102E-002   1.0018548929494711        1.0000000000000000       -5.0740764219181500E-004
  0.85859722499538826        2.3132705861767997E-005   1.2121212121212121E-002   1.0018596440029932        1.0101010101010102E-002   1.0018596440029932        1.0000000000000000       -4.8352537198947942E-004
  0.86869762683230412        2.1889148736993015E-005   1.2121212121212121E-002   1.0018641567060276        1.0101010101010102E-002   1.0018641567060276        1.0000000000000000       -4.5768774532017886E-004
  0.87879798530013453        2.0558309479673803E-005   1.2121212121212121E-002   1.0018684128005282        1.0101010101010102E-002   1.0018684128005282        1.0000000000000000       -4.2999848962477216E-004
  0.88889830302270734        1.9145546731658370E-005   1.2121212121212121E-002   1.0018723950612576        1.0101010101010102E-002   1.0018723950612576        1.0000000000000000       -4.0056934019272461E-004
  0.89899858278869249        1.7656542857078725E-005   1.2121212121212121E-002   1.0018760873660093        1.0101010101010102E-002   1.0018760873660093        1.0000000000000000       -3.6951862574774452E-004
  0.90909882754040972        1.6097267751806832E-005   1.2121212121212121E-002   1.0018794747618125        1.0101010101010102E-002   1.0018794747618125        1.0000000000000000       -3.3697188546444323E-004
  0.91919904036191546        1.4473958392901078E-005   1.2121212121212121E-002   1.0018825435271845        1.0101010101010102E-002   1.0018825435271845        1.0000000000000000       -3.0306037405303243E-004
  0.92929922446657709        1.2793098784836950E-005   1.2121212121212121E-002   1.0018852812275008        1.0101010101010102E-002   1.0018852812275008        1.0000000000000000       -2.6792122055940837E-004
  0.93939938318407934        1.1061397521690088E-005   1.2121212121212121E-002   1.0018876767685321        1.0101010101010102E-002   1.0018876767685321        1.0000000000000000       -2.3169676847611953E-004
  0.94949951994692672        9.2857537199646846E-006   1.2121212121212121E-002   1.0018897204399819        1.0101010101010102E-002   1.0018897204399819        1.0000000000000000       -1.9453323510010279E-004
  0.95959963827660510        7.4732302670818535E-006   1.2121212121212121E-002   1.0018914039555757        1.0101010101010102E-002   1.0018914039555757        1.0000000000000000       -1.5658130156026573E-004
  0.96969974176929385        5.6310336406819996E-006   1.2121212121212121E-002   1.0018927204896517        1.0101010101010102E-002   1.0018927204896517        1.0000000000000000       -1.1799480298968490E-004
  0.97979983408129456        3.7664840854170553E-006   1.2121212121212121E-002   1.0018936647039720        1.0101010101010102E-002   1.0018936647039720        1.0000000000000000       -7.8930018267975299E-005
  0.98989991891422324        1.8869873545634753E-006   1.2121212121212121E-002   1.0018942327689333        1.0101010101010102E-002   1.0018942327689333        1.0000000000000000       -3.9545159242315719E-005
   1.0000000000000222        1.0175497586608703E-012   1.2121212121212121E-002   1.0018944223800748        1.0101010101010102E-002   1.0018944223800748        1.0000000000000000        3.5999647707285476E-011
   1.0101000810858254       -1.9826158365103286E-006   1.2121212121212121E-002   1.0018942327688158        1.0101010101010102E-002   1.0018942327688158        1.0000000000000000        3.9545131723883742E-005
   1.0202001659187543       -3.9573543464902658E-006   1.2121212121212121E-002   1.0018936647040637        1.0101010101010102E-002   1.0018936647040637        1.0000000000000000        7.8929987739506657E-005
   1.0303002582307526       -5.9163700460168625E-006   1.2121212121212121E-002   1.0018927204896741        1.0101010101010102E-002   1.0018927204896741        1.0000000000000000        1.1799484017860351E-004
   1.0404003617234427       -7.8518772569944351E-006   1.2121212121212121E-002   1.0018914039553348        1.0101010101010102E-002   1.0018914039553348        1.0000000000000000        1.5658132356044518E-004
   1.0505004800531252       -9.7561765922708469E-006   1.2121212121212121E-002   1.0018897204398822        1.0101010101010102E-002   1.0018897204398822        1.0000000000000000        1.9453318329354374E-004
   1.0606006168159707       -1.1621688404310447E-005   1.2121212121212121E-002   1.0018876767686253        1.0101010101010102E-002   1.0018876767686253        1.0000000000000000        2.3169677623258167E-004
   1.0707007755334721       -1.3440987207109496E-005   1.2121212121212121E-002   1.0018852812273120        1.0101010101010102E-002   1.0018852812273120        1.0000000000000000        2.6792127232688756E-004
   1.0808009596381385       -1.5206819259723429E-005   1.2121212121212121E-002   1.0018825435268670        1.0101010101010102E-002   1.0018825435268670        1.0000000000000000        3.0306035117710906E-004
   1.0909011724596465       -1.6912132420270560E-005   1.2121212121212121E-002   1.0018794747618325        1.0101010101010102E-002   1.0018794747618325        1.0000000000000000        7.6305686459727724     
   1.1010014172113607       -1.8550110023828549E-005   1.2121212121212121E-002   1.0018760873661559        1.0101010101010102E-002   1.0018760873661559        1.0000000000000000        93.411221334576780     
  -1.0100081085776758E-002   1.9826161156489183E-006   1.2121212121212121E-002   1.0018942327689333        1.0101010101010102E-002   1.0018942327689333        1.0000000000000000       -3.9545151226505482E-005
  -2.0200165918705437E-002   3.9573539983618785E-006   1.2121212121212121E-002   1.0018936647039720        1.0101010101010102E-002   1.0018936647039720        1.0000000000000000       -7.8930012968214669E-005
  -3.0300258230706145E-002   5.9163704664257298E-006   1.2121212121212121E-002   1.0018927204896517        1.0101010101010102E-002   1.0018927204896517        1.0000000000000000       -1.1799480299412579E-004
  -4.0400361723394895E-002   7.8518772193542171E-006   1.2121212121212121E-002   1.0018914039555757        1.0101010101010102E-002   1.0018914039555757        1.0000000000000000       -1.5658130157181205E-004
  -5.0500480053073282E-002   9.7561761012539806E-006   1.2121212121212121E-002   1.0018897204399819        1.0101010101010102E-002   1.0018897204399819        1.0000000000000000       -1.9453323509832643E-004
  -6.0600616815920660E-002   1.1621688612142796E-005   1.2121212121212121E-002   1.0018876767685321        1.0101010101010102E-002   1.0018876767685321        1.0000000000000000       -2.3169676847878407E-004
  -7.0700775533422910E-002   1.3440987276212054E-005   1.2121212121212121E-002   1.0018852812275008        1.0101010101010102E-002   1.0018852812275008        1.0000000000000000       -2.6792122055052658E-004
  -8.0800959638084535E-002   1.5206819334768360E-005   1.2121212121212121E-002   1.0018825435271845        1.0101010101010102E-002   1.0018825435271845        1.0000000000000000       -3.0306037404947972E-004
  -9.0901172459590285E-002   1.6912132179400942E-005   1.2121212121212121E-002   1.0018794747618125        1.0101010101010102E-002   1.0018794747618125        1.0000000000000000       -7.6305686460081574     
 -0.10100141721130751        1.8550110123135471E-005   1.2121212121212121E-002   1.0018760873660093        1.0101010101010102E-002   1.0018760873660093        1.0000000000000000       -93.411221334563393     
