 # x v h rho m p cs a
   30.300606060611912     
   3.1692578405522719E-014  -8.8917102637038384E-013   1.2121212121212121E-002   1.0017621798847007        1.0101010101010102E-002   1.0017621798847007        1.0000000000000000       -1.3444356739000796E-011
   1.0101387957140263E-002  -5.8551689348568836E-006   1.2121212121212121E-002   1.0017622573135554        1.0101010101010102E-002   1.0017622573135554        1.0000000000000000       -1.6152007913383670E-005
   2.0202774383673065E-002  -1.1686658718141126E-005   1.2121212121212121E-002   1.0017624892808583        1.0101010101010102E-002   1.0017624892808583        1.0000000000000000       -3.2237444056448794E-005
   3.0304157755360658E-002  -1.7470887199628668E-005   1.2121212121212121E-002   1.0017628748304050        1.0101010101010102E-002   1.0017628748304050        1.0000000000000000       -4.8189919884755739E-005
   4.0405536560535735E-002  -2.3184463170046991E-005   1.2121212121212121E-002   1.0017634123732344        1.0101010101010102E-002   1.0017634123732344        1.0000000000000000       -6.3943828340740083E-005
   5.0506909306348373E-002  -2.8804288614568399E-005   1.2121212121212121E-002   1.0017640996956225        1.0101010101010102E-002   1.0017640996956225        1.0000000000000000       -7.9434422000979055E-005
   6.0608274524899003E-002  -3.4307645338252572E-005   1.2121212121212121E-002   1.0017649339673429        1.0101010101010102E-002   1.0017649339673429        1.0000000000000000       -9.4597809255247967E-005
   7.0709630779296512E-002  -3.9672297935541827E-005   1.2121212121212121E-002   1.0017659117536395        1.0101010101010102E-002   1.0017659117536395        1.0000000000000000       -1.0937175587155679E-004
   8.0810976669558041E-002  -4.4876573729104768E-005   1.2121212121212121E-002   1.0017670290327167        1.0101010101010102E-002   1.0017670290327167        1.0000000000000000       -1.2369603024797726E-004
   9.0912310838309154E-002  -4.9899455237527231E-005   1.2121212121212121E-002   1.0017682812122364        1.0101010101010102E-002   1.0017682812122364        1.0000000000000000       -1.3751181898680187E-004
  0.10101363197636047       -5.4720670124946810E-005   1.2121212121212121E-002   1.0017696631467687        1.0101010101010102E-002   1.0017696631467687        1.0000000000000000       -1.5076255075285871E-004
  0.11111493882807695       -5.9320769699523764E-005   1.2121212121212121E-002   1.0017711691635924        1.0101010101010102E-002   1.0017711691635924        1.0000000000000000       -1.6339478811566721E-004
  0.12121623019642609       -6.3681204719589265E-005   1.2121212121212121E-002   1.0017727930872946        1.0101010101010102E-002   1.0017727930872946        1.0000000000000000       -1.7535710858673781E-004
  0.13131750494786207       -6.7784406885458283E-005   1.2121212121212121E-002   1.0017745282637265        1.0101010101010102E-002   1.0017745282637265        1.0000000000000000       -1.8660108796897390E-004
  0.14141876201691386       -7.1613854558334747E-005   1.2121212121212121E-002   1.0017763675904929        1.0101010101010102E-002   1.0017763675904929        1.0000000000000000       -1.9708159927223079E-004
  0.15152000041045136       -7.5154146711112001E-005   1.2121212121212121E-002   1.0017783035466497        1.0101010101010102E-002   1.0017783035466497        1.0000000000000000       -2.0675651302592968E-004
  0.16162121921169800       -7.8391053189451055E-005   1.2121212121212121E-002   1.0017803282268647        1.0101010101010102E-002   1.0017803282268647        1.0000000000000000       -2.1558777777919147E-004
  0.17172241758380660       -8.1311578972172608E-005   1.2121212121212121E-002   1.0017824333727214        1.0101010101010102E-002   1.0017824333727214        1.0000000000000000       -2.2353979795219914E-004
  0.18182359477326360       -8.3904016011223965E-005   1.2121212121212121E-002   1.0017846104067731        1.0101010101010102E-002   1.0017846104067731        1.0000000000000000       -2.3058164406464243E-004
  0.19192475011279725       -8.6157990926615877E-005   1.2121212121212121E-002   1.0017868504722198        1.0101010101010102E-002   1.0017868504722198        1.0000000000000000       -2.3668598706816368E-004
  0.20202588302397875       -8.8064500621817495E-005   1.2121212121212121E-002   1.0017891444683760        1.0101010101010102E-002   1.0017891444683760        1.0000000000000000       -2.4182933061211997E-004
  0.21212699301944024       -8.9615943646621118E-005   1.2121212121212121E-002   1.0017914830873980        1.0101010101010102E-002   1.0017914830873980        1.0000000000000000       -2.4599198366104247E-004
  0.22222807970475275       -9.0806165319472573E-005   1.2121212121212121E-002   1.0017938568540830        1.0101010101010102E-002   1.0017938568540830        1.0000000000000000       -2.4915873490360951E-004
  0.23232914277984901       -9.1630468229310510E-005   1.2121212121212121E-002   1.0017962561643650        1.0101010101010102E-002   1.0017962561643650        1.0000000000000000       -2.5131795904265175E-004
  0.24243018204014727       -9.2085632845082704E-005   1.2121212121212121E-002   1.0017986713257387        1.0101010101010102E-002   1.0017986713257387        1.0000000000000000       -2.5246289635738606E-004
  0.25253119737717100       -9.2169923926493517E-005   1.2121212121212121E-002   1.0018010925971936        1.0101010101010102E-002   1.0018010925971936        1.0000000000000000       -2.5259018941525824E-004
  0.26263218877887540       -9.1883105913644853E-005   1.2121212121212121E-002   1.0018035102249587        1.0101010101010102E-002   1.0018035102249587        1.0000000000000000       -2.5170059081958129E-004
  0.27273315632958361       -9.1226438207231850E-005   1.2121212121212121E-002   1.0018059144856071        1.0101010101010102E-002   1.0018059144856071        1.0000000000000000       -2.4979969172811423E-004
  0.28283410020943944       -9.0202666480963735E-005   1.2121212121212121E-002   1.0018082957252274        1.0101010101010102E-002   1.0018082957252274        1.0000000000000000       -2.4689646364972617E-004
  0.29293502069357230       -8.8816004527807055E-005   1.2121212121212121E-002   1.0018106443955483        1.0101010101010102E-002   1.0018106443955483        1.0000000000000000       -2.4300401235866076E-004
  0.30303591815084524       -8.7072127401141715E-005   1.2121212121212121E-002   1.0018129510919722        1.0101010101010102E-002   1.0018129510919722        1.0000000000000000       -2.3813918097470577E-004
  0.31313679304226222       -8.4978146685933892E-005   1.2121212121212121E-002   1.0018152065907724        1.0101010101010102E-002   1.0018152065907724        1.0000000000000000       -2.3232293667607706E-004
  0.32323764591898940       -8.2542569620710704E-005   1.2121212121212121E-002   1.0018174018885824        1.0101010101010102E-002   1.0018174018885824        1.0000000000000000       -2.2558029469177399E-004
  0.33333847741995987       -7.9775264047735135E-005   1.2121212121212121E-002   1.0018195282328679        1.0101010101010102E-002   1.0018195282328679        1.0000000000000000       -2.1793857462881761E-004
  0.34343928826931519       -7.6687432497072789E-005   1.2121212121212121E-002   1.0018215771550694        1.0101010101010102E-002   1.0018215771550694        1.0000000000000000       -2.0942972180293395E-004
  0.35354007927336051       -7.3291557424864893E-005   1.2121212121212121E-002   1.0018235405087628        1.0101010101010102E-002   1.0018235405087628        1.0000000000000000       -2.0008897367063128E-004
  0.36364085131722185       -6.9601346116782736E-005   1.2121212121212121E-002   1.0018254104969846        1.0101010101010102E-002   1.0018254104969846        1.0000000000000000       -1.8995406310917673E-004
  0.37374160536128820       -6.5631672432577836E-005   1.2121212121212121E-002   1.0018271797018188        1.0101010101010102E-002   1.0018271797018188        1.0000000000000000       -1.7906628456021423E-004
  0.38384234243727494       -6.1398529873848206E-005   1.2121212121212121E-002   1.0018288411122027        1.0101010101010102E-002   1.0018288411122027        1.0000000000000000       -1.6746919622789846E-004
  0.39394306364412063       -5.6918964331080097E-005   1.2121212121212121E-002   1.0018303881516049        1.0101010101010102E-002   1.0018303881516049        1.0000000000000000       -1.5520992793316424E-004
  0.40404377014350423       -5.2210992866051686E-005   1.2121212121212121E-002   1.0018318147049867        1.0101010101010102E-002   1.0018318147049867        1.0000000000000000       -1.4233758491943860E-004
  0.41414446315519154       -4.7293540390087288E-005   1.2121212121212121E-002   1.0018331151361934        1.0101010101010102E-002   1.0018331151361934        1.0000000000000000       -1.2890294646883405E-004
  0.42424514395223784       -4.2186362786816280E-005   1.2121212121212121E-002   1.0018342843106665        1.0101010101010102E-002   1.0018342843106665        1.0000000000000000       -1.1495983359655071E-004
  0.43434581385587601       -3.6909976090401202E-005   1.2121212121212121E-002   1.0018353176183825        1.0101010101010102E-002   1.0018353176183825        1.0000000000000000       -1.0056382762702043E-004
  0.44444647423024891       -3.1485562168895332E-005   1.2121212121212121E-002   1.0018362109875254        1.0101010101010102E-002   1.0018362109875254        1.0000000000000000       -8.5771622749142296E-005
  0.45454712647704654       -2.5934883171558268E-005   1.2121212121212121E-002   1.0018369608985822        1.0101010101010102E-002   1.0018369608985822        1.0000000000000000       -7.0641663891812811E-005
  0.46464777202995766       -2.0280207902480298E-005   1.2121212121212121E-002   1.0018375643982940        1.0101010101010102E-002   1.0018375643982940        1.0000000000000000       -5.5233592138215215E-005
  0.47474841234902992       -1.4544221509567900E-005   1.2121212121212121E-002   1.0018380191121143        1.0101010101010102E-002   1.0018380191121143        1.0000000000000000       -3.9608474939889504E-005
  0.48484904891487085       -8.7499247919762628E-006   1.2121212121212121E-002   1.0018383232523826        1.0101010101010102E-002   1.0018383232523826        1.0000000000000000       -2.3827629850536880E-005
  0.49494968322284660       -2.9205450956655049E-006   1.2121212121212121E-002   1.0018384756224672        1.0101010101010102E-002   1.0018384756224672        1.0000000000000000       -7.9529775733888641E-006
  0.50505031677721146        2.9205449805970591E-006   1.2121212121212121E-002   1.0018384756223411        1.0101010101010102E-002   1.0018384756223411        1.0000000000000000        7.9530024308382963E-006
  0.51515095108519038        8.7499249781640606E-006   1.2121212121212121E-002   1.0018383232523431        1.0101010101010102E-002   1.0018383232523431        1.0000000000000000        2.3827590943881205E-005
  0.52525158765102875        1.4544221123353038E-005   1.2121212121212121E-002   1.0018380191121010        1.0101010101010102E-002   1.0018380191121010        1.0000000000000000        3.9608504621035934E-005
  0.53535222797010384        2.0280207925084010E-005   1.2121212121212121E-002   1.0018375643983042        1.0101010101010102E-002   1.0018375643983042        1.0000000000000000        5.5233557079148454E-005
  0.54545287352301186        2.5934883394594552E-005   1.2121212121212121E-002   1.0018369608985587        1.0101010101010102E-002   1.0018369608985587        1.0000000000000000        7.0641709934982089E-005
  0.55555352576981276        3.1485561993849638E-005   1.2121212121212121E-002   1.0018362109873351        1.0101010101010102E-002   1.0018362109873351        1.0000000000000000        8.5771608503648622E-005
  0.56565418614418694        3.6909976053148680E-005   1.2121212121212121E-002   1.0018353176184385        1.0101010101010102E-002   1.0018353176184385        1.0000000000000000        1.0056378867506766E-004
  0.57575485604782228        4.2186362862475844E-005   1.2121212121212121E-002   1.0018342843107033        1.0101010101010102E-002   1.0018342843107033        1.0000000000000000        1.1495988290732839E-004
  0.58585553684486968        4.7293540052665012E-005   1.2121212121212121E-002   1.0018331151357247        1.0101010101010102E-002   1.0018331151357247        1.0000000000000000        1.2890299873369315E-004
  0.59595622985656715        5.2210993785391927E-005   1.2121212121212121E-002   1.0018318147050753        1.0101010101010102E-002   1.0018318147050753        1.0000000000000000        1.4233741773050923E-004
  0.60605693635593827        5.6918963844512516E-005   1.2121212121212121E-002   1.0018303881519586        1.0101010101010102E-002   1.0018303881519586        1.0000000000000000        1.5521003664265010E-004
  0.61615765756278817        6.1398530058928008E-005   1.2121212121212121E-002   1.0018288411121266        1.0101010101010102E-002   1.0018288411121266        1.0000000000000000        1.6746917430410235E-004
  0.62625839463877342        6.5631672261748597E-005   1.2121212121212121E-002   1.0018271797019116        1.0101010101010102E-002   1.0018271797019116        1.0000000000000000        1.7906627954911158E-004
  0.63635914868283883        6.9601345643716854E-005   1.2121212121212121E-002   1.0018254104969631        1.0101010101010102E-002   1.0018254104969631        1.0000000000000000        1.8995408738753383E-004
  0.64645992072670155        7.3291557511394933E-005   1.2121212121212121E-002   1.0018235405086233        1.0101010101010102E-002   1.0018235405086233        1.0000000000000000        2.0008897508105861E-004
  0.65656071173074859        7.6687432960827962E-005   1.2121212121212121E-002   1.0018215771550008        1.0101010101010102E-002   1.0018215771550008        1.0000000000000000        2.0942971013937495E-004
  0.66666152258010325        7.9775264484960721E-005   1.2121212121212121E-002   1.0018195282327547        1.0101010101010102E-002   1.0018195282327547        1.0000000000000000        2.1793858778007547E-004
  0.67676235408107743        8.2542568894194309E-005   1.2121212121212121E-002   1.0018174018888233        1.0101010101010102E-002   1.0018174018888233        1.0000000000000000        2.2558020970020465E-004
  0.68686320695779512        8.4978146902586882E-005   1.2121212121212121E-002   1.0018152065908146        1.0101010101010102E-002   1.0018152065908146        1.0000000000000000        2.3232306809450876E-004
  0.69696408184922043        8.7072127863902879E-005   1.2121212121212121E-002   1.0018129510916758        1.0101010101010102E-002   1.0018129510916758        1.0000000000000000        2.3813911369430230E-004
  0.70706497930649292        8.8816004856035195E-005   1.2121212121212121E-002   1.0018106443959580        1.0101010101010102E-002   1.0018106443959580        1.0000000000000000        2.4300393772413997E-004
  0.71716589979061629        9.0202665928918862E-005   1.2121212121212121E-002   1.0018082957253969        1.0101010101010102E-002   1.0018082957253969        1.0000000000000000        2.4689658069299014E-004
  0.72726684367047822        9.1226438029078338E-005   1.2121212121212121E-002   1.0018059144854625        1.0101010101010102E-002   1.0018059144854625        1.0000000000000000        2.4979964647453556E-004
  0.73736781122118400        9.1883106205483184E-005   1.2121212121212121E-002   1.0018035102249419        1.0101010101010102E-002   1.0018035102249419        1.0000000000000000        2.5170061258883436E-004
  0.74746880262289084        9.2169924021563059E-005   1.2121212121212121E-002   1.0018010925971745        1.0101010101010102E-002   1.0018010925971745        1.0000000000000000        2.5259015931133888E-004
  0.75756981795991285        9.2085631959641894E-005   1.2121212121212121E-002   1.0017986713258533        1.0101010101010102E-002   1.0017986713258533        1.0000000000000000        2.5246290573122110E-004
  0.76767085722020967        9.1630468649958008E-005   1.2121212121212121E-002   1.0017962561641687        1.0101010101010102E-002   1.0017962561641687        1.0000000000000000        2.5131801086608618E-004
  0.77777192029531217        9.0806166067597280E-005   1.2121212121212121E-002   1.0017938568540574        1.0101010101010102E-002   1.0017938568540574        1.0000000000000000        2.4915865014207839E-004
  0.78787300698061891        8.9615943428815743E-005   1.2121212121212121E-002   1.0017914830875416        1.0101010101010102E-002   1.0017914830875416        1.0000000000000000        2.4599202953012878E-004
  0.79797411697608278        8.8064499617097926E-005   1.2121212121212121E-002   1.0017891444683800        1.0101010101010102E-002   1.0017891444683800        1.0000000000000000        2.4182931429450605E-004
  0.80807524988726187        8.6157991201189400E-005   1.2121212121212121E-002   1.0017868504720957        1.0101010101010102E-002   1.0017868504720957        1.0000000000000000        2.3668603397197785E-004
  0.81817640522680057        8.3904016349829695E-005   1.2121212121212121E-002   1.0017846104066424        1.0101010101010102E-002   1.0017846104066424        1.0000000000000000        2.3058159708799764E-004
  0.82827758241625538        8.1311578577315067E-005   1.2121212121212121E-002   1.0017824333727394        1.0101010101010102E-002   1.0017824333727394        1.0000000000000000        2.2353981300682335E-004
  0.83837878078836559        7.8391053197395100E-005   1.2121212121212121E-002   1.0017803282269109        1.0101010101010102E-002   1.0017803282269109        1.0000000000000000        2.1558775521945961E-004
  0.84847999958960962        7.5154147233069736E-005   1.2121212121212121E-002   1.0017783035466628        1.0101010101010102E-002   1.0017783035466628        1.0000000000000000        2.0675654339008531E-004
  0.85858123798314945        7.1613854577688718E-005   1.2121212121212121E-002   1.0017763675904610        1.0101010101010102E-002   1.0017763675904610        1.0000000000000000        1.9708157952003091E-004
  0.86868249505219952        6.7784406279744399E-005   1.2121212121212121E-002   1.0017745282636474        1.0101010101010102E-002   1.0017745282636474        1.0000000000000000        1.8660111746449104E-004
  0.87878376980363893        6.3681204999711897E-005   1.2121212121212121E-002   1.0017727930872500        1.0101010101010102E-002   1.0017727930872500        1.0000000000000000        1.7535707174776149E-004
  0.88888506117198551        5.9320769954892095E-005   1.2121212121212121E-002   1.0017711691635807        1.0101010101010102E-002   1.0017711691635807        1.0000000000000000        1.6339481921789911E-004
  0.89898636802370469        5.4720669735822320E-005   1.2121212121212121E-002   1.0017696631467536        1.0101010101010102E-002   1.0017696631467536        1.0000000000000000        1.5076251845513866E-004
  0.90908768916175398        4.9899455128406328E-005   1.2121212121212121E-002   1.0017682812124067        1.0101010101010102E-002   1.0017682812124067        1.0000000000000000        1.3751181230947651E-004
  0.91918902333050345        4.4876574233327252E-005   1.2121212121212121E-002   1.0017670290329068        1.0101010101010102E-002   1.0017670290329068        1.0000000000000000        1.2369603002415630E-004
  0.92929036922076258        3.9672298004377294E-005   1.2121212121212121E-002   1.0017659117536624        1.0101010101010102E-002   1.0017659117536624        1.0000000000000000        1.0937179714520795E-004
  0.93939172547516181        3.4307646005820115E-005   1.2121212121212121E-002   1.0017649339671031        1.0101010101010102E-002   1.0017649339671031        1.0000000000000000        9.4597821678199523E-005
  0.94949309069371646        2.8804287998509038E-005   1.2121212121212121E-002   1.0017640996956700        1.0101010101010102E-002   1.0017640996956700        1.0000000000000000        7.9434348296381074E-005
  0.95959446343952393        2.3184463219115636E-005   1.2121212121212121E-002   1.0017634123734582        1.0101010101010102E-002   1.0017634123734582        1.0000000000000000        6.3943863110260679E-005
  0.96969584224469896        1.7470887344425504E-005   1.2121212121212121E-002   1.0017628748303651        1.0101010101010102E-002   1.0017628748303651        1.0000000000000000        4.8189939448661789E-005
  0.97979722561638782        1.1686658343553680E-005   1.2121212121212121E-002   1.0017624892807617        1.0101010101010102E-002   1.0017624892807617        1.0000000000000000        3.2237442538551875E-005
  0.98989861204292118        5.8551694159629485E-006   1.2121212121212121E-002   1.0017622573134000        1.0101010101010102E-002   1.0017622573134000        1.0000000000000000        1.6152019279402907E-005
   1.0000000000000326        1.5598654731447381E-013   1.2121212121212121E-002   1.0017621798846981        1.0101010101010102E-002   1.0017621798846981        1.0000000000000000       -3.1114666398934787E-011
   1.0101013879571403       -5.8152808056149889E-006   1.2121212121212121E-002   1.0017622573135554        1.0101010101010102E-002   1.0017622573135554        1.0000000000000000       -1.6152003946778848E-005
   1.0202027743836730       -1.1607046813090557E-005   1.2121212121212121E-002   1.0017624892808583        1.0101010101010102E-002   1.0017624892808583        1.0000000000000000       -3.2237438893467640E-005
   1.0303041577553607       -1.7351879770900354E-005   1.2121212121212121E-002   1.0017628748304050        1.0101010101010102E-002   1.0017628748304050        1.0000000000000000       -4.8189919565899686E-005
   1.0404055365605358       -2.3026550609044110E-005   1.2121212121212121E-002   1.0017634123732344        1.0101010101010102E-002   1.0017634123732344        1.0000000000000000       -6.3943829626822435E-005
   1.0505069093063484       -2.8608121066436479E-005   1.2121212121212121E-002   1.0017640996956225        1.0101010101010102E-002   1.0017640996956225        1.0000000000000000       -7.9434421698998392E-005
   1.0606082745248990       -3.4074030871778718E-005   1.2121212121212121E-002   1.0017649339673429        1.0101010101010102E-002   1.0017649339673429        1.0000000000000000       -9.4597810048391295E-005
   1.0707096307792965       -3.9402198069691765E-005   1.2121212121212121E-002   1.0017659117536395        1.0101010101010102E-002   1.0017659117536395        1.0000000000000000       -1.0937175553760170E-004
   1.0808109766695579       -4.4571098829959066E-005   1.2121212121212121E-002   1.0017670290327167        1.0101010101010102E-002   1.0017670290327167        1.0000000000000000       -1.2369602858530726E-004
   1.0909123108383092       -4.9559861003030433E-005   1.2121212121212121E-002   1.0017682812122364        1.0101010101010102E-002   1.0017682812122364        1.0000000000000000        7.6229625603117483     
   1.1010136319763604       -5.4348351817295324E-005   1.2121212121212121E-002   1.0017696631467687        1.0101010101010102E-002   1.0017696631467687        1.0000000000000000        93.406993688184357     
  -1.0101387957078822E-002   5.8152812233244935E-006   1.2121212121212121E-002   1.0017622573134000        1.0101010101010102E-002   1.0017622573134000        1.0000000000000000        1.6152013813552912E-005
  -2.0202774383612176E-002   1.1607046465530648E-005   1.2121212121212121E-002   1.0017624892807617        1.0101010101010102E-002   1.0017624892807617        1.0000000000000000        3.2237438973403698E-005
  -3.0304157755301042E-002   1.7351879856377640E-005   1.2121212121212121E-002   1.0017628748303651        1.0101010101010102E-002   1.0017628748303651        1.0000000000000000        4.8189939445997254E-005
  -4.0405536560476074E-002   2.3026550567680045E-005   1.2121212121212121E-002   1.0017634123734582        1.0101010101010102E-002   1.0017634123734582        1.0000000000000000        6.3943863104931609E-005
  -5.0506909306283543E-002   2.8608120664302160E-005   1.2121212121212121E-002   1.0017640996956700        1.0101010101010102E-002   1.0017640996956700        1.0000000000000000        7.9434348299933788E-005
  -6.0608274524838190E-002   3.4074031473885895E-005   1.2121212121212121E-002   1.0017649339671031        1.0101010101010102E-002   1.0017649339671031        1.0000000000000000        9.4597821678199523E-005
  -7.0709630779237420E-002   3.9402198054839293E-005   1.2121212121212121E-002   1.0017659117536624        1.0101010101010102E-002   1.0017659117536624        1.0000000000000000        1.0937179715408973E-004
  -8.0810976669496548E-002   4.4571099313738369E-005   1.2121212121212121E-002   1.0017670290329068        1.0101010101010102E-002   1.0017670290329068        1.0000000000000000        1.2369603003392626E-004
  -9.0912310838246024E-002   4.9559860917024774E-005   1.2121212121212121E-002   1.0017682812124067        1.0101010101010102E-002   1.0017682812124067        1.0000000000000000       -7.6229625603171058     
 -0.10101363197629531        5.4348351529792446E-005   1.2121212121212121E-002   1.0017696631467536        1.0101010101010102E-002   1.0017696631467536        1.0000000000000000       -93.406993688201524     
