 # x v h rho m p cs a
   18.850909090908576     
   1.6956230032937191E-014  -1.5785891112803555E-013   1.2121212121212121E-002   1.0018353562394220        1.0101010101010102E-002   1.0018353562394220        1.0000000000000000       -5.6585847119094979E-012
   1.0100664756533640E-002  -5.9366037763317788E-006   1.2121212121212121E-002   1.0018352856427266        1.0101010101010102E-002   1.0018352856427266        1.0000000000000000        1.4725009071625550E-005
   2.0201330908361650E-002  -1.1849230701151011E-005   1.2121212121212121E-002   1.0018350741407636        1.0101010101010102E-002   1.0018350741407636        1.0000000000000000        2.9389952375780126E-005
   3.0301999845122111E-002  -1.7713994679395244E-005   1.2121212121212121E-002   1.0018347225968101        1.0101010101010102E-002   1.0018347225968101        1.0000000000000000        4.3934910931575644E-005
   4.0402672945067768E-002  -2.3507211482913810E-005   1.2121212121212121E-002   1.0018342324462706        1.0101010101010102E-002   1.0018342324462706        1.0000000000000000        5.8300506149855380E-005
   5.0503351569452078E-002  -2.9205485633471617E-005   1.2121212121212121E-002   1.0018336056890373        1.0101010101010102E-002   1.0018336056890373        1.0000000000000000        7.2428389333190069E-005
   6.0604037057009903E-002  -3.4785811738807437E-005   1.2121212121212121E-002   1.0018328448818423        1.0101010101010102E-002   1.0018328448818423        1.0000000000000000        8.6260784026848114E-005
   7.0704730718473302E-002  -4.0225659403778530E-005   1.2121212121212121E-002   1.0018319531284854        1.0101010101010102E-002   1.0018319531284854        1.0000000000000000        9.9741362108218823E-005
   8.0805433831241280E-002  -4.5503072884736279E-005   1.2121212121212121E-002   1.0018309340657376        1.0101010101010102E-002   1.0018309340657376        1.0000000000000000        1.1281528632256510E-004
   9.0906147634177814E-002  -5.0596761732253881E-005   1.2121212121212121E-002   1.0018297918470214        1.0101010101010102E-002   1.0018297918470214        1.0000000000000000        1.2542967442463748E-004
  0.10100687332260475       -5.5486178880683341E-005   1.2121212121212121E-002   1.0018285311248720        1.0101010101010102E-002   1.0018285311248720        1.0000000000000000        1.3753329861465602E-004
  0.11110761204345099       -6.0151609033854992E-005   1.2121212121212121E-002   1.0018271570343456        1.0101010101010102E-002   1.0018271570343456        1.0000000000000000        1.4907672897734869E-004
  0.12120836489055881       -6.4574247994490891E-005   1.2121212121212121E-002   1.0018256751698440        1.0101010101010102E-002   1.0018256751698440        1.0000000000000000        1.6001359005901605E-004
  0.13130913290029575       -6.8736280799561555E-005   1.2121212121212121E-002   1.0018240915583316        1.0101010101010102E-002   1.0018240915583316        1.0000000000000000        1.7030005031681839E-004
  0.14140991704740458       -7.2620949482333922E-005   1.2121212121212121E-002   1.0018224126369715        1.0101010101010102E-002   1.0018224126369715        1.0000000000000000        1.7989439502219540E-004
  0.15151071824104345       -7.6212622406428326E-005   1.2121212121212121E-002   1.0018206452281888        1.0101010101010102E-002   1.0018206452281888        1.0000000000000000        1.8875792758255017E-004
  0.16161153732112421       -7.9496854828136390E-005   1.2121212121212121E-002   1.0018187965093865        1.0101010101010102E-002   1.0018187965093865        1.0000000000000000        1.9685531299540315E-004
  0.17171237505495399       -8.2460453720879966E-005   1.2121212121212121E-002   1.0018168739798436        1.0101010101010102E-002   1.0018168739798436        1.0000000000000000        2.0415475741319966E-004
  0.18181323213424280       -8.5091525053600643E-005   1.2121212121212121E-002   1.0018148854331321        1.0101010101010102E-002   1.0018148854331321        1.0000000000000000        2.1062664941418063E-004
  0.19191410917227511       -8.7379516325127488E-005   1.2121212121212121E-002   1.0018128389269481        1.0101010101010102E-002   1.0018128389269481        1.0000000000000000        2.1624548669674226E-004
  0.20201500670150380       -8.9315266902872113E-005   1.2121212121212121E-002   1.0018107427454579        1.0101010101010102E-002   1.0018107427454579        1.0000000000000000        2.2098949365023657E-004
  0.21211592517148850       -9.0891044132577714E-005   1.2121212121212121E-002   1.0018086053662381        1.0101010101010102E-002   1.0018086053662381        1.0000000000000000        2.2484013262147329E-004
  0.22221686494713122       -9.2100565607532885E-005   1.2121212121212121E-002   1.0018064354265332        1.0101010101010102E-002   1.0018064354265332        1.0000000000000000        2.2778260114186821E-004
  0.23231782630728223       -9.2939029591021920E-005   1.2121212121212121E-002   1.0018042416888149        1.0101010101010102E-002   1.0018042416888149        1.0000000000000000        2.2980552892803985E-004
  0.24241880944365407       -9.3403129946152214E-005   1.2121212121212121E-002   1.0018020330044295        1.0101010101010102E-002   1.0018020330044295        1.0000000000000000        2.3090175585505079E-004
  0.25251981446014343       -9.3491074464517658E-005   1.2121212121212121E-002   1.0017998182748995        1.0101010101010102E-002   1.0017998182748995        1.0000000000000000        2.3106794036475975E-004
  0.26262084137252689       -9.3202583715846607E-005   1.2121212121212121E-002   1.0017976064195089        1.0101010101010102E-002   1.0017976064195089        1.0000000000000000        2.3030372188692638E-004
  0.27272189010840342       -9.2538891562270219E-005   1.2121212121212121E-002   1.0017954063391159        1.0101010101010102E-002   1.0017954063391159        1.0000000000000000        2.2861324155432072E-004
  0.28282296050761241       -9.1502744098243978E-005   1.2121212121212121E-002   1.0017932268793952        1.0101010101010102E-002   1.0017932268793952        1.0000000000000000        2.2600384823068254E-004
  0.29292405232290364       -9.0098384549798529E-005   1.2121212121212121E-002   1.0017910767945344        1.0101010101010102E-002   1.0017910767945344        1.0000000000000000        2.2248728979068488E-004
  0.30302516522107392       -8.8331534566628585E-005   1.2121212121212121E-002   1.0017889647123741        1.0101010101010102E-002   1.0017889647123741        1.0000000000000000        2.1807813404528531E-004
  0.31312629878433146       -8.6209368743989255E-005   1.2121212121212121E-002   1.0017868991033521        1.0101010101010102E-002   1.0017868991033521        1.0000000000000000        2.1279462341805555E-004
  0.32322745251203044       -8.3740488596253606E-005   1.2121212121212121E-002   1.0017848882450215        1.0101010101010102E-002   1.0017848882450215        1.0000000000000000        2.0665869976888018E-004
  0.33332862582274769       -8.0934883781601417E-005   1.2121212121212121E-002   1.0017829401876388        1.0101010101010102E-002   1.0017829401876388        1.0000000000000000        1.9969586389390059E-004
  0.34342981805669898       -7.7803893377298002E-005   1.2121212121212121E-002   1.0017810627224459        1.0101010101010102E-002   1.0017810627224459        1.0000000000000000        1.9193462711530884E-004
  0.35353102847844758       -7.4360158141173997E-005   1.2121212121212121E-002   1.0017792633547931        1.0101010101010102E-002   1.0017792633547931        1.0000000000000000        1.8340607982647583E-004
  0.36363225627983714       -7.0617568068863344E-005   1.2121212121212121E-002   1.0017775492739636        1.0101010101010102E-002   1.0017775492739636        1.0000000000000000        1.7414503693480299E-004
  0.37373350058329996       -6.6591209373935141E-005   1.2121212121212121E-002   1.0017759273214937        1.0101010101010102E-002   1.0017759273214937        1.0000000000000000        1.6418923774530469E-004
  0.38383476044543052       -6.2297300351514781E-005   1.2121212121212121E-002   1.0017744039659857        1.0101010101010102E-002   1.0017744039659857        1.0000000000000000        1.5357874371613178E-004
  0.39393603486078593       -5.7753127861278261E-005   1.2121212121212121E-002   1.0017729852811432        1.0101010101010102E-002   1.0017729852811432        1.0000000000000000        1.4235584064437035E-004
  0.40403732276588239       -5.2976975177729755E-005   1.2121212121212121E-002   1.0017716769206129        1.0101010101010102E-002   1.0017716769206129        1.0000000000000000        1.3056585696347156E-004
  0.41413862304350046       -4.7988053148323066E-005   1.2121212121212121E-002   1.0017704840936663        1.0101010101010102E-002   1.0017704840936663        1.0000000000000000        1.1825617813965295E-004
  0.42423993452717196       -4.2806420443341278E-005   1.2121212121212121E-002   1.0017694115470475        1.0101010101010102E-002   1.0017694115470475        1.0000000000000000        1.0547592571352737E-004
  0.43434125600583495       -3.7452900023195010E-005   1.2121212121212121E-002   1.0017684635480850        1.0101010101010102E-002   1.0017684635480850        1.0000000000000000        9.2275962937371503E-005
  0.44444258622865340       -3.1949001844468651E-005   1.2121212121212121E-002   1.0017676438678946        1.0101010101010102E-002   1.0017676438678946        1.0000000000000000        7.8708926517734312E-005
  0.45454392391000531       -2.6316834718550614E-005   1.2121212121212121E-002   1.0017669557652376        1.0101010101010102E-002   1.0017669557652376        1.0000000000000000        6.4829103759933560E-005
  0.46464526773462422       -2.0579018755142256E-005   1.2121212121212121E-002   1.0017664019730410        1.0101010101010102E-002   1.0017664019730410        1.0000000000000000        5.0691909765809839E-005
  0.47474661636286269       -1.4758590953492186E-005   1.2121212121212121E-002   1.0017659846917599        1.0101010101010102E-002   1.0017659846917599        1.0000000000000000        3.6353006166223167E-005
  0.48484796843594841       -8.8789177828019159E-006   1.2121212121212121E-002   1.0017657055806244        1.0101010101010102E-002   1.0017657055806244        1.0000000000000000        2.1869630230320070E-005
  0.49494932258142310       -2.9636041796331126E-006   1.2121212121212121E-002   1.0017655657479352        1.0101010101010102E-002   1.0017655657479352        1.0000000000000000        7.2994905755408013E-006
  0.50505067741860454        2.9636046052597206E-006   1.2121212121212121E-002   1.0017655657480167        1.0101010101010102E-002   1.0017655657480167        1.0000000000000000       -7.2995066364711647E-006
  0.51515203156407707        8.8789176806482805E-006   1.2121212121212121E-002   1.0017657055805855        1.0101010101010102E-002   1.0017657055805855        1.0000000000000000       -2.1869590590917198E-005
  0.52525338363716578        1.4758590376154251E-005   1.2121212121212121E-002   1.0017659846916294        1.0101010101010102E-002   1.0017659846916294        1.0000000000000000       -3.6353024974289383E-005
  0.53535473226540420        2.0579019150602152E-005   1.2121212121212121E-002   1.0017664019730279        1.0101010101010102E-002   1.0017664019730279        1.0000000000000000       -5.0691915634004658E-005
  0.54545607609002333        2.6316834660902869E-005   1.2121212121212121E-002   1.0017669557653066        1.0101010101010102E-002   1.0017669557653066        1.0000000000000000       -6.4829116869447034E-005
  0.55555741377137358        3.1949001700221929E-005   1.2121212121212121E-002   1.0017676438679943        1.0101010101010102E-002   1.0017676438679943        1.0000000000000000       -7.8708920443482100E-005
  0.56565874399419169        3.7452900187364266E-005   1.2121212121212121E-002   1.0017684635481920        1.0101010101010102E-002   1.0017684635481920        1.0000000000000000       -9.2275971016242408E-005
  0.57576006547285274        4.2806420488938634E-005   1.2121212121212121E-002   1.0017694115470501        1.0101010101010102E-002   1.0017694115470501        1.0000000000000000       -1.0547589222476006E-004
  0.58586137695652585        4.7988053126943717E-005   1.2121212121212121E-002   1.0017704840934321        1.0101010101010102E-002   1.0017704840934321        1.0000000000000000       -1.1825616267735484E-004
  0.59596267723414764        5.2976975140387440E-005   1.2121212121212121E-002   1.0017716769205236        1.0101010101010102E-002   1.0017716769205236        1.0000000000000000       -1.3056590167170867E-004
  0.60606396513924210        5.7753127667333906E-005   1.2121212121212121E-002   1.0017729852811976        1.0101010101010102E-002   1.0017729852811976        1.0000000000000000       -1.4235583048360922E-004
  0.61616523955459823        6.2297300735858556E-005   1.2121212121212121E-002   1.0017744039660490        1.0101010101010102E-002   1.0017744039660490        1.0000000000000000       -1.5357875347188354E-004
  0.62626649941672652        6.6591209178311188E-005   1.2121212121212121E-002   1.0017759273214060        1.0101010101010102E-002   1.0017759273214060        1.0000000000000000       -1.6418919496796747E-004
  0.63636774372019378        7.0617567830759821E-005   1.2121212121212121E-002   1.0017775492739660        1.0101010101010102E-002   1.0017775492739660        1.0000000000000000       -1.7414510257118820E-004
  0.64646897152157912        7.4360158826961063E-005   1.2121212121212121E-002   1.0017792633550013        1.0101010101010102E-002   1.0017792633550013        1.0000000000000000       -1.8340605218281070E-004
  0.65657018194332661        7.7803892994242232E-005   1.2121212121212121E-002   1.0017810627222432        1.0101010101010102E-002   1.0017810627222432        1.0000000000000000       -1.9193457335475728E-004
  0.66667137417728417        8.0934883573565951E-005   1.2121212121212121E-002   1.0017829401876195        1.0101010101010102E-002   1.0017829401876195        1.0000000000000000       -1.9969595112634408E-004
  0.67677254748799542        8.3740488123209585E-005   1.2121212121212121E-002   1.0017848882451625        1.0101010101010102E-002   1.0017848882451625        1.0000000000000000       -2.0665864865332395E-004
  0.68687370121569713        8.6209369170390981E-005   1.2121212121212121E-002   1.0017868991033940        1.0101010101010102E-002   1.0017868991033940        1.0000000000000000       -2.1279465899848304E-004
  0.69697483477895161        8.8331534365025541E-005   1.2121212121212121E-002   1.0017889647125318        1.0101010101010102E-002   1.0017889647125318        1.0000000000000000       -2.1807811458707249E-004
  0.70707594767712090        9.0098384604016770E-005   1.2121212121212121E-002   1.0017910767943450        1.0101010101010102E-002   1.0017910767943450        1.0000000000000000       -2.2248724182194479E-004
  0.71717703949241773        9.1502744067814719E-005   1.2121212121212121E-002   1.0017932268792964        1.0101010101010102E-002   1.0017932268792964        1.0000000000000000       -2.2600391028415601E-004
  0.72727810989162289        9.2538892242769130E-005   1.2121212121212121E-002   1.0017954063390397        1.0101010101010102E-002   1.0017954063390397        1.0000000000000000       -2.2861318598188518E-004
  0.73737915862750458        9.3202583360208941E-005   1.2121212121212121E-002   1.0017976064193748        1.0101010101010102E-002   1.0017976064193748        1.0000000000000000       -2.3030376844968004E-004
  0.74748018553988604        9.3491074524185844E-005   1.2121212121212121E-002   1.0017998182749559        1.0101010101010102E-002   1.0017998182749559        1.0000000000000000       -2.3106793018712324E-004
  0.75758119055637563        9.3403130001806656E-005   1.2121212121212121E-002   1.0018020330043347        1.0101010101010102E-002   1.0018020330043347        1.0000000000000000       -2.3090173678141923E-004
  0.76768217369274938        9.2939029199635317E-005   1.2121212121212121E-002   1.0018042416887012        1.0101010101010102E-002   1.0018042416887012        1.0000000000000000       -2.2980554080120896E-004
  0.77778313505290098        9.2100565625460873E-005   1.2121212121212121E-002   1.0018064354265612        1.0101010101010102E-002   1.0018064354265612        1.0000000000000000       -2.2778262341294209E-004
  0.78788407482854261        9.0891043717048259E-005   1.2121212121212121E-002   1.0018086053664095        1.0101010101010102E-002   1.0018086053664095        1.0000000000000000       -2.2484013816459480E-004
  0.79798499329852424        8.9315267417167940E-005   1.2121212121212121E-002   1.0018107427453631        1.0101010101010102E-002   1.0018107427453631        1.0000000000000000       -2.2098943085069322E-004
  0.80808589082775839        8.7379516500127693E-005   1.2121212121212121E-002   1.0018128389268754        1.0101010101010102E-002   1.0018128389268754        1.0000000000000000       -2.1624555612564933E-004
  0.81818676786578737        8.5091524944662150E-005   1.2121212121212121E-002   1.0018148854334543        1.0101010101010102E-002   1.0018148854334543        1.0000000000000000       -2.1062666254323403E-004
  0.82828762494507202        8.2460453972792917E-005   1.2121212121212121E-002   1.0018168739799567        1.0101010101010102E-002   1.0018168739799567        1.0000000000000000       -2.0415470178036799E-004
  0.83838846267890377        7.9496855274720145E-005   1.2121212121212121E-002   1.0018187965092971        1.0101010101010102E-002   1.0018187965092971        1.0000000000000000       -1.9685532448576737E-004
  0.84848928175898508        7.6212621505786663E-005   1.2121212121212121E-002   1.0018206452282994        1.0101010101010102E-002   1.0018206452282994        1.0000000000000000       -1.8875795767669956E-004
  0.85859008295262063        7.2620949709804145E-005   1.2121212121212121E-002   1.0018224126369715        1.0101010101010102E-002   1.0018224126369715        1.0000000000000000       -1.7989434245180291E-004
  0.86869086709973253        6.8736281040660213E-005   1.2121212121212121E-002   1.0018240915580836        1.0101010101010102E-002   1.0018240915580836        1.0000000000000000       -1.7030004798623821E-004
  0.87879163510947200        6.4574247781199782E-005   1.2121212121212121E-002   1.0018256751697505        1.0101010101010102E-002   1.0018256751697505        1.0000000000000000       -1.6001362646811401E-004
  0.88889238795657943        6.0151608886617213E-005   1.2121212121212121E-002   1.0018271570345683        1.0101010101010102E-002   1.0018271570345683        1.0000000000000000       -1.4907676186481922E-004
  0.89899312667742093        5.5486179101902129E-005   1.2121212121212121E-002   1.0018285311249966        1.0101010101010102E-002   1.0018285311249966        1.0000000000000000       -1.3753324444820691E-004
  0.90909385236584994        5.0596761936349824E-005   1.2121212121212121E-002   1.0018297918469230        1.0101010101010102E-002   1.0018297918469230        1.0000000000000000       -1.2542968051310055E-004
  0.91919456616878692        4.5503072748052321E-005   1.2121212121212121E-002   1.0018309340657234        1.0101010101010102E-002   1.0018309340657234        1.0000000000000000       -1.1281529503648358E-004
  0.92929526928155448        4.0225658904501973E-005   1.2121212121212121E-002   1.0018319531284490        1.0101010101010102E-002   1.0018319531284490        1.0000000000000000       -9.9741352630466906E-005
  0.93939596294301919        3.4785811768020316E-005   1.2121212121212121E-002   1.0018328448818654        1.0101010101010102E-002   1.0018328448818654        1.0000000000000000       -8.6260805433724386E-005
  0.94949664843057513        2.9205486280262713E-005   1.2121212121212121E-002   1.0018336056890542        1.0101010101010102E-002   1.0018336056890542        1.0000000000000000       -7.2428366344468031E-005
  0.95959732705496081        2.3507211094926428E-005   1.2121212121212121E-002   1.0018342324461833        1.0101010101010102E-002   1.0018342324461833        1.0000000000000000       -5.8300508785968930E-005
  0.96969800015490704        1.7713995157839182E-005   1.2121212121212121E-002   1.0018347225967084        1.0101010101010102E-002   1.0018347225967084        1.0000000000000000       -4.3934899711217668E-005
  0.97979866909166857        1.1849230291844933E-005   1.2121212121212121E-002   1.0018350741404947        1.0101010101010102E-002   1.0018350741404947        1.0000000000000000       -2.9389933889234499E-005
  0.98989933524350171        5.9366044446841473E-006   1.2121212121212121E-002   1.0018352856427482        1.0101010101010102E-002   1.0018352856427482        1.0000000000000000       -1.4725084932720733E-005
   1.0000000000000122       -9.7190100035364041E-013   1.2121212121212121E-002   1.0018353562394235        1.0101010101010102E-002   1.0018353562394235        1.0000000000000000        8.3922202520625433E-011
   1.0101006647565336       -5.9715549504434438E-006   1.2121212121212121E-002   1.0018352856427266        1.0101010101010102E-002   1.0018352856427266        1.0000000000000000        1.4724983728342522E-005
   1.0202013309083617       -1.1918990316465751E-005   1.2121212121212121E-002   1.0018350741407636        1.0101010101010102E-002   1.0018350741407636        1.0000000000000000        2.9389932668877350E-005
   1.0303019998451222       -1.7818278067410953E-005   1.2121212121212121E-002   1.0018347225968101        1.0101010101010102E-002   1.0018347225968101        1.0000000000000000        4.3934910380905023E-005
   1.0404026729450677       -2.3645592879267197E-005   1.2121212121212121E-002   1.0018342324462706        1.0101010101010102E-002   1.0018342324462706        1.0000000000000000        5.8300508734454581E-005
   1.0505033515694522       -2.9377400834107354E-005   1.2121212121212121E-002   1.0018336056890373        1.0101010101010102E-002   1.0018336056890373        1.0000000000000000        7.2428388142142808E-005
   1.0606040370570100       -3.4990559237858525E-005   1.2121212121212121E-002   1.0018328448818423        1.0101010101010102E-002   1.0018328448818423        1.0000000000000000        8.6260783402458685E-005
   1.0707047307184734       -4.0462404175831570E-005   1.2121212121212121E-002   1.0018319531284854        1.0101010101010102E-002   1.0018319531284854        1.0000000000000000        9.9741361716532140E-005
   1.0808054338312414       -4.5770849783727737E-005   1.2121212121212121E-002   1.0018309340657376        1.0101010101010102E-002   1.0018309340657376        1.0000000000000000        1.1281528471496216E-004
   1.0909061476341777       -5.0894479885723652E-005   1.2121212121212121E-002   1.0018297918470214        1.0101010101010102E-002   1.0018297918470214        1.0000000000000000        7.6271701980335678     
   1.1010068733226048       -5.5812625913815657E-005   1.2121212121212121E-002   1.0018285311248720        1.0101010101010102E-002   1.0018285311248720        1.0000000000000000        93.409332788079354     
  -1.0100664756498290E-002   5.9715557478422153E-006   1.2121212121212121E-002   1.0018352856427482        1.0101010101010102E-002   1.0018352856427482        1.0000000000000000       -1.4725057962294841E-005
  -2.0201330908331427E-002   1.1918989891353327E-005   1.2121212121212121E-002   1.0018350741404947        1.0101010101010102E-002   1.0018350741404947        1.0000000000000000       -2.9389915991551163E-005
  -3.0301999845092964E-002   1.7818278491977452E-005   1.2121212121212121E-002   1.0018347225967084        1.0101010101010102E-002   1.0018347225967084        1.0000000000000000       -4.3934899714770381E-005
  -4.0402672945039186E-002   2.3645592533885464E-005   1.2121212121212121E-002   1.0018342324461833        1.0101010101010102E-002   1.0018342324461833        1.0000000000000000       -5.8300508781528038E-005
  -5.0503351569424870E-002   2.9377401390477578E-005   1.2121212121212121E-002   1.0018336056890542        1.0101010101010102E-002   1.0018336056890542        1.0000000000000000       -7.2428366334698069E-005
  -6.0604037056980808E-002   3.4990559314446302E-005   1.2121212121212121E-002   1.0018328448818654        1.0101010101010102E-002   1.0018328448818654        1.0000000000000000       -8.6260805435500743E-005
  -7.0704730718445519E-002   4.0462403681593408E-005   1.2121212121212121E-002   1.0018319531284490        1.0101010101010102E-002   1.0018319531284490        1.0000000000000000       -9.9741352623361479E-005
  -8.0805433831213080E-002   4.5770849667359918E-005   1.2121212121212121E-002   1.0018309340657234        1.0101010101010102E-002   1.0018309340657234        1.0000000000000000       -1.1281529504714172E-004
  -9.0906147634150059E-002   5.0894480093037486E-005   1.2121212121212121E-002   1.0018297918469230        1.0101010101010102E-002   1.0018297918469230        1.0000000000000000       -7.6271701980461017     
 -0.10100687332257907        5.5812625997335573E-005   1.2121212121212121E-002   1.0018285311249966        1.0101010101010102E-002   1.0018285311249966        1.0000000000000000       -93.409332788057441     
