 # x v h rho m p cs a
   7.9006060606053943     
   2.1512832939344662E-015  -5.3145043921176826E-013   1.2121212121212121E-002   1.0017074297534647        1.0101010101010102E-002   1.0017074297534647        1.0000000000000000       -8.9350749021832598E-012
   1.0101929120168940E-002   2.0826331933061539E-006   1.2121212121212121E-002   1.0017076168440457        1.0101010101010102E-002   1.0017076168440457        1.0000000000000000       -3.9030942875939445E-005
   2.0203854541638287E-002   4.1568488634635723E-006   1.2121212121212121E-002   1.0017081773644234        1.0101010101010102E-002   1.0017081773644234        1.0000000000000000       -7.7905106220299558E-005
   3.0305772580570080E-002   6.2142626086844372E-006   1.2121212121212121E-002   1.0017091090636685        1.0101010101010102E-002   1.0017091090636685        1.0000000000000000       -1.1646623827843428E-004
   4.0407679582791768E-002   8.2465611580721366E-006   1.2121212121212121E-002   1.0017104081993722        1.0101010101010102E-002   1.0017104081993722        1.0000000000000000       -1.5455931554786417E-004
   5.0509571938491281E-002   1.0245532224310413E-005   1.2121212121212121E-002   1.0017120695533146        1.0101010101010102E-002   1.0017120695533146        1.0000000000000000       -1.9203135063694532E-004
   6.0611446096715073E-002   1.2203098895755790E-005   1.2121212121212121E-002   1.0017140864528458        1.0101010101010102E-002   1.0017140864528458        1.0000000000000000       -2.2873179575899627E-004
   7.0713298579634751E-002   1.4111354800970849E-005   1.2121212121212121E-002   1.0017164507964806        1.0101010101010102E-002   1.0017164507964806        1.0000000000000000       -2.6451300525032195E-004
   8.0815125996541698E-002   1.5962594871533130E-005   1.2121212121212121E-002   1.0017191530858678        1.0101010101010102E-002   1.0017191530858678        1.0000000000000000       -2.9923111590335338E-004
   9.0916925057481585E-002   1.7749346670851045E-005   1.2121212121212121E-002   1.0017221824648272        1.0101010101010102E-002   1.0017221824648272        1.0000000000000000       -3.3274664176730084E-004
  0.10101869258646971        1.9464399790663684E-005   1.2121212121212121E-002   1.0017255267623399        1.0101010101010102E-002   1.0017255267623399        1.0000000000000000       -3.6492471713511776E-004
  0.11112042553427640        2.1100837161433916E-005   1.2121212121212121E-002   1.0017291725407418        1.0101010101010102E-002   1.0017291725407418        1.0000000000000000       -3.9563592317204410E-004
  0.12122212099068833        2.2652061648611711E-005   1.2121212121212121E-002   1.0017331051495715        1.0101010101010102E-002   1.0017331051495715        1.0000000000000000       -4.2475663327223856E-004
  0.13132377619622440        2.4111823922075707E-005   1.2121212121212121E-002   1.0017373087836821        1.0101010101010102E-002   1.0017373087836821        1.0000000000000000       -4.5216959684690750E-004
  0.14142538855324988        2.5474247175667633E-005   1.2121212121212121E-002   1.0017417665473114        1.0101010101010102E-002   1.0017417665473114        1.0000000000000000       -4.7776455894155134E-004
  0.15152695563641724        2.6733847693422424E-005   1.2121212121212121E-002   1.0017464605209900        1.0101010101010102E-002   1.0017464605209900        1.0000000000000000       -5.0143825448145662E-004
  0.16162847520245874        2.7885564490587261E-005   1.2121212121212121E-002   1.0017513718329318        1.0101010101010102E-002   1.0017513718329318        1.0000000000000000       -5.2309534783301359E-004
  0.17172994519921511        2.8924770646757054E-005   1.2121212121212121E-002   1.0017564807354946        1.0101010101010102E-002   1.0017564807354946        1.0000000000000000       -5.4264853067742536E-004
  0.18183136377390802        2.9847298616217214E-005   1.2121212121212121E-002   1.0017617666833645        1.0101010101010102E-002   1.0017617666833645        1.0000000000000000       -5.6001881690548316E-004
  0.19193272928062691        3.0649451772995611E-005   1.2121212121212121E-002   1.0017672084161746        1.0101010101010102E-002   1.0017672084161746        1.0000000000000000       -5.7513614117610246E-004
  0.20203404028696317        3.1328023156147459E-005   1.2121212121212121E-002   1.0017727840438868        1.0101010101010102E-002   1.0017727840438868        1.0000000000000000       -5.8793933569134538E-004
  0.21213529557980548        3.1880305877657282E-005   1.2121212121212121E-002   1.0017784711338062        1.0101010101010102E-002   1.0017784711338062        1.0000000000000000       -5.9837652692795729E-004
  0.22223649417025812        3.2304101744114301E-005   1.2121212121212121E-002   1.0017842468019045        1.0101010101010102E-002   1.0017842468019045        1.0000000000000000       -6.0640558908708897E-004
  0.23233763529762136        3.2597735444638870E-005   1.2121212121212121E-002   1.0017900878039807        1.0101010101010102E-002   1.0017900878039807        1.0000000000000000       -6.1199368757414163E-004
  0.24243871843251108        3.2760053600833839E-005   1.2121212121212121E-002   1.0017959706286421        1.0101010101010102E-002   1.0017959706286421        1.0000000000000000       -6.1511810368308772E-004
  0.25253974327900242        3.2790434934557943E-005   1.2121212121212121E-002   1.0018018715928800        1.0101010101010102E-002   1.0018018715928800        1.0000000000000000       -6.1576592604950520E-004
  0.26264070977585241        3.2688788052745533E-005   1.2121212121212121E-002   1.0018077669363596        1.0101010101010102E-002   1.0018077669363596        1.0000000000000000       -6.1393413617771841E-004
  0.27274161809678682        3.2455555060816801E-005   1.2121212121212121E-002   1.0018136329176173        1.0101010101010102E-002   1.0018136329176173        1.0000000000000000       -6.0962986055201895E-004
  0.28284246864981649        3.2091705362337842E-005   1.2121212121212121E-002   1.0018194459095850        1.0101010101010102E-002   1.0018194459095850        1.0000000000000000       -6.0287003198578049E-004
  0.29294326207563898        3.1598733941725894E-005   1.2121212121212121E-002   1.0018251824951478        1.0101010101010102E-002   1.0018251824951478        1.0000000000000000       -5.9368168212525774E-004
  0.30304399924506326        3.0978654381076013E-005   1.2121212121212121E-002   1.0018308195607386        1.0101010101010102E-002   1.0018308195607386        1.0000000000000000       -5.8210125956481562E-004
  0.31314468125556705        3.0233989922878177E-005   1.2121212121212121E-002   1.0018363343901027        1.0101010101010102E-002   1.0018363343901027        1.0000000000000000       -5.6817536590259010E-004
  0.32324530942686930        2.9367762365204574E-005   1.2121212121212121E-002   1.0018417047574830        1.0101010101010102E-002   1.0018417047574830        1.0000000000000000       -5.5195985149580906E-004
  0.33334588529563780        2.8383481131173289E-005   1.2121212121212121E-002   1.0018469090151354        1.0101010101010102E-002   1.0018469090151354        1.0000000000000000       -5.3351956852498716E-004
  0.34344641060934605        2.7285126695032802E-005   1.2121212121212121E-002   1.0018519261811853        1.0101010101010102E-002   1.0018519261811853        1.0000000000000000       -5.1292866176932961E-004
  0.35354688731924366        2.6077136114401655E-005   1.2121212121212121E-002   1.0018567360261630        1.0101010101010102E-002   1.0018567360261630        1.0000000000000000       -4.9027002390111818E-004
  0.36364731757249807        2.4764384176182334E-005   1.2121212121212121E-002   1.0018613191540047        1.0101010101010102E-002   1.0018613191540047        1.0000000000000000       -4.6563469402283175E-004
  0.37374770370357258        2.3352162849016213E-005   1.2121212121212121E-002   1.0018656570802520        1.0101010101010102E-002   1.0018656570802520        1.0000000000000000       -4.3912181541561068E-004
  0.38384804822482327        2.1846161774807953E-005   1.2121212121212121E-002   1.0018697323065999        1.0101010101010102E-002   1.0018697323065999        1.0000000000000000       -4.1083797223340213E-004
  0.39394835381640964        2.0252443344665757E-005   1.2121212121212121E-002   1.0018735283930293        1.0101010101010102E-002   1.0018735283930293        1.0000000000000000       -3.8089733820534377E-004
  0.40404862331546387        1.8577419995658422E-005   1.2121212121212121E-002   1.0018770300246715        1.0101010101010102E-002   1.0018770300246715        1.0000000000000000       -3.4942041808605495E-004
  0.41414885970468152        1.6827825627759201E-005   1.2121212121212121E-002   1.0018802230725634        1.0101010101010102E-002   1.0018802230725634        1.0000000000000000       -3.1653403183184992E-004
  0.42424906610029889        1.5010693079506491E-005   1.2121212121212121E-002   1.0018830946513380        1.0101010101010102E-002   1.0018830946513380        1.0000000000000000       -2.8237067995640075E-004
  0.43434924573954298        1.3133322334318526E-005   1.2121212121212121E-002   1.0018856331721191        1.0101010101010102E-002   1.0018856331721191        1.0000000000000000       -2.4706821927278355E-004
  0.44444940196756549        1.1203253167026960E-005   1.2121212121212121E-002   1.0018878283899053        1.0101010101010102E-002   1.0018878283899053        1.0000000000000000       -2.1076900693817180E-004
  0.45454953822395688        9.2282336446878446E-006   1.2121212121212121E-002   1.0018896714443988        1.0101010101010102E-002   1.0018896714443988        1.0000000000000000       -1.7361939511495450E-004
  0.46464965802887875        7.2161903017578733E-006   1.2121212121212121E-002   1.0018911548958545        1.0101010101010102E-002   1.0018911548958545        1.0000000000000000       -1.3576918617896894E-004
  0.47474976496887106        5.1751986283170416E-006   1.2121212121212121E-002   1.0018922727558426        1.0101010101010102E-002   1.0018922727558426        1.0000000000000000       -9.7371169146320824E-005
  0.48484986268237851        3.1134464043541190E-006   1.2121212121212121E-002   1.0018930205126371        1.0101010101010102E-002   1.0018930205126371        1.0000000000000000       -5.8580408022201880E-005
  0.49494995484505011        1.0392054261419588E-006   1.2121212121212121E-002   1.0018933951475419        1.0101010101010102E-002   1.0018933951475419        1.0000000000000000       -1.9553088776547156E-005
  0.50505004515495389       -1.0392052526428300E-006   1.2121212121212121E-002   1.0018933951473621        1.0101010101010102E-002   1.0018933951473621        1.0000000000000000        1.9553124820603784E-005
  0.51515013731763004       -3.1134464754463354E-006   1.2121212121212121E-002   1.0018930205126066        1.0101010101010102E-002   1.0018930205126066        1.0000000000000000        5.8580344247438632E-005
  0.52525023503113344       -5.1751986574991240E-006   1.2121212121212121E-002   1.0018922727559263        1.0101010101010102E-002   1.0018922727559263        1.0000000000000000        9.7371206872587379E-005
  0.53535034197112763       -7.2161902099140595E-006   1.2121212121212121E-002   1.0018911548957747        1.0101010101010102E-002   1.0018911548957747        1.0000000000000000        1.3576918163682450E-004
  0.54545046177604961       -9.2282335976359996E-006   1.2121212121212121E-002   1.0018896714443679        1.0101010101010102E-002   1.0018896714443679        1.0000000000000000        1.7361939245752467E-004
  0.55555059803244145       -1.1203253329531463E-005   1.2121212121212121E-002   1.0018878283899106        1.0101010101010102E-002   1.0018878283899106        1.0000000000000000        2.1076899974392660E-004
  0.56565075426046341       -1.3133322328358263E-005   1.2121212121212121E-002   1.0018856331721533        1.0101010101010102E-002   1.0018856331721533        1.0000000000000000        2.4706822078002233E-004
  0.57575093389970733       -1.5010692959872681E-005   1.2121212121212121E-002   1.0018830946513753        1.0101010101010102E-002   1.0018830946513753        1.0000000000000000        2.8237067795000570E-004
  0.58585114029532415       -1.6827825743514510E-005   1.2121212121212121E-002   1.0018802230726100        1.0101010101010102E-002   1.0018802230726100        1.0000000000000000        3.1653403206810538E-004
  0.59595137668454146       -1.8577419863604156E-005   1.2121212121212121E-002   1.0018770300247484        1.0101010101010102E-002   1.0018770300247484        1.0000000000000000        3.4942040934105023E-004
  0.60605164618359453       -2.0252443624924856E-005   1.2121212121212121E-002   1.0018735283931275        1.0101010101010102E-002   1.0018735283931275        1.0000000000000000        3.8089734464907821E-004
  0.61615195177517967       -2.1846161665462047E-005   1.2121212121212121E-002   1.0018697323064873        1.0101010101010102E-002   1.0018697323064873        1.0000000000000000        4.1083800965502348E-004
  0.62625229629643420       -2.3352163067485665E-005   1.2121212121212121E-002   1.0018656570801299        1.0101010101010102E-002   1.0018656570801299        1.0000000000000000        4.3912178159910553E-004
  0.63635268242750742       -2.4764384211222796E-005   1.2121212121212121E-002   1.0018613191539614        1.0101010101010102E-002   1.0018613191539614        1.0000000000000000        4.6563471138938439E-004
  0.64645311268076378       -2.6077136140562932E-005   1.2121212121212121E-002   1.0018567360261119        1.0101010101010102E-002   1.0018567360261119        1.0000000000000000        4.9027000482126937E-004
  0.65655358939066077       -2.7285126622729446E-005   1.2121212121212121E-002   1.0018519261812757        1.0101010101010102E-002   1.0018519261812757        1.0000000000000000        5.1292865509822150E-004
  0.66665411470436742       -2.8383480997852719E-005   1.2121212121212121E-002   1.0018469090151578        1.0101010101010102E-002   1.0018469090151578        1.0000000000000000        5.3351958563663260E-004
  0.67675469057313753       -2.9367762425045679E-005   1.2121212121212121E-002   1.0018417047576553        1.0101010101010102E-002   1.0018417047576553        1.0000000000000000        5.5195980271260936E-004
  0.68685531874443451       -3.0233989994988758E-005   1.2121212121212121E-002   1.0018363343902656        1.0101010101010102E-002   1.0018363343902656        1.0000000000000000        5.6817541961962093E-004
  0.69695600075493969       -3.0978654492795322E-005   1.2121212121212121E-002   1.0018308195605499        1.0101010101010102E-002   1.0018308195605499        1.0000000000000000        5.8210127671198819E-004
  0.70705673792436730       -3.1598734011875774E-005   1.2121212121212121E-002   1.0018251824951130        1.0101010101010102E-002   1.0018251824951130        1.0000000000000000        5.9368163870310298E-004
  0.71715753135018667       -3.2091705140583532E-005   1.2121212121212121E-002   1.0018194459095011        1.0101010101010102E-002   1.0018194459095011        1.0000000000000000        6.0287008053805380E-004
  0.72725838190322134       -3.2455554866038289E-005   1.2121212121212121E-002   1.0018136329175955        1.0101010101010102E-002   1.0018136329175955        1.0000000000000000        6.0962979921441729E-004
  0.73735929022415125       -3.2688788231536095E-005   1.2121212121212121E-002   1.0018077669364305        1.0101010101010102E-002   1.0018077669364305        1.0000000000000000        6.1393417949595630E-004
  0.74746025672100391       -3.2790434761085520E-005   1.2121212121212121E-002   1.0018018715928214        1.0101010101010102E-002   1.0018018715928214        1.0000000000000000        6.1576590796619257E-004
  0.75756128156749414       -3.2760053857058466E-005   1.2121212121212121E-002   1.0017959706286492        1.0101010101010102E-002   1.0017959706286492        1.0000000000000000        6.1511811134806749E-004
  0.76766236470238469       -3.2597735272726561E-005   1.2121212121212121E-002   1.0017900878040016        1.0101010101010102E-002   1.0017900878040016        1.0000000000000000        6.1199367234721080E-004
  0.77776350582974685       -3.2304101997122460E-005   1.2121212121212121E-002   1.0017842468019993        1.0101010101010102E-002   1.0017842468019993        1.0000000000000000        6.0640559055702425E-004
  0.78786470442019818       -3.1880305591561529E-005   1.2121212121212121E-002   1.0017784711336934        1.0101010101010102E-002   1.0017784711336934        1.0000000000000000        5.9837657242933773E-004
  0.79796595971304407       -3.1328023580974686E-005   1.2121212121212121E-002   1.0017727840436177        1.0101010101010102E-002   1.0017727840436177        1.0000000000000000        5.8793932076905975E-004
  0.80806727071938311       -3.0649451444287183E-005   1.2121212121212121E-002   1.0017672084163052        1.0101010101010102E-002   1.0017672084163052        1.0000000000000000        5.7513607349246598E-004
  0.81816863622609592       -2.9847298375843914E-005   1.2121212121212121E-002   1.0017617666835281        1.0101010101010102E-002   1.0017617666835281        1.0000000000000000        5.6001887324796940E-004
  0.82827005480079152       -2.8924770898410387E-005   1.2121212121212121E-002   1.0017564807355830        1.0101010101010102E-002   1.0017564807355830        1.0000000000000000        5.4264848983986980E-004
  0.83837152479754373       -2.7885564294734290E-005   1.2121212121212121E-002   1.0017513718330613        1.0101010101010102E-002   1.0017513718330613        1.0000000000000000        5.2309538454586857E-004
  0.84847304436358617       -2.6733848260901106E-005   1.2121212121212121E-002   1.0017464605208244        1.0101010101010102E-002   1.0017464605208244        1.0000000000000000        5.0143827812032526E-004
  0.85857461144675640       -2.5474246836765177E-005   1.2121212121212121E-002   1.0017417665471302        1.0101010101010102E-002   1.0017417665471302        1.0000000000000000        4.7776453961034804E-004
  0.86867622380378284       -2.4111823832401871E-005   1.2121212121212121E-002   1.0017373087836294        1.0101010101010102E-002   1.0017373087836294        1.0000000000000000        4.5216959149385616E-004
  0.87877787900931847       -2.2652061494862356E-005   1.2121212121212121E-002   1.0017331051494109        1.0101010101010102E-002   1.0017331051494109        1.0000000000000000        4.2475665671037888E-004
  0.88887957446573485       -2.1100837061042148E-005   1.2121212121212121E-002   1.0017291725409045        1.0101010101010102E-002   1.0017291725409045        1.0000000000000000        3.9563583205470820E-004
  0.89898130741353355       -1.9464399825525273E-005   1.2121212121212121E-002   1.0017255267626448        1.0101010101010102E-002   1.0017255267626448        1.0000000000000000        3.6492477660488021E-004
  0.90908307494252283       -1.7749346708918715E-005   1.2121212121212121E-002   1.0017221824648177        1.0101010101010102E-002   1.0017221824648177        1.0000000000000000        3.3274665052740460E-004
  0.91918487400346205       -1.5962594986356618E-005   1.2121212121212121E-002   1.0017191530856957        1.0101010101010102E-002   1.0017191530856957        1.0000000000000000        2.9923114640251214E-004
  0.92928670142037351       -1.4111354957907103E-005   1.2121212121212121E-002   1.0017164507964296        1.0101010101010102E-002   1.0017164507964296        1.0000000000000000        2.6451294348639465E-004
  0.93938855390329001       -1.2203098911879655E-005   1.2121212121212121E-002   1.0017140864530785        1.0101010101010102E-002   1.0017140864530785        1.0000000000000000        2.2873179747318062E-004
  0.94949042806151140       -1.0245531955588477E-005   1.2121212121212121E-002   1.0017120695532915        1.0101010101010102E-002   1.0017120695532915        1.0000000000000000        1.9203140447388023E-004
  0.95959232041721376       -8.2465610683897823E-006   1.2121212121212121E-002   1.0017104081990875        1.0101010101010102E-002   1.0017104081990875        1.0000000000000000        1.5455931955887792E-004
  0.96969422741943923       -6.2142626134418519E-006   1.2121212121212121E-002   1.0017091090636892        1.0101010101010102E-002   1.0017091090636892        1.0000000000000000        1.1646616675253796E-004
  0.97979614545836680       -4.1568491279136357E-006   1.2121212121212121E-002   1.0017081773647216        1.0101010101010102E-002   1.0017081773647216        1.0000000000000000        7.7905119235666120E-005
  0.98989807087983339       -2.0826329272231710E-006   1.2121212121212121E-002   1.0017076168440360        1.0101010101010102E-002   1.0017076168440360        1.0000000000000000        3.9030992234678763E-005
   1.0000000000000038        2.6727584159285283E-013   1.2121212121212121E-002   1.0017074297534645        1.0101010101010102E-002   1.0017074297534645        1.0000000000000000       -3.9455549938338663E-011
   1.0101019291201689        2.1769867502047716E-006   1.2121212121212121E-002   1.0017076168440457        1.0101010101010102E-002   1.0017076168440457        1.0000000000000000       -3.9030933849382166E-005
   1.0202038545416383        4.3451769799526588E-006   1.2121212121212121E-002   1.0017081773644234        1.0101010101010102E-002   1.0017081773644234        1.0000000000000000       -7.7905101458775050E-005
   1.0303057725805700        6.4958086497766005E-006   1.2121212121212121E-002   1.0017091090636685        1.0101010101010102E-002   1.0017091090636685        1.0000000000000000       -1.1646623658023714E-004
   1.0404076795827917        8.6201936619292162E-006   1.2121212121212121E-002   1.0017104081993722        1.0101010101010102E-002   1.0017104081993722        1.0000000000000000       -1.5455931368357767E-004
   1.0505095719384914        1.0709749923618845E-005   1.2121212121212121E-002   1.0017120695533146        1.0101010101010102E-002   1.0017120695533146        1.0000000000000000       -1.9203135283962780E-004
   1.0606114460967151        1.2756036658068434E-005   1.2121212121212121E-002   1.0017140864528458        1.0101010101010102E-002   1.0017140864528458        1.0000000000000000       -2.2873179547033828E-004
   1.0707132985796348        1.4750790564984265E-005   1.2121212121212121E-002   1.0017164507964806        1.0101010101010102E-002   1.0017164507964806        1.0000000000000000       -2.6451300621843643E-004
   1.0808151259965417        1.6685958798150236E-005   1.2121212121212121E-002   1.0017191530858678        1.0101010101010102E-002   1.0017191530858678        1.0000000000000000       -2.9923111618312959E-004
   1.0909169250574815        1.8553731710454519E-005   1.2121212121212121E-002   1.0017221824648272        1.0101010101010102E-002   1.0017221824648272        1.0000000000000000        7.6198099698306407     
   1.1010186925864698        2.0346572924803128E-005   1.2121212121212121E-002   1.0017255267623399        1.0101010101010102E-002   1.0017255267623399        1.0000000000000000        93.405240373992029     
  -1.0101929120166608E-002  -2.1769866190883052E-006   1.2121212121212121E-002   1.0017076168440360        1.0101010101010102E-002   1.0017076168440360        1.0000000000000000        3.9030983095322824E-005
  -2.0203854541633204E-002  -4.3451772575273080E-006   1.2121212121212121E-002   1.0017081773647216        1.0101010101010102E-002   1.0017081773647216        1.0000000000000000        7.7905113111675917E-005
  -3.0305772580560775E-002  -6.4958084873443855E-006   1.2121212121212121E-002   1.0017091090636892        1.0101010101010102E-002   1.0017091090636892        1.0000000000000000        1.1646616675164978E-004
  -4.0407679582786238E-002  -8.6201935822450575E-006   1.2121212121212121E-002   1.0017104081990875        1.0101010101010102E-002   1.0017104081990875        1.0000000000000000        1.5455931955887792E-004
  -5.0509571938488595E-002  -1.0709749791464299E-005   1.2121212121212121E-002   1.0017120695532915        1.0101010101010102E-002   1.0017120695532915        1.0000000000000000        1.9203140448276201E-004
  -6.0611446096709987E-002  -1.2756036677045237E-005   1.2121212121212121E-002   1.0017140864530785        1.0101010101010102E-002   1.0017140864530785        1.0000000000000000        2.2873179747495698E-004
  -7.0713298579626493E-002  -1.4750790571253159E-005   1.2121212121212121E-002   1.0017164507964296        1.0101010101010102E-002   1.0017164507964296        1.0000000000000000        2.6451294348905918E-004
  -8.0815125996537951E-002  -1.6685958982859909E-005   1.2121212121212121E-002   1.0017191530856957        1.0101010101010102E-002   1.0017191530856957        1.0000000000000000        2.9923114639984760E-004
  -9.0916925057477171E-002  -1.8553731771878590E-005   1.2121212121212121E-002   1.0017221824648177        1.0101010101010102E-002   1.0017221824648177        1.0000000000000000       -7.6198099698449653     
 -0.10101869258646645       -2.0346573095713197E-005   1.2121212121212121E-002   1.0017255267626448        1.0101010101010102E-002   1.0017255267626448        1.0000000000000000       -93.405240373971594     
