 # x v h rho m p cs a
   23.600000000002126     
   2.5150255839763594E-014  -5.5016247450001563E-013   1.2121212121212121E-002   1.0017910215121741        1.0101010101010102E-002   1.0017910215121741        1.0000000000000000       -8.0150108772159001E-011
   1.0101102902938627E-002  -6.3233960426516251E-006   1.2121212121212121E-002   1.0017910405273251        1.0101010101010102E-002   1.0017910405273251        1.0000000000000000       -3.9663954032320703E-006
   2.0202205430000716E-002  -1.2621210514300263E-005   1.2121212121212121E-002   1.0017910974944690        1.0101010101010102E-002   1.0017910974944690        1.0000000000000000       -7.9166573208055979E-006
   3.0303307206882377E-002  -1.8867968357073012E-005   1.2121212121212121E-002   1.0017911921803340        1.0101010101010102E-002   1.0017911921803340        1.0000000000000000       -1.1834336473448559E-005
   4.0404407862347107E-002  -2.5038404069853833E-005   1.2121212121212121E-002   1.0017913241944756        1.0101010101010102E-002   1.0017913241944756        1.0000000000000000       -1.5703150114454445E-005
   5.0505507029786130E-002  -3.1107563438475915E-005   1.2121212121212121E-002   1.0017914929920451        1.0101010101010102E-002   1.0017914929920451        1.0000000000000000       -1.9507140602392781E-005
   6.0606604348736673E-002  -3.7050906318869176E-005   1.2121212121212121E-002   1.0017916978781902        1.0101010101010102E-002   1.0017916978781902        1.0000000000000000       -2.3231013212665630E-005
   7.0707699466326934E-002  -4.2844412440827346E-005   1.2121212121212121E-002   1.0017919380116425        1.0101010101010102E-002   1.0017919380116425        1.0000000000000000       -2.6859525545042118E-005
   8.0808792038717492E-002  -4.8464673009041775E-005   1.2121212121212121E-002   1.0017922124046814        1.0101010101010102E-002   1.0017922124046814        1.0000000000000000       -3.0377346869947530E-005
   9.0909881732561759E-002  -5.3888986994561387E-005   1.2121212121212121E-002   1.0017925199276065        1.0101010101010102E-002   1.0017925199276065        1.0000000000000000       -3.3770170742464245E-005
  0.10101096822635916       -5.9095456663864915E-005   1.2121212121212121E-002   1.0017928593177785        1.0101010101010102E-002   1.0017928593177785        1.0000000000000000       -3.7024602899116132E-005
  0.11111205121172156       -6.4063076087664231E-005   1.2121212121212121E-002   1.0017932291845459        1.0101010101010102E-002   1.0017932291845459        1.0000000000000000       -4.0127346427887289E-005
  0.12121313039463015       -6.8771816448413105E-005   1.2121212121212121E-002   1.0017936280108337        1.0101010101010102E-002   1.0017936280108337        1.0000000000000000       -4.3065312621770602E-005
  0.13131420549668879       -7.3202701967016695E-005   1.2121212121212121E-002   1.0017940541613826        1.0101010101010102E-002   1.0017940541613826        1.0000000000000000       -4.5826904930379442E-005
  0.14141527625620795       -7.7337892282399668E-005   1.2121212121212121E-002   1.0017945058924511        1.0101010101010102E-002   1.0017945058924511        1.0000000000000000       -4.8401123858177186E-005
  0.15151634242925954       -8.1160757259323812E-005   1.2121212121212121E-002   1.0017949813587050        1.0101010101010102E-002   1.0017949813587050        1.0000000000000000       -5.0777786417377513E-005
  0.16161740379062636       -8.4655934713494710E-005   1.2121212121212121E-002   1.0017954786184384        1.0101010101010102E-002   1.0017954786184384        1.0000000000000000       -5.2946965110933775E-005
  0.17171846013476430       -8.7809397130880304E-005   1.2121212121212121E-002   1.0017959956429041        1.0101010101010102E-002   1.0017959956429041        1.0000000000000000       -5.4900418954950680E-005
  0.18181951127656082       -9.0608502962359570E-005   1.2121212121212121E-002   1.0017965303262790        1.0101010101010102E-002   1.0017965303262790        1.0000000000000000       -5.6630313894245887E-005
  0.19192055705209529       -9.3042057364208782E-005   1.2121212121212121E-002   1.0017970804935343        1.0101010101010102E-002   1.0017970804935343        1.0000000000000000       -5.8130076725504409E-005
  0.20202159731924954       -9.5100345799277824E-005   1.2121212121212121E-002   1.0017976439099316        1.0101010101010102E-002   1.0017976439099316        1.0000000000000000       -5.9393806610685829E-005
  0.21212263195827383       -9.6775170719152391E-005   1.2121212121212121E-002   1.0017982182891101        1.0101010101010102E-002   1.0017982182891101        1.0000000000000000       -6.0416637130522588E-005
  0.22222366087224502       -9.8059889266276072E-005   1.2121212121212121E-002   1.0017988013034769        1.0101010101010102E-002   1.0017988013034769        1.0000000000000000       -6.1194835780931101E-005
  0.23232468398742367       -9.8949439774598035E-005   1.2121212121212121E-002   1.0017993905950342        1.0101010101010102E-002   1.0017993905950342        1.0000000000000000       -6.1725816152602420E-005
  0.24242570125349364       -9.9440355532000213E-005   1.2121212121212121E-002   1.0017999837839109        1.0101010101010102E-002   1.0017999837839109        1.0000000000000000       -6.2007591507651227E-005
  0.25252671264375276       -9.9530772689678914E-005   1.2121212121212121E-002   1.0018005784761559        1.0101010101010102E-002   1.0018005784761559        1.0000000000000000       -6.2039210486197760E-005
  0.26262771815520836       -9.9220447406652649E-005   1.2121212121212121E-002   1.0018011722759197        1.0101010101010102E-002   1.0018011722759197        1.0000000000000000       -6.1821224525360208E-005
  0.27272871780851521       -9.8510746328770232E-005   1.2121212121212121E-002   1.0018017627956572        1.0101010101010102E-002   1.0018017627956572        1.0000000000000000       -6.1354830683590933E-005
  0.28282971164786924       -9.7404645144519720E-005   1.2121212121212121E-002   1.0018023476640805        1.0101010101010102E-002   1.0018023476640805        1.0000000000000000       -6.0642250585551949E-005
  0.29293069974079644       -9.5906705310561108E-005   1.2121212121212121E-002   1.0018029245359499        1.0101010101010102E-002   1.0018029245359499        1.0000000000000000       -5.9686644914513920E-005
  0.30303168217784404       -9.4023062590261523E-005   1.2121212121212121E-002   1.0018034910997868        1.0101010101010102E-002   1.0018034910997868        1.0000000000000000       -5.8491927681814104E-005
  0.31313265907223253       -9.1761401605285409E-005   1.2121212121212121E-002   1.0018040450907999        1.0101010101010102E-002   1.0018040450907999        1.0000000000000000       -5.7063930080758496E-005
  0.32323363055927068       -8.9130917722142659E-005   1.2121212121212121E-002   1.0018045842982850        1.0101010101010102E-002   1.0018045842982850        1.0000000000000000       -5.5408100908316271E-005
  0.33333459679586730       -8.6142277299581656E-005   1.2121212121212121E-002   1.0018051065707645        1.0101010101010102E-002   1.0018051065707645        1.0000000000000000       -5.3531353652047642E-005
  0.34343555795986247       -8.2807578283021615E-005   1.2121212121212121E-002   1.0018056098281194        1.0101010101010102E-002   1.0018056098281194        1.0000000000000000       -5.1441624614234627E-005
  0.35353651424927740       -7.9140302017415937E-005   1.2121212121212121E-002   1.0018060920694081        1.0101010101010102E-002   1.0018060920694081        1.0000000000000000       -4.9147546227423788E-005
  0.36363746588149976       -7.5155256593480182E-005   1.2121212121212121E-002   1.0018065513799790        1.0101010101010102E-002   1.0018065513799790        1.0000000000000000       -4.6658467947935378E-005
  0.37373841309238970       -7.0868507474512363E-005   1.2121212121212121E-002   1.0018069859368814        1.0101010101010102E-002   1.0018069859368814        1.0000000000000000       -4.3984157524157297E-005
  0.38383935613536724       -6.6297324343035494E-005   1.2121212121212121E-002   1.0018073940171779        1.0101010101010102E-002   1.0018073940171779        1.0000000000000000       -4.1135703110484201E-005
  0.39394029528034841       -6.1460111783003045E-005   1.2121212121212121E-002   1.0018077740061286        1.0101010101010102E-002   1.0018077740061286        1.0000000000000000       -3.8124608347622768E-005
  0.40404123081266541       -5.6376325423726490E-005   1.2121212121212121E-002   1.0018081244020520        1.0101010101010102E-002   1.0018081244020520        1.0000000000000000       -3.4962959282403006E-005
  0.41414216303191076       -5.1066399472851433E-005   1.2121212121212121E-002   1.0018084438200721        1.0101010101010102E-002   1.0018084438200721        1.0000000000000000       -3.1663005472637451E-005
  0.42424309225078871       -4.5551663138409465E-005   1.2121212121212121E-002   1.0018087309979664        1.0101010101010102E-002   1.0018087309979664        1.0000000000000000       -2.8238077047326726E-005
  0.43434401879384316       -3.9854265853393250E-005   1.2121212121212121E-002   1.0018089848034766        1.0101010101010102E-002   1.0018089848034766        1.0000000000000000       -2.4701973066143523E-005
  0.44444494299615472       -3.3997072358182461E-005   1.2121212121212121E-002   1.0018092042375444        1.0101010101010102E-002   1.0018092042375444        1.0000000000000000       -2.1068689926018180E-005
  0.45454586520200790       -2.8003580170190890E-005   1.2121212121212121E-002   1.0018093884352652        1.0101010101010102E-002   1.0018093884352652        1.0000000000000000       -1.7352180807783668E-005
  0.46464678576357854       -2.1897828852485517E-005   1.2121212121212121E-002   1.0018095366698689        1.0101010101010102E-002   1.0018095366698689        1.0000000000000000       -1.3567303220440863E-005
  0.47474770503952113       -1.5704301480521585E-005   1.2121212121212121E-002   1.0018096483587906        1.0101010101010102E-002   1.0018096483587906        1.0000000000000000       -9.7292967948803266E-006
  0.48484862339352164       -9.4478300053520962E-006   1.2121212121212121E-002   1.0018097230638083        1.0101010101010102E-002   1.0018097230638083        1.0000000000000000       -5.8530214852581253E-006
  0.49494954119289036       -3.1534905196446763E-006   1.2121212121212121E-002   1.0018097604899048        1.0101010101010102E-002   1.0018097604899048        1.0000000000000000       -1.9535010729043734E-006
  0.50505045880715127        3.1534903572616333E-006   1.2121212121212121E-002   1.0018097604900429        1.0101010101010102E-002   1.0018097604900429        1.0000000000000000        1.9534757385031298E-006
  0.51515137660651644        9.4478299464974129E-006   1.2121212121212121E-002   1.0018097230638263        1.0101010101010102E-002   1.0018097230638263        1.0000000000000000        5.8530638717968486E-006
  0.52525229496052073        1.5704301830201814E-005   1.2121212121212121E-002   1.0018096483589480        1.0101010101010102E-002   1.0018096483589480        1.0000000000000000        9.7292279406246962E-006
  0.53535321423645588        2.1897828706968266E-005   1.2121212121212121E-002   1.0018095366698525        1.0101010101010102E-002   1.0018095366698525        1.0000000000000000        1.3567414376858267E-005
  0.54545413479803373        2.8003580066983514E-005   1.2121212121212121E-002   1.0018093884348263        1.0101010101010102E-002   1.0018093884348263        1.0000000000000000        1.7352154097594052E-005
  0.55555505700389018        3.3997072713330996E-005   1.2121212121212121E-002   1.0018092042376479        1.0101010101010102E-002   1.0018092042376479        1.0000000000000000        2.1068603961893473E-005
  0.56565598120619565        3.9854265563998175E-005   1.2121212121212121E-002   1.0018089848037142        1.0101010101010102E-002   1.0018089848037142        1.0000000000000000        2.4702027519474257E-005
  0.57575690774925048        4.5551663298198571E-005   1.2121212121212121E-002   1.0018087309977683        1.0101010101010102E-002   1.0018087309977683        1.0000000000000000        2.8238115711509693E-005
  0.58585783696813298        5.1066399196082557E-005   1.2121212121212121E-002   1.0018084438199788        1.0101010101010102E-002   1.0018084438199788        1.0000000000000000        3.1662948579480599E-005
  0.59595876918737578        5.6376325930130497E-005   1.2121212121212121E-002   1.0018081244021755        1.0101010101010102E-002   1.0018081244021755        1.0000000000000000        3.4962966552143371E-005
  0.60605970471969239        6.1460111018985994E-005   1.2121212121212121E-002   1.0018077740061901        1.0101010101010102E-002   1.0018077740061901        1.0000000000000000        3.8124610598266884E-005
  0.61616064386467273        6.6297324879147272E-005   1.2121212121212121E-002   1.0018073940171268        1.0101010101010102E-002   1.0018073940171268        1.0000000000000000        4.1135733200192703E-005
  0.62626158690765166        7.0868507606508868E-005   1.2121212121212121E-002   1.0018069859365262        1.0101010101010102E-002   1.0018069859365262        1.0000000000000000        4.3984186826051541E-005
  0.63636253411854848        7.5155256208548133E-005   1.2121212121212121E-002   1.0018065513799816        1.0101010101010102E-002   1.0018065513799816        1.0000000000000000        4.6658364082574622E-005
  0.64646348575076340        7.9140302169539977E-005   1.2121212121212121E-002   1.0018060920695055        1.0101010101010102E-002   1.0018060920695055        1.0000000000000000        4.9147630185153446E-005
  0.65656444204018305        8.2807577985038447E-005   1.2121212121212121E-002   1.0018056098278936        1.0101010101010102E-002   1.0018056098278936        1.0000000000000000        5.1441607843649706E-005
  0.66666540320417911        8.6142277106552686E-005   1.2121212121212121E-002   1.0018051065708198        1.0101010101010102E-002   1.0018051065708198        1.0000000000000000        5.3531313927379642E-005
  0.67676636944077362        8.9130917578907572E-005   1.2121212121212121E-002   1.0018045842985748        1.0101010101010102E-002   1.0018045842985748        1.0000000000000000        5.5408085594343959E-005
  0.68686734092780755        9.1761401930767929E-005   1.2121212121212121E-002   1.0018040450909600        1.0101010101010102E-002   1.0018040450909600        1.0000000000000000        5.7063977511262465E-005
  0.69696831782219681        9.4023063005230486E-005   1.2121212121212121E-002   1.0018034910996818        1.0101010101010102E-002   1.0018034910996818        1.0000000000000000        5.8491934394666600E-005
  0.70706930025924675        9.5906705399194229E-005   1.2121212121212121E-002   1.0018029245361268        1.0101010101010102E-002   1.0018029245361268        1.0000000000000000        5.9686578133266721E-005
  0.71717028835216756        9.7404644792600936E-005   1.2121212121212121E-002   1.0018023476642279        1.0101010101010102E-002   1.0018023476642279        1.0000000000000000        6.0642325244941730E-005
  0.72727128219152415        9.8510746767555362E-005   1.2121212121212121E-002   1.0018017627952867        1.0101010101010102E-002   1.0018017627952867        1.0000000000000000        6.1354866700114030E-005
  0.73737228184483705        9.9220446830976274E-005   1.2121212121212121E-002   1.0018011722757365        1.0101010101010102E-002   1.0018011722757365        1.0000000000000000        6.1821149285989918E-005
  0.74747328735629071        9.9530772851498325E-005   1.2121212121212121E-002   1.0018005784764470        1.0101010101010102E-002   1.0018005784764470        1.0000000000000000        6.2039182229689516E-005
  0.75757429874654492        9.9440355372254989E-005   1.2121212121212121E-002   1.0017999837840696        1.0101010101010102E-002   1.0017999837840696        1.0000000000000000        6.2007646076445155E-005
  0.76767531601261663        9.8949440055747962E-005   1.2121212121212121E-002   1.0017993905950133        1.0101010101010102E-002   1.0017993905950133        1.0000000000000000        6.1725803512935329E-005
  0.77777633912779442        9.8059889636735513E-005   1.2121212121212121E-002   1.0017988013035419        1.0101010101010102E-002   1.0017988013035419        1.0000000000000000        6.1194830093036501E-005
  0.78787736804176511        9.6775170296323763E-005   1.2121212121212121E-002   1.0017982182892340        1.0101010101010102E-002   1.0017982182892340        1.0000000000000000        6.0416626775250393E-005
  0.79797840268078724        9.5100345852773796E-005   1.2121212121212121E-002   1.0017976439099698        1.0101010101010102E-002   1.0017976439099698        1.0000000000000000        5.9393838704124846E-005
  0.80807944294794254        9.3042057121143232E-005   1.2121212121212121E-002   1.0017970804933067        1.0101010101010102E-002   1.0017970804933067        1.0000000000000000        5.8130101318276672E-005
  0.81818048872348115        9.0608503322156655E-005   1.2121212121212121E-002   1.0017965303261762        1.0101010101010102E-002   1.0017965303261762        1.0000000000000000        5.6630259764212099E-005
  0.82828153986527586        8.7809397111264105E-005   1.2121212121212121E-002   1.0017959956430704        1.0101010101010102E-002   1.0017959956430704        1.0000000000000000        5.4900418662739980E-005
  0.83838259620941114        8.4655934940163735E-005   1.2121212121212121E-002   1.0017954786182519        1.0101010101010102E-002   1.0017954786182519        1.0000000000000000        5.2947036720318863E-005
  0.84848365757078503        8.1160756963433913E-005   1.2121212121212121E-002   1.0017949813585312        1.0101010101010102E-002   1.0017949813585312        1.0000000000000000        5.0777716413819007E-005
  0.85858472374383321        7.7337892576365787E-005   1.2121212121212121E-002   1.0017945058924422        1.0101010101010102E-002   1.0017945058924422        1.0000000000000000        4.8401156256261402E-005
  0.86868579450335559        7.3202701705096191E-005   1.2121212121212121E-002   1.0017940541613335        1.0101010101010102E-002   1.0017940541613335        1.0000000000000000        4.5826881445165668E-005
  0.87878686960541186        6.8771816256388608E-005   1.2121212121212121E-002   1.0017936280106756        1.0101010101010102E-002   1.0017936280106756        1.0000000000000000        4.3065361232663690E-005
  0.88888794878832633        6.4063076291365654E-005   1.2121212121212121E-002   1.0017932291845102        1.0101010101010102E-002   1.0017932291845102        1.0000000000000000        4.0127268287726281E-005
  0.89898903177368383        5.9095456717784281E-005   1.2121212121212121E-002   1.0017928593179948        1.0101010101010102E-002   1.0017928593179948        1.0000000000000000        3.7024630840321038E-005
  0.90909011826748087        5.3888986570367376E-005   1.2121212121212121E-002   1.0017925199275535        1.0101010101010102E-002   1.0017925199275535        1.0000000000000000        3.3770197353177878E-005
  0.91919120796132714        4.8464672945816132E-005   1.2121212121212121E-002   1.0017922124046561        1.0101010101010102E-002   1.0017922124046561        1.0000000000000000        3.0377318695151700E-005
  0.92929230053371648        4.2844412823633478E-005   1.2121212121212121E-002   1.0017919380118252        1.0101010101010102E-002   1.0017919380118252        1.0000000000000000        2.6859503639897753E-005
  0.93939339565130420        3.7050906354791152E-005   1.2121212121212121E-002   1.0017916978784600        1.0101010101010102E-002   1.0017916978784600        1.0000000000000000        2.3231019644853745E-005
  0.94949449297025101        3.1107563255454429E-005   1.2121212121212121E-002   1.0017914929918965        1.0101010101010102E-002   1.0017914929918965        1.0000000000000000        1.9507223392167816E-005
  0.95959559213769741        2.5038404445150930E-005   1.2121212121212121E-002   1.0017913241942940        1.0101010101010102E-002   1.0017913241942940        1.0000000000000000        1.5703074962125640E-005
  0.96969669279315895        1.8867968485389658E-005   1.2121212121212121E-002   1.0017911921804554        1.0101010101010102E-002   1.0017911921804554        1.0000000000000000        1.1834347242611898E-005
  0.97979779457004057        1.2621210248782158E-005   1.2121212121212121E-002   1.0017910974944628        1.0101010101010102E-002   1.0017910974944628        1.0000000000000000        7.9166703503830149E-006
  0.98989889709710299        6.3233960137128859E-006   1.2121212121212121E-002   1.0017910405272545        1.0101010101010102E-002   1.0017910405272545        1.0000000000000000        3.9663996336258833E-006
   1.0000000000000178        6.6908129918577100E-013   1.2121212121212121E-002   1.0017910215121786        1.0101010101010102E-002   1.0017910215121786        1.0000000000000000        5.8341775854842126E-011
   1.0101011029029385       -6.3129878805134117E-006   1.2121212121212121E-002   1.0017910405273251        1.0101010101010102E-002   1.0017910405273251        1.0000000000000000       -3.9664362452285218E-006
   1.0202022054300006       -1.2600436597846544E-005   1.2121212121212121E-002   1.0017910974944690        1.0101010101010102E-002   1.0017910974944690        1.0000000000000000       -7.9166840825095619E-006
   1.0303033072068823       -1.8836914170394434E-005   1.2121212121212121E-002   1.0017911921803340        1.0101010101010102E-002   1.0017911921803340        1.0000000000000000       -1.1834336579141791E-005
   1.0404044078623471       -2.4997197716166242E-005   1.2121212121212121E-002   1.0017913241944756        1.0101010101010102E-002   1.0017913241944756        1.0000000000000000       -1.5703150150869760E-005
   1.0505055070297862       -3.1056374898821889E-005   1.2121212121212121E-002   1.0017914929920451        1.0101010101010102E-002   1.0017914929920451        1.0000000000000000       -1.9507141038488385E-005
   1.0606066043487368       -3.6989945906171886E-005   1.2121212121212121E-002   1.0017916978781902        1.0101010101010102E-002   1.0017916978781902        1.0000000000000000       -2.3231014729674371E-005
   1.0707076994663269       -4.2773930314400391E-005   1.2121212121212121E-002   1.0017919380116425        1.0101010101010102E-002   1.0017919380116425        1.0000000000000000       -2.6859524848710237E-005
   1.0808087920387175       -4.8384959421110906E-005   1.2121212121212121E-002   1.0017922124046814        1.0101010101010102E-002   1.0017922124046814        1.0000000000000000       -3.0377346615928502E-005
   1.0909098817325618       -5.3800369837683089E-005   1.2121212121212121E-002   1.0017925199276065        1.0101010101010102E-002   1.0017925199276065        1.0000000000000000        7.6246206260960747     
   1.1010109682263591       -5.8998299092322117E-005   1.2121212121212121E-002   1.0017928593177785        1.0101010101010102E-002   1.0017928593177785        1.0000000000000000        93.407915552599931     
  -1.0101102902897008E-002   6.3129878399637575E-006   1.2121212121212121E-002   1.0017910405272545        1.0101010101010102E-002   1.0017910405272545        1.0000000000000000        3.9664416586759899E-006
  -2.0202205429959430E-002   1.2600436317780613E-005   1.2121212121212121E-002   1.0017910974944628        1.0101010101010102E-002   1.0017910974944628        1.0000000000000000        7.9166982116518625E-006
  -3.0303307206841046E-002   1.8836914268604523E-005   1.2121212121212121E-002   1.0017911921804554        1.0101010101010102E-002   1.0017911921804554        1.0000000000000000        1.1834347255046396E-005
  -4.0404407862302594E-002   2.4997198248685993E-005   1.2121212121212121E-002   1.0017913241942940        1.0101010101010102E-002   1.0017913241942940        1.0000000000000000        1.5703074959461105E-005
  -5.0505507029748986E-002   3.1056374540083181E-005   1.2121212121212121E-002   1.0017914929918965        1.0101010101010102E-002   1.0017914929918965        1.0000000000000000        1.9507223393944173E-005
  -6.0606604348695803E-002   3.6989945929369760E-005   1.2121212121212121E-002   1.0017916978784600        1.0101010101010102E-002   1.0017916978784600        1.0000000000000000        2.3231019638636496E-005
  -7.0707699466283525E-002   4.2773930726769403E-005   1.2121212121212121E-002   1.0017919380118252        1.0101010101010102E-002   1.0017919380118252        1.0000000000000000        2.6859503629239612E-005
  -8.0808792038672861E-002   4.8384959428842650E-005   1.2121212121212121E-002   1.0017922124046561        1.0101010101010102E-002   1.0017922124046561        1.0000000000000000        3.0377318696039879E-005
  -9.0909881732519127E-002   5.3800369372419702E-005   1.2121212121212121E-002   1.0017925199275535        1.0101010101010102E-002   1.0017925199275535        1.0000000000000000       -7.6246206260898219     
 -0.10101096822631617        5.8998299072198626E-005   1.2121212121212121E-002   1.0017928593179948        1.0101010101010102E-002   1.0017928593179948        1.0000000000000000       -93.407915552587809     
