 # x v h rho m p cs a
   15.150999999997042     
  -1.1929089244127813E-007  -3.5368398349110454E-006   1.2121212121212121E-002   1.0018001874806717        1.0101010101010102E-002   1.0018001874806717        1.0000000000000000        1.2434497875801753E-014
   1.0100897642005198E-002  -3.4175174320827141E-006   1.2121212121212121E-002   1.0017991204651537        1.0101010101010102E-002   1.0017991204651537        1.0000000000000000       -1.4210854715202004E-014
   2.0201926647391875E-002  -3.6023662344349050E-006   1.2121212121212121E-002   1.0017981428508320        1.0101010101010102E-002   1.0017981428508320        1.0000000000000000       -9.9475983006414026E-014
   3.0302963088805087E-002  -4.0735506587867333E-006   1.2121212121212121E-002   1.0017974222156076        1.0101010101010102E-002   1.0017974222156076        1.0000000000000000        6.1284310959308641E-014
   4.0404006090325600E-002  -5.0029814468087412E-006   1.2121212121212121E-002   1.0017968312148391        1.0101010101010102E-002   1.0017968312148391        1.0000000000000000        3.5527136788005009E-015
   5.0505054243111032E-002  -6.0638202925066923E-006   1.2121212121212121E-002   1.0017963875301283        1.0101010101010102E-002   1.0017963875301283        1.0000000000000000        4.4408920985006262E-015
   6.0606106231284346E-002  -7.2726174856727011E-006   1.2121212121212121E-002   1.0017962093883996        1.0101010101010102E-002   1.0017962093883996        1.0000000000000000       -8.8817841970012523E-015
   7.0707157738340284E-002  -8.6189547384935855E-006   1.2121212121212121E-002   1.0017962138643985        1.0101010101010102E-002   1.0017962138643985        1.0000000000000000       -5.1514348342607263E-014
   8.0808209645492290E-002  -1.0211188292553627E-005   1.2121212121212121E-002   1.0017964211120112        1.0101010101010102E-002   1.0017964211120112        1.0000000000000000        2.1316282072803006E-014
   9.0909257537856891E-002  -1.1794938732907028E-005   1.2121212121212121E-002   1.0017970906922671        1.0101010101010102E-002   1.0017970906922671        1.0000000000000000        7.1054273576010019E-015
  0.10101029592951770       -1.2889122387319801E-005   1.2121212121212121E-002   1.0017980339260131        1.0101010101010102E-002   1.0017980339260131        1.0000000000000000        7.1054273576010019E-015
  0.11111132417652002       -1.4279351944724368E-005   1.2121212121212121E-002   1.0017986556608667        1.0101010101010102E-002   1.0017986556608667        1.0000000000000000        3.5527136788005009E-015
  0.12121235013711049       -1.5979572342671823E-005   1.2121212121212121E-002   1.0017988712588723        1.0101010101010102E-002   1.0017988712588723        1.0000000000000000        1.9539925233402755E-014
  0.13131337509672392       -1.7778552377591182E-005   1.2121212121212121E-002   1.0017992465970276        1.0101010101010102E-002   1.0017992465970276        1.0000000000000000        8.0824236192711396E-014
  0.14141439402364941       -1.9137773976508534E-005   1.2121212121212121E-002   1.0018000041305470        1.0101010101010102E-002   1.0018000041305470        1.0000000000000000        2.2204460492503131E-014
  0.15151540312878850       -2.0226868894665049E-005   1.2121212121212121E-002   1.0018006291149995        1.0101010101010102E-002   1.0018006291149995        1.0000000000000000       -6.2172489379008766E-015
  0.16161640911598166       -2.1104624323124831E-005   1.2121212121212121E-002   1.0018007580354984        1.0101010101010102E-002   1.0018007580354984        1.0000000000000000       -6.2172489379008766E-015
  0.17171741601515136       -2.1507962487317690E-005   1.2121212121212121E-002   1.0018005727332371        1.0101010101010102E-002   1.0018005727332371        1.0000000000000000       -6.2172489379008766E-015
  0.18181842600548601       -2.1714828115611284E-005   1.2121212121212121E-002   1.0018002948371896        1.0101010101010102E-002   1.0018002948371896        1.0000000000000000       -6.2172489379008766E-015
  0.19191943859078361       -2.1947212759384334E-005   1.2121212121212121E-002   1.0018000537142779        1.0101010101010102E-002   1.0018000537142779        1.0000000000000000       -6.2172489379008766E-015
  0.20202045336727503       -2.2372206854817646E-005   1.2121212121212121E-002   1.0017998727920860        1.0101010101010102E-002   1.0017998727920860        1.0000000000000000       -6.2172489379008766E-015
  0.21212146955256614       -2.2701297768633632E-005   1.2121212121212121E-002   1.0017997607847366        1.0101010101010102E-002   1.0017997607847366        1.0000000000000000       -6.2172489379008766E-015
  0.22222248641172818       -2.2779287923377834E-005   1.2121212121212121E-002   1.0017996423170281        1.0101010101010102E-002   1.0017996423170281        1.0000000000000000       -1.7763568394002505E-015
  0.23232350489258255       -2.2948563694005317E-005   1.2121212121212121E-002   1.0017994887213957        1.0101010101010102E-002   1.0017994887213957        1.0000000000000000       -5.6843418860808015E-014
  0.24242452486103747       -2.3077759351144311E-005   1.2121212121212121E-002   1.0017993601054287        1.0101010101010102E-002   1.0017993601054287        1.0000000000000000       -1.8562928971732617E-013
  0.25252554628097668       -2.3220973552270868E-005   1.2121212121212121E-002   1.0017995043498449        1.0101010101010102E-002   1.0017995043498449        1.0000000000000000        1.8385293287792592E-013
  0.26262656374945548       -2.3296582412116475E-005   1.2121212121212121E-002   1.0018001177159732        1.0101010101010102E-002   1.0018001177159732        1.0000000000000000        5.0626169922907138E-014
  0.27272757258916586       -2.3274627413954315E-005   1.2121212121212121E-002   1.0018009250441102        1.0101010101010102E-002   1.0018009250441102        1.0000000000000000       -6.2172489379008766E-015
  0.28282857349473678       -2.3129190966147929E-005   1.2121212121212121E-002   1.0018015390447603        1.0101010101010102E-002   1.0018015390447603        1.0000000000000000       -6.2172489379008766E-015
  0.29292956987424157       -2.2915483992717069E-005   1.2121212121212121E-002   1.0018017488630493        1.0101010101010102E-002   1.0018017488630493        1.0000000000000000       -6.2172489379008766E-015
  0.30303056676363616       -2.2618325073547327E-005   1.2121212121212121E-002   1.0018016337510975        1.0101010101010102E-002   1.0018016337510975        1.0000000000000000       -6.2172489379008766E-015
  0.31313156585118945       -2.2308992445471155E-005   1.2121212121212121E-002   1.0018014527058186        1.0101010101010102E-002   1.0018014527058186        1.0000000000000000       -6.2172489379008766E-015
  0.32323256642960035       -2.1565760377189907E-005   1.2121212121212121E-002   1.0018012805362007        1.0101010101010102E-002   1.0018012805362007        1.0000000000000000       -6.2172489379008766E-015
  0.33333356870852204       -2.0548968858751087E-005   1.2121212121212121E-002   1.0018010177951764        1.0101010101010102E-002   1.0018010177951764        1.0000000000000000       -6.2172489379008766E-015
  0.34343457477205569       -1.9246786022232838E-005   1.2121212121212121E-002   1.0018008528218705        1.0101010101010102E-002   1.0018008528218705        1.0000000000000000       -6.2172489379008766E-015
  0.35353558094227877       -1.8337426485459610E-005   1.2121212121212121E-002   1.0018011313660431        1.0101010101010102E-002   1.0018011313660431        1.0000000000000000       -6.2172489379008766E-015
  0.36363658093653645       -1.7511917085931676E-005   1.2121212121212121E-002   1.0018015295415648        1.0101010101010102E-002   1.0018015295415648        1.0000000000000000       -6.2172489379008766E-015
  0.37373757856697415       -1.6385988499205440E-005   1.2121212121212121E-002   1.0018016552030518        1.0101010101010102E-002   1.0018016552030518        1.0000000000000000       -6.2172489379008766E-015
  0.38383857645361186       -1.5276573313087519E-005   1.2121212121212121E-002   1.0018017090335598        1.0101010101010102E-002   1.0018017090335598        1.0000000000000000       -6.2172489379008766E-015
  0.39393957343420039       -1.4471284480682085E-005   1.2121212121212121E-002   1.0018019246202696        1.0101010101010102E-002   1.0018019246202696        1.0000000000000000       -6.2172489379008766E-015
  0.40404056664555044       -1.3776626432640534E-005   1.2121212121212121E-002   1.0018020726701060        1.0101010101010102E-002   1.0018020726701060        1.0000000000000000       -6.2172489379008766E-015
  0.41414156042856254       -1.2488190030226587E-005   1.2121212121212121E-002   1.0018020083711472        1.0101010101010102E-002   1.0018020083711472        1.0000000000000000       -6.2172489379008766E-015
  0.42424255552586487       -1.1135860668818510E-005   1.2121212121212121E-002   1.0018020710135624        1.0101010101010102E-002   1.0018020710135624        1.0000000000000000       -6.2172489379008766E-015
  0.43434354812417314       -9.7713464546770861E-006   1.2121212121212121E-002   1.0018022948436918        1.0101010101010102E-002   1.0018022948436918        1.0000000000000000       -6.2172489379008766E-015
  0.44444453826258867       -8.3156840944261490E-006   1.2121212121212121E-002   1.0018023656291442        1.0101010101010102E-002   1.0018023656291442        1.0000000000000000       -6.2172489379008766E-015
  0.45454552923039376       -6.5537852182627829E-006   1.2121212121212121E-002   1.0018021459346502        1.0101010101010102E-002   1.0018021459346502        1.0000000000000000       -6.2172489379008766E-015
  0.46464652413795976       -4.8477463351137305E-006   1.2121212121212121E-002   1.0018018909080875        1.0101010101010102E-002   1.0018018909080875        1.0000000000000000       -6.2172489379008766E-015
  0.47474752060322106       -3.1693635577060112E-006   1.2121212121212121E-002   1.0018018851459858        1.0101010101010102E-002   1.0018018851459858        1.0000000000000000        5.3290705182007514E-015
  0.48484851566568943       -1.5521678950964068E-006   1.2121212121212121E-002   1.0018021608529797        1.0101010101010102E-002   1.0018021608529797        1.0000000000000000       -7.0166095156309893E-014
  0.49494950639946766       -4.6008751439101293E-007   1.2121212121212121E-002   1.0018025205052012        1.0101010101010102E-002   1.0018025205052012        1.0000000000000000       -4.4941828036826337E-013
  0.50505049360133147        4.6008745686273177E-007   1.2121212121212121E-002   1.0018025205054453        1.0101010101010102E-002   1.0018025205054453        1.0000000000000000       -6.9277916736609768E-014
  0.51515148433510349        1.5521684005943119E-006   1.2121212121212121E-002   1.0018021608529957        1.0101010101010102E-002   1.0018021608529957        1.0000000000000000        1.5987211554602254E-014
  0.52525247939757791        3.1693633324996551E-006   1.2121212121212121E-002   1.0018018851458299        1.0101010101010102E-002   1.0018018851458299        1.0000000000000000        1.7763568394002505E-015
  0.53535347586283710        4.8477465877229137E-006   1.2121212121212121E-002   1.0018018909082356        1.0101010101010102E-002   1.0018018909082356        1.0000000000000000        1.7763568394002505E-015
  0.54545447077040188        6.5537852560720017E-006   1.2121212121212121E-002   1.0018021459348903        1.0101010101010102E-002   1.0018021459348903        1.0000000000000000        1.7763568394002505E-015
  0.55555546173820292        8.3156843386029862E-006   1.2121212121212121E-002   1.0018023656291570        1.0101010101010102E-002   1.0018023656291570        1.0000000000000000        1.7763568394002505E-015
  0.56565645187662228        9.7713463165172659E-006   1.2121212121212121E-002   1.0018022948435190        1.0101010101010102E-002   1.0018022948435190        1.0000000000000000        1.7763568394002505E-015
  0.57575744447493116        1.1135860643024376E-005   1.2121212121212121E-002   1.0018020710137465        1.0101010101010102E-002   1.0018020710137465        1.0000000000000000        1.7763568394002505E-015
  0.58585843957222838        1.2488190014063879E-005   1.2121212121212121E-002   1.0018020083712282        1.0101010101010102E-002   1.0018020083712282        1.0000000000000000        1.7763568394002505E-015
  0.59595943335524360        1.3776626513460985E-005   1.2121212121212121E-002   1.0018020726698640        1.0101010101010102E-002   1.0018020726698640        1.0000000000000000        1.7763568394002505E-015
  0.60606042656659631        1.4471284871630794E-005   1.2121212121212121E-002   1.0018019246202254        1.0101010101010102E-002   1.0018019246202254        1.0000000000000000        1.7763568394002505E-015
  0.61616142354718262        1.5276573180982462E-005   1.2121212121212121E-002   1.0018017090335236        1.0101010101010102E-002   1.0018017090335236        1.0000000000000000        1.7763568394002505E-015
  0.62626242143382327        1.6385988467550334E-005   1.2121212121212121E-002   1.0018016552030160        1.0101010101010102E-002   1.0018016552030160        1.0000000000000000        1.7763568394002505E-015
  0.63636341906425897        1.7511917363501280E-005   1.2121212121212121E-002   1.0018015295416671        1.0101010101010102E-002   1.0018015295416671        1.0000000000000000        1.7763568394002505E-015
  0.64646441905851670        1.8337426456199815E-005   1.2121212121212121E-002   1.0018011313662853        1.0101010101010102E-002   1.0018011313662853        1.0000000000000000        1.7763568394002505E-015
  0.65656542522873385        1.9246786330165591E-005   1.2121212121212121E-002   1.0018008528216820        1.0101010101010102E-002   1.0018008528216820        1.0000000000000000        1.7763568394002505E-015
  0.66666643129227809        2.0548969037102379E-005   1.2121212121212121E-002   1.0018010177950585        1.0101010101010102E-002   1.0018010177950585        1.0000000000000000        1.7763568394002505E-015
  0.67676743357119196        2.1565760099619281E-005   1.2121212121212121E-002   1.0018012805363794        1.0101010101010102E-002   1.0018012805363794        1.0000000000000000        1.7763568394002505E-015
  0.68686843414960563        2.2308992778291437E-005   1.2121212121212121E-002   1.0018014527055183        1.0101010101010102E-002   1.0018014527055183        1.0000000000000000        1.7763568394002505E-015
  0.69696943323716343        2.2618325207162123E-005   1.2121212121212121E-002   1.0018016337510034        1.0101010101010102E-002   1.0018016337510034        1.0000000000000000        1.7763568394002505E-015
  0.70707043012655535        2.2915483985395062E-005   1.2121212121212121E-002   1.0018017488631914        1.0101010101010102E-002   1.0018017488631914        1.0000000000000000        1.7763568394002505E-015
  0.71717142650605958        2.3129190924376571E-005   1.2121212121212121E-002   1.0018015390448982        1.0101010101010102E-002   1.0018015390448982        1.0000000000000000        1.7763568394002505E-015
  0.72727242741162823        2.3274627449929542E-005   1.2121212121212121E-002   1.0018009250441597        1.0101010101010102E-002   1.0018009250441597        1.0000000000000000        1.7763568394002505E-015
  0.73737343625133989        2.3296582814365557E-005   1.2121212121212121E-002   1.0018001177159355        1.0101010101010102E-002   1.0018001177159355        1.0000000000000000        1.7763568394002505E-015
  0.74747445371981858        2.3220973626496017E-005   1.2121212121212121E-002   1.0017995043499324        1.0101010101010102E-002   1.0017995043499324        1.0000000000000000        1.7763568394002505E-015
  0.75757547513975565        2.3077759196822843E-005   1.2121212121212121E-002   1.0017993601053756        1.0101010101010102E-002   1.0017993601053756        1.0000000000000000        1.7763568394002505E-015
  0.76767649510821390        2.2948563917389535E-005   1.2121212121212121E-002   1.0017994887212776        1.0101010101010102E-002   1.0017994887212776        1.0000000000000000        1.7763568394002505E-015
  0.77777751358906766        2.2779287751727272E-005   1.2121212121212121E-002   1.0017996423170517        1.0101010101010102E-002   1.0017996423170517        1.0000000000000000        1.7763568394002505E-015
  0.78787853044822942        2.2701298040890140E-005   1.2121212121212121E-002   1.0017997607846849        1.0101010101010102E-002   1.0017997607846849        1.0000000000000000        1.7763568394002505E-015
  0.79797954663352189        2.2372207042647189E-005   1.2121212121212121E-002   1.0017998727920119        1.0101010101010102E-002   1.0017998727920119        1.0000000000000000        1.7763568394002505E-015
  0.80808056141001416        2.1947212779297506E-005   1.2121212121212121E-002   1.0018000537145511        1.0101010101010102E-002   1.0018000537145511        1.0000000000000000        1.7763568394002505E-015
  0.81818157399530422        2.1714828186536930E-005   1.2121212121212121E-002   1.0018002948371310        1.0101010101010102E-002   1.0018002948371310        1.0000000000000000        1.7763568394002505E-015
  0.82828258398564791        2.1507962385712649E-005   1.2121212121212121E-002   1.0018005727330332        1.0101010101010102E-002   1.0018005727330332        1.0000000000000000        1.7763568394002505E-015
  0.83838359088481373        2.1104624804721409E-005   1.2121212121212121E-002   1.0018007580357311        1.0101010101010102E-002   1.0018007580357311        1.0000000000000000        1.7763568394002505E-015
  0.84848459687200461        2.0226868749258799E-005   1.2121212121212121E-002   1.0018006291148680        1.0101010101010102E-002   1.0018006291148680        1.0000000000000000        1.7763568394002505E-015
  0.85858560597714917        1.9137773852476131E-005   1.2121212121212121E-002   1.0018000041303534        1.0101010101010102E-002   1.0018000041303534        1.0000000000000000        1.7763568394002505E-015
  0.86868662490407389        1.7778553044574351E-005   1.2121212121212121E-002   1.0017992465972443        1.0101010101010102E-002   1.0017992465972443        1.0000000000000000        1.7763568394002505E-015
  0.87878764986368274        1.5979571921583054E-005   1.2121212121212121E-002   1.0017988712589356        1.0101010101010102E-002   1.0017988712589356        1.0000000000000000        1.7763568394002505E-015
  0.88888867582427666        1.4279352148273723E-005   1.2121212121212121E-002   1.0017986556608045        1.0101010101010102E-002   1.0017986556608045        1.0000000000000000        1.7763568394002505E-015
  0.89898970407127698        1.2889122467885273E-005   1.2121212121212121E-002   1.0017980339259531        1.0101010101010102E-002   1.0017980339259531        1.0000000000000000        1.7763568394002505E-015
  0.90909074246294075        1.1794938861121136E-005   1.2121212121212121E-002   1.0017970906921130        1.0101010101010102E-002   1.0017970906921130        1.0000000000000000        1.7763568394002505E-015
  0.91919179035530585        1.0211188250029396E-005   1.2121212121212121E-002   1.0017964211119894        1.0101010101010102E-002   1.0017964211119894        1.0000000000000000        1.7763568394002505E-015
  0.92929284226245790        8.6189550138706611E-006   1.2121212121212121E-002   1.0017962138645664        1.0101010101010102E-002   1.0017962138645664        1.0000000000000000        1.7763568394002505E-015
  0.93939389376950999        7.2726174329460301E-006   1.2121212121212121E-002   1.0017962093884942        1.0101010101010102E-002   1.0017962093884942        1.0000000000000000        1.7763568394002505E-015
  0.94949494575768545        6.0638205226657603E-006   1.2121212121212121E-002   1.0017963875302129        1.0101010101010102E-002   1.0017963875302129        1.0000000000000000        1.7763568394002505E-015
  0.95959599391046690        5.0029815184365755E-006   1.2121212121212121E-002   1.0017968312148211        1.0101010101010102E-002   1.0017968312148211        1.0000000000000000        1.7763568394002505E-015
  0.96969703691199149        4.0735504083427764E-006   1.2121212121212121E-002   1.0017974222153745        1.0101010101010102E-002   1.0017974222153745        1.0000000000000000        8.8817841970012523E-016
  0.97979807335340607        3.6023663683843331E-006   1.2121212121212121E-002   1.0017981428508305        1.0101010101010102E-002   1.0017981428508305        1.0000000000000000       -3.2862601528904634E-014
  0.98989910235879097        3.4175179730140465E-006   1.2121212121212121E-002   1.0017991204651722        1.0101010101010102E-002   1.0017991204651722        1.0000000000000000        1.5010215292932116E-013
   1.0000001192916899        3.5368397188471672E-006   1.2121212121212121E-002   1.0018001874806066        1.0101010101010102E-002   1.0018001874806066        1.0000000000000000        1.0436096431476471E-012
   1.0101011293927000       -3.4812275323487821E-006   1.2121212121212121E-002   1.0017991204651537        1.0101010101010102E-002   1.0018005532418397        1.0000000000000000        1.4299672557172016E-013
   1.0202021394937102       -3.6439057627160252E-006   1.2121212121212121E-002   1.0017981428508320        1.0101010101010102E-002   1.0018004252216766        1.0000000000000000       -1.9677833450701065E-002
   1.0303031495947204       -4.1073580755154927E-006   1.2121212121212121E-002   1.0017974222156076        1.0101010101010102E-002   1.0018004115226273        1.0000000000000000       -1.3138325546267744     
   1.0404041596957305       -5.0307966432935003E-006   1.2121212121212121E-002   1.0017968312148391        1.0101010101010102E-002  0.99665637860081713        1.0000000000000000       -4.6453021478719450     
   1.0505051697967407       -6.0823567912395384E-006   1.2121212121212121E-002   1.0017963875301283        1.0101010101010102E-002  0.77867798353909146        1.0000000000000000        107.01218865918355     
  -1.0101129391902544E-002   3.4812280619744909E-006   1.2121212121212121E-002   1.0017991204651722        1.0101010101010102E-002   1.0018005532418608        1.0000000000000000        1.1546319456101628E-014
  -2.0202139492912646E-002   3.6439059116050588E-006   1.2121212121212121E-002   1.0017981428508305        1.0101010101010102E-002   1.0018004252216837        1.0000000000000000        1.9677833450746363E-002
  -3.0303149593922746E-002   4.1073578334697065E-006   1.2121212121212121E-002   1.0017974222153745        1.0101010101010102E-002   1.0018004115226338        1.0000000000000000        1.3138325546268277     
  -4.0404159694932849E-002   5.0307966853618693E-006   1.2121212121212121E-002   1.0017968312148211        1.0101010101010102E-002  0.99665637860082290        1.0000000000000000        4.6453021478716039     
  -5.0505169795942953E-002   6.0823570384809426E-006   1.2121212121212121E-002   1.0017963875302129        1.0101010101010102E-002  0.77867798353909445        1.0000000000000000       -107.01218865918408     
