 # x v h rho m p cs a
   2.7509999999998080     
   1.3538047496123076E-007   4.7269581920179569E-006   1.2121212121212121E-002   1.0018017463172841        1.0101010101010102E-002   1.0018017463172841        1.0000000000000000        1.2434497875801753E-014
   1.0101116371503575E-002   6.2879132461219994E-006   1.2121212121212121E-002   1.0018044873103857        1.0101010101010102E-002   1.0018044873103857        1.0000000000000000       -1.4210854715202004E-014
   2.0202073751844390E-002   8.5077234486658588E-006   1.2121212121212121E-002   1.0018065208831399        1.0101010101010102E-002   1.0018065208831399        1.0000000000000000       -9.9475983006414026E-014
   3.0303014282758774E-002   1.1725159607944547E-005   1.2121212121212121E-002   1.0018075017245220        1.0101010101010102E-002   1.0018075017245220        1.0000000000000000        6.1284310959308641E-014
   4.0403952023433665E-002   1.6339530735403634E-005   1.2121212121212121E-002   1.0018073001036463        1.0101010101010102E-002   1.0018073001036463        1.0000000000000000        3.5527136788005009E-015
   5.0504897161234241E-002   2.1972443234788569E-005   1.2121212121212121E-002   1.0018062798657350        1.0101010101010102E-002   1.0018062798657350        1.0000000000000000        4.4408920985006262E-015
   6.0605855501875500E-002   2.7663127433313175E-005   1.2121212121212121E-002   1.0018047378905142        1.0101010101010102E-002   1.0018047378905142        1.0000000000000000       -8.8817841970012523E-015
   7.0706831397192541E-002   3.3095943347735425E-005   1.2121212121212121E-002   1.0018029095998113        1.0101010101010102E-002   1.0018029095998113        1.0000000000000000       -5.1514348342607263E-014
   8.0807826829290441E-002   3.8443961973194893E-005   1.2121212121212121E-002   1.0018014072405754        1.0101010101010102E-002   1.0018014072405754        1.0000000000000000        2.1316282072803006E-014
   9.0908833364984759E-002   4.3277031563064234E-005   1.2121212121212121E-002   1.0018008240593068        1.0101010101010102E-002   1.0018008240593068        1.0000000000000000        7.1054273576010019E-015
  0.10100984034460654        4.7009711618379291E-005   1.2121212121212121E-002   1.0018011808028247        1.0101010101010102E-002   1.0018011808028247        1.0000000000000000        7.1054273576010019E-015
  0.11111083901719547        4.9797560404566832E-005   1.2121212121212121E-002   1.0018019772709057        1.0101010101010102E-002   1.0018019772709057        1.0000000000000000        3.5527136788005009E-015
  0.12121182950744841        5.2621273476565669E-005   1.2121212121212121E-002   1.0018027478259730        1.0101010101010102E-002   1.0018027478259730        1.0000000000000000        1.9539925233402755E-014
  0.13131281301918765        5.5569882530895459E-005   1.2121212121212121E-002   1.0018034586209668        1.0101010101010102E-002   1.0018034586209668        1.0000000000000000        8.0824236192711396E-014
  0.14141378881383126        5.8765938339806623E-005   1.2121212121212121E-002   1.0018036996891793        1.0101010101010102E-002   1.0018036996891793        1.0000000000000000        2.2204460492503131E-014
  0.15151476671373307        6.2003294151984233E-005   1.2121212121212121E-002   1.0018029841320002        1.0101010101010102E-002   1.0018029841320002        1.0000000000000000       -6.2172489379008766E-015
  0.16161575722119734        6.5337584095447886E-005   1.2121212121212121E-002   1.0018016825709994        1.0101010101010102E-002   1.0018016825709994        1.0000000000000000       -6.2172489379008766E-015
  0.17171676255894919        6.8472575030493902E-005   1.2121212121212121E-002   1.0018008329623980        1.0101010101010102E-002   1.0018008329623980        1.0000000000000000       -6.2172489379008766E-015
  0.18181777044917247        7.0755543063879303E-005   1.2121212121212121E-002   1.0018008107530114        1.0101010101010102E-002   1.0018008107530114        1.0000000000000000       -6.2172489379008766E-015
  0.19191877523535886        7.2290973823365914E-005   1.2121212121212121E-002   1.0018010629833118        1.0101010101010102E-002   1.0018010629833118        1.0000000000000000       -6.2172489379008766E-015
  0.20201977776265009        7.3231530226987605E-005   1.2121212121212121E-002   1.0018013292417434        1.0101010101010102E-002   1.0018013292417434        1.0000000000000000       -6.2172489379008766E-015
  0.21212077739496971        7.3998482112833900E-005   1.2121212121212121E-002   1.0018016337289954        1.0101010101010102E-002   1.0018016337289954        1.0000000000000000       -6.2172489379008766E-015
  0.22222177355502001        7.5030068903183863E-005   1.2121212121212121E-002   1.0018017407674604        1.0101010101010102E-002   1.0018017407674604        1.0000000000000000       -1.7763568394002505E-015
  0.23232277025249601        7.6377045938738372E-005   1.2121212121212121E-002   1.0018011786785761        1.0101010101010102E-002   1.0018011786785761        1.0000000000000000       -5.6843418860808015E-014
  0.24242377777213273        7.7253115025617233E-005   1.2121212121212121E-002   1.0018001292138707        1.0101010101010102E-002   1.0018001292138707        1.0000000000000000       -1.8562928971732617E-013
  0.25252479677410949        7.7248747123643418E-005   1.2121212121212121E-002   1.0017995267271420        1.0101010101010102E-002   1.0017995267271420        1.0000000000000000        1.8385293287792592E-013
  0.26262581677738567        7.6832398616726174E-005   1.2121212121212121E-002   1.0017997330705124        1.0101010101010102E-002   1.0017997330705124        1.0000000000000000        5.0626169922907138E-014
  0.27272683077583787        7.6130215587678898E-005   1.2121212121212121E-002   1.0018002076800054        1.0101010101010102E-002   1.0018002076800054        1.0000000000000000       -6.2172489379008766E-015
  0.28282784056068982        7.4981096656909994E-005   1.2121212121212121E-002   1.0018004094434527        1.0101010101010102E-002   1.0018004094434527        1.0000000000000000       -6.2172489379008766E-015
  0.29292885025846466        7.3596627391453220E-005   1.2121212121212121E-002   1.0018001182153198        1.0101010101010102E-002   1.0018001182153198        1.0000000000000000       -6.2172489379008766E-015
  0.30302986581897901        7.2397712919038397E-005   1.2121212121212121E-002   1.0017993788989308        1.0101010101010102E-002   1.0017993788989308        1.0000000000000000       -6.2172489379008766E-015
  0.31313089109015652        7.1273095046113212E-005   1.2121212121212121E-002   1.0017987832770288        1.0101010101010102E-002   1.0017987832770288        1.0000000000000000       -6.2172489379008766E-015
  0.32323191924096045        6.9507222823383968E-005   1.2121212121212121E-002   1.0017988083527662        1.0101010101010102E-002   1.0017988083527662        1.0000000000000000       -6.2172489379008766E-015
  0.33333294324280927        6.6731685982956171E-005   1.2121212121212121E-002   1.0017990166019655        1.0101010101010102E-002   1.0017990166019655        1.0000000000000000       -6.2172489379008766E-015
  0.34343396651807034        6.3559768313442360E-005   1.2121212121212121E-002   1.0017989578434119        1.0101010101010102E-002   1.0017989578434119        1.0000000000000000       -6.2172489379008766E-015
  0.35353499211562334        6.0683968777388790E-005   1.2121212121212121E-002   1.0017988446153832        1.0101010101010102E-002   1.0017988446153832        1.0000000000000000       -6.2172489379008766E-015
  0.36363601769879317        5.8010045556600208E-005   1.2121212121212121E-002   1.0017987145173117        1.0101010101010102E-002   1.0017987145173117        1.0000000000000000       -6.2172489379008766E-015
  0.37373704538190478        5.5160815554912564E-005   1.2121212121212121E-002   1.0017983152024785        1.0101010101010102E-002   1.0017983152024785        1.0000000000000000       -6.2172489379008766E-015
  0.38383807925688440        5.1761010845761424E-005   1.2121212121212121E-002   1.0017978872550712        1.0101010101010102E-002   1.0017978872550712        1.0000000000000000       -6.2172489379008766E-015
  0.39393911611982346        4.7527946322878167E-005   1.2121212121212121E-002   1.0017978533337073        1.0101010101010102E-002   1.0017978533337073        1.0000000000000000       -6.2172489379008766E-015
  0.40404015047466241        4.3044109168519863E-005   1.2121212121212121E-002   1.0017981102650526        1.0101010101010102E-002   1.0017981102650526        1.0000000000000000       -6.2172489379008766E-015
  0.41414118164066799        3.9185074864927149E-005   1.2121212121212121E-002   1.0017982758586144        1.0101010101010102E-002   1.0017982758586144        1.0000000000000000       -6.2172489379008766E-015
  0.42424221233668380        3.5527271601876759E-005   1.2121212121212121E-002   1.0017980987116191        1.0101010101010102E-002   1.0017980987116191        1.0000000000000000       -6.2172489379008766E-015
  0.43434324700585636        3.1160903307143888E-005   1.2121212121212121E-002   1.0017975958393968        1.0101010101010102E-002   1.0017975958393968        1.0000000000000000       -6.2172489379008766E-015
  0.44444428833061722        2.6313526675751084E-005   1.2121212121212121E-002   1.0017972007920151        1.0101010101010102E-002   1.0017972007920151        1.0000000000000000       -6.2172489379008766E-015
  0.45454533158486699        2.1497720218187831E-005   1.2121212121212121E-002   1.0017973728186318        1.0101010101010102E-002   1.0017973728186318        1.0000000000000000       -6.2172489379008766E-015
  0.46464636912968404        1.6687452140271486E-005   1.2121212121212121E-002   1.0017978757816544        1.0101010101010102E-002   1.0017978757816544        1.0000000000000000       -6.2172489379008766E-015
  0.47474740128339893        1.2065271229275541E-005   1.2121212121212121E-002   1.0017980120987857        1.0101010101010102E-002   1.0017980120987857        1.0000000000000000        5.3290705182007514E-015
  0.48484843580389680        7.6350344987450190E-006   1.2121212121212121E-002   1.0017975774411203        1.0101010101010102E-002   1.0017975774411203        1.0000000000000000       -7.0166095156309893E-014
  0.49494947739131229        2.7022751059111908E-006   1.2121212121212121E-002   1.0017970817786976        1.0101010101010102E-002   1.0017970817786976        1.0000000000000000       -4.4941828036826337E-013
  0.50505052260871730       -2.7022750093520564E-006   1.2121212121212121E-002   1.0017970817785296        1.0101010101010102E-002   1.0017970817785296        1.0000000000000000       -6.9277916736609768E-014
  0.51515156419613661       -7.6350346132785356E-006   1.2121212121212121E-002   1.0017975774408983        1.0101010101010102E-002   1.0017975774408983        1.0000000000000000        1.5987211554602254E-014
  0.52525259871663543       -1.2065271129711849E-005   1.2121212121212121E-002   1.0017980120987526        1.0101010101010102E-002   1.0017980120987526        1.0000000000000000        1.7763568394002505E-015
  0.53535363087034993       -1.6687452072582437E-005   1.2121212121212121E-002   1.0017978757817616        1.0101010101010102E-002   1.0017978757817616        1.0000000000000000        1.7763568394002505E-015
  0.54545466841516499       -2.1497720196704300E-005   1.2121212121212121E-002   1.0017973728187217        1.0101010101010102E-002   1.0017973728187217        1.0000000000000000        1.7763568394002505E-015
  0.55555571166941498       -2.6313526711315049E-005   1.2121212121212121E-002   1.0017972007920730        1.0101010101010102E-002   1.0017972007920730        1.0000000000000000        1.7763568394002505E-015
  0.56565675299417439       -3.1160903356946043E-005   1.2121212121212121E-002   1.0017975958393839        1.0101010101010102E-002   1.0017975958393839        1.0000000000000000        1.7763568394002505E-015
  0.57575778766334873       -3.5527271328385507E-005   1.2121212121212121E-002   1.0017980987115778        1.0101010101010102E-002   1.0017980987115778        1.0000000000000000        1.7763568394002505E-015
  0.58585881835936360       -3.9185074971815294E-005   1.2121212121212121E-002   1.0017982758585644        1.0101010101010102E-002   1.0017982758585644        1.0000000000000000        1.7763568394002505E-015
  0.59595984952537118       -4.3044109083549671E-005   1.2121212121212121E-002   1.0017981102650422        1.0101010101010102E-002   1.0017981102650422        1.0000000000000000        1.7763568394002505E-015
  0.60606088388020851       -4.7527946342325359E-005   1.2121212121212121E-002   1.0017978533338201        1.0101010101010102E-002   1.0017978533338201        1.0000000000000000        1.7763568394002505E-015
  0.61616192074314646       -5.1761010835687031E-005   1.2121212121212121E-002   1.0017978872550513        1.0101010101010102E-002   1.0017978872550513        1.0000000000000000        1.7763568394002505E-015
  0.62626295461812787       -5.5160815539159893E-005   1.2121212121212121E-002   1.0017983152024661        1.0101010101010102E-002   1.0017983152024661        1.0000000000000000        1.7763568394002505E-015
  0.63636398230123814       -5.8010045480832027E-005   1.2121212121212121E-002   1.0017987145174110        1.0101010101010102E-002   1.0017987145174110        1.0000000000000000        1.7763568394002505E-015
  0.64646500788440686       -6.0683968927461358E-005   1.2121212121212121E-002   1.0017988446153461        1.0101010101010102E-002   1.0017988446153461        1.0000000000000000        1.7763568394002505E-015
  0.65656603348196196       -6.3559768095622335E-005   1.2121212121212121E-002   1.0017989578433706        1.0101010101010102E-002   1.0017989578433706        1.0000000000000000        1.7763568394002505E-015
  0.66666705675722182       -6.6731685798058501E-005   1.2121212121212121E-002   1.0017990166019708        1.0101010101010102E-002   1.0017990166019708        1.0000000000000000        1.7763568394002505E-015
  0.67676808075907169       -6.9507222893987498E-005   1.2121212121212121E-002   1.0017988083527840        1.0101010101010102E-002   1.0017988083527840        1.0000000000000000        1.7763568394002505E-015
  0.68686910890987418       -7.1273095033169614E-005   1.2121212121212121E-002   1.0017987832770303        1.0101010101010102E-002   1.0017987832770303        1.0000000000000000        1.7763568394002505E-015
  0.69697013418105302       -7.2397713124262365E-005   1.2121212121212121E-002   1.0017993788988802        1.0101010101010102E-002   1.0017993788988802        1.0000000000000000        1.7763568394002505E-015
  0.70707114974156726       -7.3596627280902559E-005   1.2121212121212121E-002   1.0018001182153347        1.0101010101010102E-002   1.0018001182153347        1.0000000000000000        1.7763568394002505E-015
  0.71717215943934187       -7.4981096400840997E-005   1.2121212121212121E-002   1.0018004094435087        1.0101010101010102E-002   1.0018004094435087        1.0000000000000000        1.7763568394002505E-015
  0.72727316922419272       -7.6130215693677198E-005   1.2121212121212121E-002   1.0018002076799770        1.0101010101010102E-002   1.0018002076799770        1.0000000000000000        1.7763568394002505E-015
  0.73737418322264670       -7.6832398585437563E-005   1.2121212121212121E-002   1.0017997330704553        1.0101010101010102E-002   1.0017997330704553        1.0000000000000000        1.7763568394002505E-015
  0.74747520322592242       -7.7248747125544852E-005   1.2121212121212121E-002   1.0017995267271702        1.0101010101010102E-002   1.0017995267271702        1.0000000000000000        1.7763568394002505E-015
  0.75757622222789889       -7.7253114949467304E-005   1.2121212121212121E-002   1.0018001292138836        1.0101010101010102E-002   1.0018001292138836        1.0000000000000000        1.7763568394002505E-015
  0.76767722974753561       -7.6377045971730983E-005   1.2121212121212121E-002   1.0018011786785479        1.0101010101010102E-002   1.0018011786785479        1.0000000000000000        1.7763568394002505E-015
  0.77777822644501238       -7.5030068860477506E-005   1.2121212121212121E-002   1.0018017407675079        1.0101010101010102E-002   1.0018017407675079        1.0000000000000000        1.7763568394002505E-015
  0.78787922260506082       -7.3998482157784109E-005   1.2121212121212121E-002   1.0018016337290372        1.0101010101010102E-002   1.0018016337290372        1.0000000000000000        1.7763568394002505E-015
  0.79798022223738130       -7.3231530343471969E-005   1.2121212121212121E-002   1.0018013292416841        1.0101010101010102E-002   1.0018013292416841        1.0000000000000000        1.7763568394002505E-015
  0.80808122476467303       -7.2290973717645767E-005   1.2121212121212121E-002   1.0018010629832512        1.0101010101010102E-002   1.0018010629832512        1.0000000000000000        1.7763568394002505E-015
  0.81818222955086006       -7.0755542880949771E-005   1.2121212121212121E-002   1.0018008107529439        1.0101010101010102E-002   1.0018008107529439        1.0000000000000000        1.7763568394002505E-015
  0.82828323744108434       -6.8472575128449318E-005   1.2121212121212121E-002   1.0018008329624823        1.0101010101010102E-002   1.0018008329624823        1.0000000000000000        1.7763568394002505E-015
  0.83838424277883328       -6.5337583987072772E-005   1.2121212121212121E-002   1.0018016825711040        1.0101010101010102E-002   1.0018016825711040        1.0000000000000000        1.7763568394002505E-015
  0.84848523328629821       -6.2003294092037990E-005   1.2121212121212121E-002   1.0018029841320168        1.0101010101010102E-002   1.0018029841320168        1.0000000000000000        1.7763568394002505E-015
  0.85858621118619916       -5.8765938415735307E-005   1.2121212121212121E-002   1.0018036996891699        1.0101010101010102E-002   1.0018036996891699        1.0000000000000000        1.7763568394002505E-015
  0.86868718698084380       -5.5569882587137810E-005   1.2121212121212121E-002   1.0018034586209328        1.0101010101010102E-002   1.0018034586209328        1.0000000000000000        1.7763568394002505E-015
  0.87878817049258273       -5.2621273375938968E-005   1.2121212121212121E-002   1.0018027478259464        1.0101010101010102E-002   1.0018027478259464        1.0000000000000000        1.7763568394002505E-015
  0.88888916098283666       -4.9797560322550292E-005   1.2121212121212121E-002   1.0018019772709696        1.0101010101010102E-002   1.0018019772709696        1.0000000000000000        1.7763568394002505E-015
  0.89899015965542317       -4.7009711446546712E-005   1.2121212121212121E-002   1.0018011808028806        1.0101010101010102E-002   1.0018011808028806        1.0000000000000000        1.7763568394002505E-015
  0.90909116663504597       -4.3277031693048521E-005   1.2121212121212121E-002   1.0018008240592091        1.0101010101010102E-002   1.0018008240592091        1.0000000000000000        1.7763568394002505E-015
  0.91919217317074176       -3.8443961914686926E-005   1.2121212121212121E-002   1.0018014072406147        1.0101010101010102E-002   1.0018014072406147        1.0000000000000000        1.7763568394002505E-015
  0.92929316860283717       -3.3095943294859942E-005   1.2121212121212121E-002   1.0018029095998668        1.0101010101010102E-002   1.0018029095998668        1.0000000000000000        1.7763568394002505E-015
  0.93939414449815528       -2.7663127284718043E-005   1.2121212121212121E-002   1.0018047378904151        1.0101010101010102E-002   1.0018047378904151        1.0000000000000000        1.7763568394002505E-015
  0.94949510283879790       -2.1972443338393505E-005   1.2121212121212121E-002   1.0018062798657326        1.0101010101010102E-002   1.0018062798657326        1.0000000000000000        1.7763568394002505E-015
  0.95959604797659714       -1.6339530794162845E-005   1.2121212121212121E-002   1.0018073001037302        1.0101010101010102E-002   1.0018073001037302        1.0000000000000000        1.7763568394002505E-015
  0.96969698571727125       -1.1725159565396236E-005   1.2121212121212121E-002   1.0018075017244552        1.0101010101010102E-002   1.0018075017244552        1.0000000000000000        8.8817841970012523E-016
  0.97979792624818818       -8.5077233678513448E-006   1.2121212121212121E-002   1.0018065208831513        1.0101010101010102E-002   1.0018065208831513        1.0000000000000000       -3.2862601528904634E-014
  0.98989888362852629       -6.2879132342689092E-006   1.2121212121212121E-002   1.0018044873105119        1.0101010101010102E-002   1.0018044873105119        1.0000000000000000        1.5010215292932116E-013
  0.99999986461955470       -4.7269581631560995E-006   1.2121212121212121E-002   1.0018017463173026        1.0101010101010102E-002   1.0018017463173026        1.0000000000000000        1.0436096431476471E-012
   1.0101008747205649        6.4239004117829883E-006   1.2121212121212121E-002   1.0018044873103857        1.0101010101010102E-002   1.0018002941270963        1.0000000000000000        1.4299672557172016E-013
   1.0202018848215750        8.5937459002291644E-006   1.2121212121212121E-002   1.0018065208831399        1.0101010101010102E-002   1.0018003928630517        1.0000000000000000       -1.9677833450701065E-002
   1.0303028949225852        1.1741337029676980E-005   1.2121212121212121E-002   1.0018075017245220        1.0101010101010102E-002   1.0018004115226273        1.0000000000000000       -1.3138325546267744     
   1.0404039050235954        1.6300568565235223E-005   1.2121212121212121E-002   1.0018073001036463        1.0101010101010102E-002  0.99665637860081713        1.0000000000000000       -4.6453021478719450     
   1.0505049151246055        2.1901732038011527E-005   1.2121212121212121E-002   1.0018062798657350        1.0101010101010102E-002  0.77867798353909146        1.0000000000000000        107.01218865918355     
  -1.0100874720535141E-002  -6.4239004072960057E-006   1.2121212121212121E-002   1.0018044873105119        1.0101010101010102E-002   1.0018002941271003        1.0000000000000000        1.1546319456101628E-014
  -2.0201884821545241E-002  -8.5937457997530438E-006   1.2121212121212121E-002   1.0018065208831513        1.0101010101010102E-002   1.0018003928630581        1.0000000000000000        1.9677833450746363E-002
  -3.0302894922555342E-002  -1.1741336998921012E-005   1.2121212121212121E-002   1.0018075017244552        1.0101010101010102E-002   1.0018004115226335        1.0000000000000000        1.3138325546268277     
  -4.0403905023565445E-002  -1.6300568627655504E-005   1.2121212121212121E-002   1.0018073001037302        1.0101010101010102E-002  0.99665637860082268        1.0000000000000000        4.6453021478716039     
  -5.0504915124575549E-002  -2.1901732129093593E-005   1.2121212121212121E-002   1.0018062798657326        1.0101010101010102E-002  0.77867798353909445        1.0000000000000000       -107.01218865918408     
