 # x v h rho m p cs a
   1.9009999999999014     
  -3.0699469078365098E-005  -5.6788625966777855E-005   1.2121212121212121E-002   1.0018028940391830        1.0101010101010102E-002   1.0018028940391830        1.0000000000000000        1.2434497875801753E-014
   1.0070310514105937E-002  -5.6436619019749901E-005   1.2121212121212121E-002   1.0017978656283983        1.0101010101010102E-002   1.0017978656283983        1.0000000000000000       -1.4210854715202004E-014
   2.0171370634917005E-002  -5.5779861438276183E-005   1.2121212121212121E-002   1.0017921870910642        1.0101010101010102E-002   1.0017921870910642        1.0000000000000000       -9.9475983006414026E-014
   3.0272493030207067E-002  -5.4799139341723037E-005   1.2121212121212121E-002   1.0017864461175006        1.0101010101010102E-002   1.0017864461175006        1.0000000000000000        6.1284310959308641E-014
   4.0373668232542681E-002  -5.3546775250588821E-005   1.2121212121212121E-002   1.0017815592106960        1.0101010101010102E-002   1.0017815592106960        1.0000000000000000        3.5527136788005009E-015
   5.0474886670401453E-002  -5.2161153011595626E-005   1.2121212121212121E-002   1.0017772310310353        1.0101010101010102E-002   1.0017772310310353        1.0000000000000000        4.4408920985006262E-015
   6.0576145834589749E-002  -5.0500251845526354E-005   1.2121212121212121E-002   1.0017725165598228        1.0101010101010102E-002   1.0017725165598228        1.0000000000000000       -8.8817841970012523E-015
   7.0677456906643066E-002  -4.8698364660018484E-005   1.2121212121212121E-002   1.0017670990593233        1.0101010101010102E-002   1.0017670990593233        1.0000000000000000       -5.1514348342607263E-014
   8.0778824375740521E-002  -4.6918945391707072E-005   1.2121212121212121E-002   1.0017617301177451        1.0101010101010102E-002   1.0017617301177451        1.0000000000000000        2.1316282072803006E-014
   9.0880242868842179E-002  -4.4879139641148473E-005   1.2121212121212121E-002   1.0017572211346772        1.0101010101010102E-002   1.0017572211346772        1.0000000000000000        7.1054273576010019E-015
  0.10098169932912812       -4.2564204791730375E-005   1.2121212121212121E-002   1.0017535025727915        1.0101010101010102E-002   1.0017535025727915        1.0000000000000000        7.1054273576010019E-015
  0.11108318988024406       -3.9579719374101820E-005   1.2121212121212121E-002   1.0017497254783623        1.0101010101010102E-002   1.0017497254783623        1.0000000000000000        3.5527136788005009E-015
  0.12118472037858097       -3.6573317472304878E-005   1.2121212121212121E-002   1.0017454999304214        1.0101010101010102E-002   1.0017454999304214        1.0000000000000000        1.9539925233402755E-014
  0.13128629495732166       -3.4026621896899825E-005   1.2121212121212121E-002   1.0017411485343337        1.0101010101010102E-002   1.0017411485343337        1.0000000000000000        8.0824236192711396E-014
  0.14138791254866875       -3.1715205230210170E-005   1.2121212121212121E-002   1.0017373358292636        1.0101010101010102E-002   1.0017373358292636        1.0000000000000000        2.2204460492503131E-014
  0.15148956270312658       -2.8855606723946387E-005   1.2121212121212121E-002   1.0017342176288342        1.0101010101010102E-002   1.0017342176288342        1.0000000000000000       -6.2172489379008766E-015
  0.16159124133120506       -2.5121037709243760E-005   1.2121212121212121E-002   1.0017314733191844        1.0101010101010102E-002   1.0017314733191844        1.0000000000000000       -6.2172489379008766E-015
  0.17169294575833180       -2.1090223439513172E-005   1.2121212121212121E-002   1.0017290851759881        1.0101010101010102E-002   1.0017290851759881        1.0000000000000000       -6.2172489379008766E-015
  0.18179467139006569       -1.7519590884082287E-005   1.2121212121212121E-002   1.0017269112590068        1.0101010101010102E-002   1.0017269112590068        1.0000000000000000       -6.2172489379008766E-015
  0.19189641810269129       -1.4675868470267572E-005   1.2121212121212121E-002   1.0017245537426398        1.0101010101010102E-002   1.0017245537426398        1.0000000000000000       -6.2172489379008766E-015
  0.20199819027860366       -1.1739060255239729E-005   1.2121212121212121E-002   1.0017219994907545        1.0101010101010102E-002   1.0017219994907545        1.0000000000000000       -6.2172489379008766E-015
  0.21209998841865435       -8.2338304458708465E-006   1.2121212121212121E-002   1.0017198392346662        1.0101010101010102E-002   1.0017198392346662        1.0000000000000000       -6.2172489379008766E-015
  0.22220180433857364       -4.4984980008476747E-006   1.2121212121212121E-002   1.0017187279971815        1.0101010101010102E-002   1.0017187279971815        1.0000000000000000       -1.7763568394002505E-015
  0.23230362460728518       -5.4941068809289103E-007   1.2121212121212121E-002   1.0017187509070407        1.0101010101010102E-002   1.0017187509070407        1.0000000000000000       -5.6843418860808015E-014
  0.24240543882374355        3.7440932238965767E-006   1.2121212121212121E-002   1.0017191314882266        1.0101010101010102E-002   1.0017191314882266        1.0000000000000000       -1.8562928971732617E-013
  0.25250725013893677        7.8322202720574424E-006   1.2121212121212121E-002   1.0017190050456186        1.0101010101010102E-002   1.0017190050456186        1.0000000000000000        1.8385293287792592E-013
  0.26260906713835702        1.1129315222765230E-005   1.2121212121212121E-002   1.0017185070375265        1.0101010101010102E-002   1.0017185070375265        1.0000000000000000        5.0626169922907138E-014
  0.27271088920683928        1.3775418038575620E-005   1.2121212121212121E-002   1.0017181697102804        1.0101010101010102E-002   1.0017181697102804        1.0000000000000000       -6.2172489379008766E-015
  0.28281271285035747        1.6322564350728734E-005   1.2121212121212121E-002   1.0017180479186156        1.0101010101010102E-002   1.0017180479186156        1.0000000000000000       -6.2172489379008766E-015
  0.29291453775272142        1.9398189878950545E-005   1.2121212121212121E-002   1.0017184529803884        1.0101010101010102E-002   1.0017184529803884        1.0000000000000000       -6.2172489379008766E-015
  0.30301635475995370        2.3202527939331482E-005   1.2121212121212121E-002   1.0017201932615176        1.0101010101010102E-002   1.0017201932615176        1.0000000000000000       -6.2172489379008766E-015
  0.31311814540520033        2.7292747738233970E-005   1.2121212121212121E-002   1.0017233456008114        1.0101010101010102E-002   1.0017233456008114        1.0000000000000000       -6.2172489379008766E-015
  0.32321989872938833        3.1450628961262960E-005   1.2121212121212121E-002   1.0017270765644659        1.0101010101010102E-002   1.0017270765644659        1.0000000000000000       -6.2172489379008766E-015
  0.33332161460739779        3.5722912652807638E-005   1.2121212121212121E-002   1.0017307043899817        1.0101010101010102E-002   1.0017307043899817        1.0000000000000000       -6.2172489379008766E-015
  0.34342329577117597        3.9352279188540232E-005   1.2121212121212121E-002   1.0017338798031112        1.0101010101010102E-002   1.0017338798031112        1.0000000000000000       -6.2172489379008766E-015
  0.35352494825525371        4.1437511613006039E-005   1.2121212121212121E-002   1.0017361884695823        1.0101010101010102E-002   1.0017361884695823        1.0000000000000000       -6.2172489379008766E-015
  0.36362658326861425        4.2295851039601171E-005   1.2121212121212121E-002   1.0017372953720955        1.0101010101010102E-002   1.0017372953720955        1.0000000000000000       -6.2172489379008766E-015
  0.37372821380990923        4.2416880593274679E-005   1.2121212121212121E-002   1.0017371544562370        1.0101010101010102E-002   1.0017371544562370        1.0000000000000000       -6.2172489379008766E-015
  0.38382985198497915        4.1341820404765264E-005   1.2121212121212121E-002   1.0017360128840820        1.0101010101010102E-002   1.0017360128840820        1.0000000000000000       -6.2172489379008766E-015
  0.39393150579650049        3.9001713859522209E-005   1.2121212121212121E-002   1.0017343128328593        1.0101010101010102E-002   1.0017343128328593        1.0000000000000000       -6.2172489379008766E-015
  0.40403317793870008        3.6278261441955935E-005   1.2121212121212121E-002   1.0017322958646637        1.0101010101010102E-002   1.0017322958646637        1.0000000000000000       -6.2172489379008766E-015
  0.41413487151097716        3.3416440484412237E-005   1.2121212121212121E-002   1.0017299457257141        1.0101010101010102E-002   1.0017299457257141        1.0000000000000000       -6.2172489379008766E-015
  0.42423659052950968        2.9914112506643249E-005   1.2121212121212121E-002   1.0017275411095532        1.0101010101010102E-002   1.0017275411095532        1.0000000000000000       -6.2172489379008766E-015
  0.43433833237518377        2.6006204597867153E-005   1.2121212121212121E-002   1.0017255205912587        1.0101010101010102E-002   1.0017255205912587        1.0000000000000000       -6.2172489379008766E-015
  0.44444009109972543        2.2302118081302800E-005   1.2121212121212121E-002   1.0017237690253098        1.0101010101010102E-002   1.0017237690253098        1.0000000000000000       -6.2172489379008766E-015
  0.45454186706844574        1.8549780682292668E-005   1.2121212121212121E-002   1.0017220239566871        1.0101010101010102E-002   1.0017220239566871        1.0000000000000000       -6.2172489379008766E-015
  0.46464366086879122        1.4372425036651393E-005   1.2121212121212121E-002   1.0017206191167947        1.0101010101010102E-002   1.0017206191167947        1.0000000000000000       -6.2172489379008766E-015
  0.47474546506946003        1.0192001632070137E-005   1.2121212121212121E-002   1.0017198147085640        1.0101010101010102E-002   1.0017198147085640        1.0000000000000000        5.3290705182007514E-015
  0.48484727405206784        6.2733701369448390E-006   1.2121212121212121E-002   1.0017192146096430        1.0101010101010102E-002   1.0017192146096430        1.0000000000000000       -7.0166095156309893E-014
  0.49494908986899833        2.1735712366904471E-006   1.2121212121212121E-002   1.0017186856409406        1.0101010101010102E-002   1.0017186856409406        1.0000000000000000       -4.4941828036826337E-013
  0.50505091013100989       -2.1735711936622110E-006   1.2121212121212121E-002   1.0017186856409130        1.0101010101010102E-002   1.0017186856409130        1.0000000000000000       -6.9277916736609768E-014
  0.51515272594794093       -6.2733702220095381E-006   1.2121212121212121E-002   1.0017192146095801        1.0101010101010102E-002   1.0017192146095801        1.0000000000000000        1.5987211554602254E-014
  0.52525453493054974       -1.0192001477122744E-005   1.2121212121212121E-002   1.0017198147086204        1.0101010101010102E-002   1.0017198147086204        1.0000000000000000        1.7763568394002505E-015
  0.53535633913121594       -1.4372425058729595E-005   1.2121212121212121E-002   1.0017206191167085        1.0101010101010102E-002   1.0017206191167085        1.0000000000000000        1.7763568394002505E-015
  0.54545813293156586       -1.8549780753104879E-005   1.2121212121212121E-002   1.0017220239565341        1.0101010101010102E-002   1.0017220239565341        1.0000000000000000        1.7763568394002505E-015
  0.55555990890028528       -2.2302118072645812E-005   1.2121212121212121E-002   1.0017237690253820        1.0101010101010102E-002   1.0017237690253820        1.0000000000000000        1.7763568394002505E-015
  0.56566166762482606       -2.6006204642991271E-005   1.2121212121212121E-002   1.0017255205913691        1.0101010101010102E-002   1.0017255205913691        1.0000000000000000        1.7763568394002505E-015
  0.57576340947049853       -2.9914112523022487E-005   1.2121212121212121E-002   1.0017275411095139        1.0101010101010102E-002   1.0017275411095139        1.0000000000000000        1.7763568394002505E-015
  0.58586512848903360       -3.3416440396928106E-005   1.2121212121212121E-002   1.0017299457256221        1.0101010101010102E-002   1.0017299457256221        1.0000000000000000        1.7763568394002505E-015
  0.59596682206131024       -3.6278261505155774E-005   1.2121212121212121E-002   1.0017322958646935        1.0101010101010102E-002   1.0017322958646935        1.0000000000000000        1.7763568394002505E-015
  0.60606849420350961       -3.9001713787746345E-005   1.2121212121212121E-002   1.0017343128329623        1.0101010101010102E-002   1.0017343128329623        1.0000000000000000        1.7763568394002505E-015
  0.61617014801502878       -4.1341820330733656E-005   1.2121212121212121E-002   1.0017360128840573        1.0101010101010102E-002   1.0017360128840573        1.0000000000000000        1.7763568394002505E-015
  0.62627178619010138       -4.2416880654476381E-005   1.2121212121212121E-002   1.0017371544560987        1.0101010101010102E-002   1.0017371544560987        1.0000000000000000        1.7763568394002505E-015
  0.63637341673139691       -4.2295851024992936E-005   1.2121212121212121E-002   1.0017372953721018        1.0101010101010102E-002   1.0017372953721018        1.0000000000000000        1.7763568394002505E-015
  0.64647505174475639       -4.1437511698161128E-005   1.2121212121212121E-002   1.0017361884695430        1.0101010101010102E-002   1.0017361884695430        1.0000000000000000        1.7763568394002505E-015
  0.65657670422883596       -3.9352279140055483E-005   1.2121212121212121E-002   1.0017338798030280        1.0101010101010102E-002   1.0017338798030280        1.0000000000000000        1.7763568394002505E-015
  0.66667838539261437       -3.5722912549124320E-005   1.2121212121212121E-002   1.0017307043900689        1.0101010101010102E-002   1.0017307043900689        1.0000000000000000        1.7763568394002505E-015
  0.67678010127062149       -3.1450629020798473E-005   1.2121212121212121E-002   1.0017270765645212        1.0101010101010102E-002   1.0017270765645212        1.0000000000000000        1.7763568394002505E-015
  0.68688185459481066       -2.7292747720054051E-005   1.2121212121212121E-002   1.0017233456007795        1.0101010101010102E-002   1.0017233456007795        1.0000000000000000        1.7763568394002505E-015
  0.69698364524005696       -2.3202527926403825E-005   1.2121212121212121E-002   1.0017201932614963        1.0101010101010102E-002   1.0017201932614963        1.0000000000000000        1.7763568394002505E-015
  0.70708546224728985       -1.9398189771851868E-005   1.2121212121212121E-002   1.0017184529803032        1.0101010101010102E-002   1.0017184529803032        1.0000000000000000        1.7763568394002505E-015
  0.71718728714965485       -1.6322564322446209E-005   1.2121212121212121E-002   1.0017180479184691        1.0101010101010102E-002   1.0017180479184691        1.0000000000000000        1.7763568394002505E-015
  0.72728911079317526       -1.3775418105071245E-005   1.2121212121212121E-002   1.0017181697102795        1.0101010101010102E-002   1.0017181697102795        1.0000000000000000        1.7763568394002505E-015
  0.73739093286165514       -1.1129315231210236E-005   1.2121212121212121E-002   1.0017185070375738        1.0101010101010102E-002   1.0017185070375738        1.0000000000000000        1.7763568394002505E-015
  0.74749274986107661       -7.8322201762289273E-006   1.2121212121212121E-002   1.0017190050455842        1.0101010101010102E-002   1.0017190050455842        1.0000000000000000        1.7763568394002505E-015
  0.75759456117626944       -3.7440930755344675E-006   1.2121212121212121E-002   1.0017191314881866        1.0101010101010102E-002   1.0017191314881866        1.0000000000000000        1.7763568394002505E-015
  0.76769637539272895        5.4941069754024019E-007   1.2121212121212121E-002   1.0017187509069880        1.0101010101010102E-002   1.0017187509069880        1.0000000000000000        1.7763568394002505E-015
  0.77779819566144048        4.4984978418030409E-006   1.2121212121212121E-002   1.0017187279971653        1.0101010101010102E-002   1.0017187279971653        1.0000000000000000        1.7763568394002505E-015
  0.78790001158136003        8.2338305562335542E-006   1.2121212121212121E-002   1.0017198392346476        1.0101010101010102E-002   1.0017198392346476        1.0000000000000000        1.7763568394002505E-015
  0.79800180972141077        1.1739060248317107E-005   1.2121212121212121E-002   1.0017219994906921        1.0101010101010102E-002   1.0017219994906921        1.0000000000000000        1.7763568394002505E-015
  0.80810358189732434        1.4675868547688934E-005   1.2121212121212121E-002   1.0017245537425479        1.0101010101010102E-002   1.0017245537425479        1.0000000000000000        1.7763568394002505E-015
  0.81820532860995077        1.7519590818065149E-005   1.2121212121212121E-002   1.0017269112590015        1.0101010101010102E-002   1.0017269112590015        1.0000000000000000        1.7763568394002505E-015
  0.82830705424168383        2.1090223515807184E-005   1.2121212121212121E-002   1.0017290851760243        1.0101010101010102E-002   1.0017290851760243        1.0000000000000000        1.7763568394002505E-015
  0.83840875866881071        2.5121037716439999E-005   1.2121212121212121E-002   1.0017314733192582        1.0101010101010102E-002   1.0017314733192582        1.0000000000000000        1.7763568394002505E-015
  0.84851043729688735        2.8855606686561802E-005   1.2121212121212121E-002   1.0017342176288124        1.0101010101010102E-002   1.0017342176288124        1.0000000000000000        1.7763568394002505E-015
  0.85861208745134743        3.1715205170860394E-005   1.2121212121212121E-002   1.0017373358291444        1.0101010101010102E-002   1.0017373358291444        1.0000000000000000        1.7763568394002505E-015
  0.86871370504269496        3.4026621912018062E-005   1.2121212121212121E-002   1.0017411485342977        1.0101010101010102E-002   1.0017411485342977        1.0000000000000000        1.7763568394002505E-015
  0.87881527962143580        3.6573317516728957E-005   1.2121212121212121E-002   1.0017454999304076        1.0101010101010102E-002   1.0017454999304076        1.0000000000000000        1.7763568394002505E-015
  0.88891681011977275        3.9579719450546835E-005   1.2121212121212121E-002   1.0017497254783225        1.0101010101010102E-002   1.0017497254783225        1.0000000000000000        1.7763568394002505E-015
  0.89901830067088961        4.2564204852771811E-005   1.2121212121212121E-002   1.0017535025728199        1.0101010101010102E-002   1.0017535025728199        1.0000000000000000        1.7763568394002505E-015
  0.90911975713117399        4.4879139728192594E-005   1.2121212121212121E-002   1.0017572211347232        1.0101010101010102E-002   1.0017572211347232        1.0000000000000000        1.7763568394002505E-015
  0.91922117562427608        4.6918945282429440E-005   1.2121212121212121E-002   1.0017617301176827        1.0101010101010102E-002   1.0017617301176827        1.0000000000000000        1.7763568394002505E-015
  0.92932254309337459        4.8698364718769949E-005   1.2121212121212121E-002   1.0017670990592802        1.0101010101010102E-002   1.0017670990592802        1.0000000000000000        1.7763568394002505E-015
  0.93942385416542762        5.0500251832499835E-005   1.2121212121212121E-002   1.0017725165597735        1.0101010101010102E-002   1.0017725165597735        1.0000000000000000        1.7763568394002505E-015
  0.94952511332961731        5.2161153061970397E-005   1.2121212121212121E-002   1.0017772310310442        1.0101010101010102E-002   1.0017772310310442        1.0000000000000000        1.7763568394002505E-015
  0.95962633176747436        5.3546775270286687E-005   1.2121212121212121E-002   1.0017815592106947        1.0101010101010102E-002   1.0017815592106947        1.0000000000000000        1.7763568394002505E-015
  0.96972750696981191        5.4799139378343185E-005   1.2121212121212121E-002   1.0017864461175745        1.0101010101010102E-002   1.0017864461175745        1.0000000000000000        8.8817841970012523E-016
  0.97982862936509829        5.5779861478751530E-005   1.2121212121212121E-002   1.0017921870910531        1.0101010101010102E-002   1.0017921870910531        1.0000000000000000       -3.2862601528904634E-014
  0.98992968948591309        5.6436619181538215E-005   1.2121212121212121E-002   1.0017978656282216        1.0101010101010102E-002   1.0017978656282216        1.0000000000000000        1.5010215292932116E-013
   1.0000306994690977        5.6788625889098469E-005   1.2121212121212121E-002   1.0018028940391450        1.0101010101010102E-002   1.0018028940391450        1.0000000000000000        1.0436096431476471E-012
   1.0101317095701079       -5.6731853372025642E-005   1.2121212121212121E-002   1.0017978656283983        1.0101010101010102E-002   1.0018030800218529        1.0000000000000000        1.4299672557172016E-013
   1.0202327196711181       -5.6100420024509329E-005   1.2121212121212121E-002   1.0017921870910642        1.0101010101010102E-002   1.0018006293250072        1.0000000000000000       -1.9677833450701065E-002
   1.0303337297721282       -5.5080279951449766E-005   1.2121212121212121E-002   1.0017864461175006        1.0101010101010102E-002   1.0018004115226273        1.0000000000000000       -1.3138325546267744     
   1.0404347398731384       -5.3774167166931953E-005   1.2121212121212121E-002   1.0017815592106960        1.0101010101010102E-002  0.99665637860081713        1.0000000000000000       -4.6453021478719450     
   1.0505357499741486       -5.2379312772281464E-005   1.2121212121212121E-002   1.0017772310310353        1.0101010101010102E-002  0.77867798353909146        1.0000000000000000        107.01218865918355     
  -1.0131709570088467E-002   5.6731853543276168E-005   1.2121212121212121E-002   1.0017978656282216        1.0101010101010102E-002   1.0018030800218651        1.0000000000000000        1.1546319456101628E-014
  -2.0232719671098569E-002   5.6100420038503194E-005   1.2121212121212121E-002   1.0017921870910531        1.0101010101010102E-002   1.0018006293250143        1.0000000000000000        1.9677833450746363E-002
  -3.0333729772108669E-002   5.5080280004841383E-005   1.2121212121212121E-002   1.0017864461175745        1.0101010101010102E-002   1.0018004115226335        1.0000000000000000        1.3138325546268277     
  -4.0434739873118776E-002   5.3774167177491357E-005   1.2121212121212121E-002   1.0017815592106947        1.0101010101010102E-002  0.99665637860082268        1.0000000000000000        4.6453021478716039     
  -5.0535749974128880E-002   5.2379312831895962E-005   1.2121212121212121E-002   1.0017772310310442        1.0101010101010102E-002  0.77867798353909445        1.0000000000000000       -107.01218865918408     
