 # x v h rho m p cs a
   26.901818181822144     
   1.9933543724941784E-014   3.9997634833829178E-013   1.2121212121212121E-002   1.0018528553115853        1.0101010101010102E-002   1.0018528553115853        1.0000000000000000        8.5238482938621019E-011
   1.0100491830751927E-002   5.3599780164749909E-006   1.2121212121212121E-002   1.0018527502148913        1.0101010101010102E-002   1.0018527502148913        1.0000000000000000        2.1920018135723751E-005
   2.0200985738573062E-002   1.0698423472432662E-005   1.2121212121212121E-002   1.0018524353414595        1.0101010101010102E-002   1.0018524353414595        1.0000000000000000        4.3753368298204975E-005
   3.0301483792359064E-002   1.5993898291858088E-005   1.2121212121212121E-002   1.0018519119346334        1.0101010101010102E-002   1.0018519119346334        1.0000000000000000        6.5414074226666230E-005
   4.0401988044630278E-002   2.1225130151258753E-005   1.2121212121212121E-002   1.0018511820627196        1.0101010101010102E-002   1.0018511820627196        1.0000000000000000        8.6816159663882786E-005
   5.0502500523402889E-002   2.6371099123130777E-005   1.2121212121212121E-002   1.0018502486134993        1.0101010101010102E-002   1.0018502486134993        1.0000000000000000        1.0787471240103486E-004
   6.0603023224135917E-002   3.1411129754261299E-005   1.2121212121212121E-002   1.0018491152797173        1.0101010101010102E-002   1.0018491152797173        1.0000000000000000        1.2850678271547622E-004
   7.0703558101886180E-002   3.6324971239022516E-005   1.2121212121212121E-002   1.0018477865447519        1.0101010101010102E-002   1.0018477865447519        1.0000000000000000        1.4863049390001493E-004
   8.0804107063535538E-002   4.1092874930195709E-005   1.2121212121212121E-002   1.0018462676677267        1.0101010101010102E-002   1.0018462676677267        1.0000000000000000        1.6816595302771020E-004
   9.0904671960234731E-002   4.5695669119992489E-005   1.2121212121212121E-002   1.0018445646650915        1.0101010101010102E-002   1.0018445646650915        1.0000000000000000        1.8703508392903245E-004
  0.10100525457999121        5.0114844447480571E-005   1.2121212121212121E-002   1.0018426842868795        1.0101010101010102E-002   1.0018426842868795        1.0000000000000000        2.0516300008743826E-004
  0.11110585664058123        5.4332630202518575E-005   1.2121212121212121E-002   1.0018406339881907        1.0101010101010102E-002   1.0018406339881907        1.0000000000000000        2.2247755754190024E-004
  0.12120647978271609        5.8332055117959076E-005   1.2121212121212121E-002   1.0018384219041279        1.0101010101010102E-002   1.0018384219041279        1.0000000000000000        2.3890908073642692E-004
  0.13130712556343485        6.2097017203833693E-005   1.2121212121212121E-002   1.0018360568207887        1.0101010101010102E-002   1.0018360568207887        1.0000000000000000        2.5439144036631944E-004
  0.14140779544983659        6.5612355054906084E-005   1.2121212121212121E-002   1.0018335481387035        1.0101010101010102E-002   1.0018335481387035        1.0000000000000000        2.6886260379832549E-004
  0.15150849081320783        6.8863909538542282E-005   1.2121212121212121E-002   1.0018309058359542        1.0101010101010102E-002   1.0018309058359542        1.0000000000000000        2.8226415522869530E-004
  0.16160921292348432        7.1838574953324167E-005   1.2121212121212121E-002   1.0018281404321290        1.0101010101010102E-002   1.0018281404321290        1.0000000000000000        2.9454155704122797E-004
  0.17170996294408164        7.4524347633669213E-005   1.2121212121212121E-002   1.0018252629486979        1.0101010101010102E-002   1.0018252629486979        1.0000000000000000        3.0564459175952408E-004
  0.18181074192714139        7.6910385075956345E-005   1.2121212121212121E-002   1.0018222848663991        1.0101010101010102E-002   1.0018222848663991        1.0000000000000000        3.1552766240139363E-004
  0.19191155080919753        7.8987054285958861E-005   1.2121212121212121E-002   1.0018192180773897        1.0101010101010102E-002   1.0018192180773897        1.0000000000000000        3.2415053101342295E-004
  0.20201239040738223        8.0745952580832641E-005   1.2121212121212121E-002   1.0018160748401868        1.0101010101010102E-002   1.0018160748401868        1.0000000000000000        3.3147698970825701E-004
  0.21211326141597739        8.2179952169897629E-005   1.2121212121212121E-002   1.0018128677350402        1.0101010101010102E-002   1.0018128677350402        1.0000000000000000        3.3747606204581615E-004
  0.22221416440349032        8.3283233658896263E-005   1.2121212121212121E-002   1.0018096096133042        1.0101010101010102E-002   1.0018096096133042        1.0000000000000000        3.4212209491268908E-004
  0.23231509981021053        8.4051309179927156E-005   1.2121212121212121E-002   1.0018063135437467        1.0101010101010102E-002   1.0018063135437467        1.0000000000000000        3.4539537731870240E-004
  0.24241606794635359        8.4481034684808377E-005   1.2121212121212121E-002   1.0018029927606571        1.0101010101010102E-002   1.0018029927606571        1.0000000000000000        3.4728105195558356E-004
  0.25251706899064674        8.4570621668514828E-005   1.2121212121212121E-002   1.0017996606155599        1.0101010101010102E-002   1.0017996606155599        1.0000000000000000        3.4776940689873470E-004
  0.26261810298941168        8.4319657835191353E-005   1.2121212121212121E-002   1.0017963305239441        1.0101010101010102E-002   1.0017963305239441        1.0000000000000000        3.4685675819368100E-004
  0.27271916985619660        8.3729105166332929E-005   1.2121212121212121E-002   1.0017930159044630        1.0101010101010102E-002   1.0017930159044630        1.0000000000000000        3.4454607775646906E-004
  0.28282026937209387        8.2801285451095834E-005   1.2121212121212121E-002   1.0017897301285164        1.0101010101010102E-002   1.0017897301285164        1.0000000000000000        3.4084420549351790E-004
  0.29292140118634974        8.1539883275278473E-005   1.2121212121212121E-002   1.0017864864704022        1.0101010101010102E-002   1.0017864864704022        1.0000000000000000        3.3576446714889130E-004
  0.30302256481765033        7.9949930447395105E-005   1.2121212121212121E-002   1.0017832980486832        1.0101010101010102E-002   1.0017832980486832        1.0000000000000000        3.2932591945922240E-004
  0.31312375965591360        7.8037789477987119E-005   1.2121212121212121E-002   1.0017801777710273        1.0101010101010102E-002   1.0017801777710273        1.0000000000000000        3.2155351999829662E-004
  0.32322498496466168        7.5811117832088836E-005   1.2121212121212121E-002   1.0017771382817506        1.0101010101010102E-002   1.0017771382817506        1.0000000000000000        3.1247717605609182E-004
  0.33332623988385623        7.3278843880588820E-005   1.2121212121212121E-002   1.0017741919144676        1.0101010101010102E-002   1.0017741919144676        1.0000000000000000        3.0213170354365104E-004
  0.34342752343318689        7.0451135631869661E-005   1.2121212121212121E-002   1.0017713506389667        1.0101010101010102E-002   1.0017713506389667        1.0000000000000000        2.9055813316958279E-004
  0.35352883451596256        6.7339357885378722E-005   1.2121212121212121E-002   1.0017686260057086        1.0101010101010102E-002   1.0017686260057086        1.0000000000000000        2.7780290212930936E-004
  0.36363017192352148        6.3956022552766724E-005   1.2121212121212121E-002   1.0017660291011465        1.0101010101010102E-002   1.0017660291011465        1.0000000000000000        2.6391634837175104E-004
  0.37373153433999046        6.0314740860155497E-005   1.2121212121212121E-002   1.0017635705053782        1.0101010101010102E-002   1.0017635705053782        1.0000000000000000        2.4895371087829687E-004
  0.38383292034751737        5.6430169622447564E-005   1.2121212121212121E-002   1.0017612602437427        1.0101010101010102E-002   1.0017612602437427        1.0000000000000000        2.3297541109634778E-004
  0.39393432843200837        5.2317956514750476E-005   1.2121212121212121E-002   1.0017591077430672        1.0101010101010102E-002   1.0017591077430672        1.0000000000000000        2.1604593992918808E-004
  0.40403575698922128        4.7994668721318481E-005   1.2121212121212121E-002   1.0017571217914174        1.0101010101010102E-002   1.0017571217914174        1.0000000000000000        1.9823405017049822E-004
  0.41413720433130718        4.3477728129530273E-005   1.2121212121212121E-002   1.0017553105049450        1.0101010101010102E-002   1.0017553105049450        1.0000000000000000        1.7961112792441725E-004
  0.42423866869354354        3.8785346143417012E-005   1.2121212121212121E-002   1.0017536812929764        1.0101010101010102E-002   1.0017536812929764        1.0000000000000000        1.6025323236323885E-004
  0.43434014824156625        3.3936445532211393E-005   1.2121212121212121E-002   1.0017522408213730        1.0101010101010102E-002   1.0017522408213730        1.0000000000000000        1.4023943653196369E-004
  0.44444164107884798        2.8950587593469397E-005   1.2121212121212121E-002   1.0017509949853960        1.0101010101010102E-002   1.0017509949853960        1.0000000000000000        1.1965147714398938E-004
  0.45454314525445982        2.3847882994627225E-005   1.2121212121212121E-002   1.0017499488882802        1.0101010101010102E-002   1.0017499488882802        1.0000000000000000        9.8572832545329447E-005
  0.46464465877096178        1.8648922616072626E-005   1.2121212121212121E-002   1.0017491068185167        1.0101010101010102E-002   1.0017491068185167        1.0000000000000000        7.7089999675372667E-005
  0.47474617959261667        1.3374689318595725E-005   1.2121212121212121E-002   1.0017484722274252        1.0101010101010102E-002   1.0017484722274252        1.0000000000000000        5.5291191386253047E-005
  0.48484770565373775        8.0464710673279577E-006   1.2121212121212121E-002   1.0017480477146932        1.0101010101010102E-002   1.0017480477146932        1.0000000000000000        3.3265933875092912E-005
  0.49494923486718662        2.6857711518859645E-006   1.2121212121212121E-002   1.0017478350208469        1.0101010101010102E-002   1.0017478350208469        1.0000000000000000        1.1103926810029918E-005
  0.50505076513286062       -2.6857712642446546E-006   1.2121212121212121E-002   1.0017478350207740        1.0101010101010102E-002   1.0017478350207740        1.0000000000000000       -1.1103904383524821E-005
  0.51515229434631038       -8.0464713250861602E-006   1.2121212121212121E-002   1.0017480477142604        1.0101010101010102E-002   1.0017480477142604        1.0000000000000000       -3.3265885808653195E-005
  0.52525382040744051       -1.3374689649491632E-005   1.2121212121212121E-002   1.0017484722273906        1.0101010101010102E-002   1.0017484722273906        1.0000000000000000       -5.5291326144235597E-005
  0.53535534122908701       -1.8648921774815001E-005   1.2121212121212121E-002   1.0017491068188578        1.0101010101010102E-002   1.0017491068188578        1.0000000000000000       -7.7089941941999029E-005
  0.54545685474558903       -2.3847883278287612E-005   1.2121212121212121E-002   1.0017499488881603        1.0101010101010102E-002   1.0017499488881603        1.0000000000000000       -9.8572799009488676E-005
  0.55555835892120453       -2.8950587732744589E-005   1.2121212121212121E-002   1.0017509949854861        1.0101010101010102E-002   1.0017509949854861        1.0000000000000000       -1.1965154727011651E-004
  0.56565985175848044       -3.3936445578493043E-005   1.2121212121212121E-002   1.0017522408215014        1.0101010101010102E-002   1.0017522408215014        1.0000000000000000       -1.4023937722384971E-004
  0.57576133130650597       -3.8785345522096010E-005   1.2121212121212121E-002   1.0017536812928978        1.0101010101010102E-002   1.0017536812928978        1.0000000000000000       -1.6025325275403901E-004
  0.58586279566874178       -4.3477727927777724E-005   1.2121212121212121E-002   1.0017553105049974        1.0101010101010102E-002   1.0017553105049974        1.0000000000000000       -1.7961112507780541E-004
  0.59596424301082618       -4.7994669214405877E-005   1.2121212121212121E-002   1.0017571217911183        1.0101010101010102E-002   1.0017571217911183        1.0000000000000000       -1.9823398595875119E-004
  0.60606567156804769       -5.2317956339020054E-005   1.2121212121212121E-002   1.0017591077430428        1.0101010101010102E-002   1.0017591077430428        1.0000000000000000       -2.1604606112024527E-004
  0.61616707965253048       -5.6430169249708832E-005   1.2121212121212121E-002   1.0017612602439359        1.0101010101010102E-002   1.0017612602439359        1.0000000000000000       -2.3297533386745783E-004
  0.62626846566006056       -6.0314741557578505E-005   1.2121212121212121E-002   1.0017635705051455        1.0101010101010102E-002   1.0017635705051455        1.0000000000000000       -2.4895370146893470E-004
  0.63636982807653220       -6.3956022422635657E-005   1.2121212121212121E-002   1.0017660291011299        1.0101010101010102E-002   1.0017660291011299        1.0000000000000000       -2.6391639868261763E-004
  0.64647116548408878       -6.7339357342386448E-005   1.2121212121212121E-002   1.0017686260059404        1.0101010101010102E-002   1.0017686260059404        1.0000000000000000       -2.7780290943280050E-004
  0.65657247656686157       -7.0451135818399733E-005   1.2121212121212121E-002   1.0017713506390735        1.0101010101010102E-002   1.0017713506390735        1.0000000000000000       -2.9055809752609463E-004
  0.66667376011619284       -7.3278843802346218E-005   1.2121212121212121E-002   1.0017741919143577        1.0101010101010102E-002   1.0017741919143577        1.0000000000000000       -3.0213169440163057E-004
  0.67677501503538962       -7.5811117946340882E-005   1.2121212121212121E-002   1.0017771382817644        1.0101010101010102E-002   1.0017771382817644        1.0000000000000000       -3.1247720787686006E-004
  0.68687624034413464       -7.8037789192505168E-005   1.2121212121212121E-002   1.0017801777708915        1.0101010101010102E-002   1.0017801777708915        1.0000000000000000       -3.2155345895112930E-004
  0.69697743518240385       -7.9949930992169441E-005   1.2121212121212121E-002   1.0017832980485057        1.0101010101010102E-002   1.0017832980485057        1.0000000000000000       -3.2932596781520829E-004
  0.70707859881370239       -8.1539883231962915E-005   1.2121212121212121E-002   1.0017864864704278        1.0101010101010102E-002   1.0017864864704278        1.0000000000000000       -3.3576446686378603E-004
  0.71717973062796014       -8.2801285323642001E-005   1.2121212121212121E-002   1.0017897301289072        1.0101010101010102E-002   1.0017897301289072        1.0000000000000000       -3.4084428372871400E-004
  0.72728083014384681       -8.3729104669180032E-005   1.2121212121212121E-002   1.0017930159046613        1.0101010101010102E-002   1.0017930159046613        1.0000000000000000       -3.4454595716582048E-004
  0.73738189701063817       -8.4319658433632083E-005   1.2121212121212121E-002   1.0017963305238078        1.0101010101010102E-002   1.0017963305238078        1.0000000000000000       -3.4685680974266830E-004
  0.74748293100940033       -8.4570622193115008E-005   1.2121212121212121E-002   1.0017996606155823        1.0101010101010102E-002   1.0017996606155823        1.0000000000000000       -3.4776938027913928E-004
  0.75758393205369490       -8.4481034311020096E-005   1.2121212121212121E-002   1.0018029927604133        1.0101010101010102E-002   1.0018029927604133        1.0000000000000000       -3.4728103050696291E-004
  0.76768490018984237       -8.4051309157665694E-005   1.2121212121212121E-002   1.0018063135437589        1.0101010101010102E-002   1.0018063135437589        1.0000000000000000       -3.4539545141587524E-004
  0.77778583559655778       -8.3283234044516903E-005   1.2121212121212121E-002   1.0018096096134881        1.0101010101010102E-002   1.0018096096134881        1.0000000000000000       -3.4212205604955415E-004
  0.78788673858407088       -8.2179951827169003E-005   1.2121212121212121E-002   1.0018128677348677        1.0101010101010102E-002   1.0018128677348677        1.0000000000000000       -3.3747602816536215E-004
  0.79798760959267023       -8.0745952529267064E-005   1.2121212121212121E-002   1.0018160748401435        1.0101010101010102E-002   1.0018160748401435        1.0000000000000000       -3.3147704638381015E-004
  0.80808844919085154       -7.8987053886941385E-005   1.2121212121212121E-002   1.0018192180774774        1.0101010101010102E-002   1.0018192180774774        1.0000000000000000       -3.2415050607426110E-004
  0.81818925807290899       -7.6910385549527031E-005   1.2121212121212121E-002   1.0018222848664176        1.0101010101010102E-002   1.0018222848664176        1.0000000000000000       -3.1552767322562403E-004
  0.82829003705596704       -7.4524347559465983E-005   1.2121212121212121E-002   1.0018252629486133        1.0101010101010102E-002   1.0018252629486133        1.0000000000000000       -3.0564455382453559E-004
  0.83839078707656767       -7.1838574797601442E-005   1.2121212121212121E-002   1.0018281404319476        1.0101010101010102E-002   1.0018281404319476        1.0000000000000000       -2.9454157951125381E-004
  0.84849150918684524       -6.8863909275898358E-005   1.2121212121212121E-002   1.0018309058360886        1.0101010101010102E-002   1.0018309058360886        1.0000000000000000       -2.8226419560262173E-004
  0.85859220455021190       -6.5612355411584841E-005   1.2121212121212121E-002   1.0018335481387313        1.0101010101010102E-002   1.0018335481387313        1.0000000000000000       -2.6886254571678592E-004
  0.86869287443661791       -6.2097016883570658E-005   1.2121212121212121E-002   1.0018360568208107        1.0101010101010102E-002   1.0018360568208107        1.0000000000000000       -2.5439149511985448E-004
  0.87879352021733204       -5.8332054687372554E-005   1.2121212121212121E-002   1.0018384219041829        1.0101010101010102E-002   1.0018384219041829        1.0000000000000000       -2.3890903160772581E-004
  0.88889414335947003       -5.4332630427363979E-005   1.2121212121212121E-002   1.0018406339880728        1.0101010101010102E-002   1.0018406339880728        1.0000000000000000       -2.2247757107507482E-004
  0.89899474542005964       -5.0114844843652395E-005   1.2121212121212121E-002   1.0018426842867958        1.0101010101010102E-002   1.0018426842867958        1.0000000000000000       -2.0516299153072737E-004
  0.90909532803981830       -4.5695668817519761E-005   1.2121212121212121E-002   1.0018445646651277        1.0101010101010102E-002   1.0018445646651277        1.0000000000000000       -1.8703512260209720E-004
  0.91919589293651460       -4.1092874937460697E-005   1.2121212121212121E-002   1.0018462676678610        1.0101010101010102E-002   1.0018462676678610        1.0000000000000000       -1.6816593272572788E-004
  0.92929644189816352       -3.6324971845099201E-005   1.2121212121212121E-002   1.0018477865446160        1.0101010101010102E-002   1.0018477865446160        1.0000000000000000       -1.4863045479529546E-004
  0.93939697677591727       -3.1411129405321610E-005   1.2121212121212121E-002   1.0018491152795279        1.0101010101010102E-002   1.0018491152795279        1.0000000000000000       -1.2850681030052158E-004
  0.94949749947665141       -2.6371098894619773E-005   1.2121212121212121E-002   1.0018502486137451        1.0101010101010102E-002   1.0018502486137451        1.0000000000000000       -1.0787478183527099E-004
  0.95959801195541761       -2.1225130180955958E-005   1.2121212121212121E-002   1.0018511820631311        1.0101010101010102E-002   1.0018511820631311        1.0000000000000000       -8.6816123859634331E-005
  0.96969851620768588       -1.5993898253853644E-005   1.2121212121212121E-002   1.0018519119345353        1.0101010101010102E-002   1.0018519119345353        1.0000000000000000       -6.5414001412911205E-005
  0.97979901426147764       -1.0698423599987047E-005   1.2121212121212121E-002   1.0018524353413130        1.0101010101010102E-002   1.0018524353413130        1.0000000000000000       -4.3753427875437012E-005
  0.98989950816929639       -5.3599779047316601E-006   1.2121212121212121E-002   1.0018527502149888        1.0101010101010102E-002   1.0018527502149888        1.0000000000000000       -2.1920012291509750E-005
   1.0000000000000282       -1.0258279642581230E-012   1.2121212121212121E-002   1.0018528553115869        1.0101010101010102E-002   1.0018528553115869        1.0000000000000000       -7.1289640857230552E-011
   1.0101004918307519        5.3061741094181820E-006   1.2121212121212121E-002   1.0018527502148913        1.0101010101010102E-002   1.0018527502148913        1.0000000000000000        2.1920064592784172E-005
   1.0202009857385730        1.0591028610928933E-005   1.2121212121212121E-002   1.0018524353414595        1.0101010101010102E-002   1.0018524353414595        1.0000000000000000        4.3753400225554628E-005
   1.0303014837923590        1.5833336186715025E-005   1.2121212121212121E-002   1.0018519119346334        1.0101010101010102E-002   1.0018519119346334        1.0000000000000000        6.5414075594460996E-005
   1.0404019880446302        2.1012035555682579E-005   1.2121212121212121E-002   1.0018511820627196        1.0101010101010102E-002   1.0018511820627196        1.0000000000000000        8.6816160036029544E-005
   1.0505025005234030        2.6106315437235957E-005   1.2121212121212121E-002   1.0018502486134993        1.0101010101010102E-002   1.0018502486134993        1.0000000000000000        1.0787471001982851E-004
   1.0606030232241359        3.1095704008187724E-005   1.2121212121212121E-002   1.0018491152797173        1.0101010101010102E-002   1.0018491152797173        1.0000000000000000        1.2850678329368037E-004
   1.0707035581018862        3.5960151310793601E-005   1.2121212121212121E-002   1.0018477865447519        1.0101010101010102E-002   1.0018477865447519        1.0000000000000000        1.4863049281554908E-004
   1.0808041070635355        4.0680104731874218E-005   1.2121212121212121E-002   1.0018462676677267        1.0101010101010102E-002   1.0018462676677267        1.0000000000000000        1.6816595371249576E-004
   1.0909046719602347        4.5236584410161559E-005   1.2121212121212121E-002   1.0018445646650915        1.0101010101010102E-002   1.0018445646650915        1.0000000000000000        7.6281802318631264     
   1.1010052545799911        4.9611264890142708E-005   1.2121212121212121E-002   1.0018426842868795        1.0101010101010102E-002   1.0018426842868795        1.0000000000000000        93.409894188773706     
  -1.0100491830703606E-002  -5.3061740286997309E-006   1.2121212121212121E-002   1.0018527502149888        1.0101010101010102E-002   1.0018527502149888        1.0000000000000000       -2.1920059096736111E-005
  -2.0200985738522359E-002  -1.0591028595293887E-005   1.2121212121212121E-002   1.0018524353413130        1.0101010101010102E-002   1.0018524353413130        1.0000000000000000       -4.3753459090467572E-005
  -3.0301483792314121E-002  -1.5833336321676061E-005   1.2121212121212121E-002   1.0018519119345353        1.0101010101010102E-002   1.0018519119345353        1.0000000000000000       -6.5414001409358491E-005
  -4.0401988044582393E-002  -2.1012035661284050E-005   1.2121212121212121E-002   1.0018511820631311        1.0101010101010102E-002   1.0018511820631311        1.0000000000000000       -8.6816123852528904E-005
  -5.0502500523348592E-002  -2.6106315053021358E-005   1.2121212121212121E-002   1.0018502486137451        1.0101010101010102E-002   1.0018502486137451        1.0000000000000000       -1.0787478182550103E-004
  -6.0603023224082730E-002  -3.1095703617517650E-005   1.2121212121212121E-002   1.0018491152795279        1.0101010101010102E-002   1.0018491152795279        1.0000000000000000       -1.2850681029341615E-004
  -7.0703558101836483E-002  -3.5960151972444416E-005   1.2121212121212121E-002   1.0018477865446160        1.0101010101010102E-002   1.0018477865446160        1.0000000000000000       -1.4863045480772996E-004
  -8.0804107063485398E-002  -4.0680104791818415E-005   1.2121212121212121E-002   1.0018462676678610        1.0101010101010102E-002   1.0018462676678610        1.0000000000000000       -1.6816593272395153E-004
  -9.0904671960181704E-002  -4.5236584043321198E-005   1.2121212121212121E-002   1.0018445646651277        1.0101010101010102E-002   1.0018445646651277        1.0000000000000000       -7.6281802318952998     
 -0.10100525457994036       -4.9611265283539110E-005   1.2121212121212121E-002   1.0018426842867958        1.0101010101010102E-002   1.0018426842867958        1.0000000000000000       -93.409894188765463     
