 # x v h rho m p cs a
   20.652121212121699     
   1.4647888738071968E-014  -1.3611737999367714E-013   1.2121212121212121E-002   1.0017564479157444        1.0101010101010102E-002   1.0017564479157444        1.0000000000000000        4.7377213263644080E-011
   1.0101444610340867E-002  -5.6816977950042418E-006   1.2121212121212121E-002   1.0017565367655479        1.0101010101010102E-002   1.0017565367655479        1.0000000000000000       -1.8534618988041984E-005
   2.0202887464305826E-002  -1.1340457036625444E-005   1.2121212121212121E-002   1.0017568029524140        1.0101010101010102E-002   1.0017568029524140        1.0000000000000000       -3.6993498513382406E-005
   3.0304326812727617E-002  -1.6953431312575941E-005   1.2121212121212121E-002   1.0017572453881387        1.0101010101010102E-002   1.0017572453881387        1.0000000000000000       -5.5301090609027881E-005
   4.0405760920758045E-002  -2.2497960059125340E-005   1.2121212121212121E-002   1.0017578622639238        1.0101010101010102E-002   1.0017578622639238        1.0000000000000000       -7.3382556883494487E-005
   5.0507188074983785E-002  -2.7951663220485591E-005   1.2121212121212121E-002   1.0017586510597309        1.0101010101010102E-002   1.0017586510597309        1.0000000000000000       -9.1164340598304250E-005
   6.0608606590382919E-002  -3.3292529731583589E-005   1.2121212121212121E-002   1.0017596085536946        1.0101010101010102E-002   1.0017596085536946        1.0000000000000000       -1.0857356820981323E-004
   7.0710014817246161E-002  -3.8499006755902890E-005   1.2121212121212121E-002   1.0017607308349687        1.0101010101010102E-002   1.0017607308349687        1.0000000000000000       -1.2553935639747493E-004
   8.0811411147882248E-002  -4.3550086873287530E-005   1.2121212121212121E-002   1.0017620133216729        1.0101010101010102E-002   1.0017620133216729        1.0000000000000000       -1.4199256651536984E-004
   9.0912794023176882E-002  -4.8425397052746921E-005   1.2121212121212121E-002   1.0017634507802471        1.0101010101010102E-002   1.0017634507802471        1.0000000000000000       -1.5786640963355580E-004
  0.10101416193892034       -5.3105276804471252E-005   1.2121212121212121E-002   1.0017650373483340        1.0101010101010102E-002   1.0017650373483340        1.0000000000000000       -1.7309647016361396E-004
  0.11111551345190530       -5.7570862103473895E-005   1.2121212121212121E-002   1.0017667665573020        1.0101010101010102E-002   1.0017667665573020        1.0000000000000000       -1.8762068147726296E-004
  0.12121684718582143       -6.1804154234201006E-005   1.2121212121212121E-002   1.0017686313608165        1.0101010101010102E-002   1.0017686313608165        1.0000000000000000       -2.0138059889518445E-004
  0.13131816183678210       -6.5788101202706372E-005   1.2121212121212121E-002   1.0017706241662636        1.0101010101010102E-002   1.0017706241662636        1.0000000000000000       -2.1432069460392000E-004
  0.14141945617858770       -6.9506664530566718E-005   1.2121212121212121E-002   1.0017727368640541        1.0101010101010102E-002   1.0017727368640541        1.0000000000000000       -2.2638869831137498E-004
  0.15152072906769015       -7.2944877383861539E-005   1.2121212121212121E-002   1.0017749608634474        1.0101010101010102E-002   1.0017749608634474        1.0000000000000000       -2.3753648299162933E-004
  0.16162197944773146       -7.6088913531733110E-005   1.2121212121212121E-002   1.0017772871270905        1.0101010101010102E-002   1.0017772871270905        1.0000000000000000       -2.4771904139431200E-004
  0.17172320635383595       -7.8926133511639742E-005   1.2121212121212121E-002   1.0017797062093756        1.0101010101010102E-002   1.0017797062093756        1.0000000000000000       -2.5689623980973408E-004
  0.18182440891638604       -8.1445147035641424E-005   1.2121212121212121E-002   1.0017822082965435        1.0101010101010102E-002   1.0017822082965435        1.0000000000000000       -2.6503142494771481E-004
  0.19192558636451626       -8.3635846795869585E-005   1.2121212121212121E-002   1.0017847832458693        1.0101010101010102E-002   1.0017847832458693        1.0000000000000000       -2.7209268490047123E-004
  0.20202673802912502       -8.5489454497719266E-005   1.2121212121212121E-002   1.0017874206292183        1.0101010101010102E-002   1.0017874206292183        1.0000000000000000       -2.7805240482070559E-004
  0.21212786334549452       -8.6998552567860577E-005   1.2121212121212121E-002   1.0017901097746060        1.0101010101010102E-002   1.0017901097746060        1.0000000000000000       -2.8288738142201453E-004
  0.22222896185549010       -8.8157119664270941E-005   1.2121212121212121E-002   1.0017928398102176        1.0101010101010102E-002   1.0017928398102176        1.0000000000000000       -2.8657916510965720E-004
  0.23233003320930731       -8.8960546996781531E-005   1.2121212121212121E-002   1.0017955997097092        1.0101010101010102E-002   1.0017955997097092        1.0000000000000000       -2.8911401911990708E-004
  0.24243107716677229       -8.9405654931703449E-005   1.2121212121212121E-002   1.0017983783367199        1.0101010101010102E-002   1.0017983783367199        1.0000000000000000       -2.9048277452847771E-004
  0.25253209359821049       -8.9490712633618009E-005   1.2121212121212121E-002   1.0018011644893787        1.0101010101010102E-002   1.0018011644893787        1.0000000000000000       -2.9068097529627579E-004
  0.26263308248487033       -8.9215439138779829E-005   1.2121212121212121E-002   1.0018039469463704        1.0101010101010102E-002   1.0018039469463704        1.0000000000000000       -2.8970906882452852E-004
  0.27273404391887818       -8.8581004655183056E-005   1.2121212121212121E-002   1.0018067145126277        1.0101010101010102E-002   1.0018067145126277        1.0000000000000000       -2.8757213051466834E-004
  0.28283497810275660       -8.7590021838079108E-005   1.2121212121212121E-002   1.0018094560633068        1.0101010101010102E-002   1.0018094560633068        1.0000000000000000       -2.8427978525424891E-004
  0.29293588534851511       -8.6246536699421613E-005   1.2121212121212121E-002   1.0018121605883588        1.0101010101010102E-002   1.0018121605883588        1.0000000000000000       -2.7984637924483025E-004
  0.30303676607628471       -8.4556015678530219E-005   1.2121212121212121E-002   1.0018148172363106        1.0101010101010102E-002   1.0018148172363106        1.0000000000000000       -2.7429068924611499E-004
  0.31313762081254626       -8.2525315584248783E-005   1.2121212121212121E-002   1.0018174153582724        1.0101010101010102E-002   1.0018174153582724        1.0000000000000000       -2.6763624545278475E-004
  0.32323845018789149       -8.0162657794695378E-005   1.2121212121212121E-002   1.0018199445498788        1.0101010101010102E-002   1.0018199445498788        1.0000000000000000       -2.5991055169871657E-004
  0.33333925493442185       -7.7477595735324085E-005   1.2121212121212121E-002   1.0018223946906519        1.0101010101010102E-002   1.0018223946906519        1.0000000000000000       -2.5114535526338244E-004
  0.34344003588274025       -7.4480974902845618E-005   1.2121212121212121E-002   1.0018247559849618        1.0101010101010102E-002   1.0018247559849618        1.0000000000000000       -2.4137667766144233E-004
  0.35354079395853300       -7.1184889562726786E-005   1.2121212121212121E-002   1.0018270190005674        1.0101010101010102E-002   1.0018270190005674        1.0000000000000000       -2.3064433629205183E-004
  0.36364153017880280       -6.7602630227752073E-005   1.2121212121212121E-002   1.0018291747055035        1.0101010101010102E-002   1.0018291747055035        1.0000000000000000       -2.1899202997666123E-004
  0.37374224564772046       -6.3748634328918968E-005   1.2121212121212121E-002   1.0018312145024386        1.0101010101010102E-002   1.0018312145024386        1.0000000000000000       -2.0646671830970575E-004
  0.38384294155218085       -5.9638425217837910E-005   1.2121212121212121E-002   1.0018331302613164        1.0101010101010102E-002   1.0018331302613164        1.0000000000000000       -1.9311891553996929E-004
  0.39394361915701442       -5.5288550041021088E-005   1.2121212121212121E-002   1.0018349143523773        1.0101010101010102E-002   1.0018349143523773        1.0000000000000000       -1.7900247291269267E-004
  0.40404427979988389       -5.0716515039035739E-005   1.2121212121212121E-002   1.0018365596754977        1.0101010101010102E-002   1.0018365596754977        1.0000000000000000       -1.6417400826629347E-004
  0.41414492488591570       -4.5940709354394198E-005   1.2121212121212121E-002   1.0018380596854648        1.0101010101010102E-002   1.0018380596854648        1.0000000000000000       -1.4869263675620914E-004
  0.42424555588210788       -4.0980339231225247E-005   1.2121212121212121E-002   1.0018394084184621        1.0101010101010102E-002   1.0018394084184621        1.0000000000000000       -1.3262050458440200E-004
  0.43434617431143213       -3.5855347500823860E-005   1.2121212121212121E-002   1.0018406005161480        1.0101010101010102E-002   1.0018406005161480        1.0000000000000000       -1.1602174163005685E-004
  0.44444678174675933       -3.0586331240281462E-005   1.2121212121212121E-002   1.0018416312436007        1.0101010101010102E-002   1.0018416312436007        1.0000000000000000       -9.8962229720278572E-005
  0.45454737980461996       -2.5194462149421220E-005   1.2121212121212121E-002   1.0018424965076567        1.0101010101010102E-002   1.0018424965076567        1.0000000000000000       -8.1509912273958207E-005
  0.46464797013876541       -1.9701403040670635E-005   1.2121212121212121E-002   1.0018431928745541        1.0101010101010102E-002   1.0018431928745541        1.0000000000000000       -6.3734366847256751E-005
  0.47474855443357117       -1.4129220194484911E-005   1.2121212121212121E-002   1.0018437175818156        1.0101010101010102E-002   1.0018437175818156        1.0000000000000000       -4.5705998489964372E-005
  0.48484913439736849       -8.5002930192741142E-006   1.2121212121212121E-002   1.0018440685470624        1.0101010101010102E-002   1.0018440685470624        1.0000000000000000       -2.7496221356670958E-005
  0.49494971175568181       -2.8372296710078328E-006   1.2121212121212121E-002   1.0018442443780982        1.0101010101010102E-002   1.0018442443780982        1.0000000000000000       -9.1775419468476116E-006
  0.50505028824435017        2.8372296261130368E-006   1.2121212121212121E-002   1.0018442443782114        1.0101010101010102E-002   1.0018442443782114        1.0000000000000000        9.1775233528323952E-006
  0.51515086560266010        8.5002929903128414E-006   1.2121212121212121E-002   1.0018440685468459        1.0101010101010102E-002   1.0018440685468459        1.0000000000000000        2.7496303612650763E-005
  0.52525144556646586        1.4129220122558188E-005   1.2121212121212121E-002   1.0018437175816770        1.0101010101010102E-002   1.0018437175816770        1.0000000000000000        4.5705900923564968E-005
  0.53535202986126640        1.9701402905778168E-005   1.2121212121212121E-002   1.0018431928747578        1.0101010101010102E-002   1.0018431928747578        1.0000000000000000        6.3734392675485196E-005
  0.54545262019541207        2.5194462126037839E-005   1.2121212121212121E-002   1.0018424965076900        1.0101010101010102E-002   1.0018424965076900        1.0000000000000000        8.1509918683941862E-005
  0.55555321825327220        3.0586331820759266E-005   1.2121212121212121E-002   1.0018416312436340        1.0101010101010102E-002   1.0018416312436340        1.0000000000000000        9.8962227485621668E-005
  0.56565382568859934        3.5855347344611496E-005   1.2121212121212121E-002   1.0018406005162532        1.0101010101010102E-002   1.0018406005162532        1.0000000000000000        1.1602172493052620E-004
  0.57575444411792143        4.0980338975929382E-005   1.2121212121212121E-002   1.0018394084185398        1.0101010101010102E-002   1.0018394084185398        1.0000000000000000        1.3262052880236297E-004
  0.58585507511411372        4.5940709571064921E-005   1.2121212121212121E-002   1.0018380596852374        1.0101010101010102E-002   1.0018380596852374        1.0000000000000000        1.4869267965877953E-004
  0.59595572020015031        5.0716514708128434E-005   1.2121212121212121E-002   1.0018365596752021        1.0101010101010102E-002   1.0018365596752021        1.0000000000000000        1.6417397794743493E-004
  0.60605638084302160        5.5288550131149589E-005   1.2121212121212121E-002   1.0018349143524301        1.0101010101010102E-002   1.0018349143524301        1.0000000000000000        1.7900242993373894E-004
  0.61615705844785151        5.9638424917325224E-005   1.2121212121212121E-002   1.0018331302613068        1.0101010101010102E-002   1.0018331302613068        1.0000000000000000        1.9311897028817526E-004
  0.62625775435231568        6.3748634305072971E-005   1.2121212121212121E-002   1.0018312145023149        1.0101010101010102E-002   1.0018312145023149        1.0000000000000000        2.0646668687351877E-004
  0.63635846982123268        6.7602630987825311E-005   1.2121212121212121E-002   1.0018291747056052        1.0101010101010102E-002   1.0018291747056052        1.0000000000000000        2.1899201684227876E-004
  0.64645920604150042        7.1184889130763374E-005   1.2121212121212121E-002   1.0018270190005278        1.0101010101010102E-002   1.0018270190005278        1.0000000000000000        2.3064437718733899E-004
  0.65655996411729611        7.4480975092847929E-005   1.2121212121212121E-002   1.0018247559848297        1.0101010101010102E-002   1.0018247559848297        1.0000000000000000        2.4137665881784898E-004
  0.66666074506561468        7.7477595573299679E-005   1.2121212121212121E-002   1.0018223946907117        1.0101010101010102E-002   1.0018223946907117        1.0000000000000000        2.5114533282888374E-004
  0.67676154981214365        8.0162658057765854E-005   1.2121212121212121E-002   1.0018199445501188        1.0101010101010102E-002   1.0018199445501188        1.0000000000000000        2.5991053025453681E-004
  0.68686237918748527        8.2525315344128075E-005   1.2121212121212121E-002   1.0018174153585002        1.0101010101010102E-002   1.0018174153585002        1.0000000000000000        2.6763627574233340E-004
  0.69696323392374504        8.4556016032229060E-005   1.2121212121212121E-002   1.0018148172360701        1.0101010101010102E-002   1.0018148172360701        1.0000000000000000        2.7429075851870266E-004
  0.70706411465152230        8.6246536657985602E-005   1.2121212121212121E-002   1.0018121605882826        1.0101010101010102E-002   1.0018121605882826        1.0000000000000000        2.7984627199906242E-004
  0.71716502189727527        8.7590021691235823E-005   1.2121212121212121E-002   1.0018094560637085        1.0101010101010102E-002   1.0018094560637085        1.0000000000000000        2.8427979338729870E-004
  0.72726595608114952        8.8581004485842617E-005   1.2121212121212121E-002   1.0018067145125662        1.0101010101010102E-002   1.0018067145125662        1.0000000000000000        2.8757221610042905E-004
  0.73736691751516348        8.9215439544240149E-005   1.2121212121212121E-002   1.0018039469461990        1.0101010101010102E-002   1.0018039469461990        1.0000000000000000        2.8970901235769730E-004
  0.74746790640182115        8.9490712479504457E-005   1.2121212121212121E-002   1.0018011644894207        1.0101010101010102E-002   1.0018011644894207        1.0000000000000000        2.9068098549611676E-004
  0.75756892283326016        8.9405654627431501E-005   1.2121212121212121E-002   1.0017983783367026        1.0101010101010102E-002   1.0017983783367026        1.0000000000000000        2.9048277484022833E-004
  0.76766996679072474        8.8960546945523149E-005   1.2121212121212121E-002   1.0017955997096679        1.0101010101010102E-002   1.0017955997096679        1.0000000000000000        2.8911402396758490E-004
  0.77777103814454351        8.8157120203414296E-005   1.2121212121212121E-002   1.0017928398103344        1.0101010101010102E-002   1.0017928398103344        1.0000000000000000        2.8657912627938487E-004
  0.78787213665453482        8.6998552731620208E-005   1.2121212121212121E-002   1.0017901097746467        1.0101010101010102E-002   1.0017901097746467        1.0000000000000000        2.8288743861892840E-004
  0.79797326197090745        8.5489453902224964E-005   1.2121212121212121E-002   1.0017874206290187        1.0101010101010102E-002   1.0017874206290187        1.0000000000000000        2.7805239728539988E-004
  0.80807441363551791        8.3635846831490139E-005   1.2121212121212121E-002   1.0017847832459055        1.0101010101010102E-002   1.0017847832459055        1.0000000000000000        2.7209264443239789E-004
  0.81817559108364546        8.1445146790745998E-005   1.2121212121212121E-002   1.0017822082967023        1.0101010101010102E-002   1.0017822082967023        1.0000000000000000        2.6503143260914186E-004
  0.82827679364619478        7.8926133841339632E-005   1.2121212121212121E-002   1.0017797062094376        1.0101010101010102E-002   1.0017797062094376        1.0000000000000000        2.5689626002556309E-004
  0.83837802055229815        7.6088912671530006E-005   1.2121212121212121E-002   1.0017772871267239        1.0101010101010102E-002   1.0017772871267239        1.0000000000000000        2.4771911046705952E-004
  0.84847927093234909        7.2944878241579529E-005   1.2121212121212121E-002   1.0017749608633535        1.0101010101010102E-002   1.0017749608633535        1.0000000000000000        2.3753635611889479E-004
  0.85858054382144389        6.9506664503179202E-005   1.2121212121212121E-002   1.0017727368643030        1.0101010101010102E-002   1.0017727368643030        1.0000000000000000        2.2638875227887212E-004
  0.86868183816325106        6.5788101091600844E-005   1.2121212121212121E-002   1.0017706241662392        1.0101010101010102E-002   1.0017706241662392        1.0000000000000000        2.1432069326721148E-004
  0.87878315281421138        6.1804154257511881E-005   1.2121212121212121E-002   1.0017686313608636        1.0101010101010102E-002   1.0017686313608636        1.0000000000000000        2.0138059247098994E-004
  0.88888448654812657        5.7570862293347578E-005   1.2121212121212121E-002   1.0017667665572585        1.0101010101010102E-002   1.0017667665572585        1.0000000000000000        1.8762070340283543E-004
  0.89898583806111343        5.3105277085837612E-005   1.2121212121212121E-002   1.0017650373482438        1.0101010101010102E-002   1.0017650373482438        1.0000000000000000        1.7309645962715337E-004
  0.90908720597685688        4.8425396769730208E-005   1.2121212121212121E-002   1.0017634507801743        1.0101010101010102E-002   1.0017634507801743        1.0000000000000000        1.5786641852599814E-004
  0.91918858885215293        4.3550087099345248E-005   1.2121212121212121E-002   1.0017620133216356        1.0101010101010102E-002   1.0017620133216356        1.0000000000000000        1.4199254579949638E-004
  0.92928998518278882        3.8499006720082205E-005   1.2121212121212121E-002   1.0017607308352086        1.0101010101010102E-002   1.0017607308352086        1.0000000000000000        1.2553932034808923E-004
  0.93939139340964684        3.3292529713753126E-005   1.2121212121212121E-002   1.0017596085538440        1.0101010101010102E-002   1.0017596085538440        1.0000000000000000        1.0857362182292718E-004
  0.94949281192504820        2.7951662757103193E-005   1.2121212121212121E-002   1.0017586510597456        1.0101010101010102E-002   1.0017586510597456        1.0000000000000000        9.1164315749736602E-005
  0.95959423907927177        2.2497960567929016E-005   1.2121212121212121E-002   1.0017578622639824        1.0101010101010102E-002   1.0017578622639824        1.0000000000000000        7.3382574881541984E-005
  0.96969567318730276        1.6953431010946306E-005   1.2121212121212121E-002   1.0017572453880215        1.0101010101010102E-002   1.0017572453880215        1.0000000000000000        5.5301107070526712E-005
  0.97979711253572654        1.1340457191213632E-005   1.2121212121212121E-002   1.0017568029522346        1.0101010101010102E-002   1.0017568029522346        1.0000000000000000        3.6993499359816440E-005
  0.98989855538969307        5.6816974824415999E-006   1.2121212121212121E-002   1.0017565367653416        1.0101010101010102E-002   1.0017565367653416        1.0000000000000000        1.8534622238775000E-005
   1.0000000000000222        7.3135929339524051E-013   1.2121212121212121E-002   1.0017564479157428        1.0101010101010102E-002   1.0017564479157428        1.0000000000000000       -9.4890317825502279E-011
   1.0101014446103409       -5.6360569411809352E-006   1.2121212121212121E-002   1.0017565367655479        1.0101010101010102E-002   1.0017565367655479        1.0000000000000000       -1.8534576419426685E-005
   1.0202028874643059       -1.1249361781321420E-005   1.2121212121212121E-002   1.0017568029524140        1.0101010101010102E-002   1.0017568029524140        1.0000000000000000       -3.6993470692081587E-005
   1.0303043268127277       -1.6817254156248614E-005   1.2121212121212121E-002   1.0017572453881387        1.0101010101010102E-002   1.0017572453881387        1.0000000000000000       -5.5301090853276946E-005
   1.0404057609207580       -2.2317257828985046E-005   1.2121212121212121E-002   1.0017578622639238        1.0101010101010102E-002   1.0017578622639238        1.0000000000000000       -7.3382554362844132E-005
   1.0505071880749839       -2.7727173836481851E-005   1.2121212121212121E-002   1.0017586510597309        1.0101010101010102E-002   1.0017586510597309        1.0000000000000000       -9.1164342184590907E-005
   1.0606086065903830       -3.3025170492261669E-005   1.2121212121212121E-002   1.0017596085536946        1.0101010101010102E-002   1.0017596085536946        1.0000000000000000       -1.0857357038407400E-004
   1.0707100148172461       -3.8189869521686291E-005   1.2121212121212121E-002   1.0017607308349687        1.0101010101010102E-002   1.0017607308349687        1.0000000000000000       -1.2553935567272134E-004
   1.0808114111478822       -4.3200433815844426E-005   1.2121212121212121E-002   1.0017620133216729        1.0101010101010102E-002   1.0017620133216729        1.0000000000000000       -1.4199256404001659E-004
   1.0909127940231769       -4.8036654736991741E-005   1.2121212121212121E-002   1.0017634507802471        1.0101010101010102E-002   1.0017634507802471        1.0000000000000000        7.6226322473790162     
   1.1010141619389204       -5.2679030473172015E-005   1.2121212121212121E-002   1.0017650373483340        1.0101010101010102E-002   1.0017650373483340        1.0000000000000000        93.406810007353741     
  -1.0101444610306931E-002   5.6360566448951046E-006   1.2121212121212121E-002   1.0017565367653416        1.0101010101010102E-002   1.0017565367653416        1.0000000000000000        1.8534579365514503E-005
  -2.0202887464273456E-002   1.1249361922977729E-005   1.2121212121212121E-002   1.0017568029522346        1.0101010101010102E-002   1.0017568029522346        1.0000000000000000        3.6993470843960097E-005
  -3.0304326812697235E-002   1.6817253835140419E-005   1.2121212121212121E-002   1.0017572453880215        1.0101010101010102E-002   1.0017572453880215        1.0000000000000000        5.5301107066085819E-005
  -4.0405760920728229E-002   2.2317258259840031E-005   1.2121212121212121E-002   1.0017578622639824        1.0101010101010102E-002   1.0017578622639824        1.0000000000000000        7.3382574889535590E-005
  -5.0507188074951803E-002   2.7727173457178187E-005   1.2121212121212121E-002   1.0017586510597456        1.0101010101010102E-002   1.0017586510597456        1.0000000000000000        9.1164315750624780E-005
  -6.0608606590353165E-002   3.3025170345882185E-005   1.2121212121212121E-002   1.0017596085538440        1.0101010101010102E-002   1.0017596085538440        1.0000000000000000        1.0857362182292718E-004
  -7.0710014817211175E-002   3.8189869570483704E-005   1.2121212121212121E-002   1.0017607308352086        1.0101010101010102E-002   1.0017607308352086        1.0000000000000000        1.2553932034364834E-004
  -8.0811411147847068E-002   4.3200434078137678E-005   1.2121212121212121E-002   1.0017620133216356        1.0101010101010102E-002   1.0017620133216356        1.0000000000000000        1.4199254579860821E-004
  -9.0912794023143118E-002   4.8036654455576977E-005   1.2121212121212121E-002   1.0017634507801743        1.0101010101010102E-002   1.0017634507801743        1.0000000000000000       -7.6226322473632848     
 -0.10101416193888657        5.2679030766490567E-005   1.2121212121212121E-002   1.0017650373482438        1.0101010101010102E-002   1.0017650373482438        1.0000000000000000       -93.406810007357265     
