 # x v h rho m p cs a
   6.6000000000005388     
   8.9190650139893996E-006  -5.3812745948535227E-005   1.2121212121212121E-002   1.0018047046371559        1.0101010101010102E-002   1.0018047046371559        1.0000000000000000        1.2434497875801753E-014
   1.0109893097426593E-002  -5.3395336354638538E-005   1.2121212121212121E-002   1.0018033809403013        1.0101010101010102E-002   1.0018033809403013        1.0000000000000000       -1.4210854715202004E-014
   2.0210880857438763E-002  -5.2463814199793587E-005   1.2121212121212121E-002   1.0018019556394844        1.0101010101010102E-002   1.0018019556394844        1.0000000000000000       -9.9475983006414026E-014
   3.0311882895111945E-002  -5.1544515418106856E-005   1.2121212121212121E-002   1.0018006200518121        1.0101010101010102E-002   1.0018006200518121        1.0000000000000000        6.1284310959308641E-014
   4.0412897241012546E-002  -5.0999893889707870E-005   1.2121212121212121E-002   1.0017994611164225        1.0101010101010102E-002   1.0017994611164225        1.0000000000000000        3.5527136788005009E-015
   5.0513921862605685E-002  -5.0463895707312467E-005   1.2121212121212121E-002   1.0017982933566689        1.0101010101010102E-002   1.0017982933566689        1.0000000000000000        4.4408920985006262E-015
   6.0614958984043822E-002  -4.9082952659168534E-005   1.2121212121212121E-002   1.0017969357371213        1.0101010101010102E-002   1.0017969357371213        1.0000000000000000       -8.8817841970012523E-015
   7.0716010538736412E-002  -4.7118129734625493E-005   1.2121212121212121E-002   1.0017954651138028        1.0101010101010102E-002   1.0017954651138028        1.0000000000000000       -5.1514348342607263E-014
   8.0817077338873305E-002  -4.5122593906803747E-005   1.2121212121212121E-002   1.0017942468192074        1.0101010101010102E-002   1.0017942468192074        1.0000000000000000        2.1316282072803006E-014
   9.0918153114006556E-002  -4.3195841653875421E-005   1.2121212121212121E-002   1.0017933495710434        1.0101010101010102E-002   1.0017933495710434        1.0000000000000000        7.1054273576010019E-015
  0.10101923673043903       -4.1231988104224322E-005   1.2121212121212121E-002   1.0017922487472886        1.0101010101010102E-002   1.0017922487472886        1.0000000000000000        7.1054273576010019E-015
  0.11112033402142117       -3.9403138289862765E-005   1.2121212121212121E-002   1.0017908048418085        1.0101010101010102E-002   1.0017908048418085        1.0000000000000000        3.5527136788005009E-015
  0.12122144698878957       -3.7347312777199201E-005   1.2121212121212121E-002   1.0017894910102265        1.0101010101010102E-002   1.0017894910102265        1.0000000000000000        1.9539925233402755E-014
  0.13132257061276900       -3.4575139698551657E-005   1.2121212121212121E-002   1.0017885444872521        1.0101010101010102E-002   1.0017885444872521        1.0000000000000000        8.0824236192711396E-014
  0.14142370197454235       -3.1411345185542233E-005   1.2121212121212121E-002   1.0017877977196616        1.0101010101010102E-002   1.0017877977196616        1.0000000000000000        2.2204460492503131E-014
  0.15152484015131620       -2.8589149178714731E-005   1.2121212121212121E-002   1.0017871144096442        1.0101010101010102E-002   1.0017871144096442        1.0000000000000000       -6.2172489379008766E-015
  0.16162598492213878       -2.6104388797468639E-005   1.2121212121212121E-002   1.0017864387548685        1.0101010101010102E-002   1.0017864387548685        1.0000000000000000       -6.2172489379008766E-015
  0.17172713660211983       -2.3574126361015610E-005   1.2121212121212121E-002   1.0017858711969092        1.0101010101010102E-002   1.0017858711969092        1.0000000000000000       -6.2172489379008766E-015
  0.18182829295618547       -2.1016541190400514E-005   1.2121212121212121E-002   1.0017856188250716        1.0101010101010102E-002   1.0017856188250716        1.0000000000000000       -6.2172489379008766E-015
  0.19192944942216472       -1.8385399241725293E-005   1.2121212121212121E-002   1.0017855851420456        1.0101010101010102E-002   1.0017855851420456        1.0000000000000000       -6.2172489379008766E-015
  0.20203060642826642       -1.5735569460499989E-005   1.2121212121212121E-002   1.0017858037559615        1.0101010101010102E-002   1.0017858037559615        1.0000000000000000       -6.2172489379008766E-015
  0.21213175959195218       -1.3433158478198766E-005   1.2121212121212121E-002   1.0017868816169084        1.0101010101010102E-002   1.0017868816169084        1.0000000000000000       -6.2172489379008766E-015
  0.22223289585659084       -1.1574411344845730E-005   1.2121212121212121E-002   1.0017891290417904        1.0101010101010102E-002   1.0017891290417904        1.0000000000000000       -1.7763568394002505E-015
  0.23233400345229790       -1.0199697945409119E-005   1.2121212121212121E-002   1.0017918584709056        1.0101010101010102E-002   1.0017918584709056        1.0000000000000000       -5.6843418860808015E-014
  0.24243508466917915       -9.3205831769898979E-006   1.2121212121212121E-002   1.0017944275972896        1.0101010101010102E-002   1.0017944275972896        1.0000000000000000       -1.8562928971732617E-013
  0.25253614249283607       -8.9237177962755707E-006   1.2121212121212121E-002   1.0017974173688067        1.0101010101010102E-002   1.0017974173688067        1.0000000000000000        1.8385293287792592E-013
  0.26263716603844323       -8.9649123486884978E-006   1.2121212121212121E-002   1.0018016627677713        1.0101010101010102E-002   1.0018016627677713        1.0000000000000000        5.0626169922907138E-014
  0.27273813965329519       -9.4583303367987272E-006   1.2121212121212121E-002   1.0018070001740929        1.0101010101010102E-002   1.0018070001740929        1.0000000000000000       -6.2172489379008766E-015
  0.28283905669769560       -9.9478347295837784E-006   1.2121212121212121E-002   1.0018127943113642        1.0101010101010102E-002   1.0018127943113642        1.0000000000000000       -6.2172489379008766E-015
  0.29293991524291879       -1.0278834610058808E-005   1.2121212121212121E-002   1.0018186307662929        1.0101010101010102E-002   1.0018186307662929        1.0000000000000000       -6.2172489379008766E-015
  0.30304071634078611       -1.0764541484660093E-005   1.2121212121212121E-002   1.0018241010408000        1.0101010101010102E-002   1.0018241010408000        1.0000000000000000       -6.2172489379008766E-015
  0.31314146631007261       -1.1533444896010555E-005   1.2121212121212121E-002   1.0018289022124260        1.0101010101010102E-002   1.0018289022124260        1.0000000000000000       -6.2172489379008766E-015
  0.32324217267461797       -1.1819004192213112E-005   1.2121212121212121E-002   1.0018331184738554        1.0101010101010102E-002   1.0018331184738554        1.0000000000000000       -6.2172489379008766E-015
  0.33334284000077563       -1.1605158145277006E-005   1.2121212121212121E-002   1.0018371200855309        1.0101010101010102E-002   1.0018371200855309        1.0000000000000000       -6.2172489379008766E-015
  0.34344346700961581       -1.1098031595573335E-005   1.2121212121212121E-002   1.0018407475981277        1.0101010101010102E-002   1.0018407475981277        1.0000000000000000       -6.2172489379008766E-015
  0.35354406210812966       -1.0126848310849371E-005   1.2121212121212121E-002   1.0018437068145103        1.0101010101010102E-002   1.0018437068145103        1.0000000000000000       -6.2172489379008766E-015
  0.36364463135583647       -8.7570730712339283E-006   1.2121212121212121E-002   1.0018464069840860        1.0101010101010102E-002   1.0018464069840860        1.0000000000000000       -6.2172489379008766E-015
  0.37374517378600580       -7.1902226775324045E-006   1.2121212121212121E-002   1.0018492640788614        1.0101010101010102E-002   1.0018492640788614        1.0000000000000000       -6.2172489379008766E-015
  0.38384568642739020       -6.2101798564527951E-006   1.2121212121212121E-002   1.0018522011133062        1.0101010101010102E-002   1.0018522011133062        1.0000000000000000       -6.2172489379008766E-015
  0.39394617037917751       -5.9965142270662585E-006   1.2121212121212121E-002   1.0018549585299354        1.0101010101010102E-002   1.0018549585299354        1.0000000000000000       -6.2172489379008766E-015
  0.40404662861579260       -6.3177672618127997E-006   1.2121212121212121E-002   1.0018575583621381        1.0101010101010102E-002   1.0018575583621381        1.0000000000000000       -6.2172489379008766E-015
  0.41414706123583428       -6.4198175913617719E-006   1.2121212121212121E-002   1.0018600420137693        1.0101010101010102E-002   1.0018600420137693        1.0000000000000000       -6.2172489379008766E-015
  0.42424747075317476       -5.9429478866132397E-006   1.2121212121212121E-002   1.0018626250139053        1.0101010101010102E-002   1.0018626250139053        1.0000000000000000       -6.2172489379008766E-015
  0.43434785261077991       -5.3056814139107062E-006   1.2121212121212121E-002   1.0018654256638304        1.0101010101010102E-002   1.0018654256638304        1.0000000000000000       -6.2172489379008766E-015
  0.44444820573404809       -4.6492391658986232E-006   1.2121212121212121E-002   1.0018678075521479        1.0101010101010102E-002   1.0018678075521479        1.0000000000000000       -6.2172489379008766E-015
  0.45454853961399777       -3.6974459765092602E-006   1.2121212121212121E-002   1.0018692079625173        1.0101010101010102E-002   1.0018692079625173        1.0000000000000000       -6.2172489379008766E-015
  0.46464886533489258       -2.1947394984275647E-006   1.2121212121212121E-002   1.0018697651828345        1.0101010101010102E-002   1.0018697651828345        1.0000000000000000       -6.2172489379008766E-015
  0.47474918886803857       -9.1535913773415199E-007   1.2121212121212121E-002   1.0018698881073289        1.0101010101010102E-002   1.0018698881073289        1.0000000000000000        5.3290705182007514E-015
  0.48484951252734482       -4.0391880732099107E-007   1.2121212121212121E-002   1.0018698317106323        1.0101010101010102E-002   1.0018698317106323        1.0000000000000000       -7.0166095156309893E-014
  0.49494983742341753       -1.5078585697121424E-007   1.2121212121212121E-002   1.0018697623016999        1.0101010101010102E-002   1.0018697623016999        1.0000000000000000       -4.4941828036826337E-013
  0.50505016257675972        1.5078582807447674E-007   1.2121212121212121E-002   1.0018697623015704        1.0101010101010102E-002   1.0018697623015704        1.0000000000000000       -6.9277916736609768E-014
  0.51515048747283521        4.0391884607861205E-007   1.2121212121212121E-002   1.0018698317103938        1.0101010101010102E-002   1.0018698317103938        1.0000000000000000        1.5987211554602254E-014
  0.52525081113214411        9.1535923366713764E-007   1.2121212121212121E-002   1.0018698881073753        1.0101010101010102E-002   1.0018698881073753        1.0000000000000000        1.7763568394002505E-015
  0.53535113466528583        2.1947396158140708E-006   1.2121212121212121E-002   1.0018697651828070        1.0101010101010102E-002   1.0018697651828070        1.0000000000000000        1.7763568394002505E-015
  0.54545146038618542        3.6974461333747235E-006   1.2121212121212121E-002   1.0018692079623717        1.0101010101010102E-002   1.0018692079623717        1.0000000000000000        1.7763568394002505E-015
  0.55555179426613355        4.6492391204485835E-006   1.2121212121212121E-002   1.0018678075520657        1.0101010101010102E-002   1.0018678075520657        1.0000000000000000        1.7763568394002505E-015
  0.56565214738940472        5.3056815086057371E-006   1.2121212121212121E-002   1.0018654256637491        1.0101010101010102E-002   1.0018654256637491        1.0000000000000000        1.7763568394002505E-015
  0.57575252924700893        5.9429480308706993E-006   1.2121212121212121E-002   1.0018626250140465        1.0101010101010102E-002   1.0018626250140465        1.0000000000000000        1.7763568394002505E-015
  0.58585293876434708        6.4198173391209777E-006   1.2121212121212121E-002   1.0018600420138801        1.0101010101010102E-002   1.0018600420138801        1.0000000000000000        1.7763568394002505E-015
  0.59595337138438886        6.3177670865752295E-006   1.2121212121212121E-002   1.0018575583621718        1.0101010101010102E-002   1.0018575583621718        1.0000000000000000        1.7763568394002505E-015
  0.60605382962100307        5.9965147821920526E-006   1.2121212121212121E-002   1.0018549585298433        1.0101010101010102E-002   1.0018549585298433        1.0000000000000000        1.7763568394002505E-015
  0.61615431357279338        6.2101798905165622E-006   1.2121212121212121E-002   1.0018522011132573        1.0101010101010102E-002   1.0018522011132573        1.0000000000000000        1.7763568394002505E-015
  0.62625482621417594        7.1902226738330719E-006   1.2121212121212121E-002   1.0018492640789671        1.0101010101010102E-002   1.0018492640789671        1.0000000000000000        1.7763568394002505E-015
  0.63635536864434461        8.7570729670605936E-006   1.2121212121212121E-002   1.0018464069841193        1.0101010101010102E-002   1.0018464069841193        1.0000000000000000        1.7763568394002505E-015
  0.64645593789205136        1.0126848654831153E-005   1.2121212121212121E-002   1.0018437068144199        1.0101010101010102E-002   1.0018437068144199        1.0000000000000000        1.7763568394002505E-015
  0.65655653299056715        1.1098031553090632E-005   1.2121212121212121E-002   1.0018407475979900        1.0101010101010102E-002   1.0018407475979900        1.0000000000000000        1.7763568394002505E-015
  0.66665715999940856        1.1605158232046298E-005   1.2121212121212121E-002   1.0018371200855831        1.0101010101010102E-002   1.0018371200855831        1.0000000000000000        1.7763568394002505E-015
  0.67675782732556355        1.1819004148297064E-005   1.2121212121212121E-002   1.0018331184738980        1.0101010101010102E-002   1.0018331184738980        1.0000000000000000        1.7763568394002505E-015
  0.68685853369011096        1.1533444945461148E-005   1.2121212121212121E-002   1.0018289022125468        1.0101010101010102E-002   1.0018289022125468        1.0000000000000000        1.7763568394002505E-015
  0.69695928365939253        1.0764541618401056E-005   1.2121212121212121E-002   1.0018241010407292        1.0101010101010102E-002   1.0018241010407292        1.0000000000000000        1.7763568394002505E-015
  0.70706008475726623        1.0278834634915000E-005   1.2121212121212121E-002   1.0018186307660693        1.0101010101010102E-002   1.0018186307660693        1.0000000000000000        1.7763568394002505E-015
  0.71716094330248825        9.9478348792189757E-006   1.2121212121212121E-002   1.0018127943114192        1.0101010101010102E-002   1.0018127943114192        1.0000000000000000        1.7763568394002505E-015
  0.72726186034688822        9.4583303144552499E-006   1.2121212121212121E-002   1.0018070001741621        1.0101010101010102E-002   1.0018070001741621        1.0000000000000000        1.7763568394002505E-015
  0.73736283396173907        8.9649122346563248E-006   1.2121212121212121E-002   1.0018016627677349        1.0101010101010102E-002   1.0018016627677349        1.0000000000000000        1.7763568394002505E-015
  0.74746385750734834        8.9237180083921041E-006   1.2121212121212121E-002   1.0017974173688249        1.0101010101010102E-002   1.0017974173688249        1.0000000000000000        1.7763568394002505E-015
  0.75756491533100301        9.3205831869847240E-006   1.2121212121212121E-002   1.0017944275974633        1.0101010101010102E-002   1.0017944275974633        1.0000000000000000        1.7763568394002505E-015
  0.76766599654788226        1.0199697963844425E-005   1.2121212121212121E-002   1.0017918584708037        1.0101010101010102E-002   1.0017918584708037        1.0000000000000000        1.7763568394002505E-015
  0.77776710414359385        1.1574411580906822E-005   1.2121212121212121E-002   1.0017891290416787        1.0101010101010102E-002   1.0017891290416787        1.0000000000000000        1.7763568394002505E-015
  0.78786824040823056        1.3433158325926859E-005   1.2121212121212121E-002   1.0017868816169924        1.0101010101010102E-002   1.0017868816169924        1.0000000000000000        1.7763568394002505E-015
  0.79796939357191599        1.5735569533621254E-005   1.2121212121212121E-002   1.0017858037559109        1.0101010101010102E-002   1.0017858037559109        1.0000000000000000        1.7763568394002505E-015
  0.80807055057801913        1.8385399462961737E-005   1.2121212121212121E-002   1.0017855851419173        1.0101010101010102E-002   1.0017855851419173        1.0000000000000000        1.7763568394002505E-015
  0.81817170704400000        2.1016541052912895E-005   1.2121212121212121E-002   1.0017856188251517        1.0101010101010102E-002   1.0017856188251517        1.0000000000000000        1.7763568394002505E-015
  0.82827286339806216        2.3574126581210942E-005   1.2121212121212121E-002   1.0017858711970453        1.0101010101010102E-002   1.0017858711970453        1.0000000000000000        1.7763568394002505E-015
  0.83837401507804354        2.6104388914825135E-005   1.2121212121212121E-002   1.0017864387548137        1.0101010101010102E-002   1.0017864387548137        1.0000000000000000        1.7763568394002505E-015
  0.84847515984886734        2.8589149321197585E-005   1.2121212121212121E-002   1.0017871144096413        1.0101010101010102E-002   1.0017871144096413        1.0000000000000000        1.7763568394002505E-015
  0.85857629802563995        3.1411344856761956E-005   1.2121212121212121E-002   1.0017877977196750        1.0101010101010102E-002   1.0017877977196750        1.0000000000000000        1.7763568394002505E-015
  0.86867742938741399        3.4575139707645619E-005   1.2121212121212121E-002   1.0017885444871328        1.0101010101010102E-002   1.0017885444871328        1.0000000000000000        1.7763568394002505E-015
  0.87877855301139551        3.7347312967238131E-005   1.2121212121212121E-002   1.0017894910102054        1.0101010101010102E-002   1.0017894910102054        1.0000000000000000        1.7763568394002505E-015
  0.88887966597876222        3.9403138418295132E-005   1.2121212121212121E-002   1.0017908048418918        1.0101010101010102E-002   1.0017908048418918        1.0000000000000000        1.7763568394002505E-015
  0.89898076326974419        4.1231988157988777E-005   1.2121212121212121E-002   1.0017922487473239        1.0101010101010102E-002   1.0017922487473239        1.0000000000000000        1.7763568394002505E-015
  0.90908184688617577        4.3195841652028551E-005   1.2121212121212121E-002   1.0017933495708387        1.0101010101010102E-002   1.0017933495708387        1.0000000000000000        1.7763568394002505E-015
  0.91918292266131463        4.5122594156217945E-005   1.2121212121212121E-002   1.0017942468191345        1.0101010101010102E-002   1.0017942468191345        1.0000000000000000        1.7763568394002505E-015
  0.92928398946144752        4.7118129367726708E-005   1.2121212121212121E-002   1.0017954651139525        1.0101010101010102E-002   1.0017954651139525        1.0000000000000000        1.7763568394002505E-015
  0.93938504101614040        4.9082952761534058E-005   1.2121212121212121E-002   1.0017969357370955        1.0101010101010102E-002   1.0017969357370955        1.0000000000000000        1.7763568394002505E-015
  0.94948607813757924        5.0463895979328627E-005   1.2121212121212121E-002   1.0017982933566854        1.0101010101010102E-002   1.0017982933566854        1.0000000000000000        1.7763568394002505E-015
  0.95958710275917103        5.0999893848965870E-005   1.2121212121212121E-002   1.0017994611163441        1.0101010101010102E-002   1.0017994611163441        1.0000000000000000        1.7763568394002505E-015
  0.96968811710507496        5.1544515453645986E-005   1.2121212121212121E-002   1.0018006200518648        1.0101010101010102E-002   1.0018006200518648        1.0000000000000000        8.8817841970012523E-016
  0.97978911914274358        5.2463814305979325E-005   1.2121212121212121E-002   1.0018019556395645        1.0101010101010102E-002   1.0018019556395645        1.0000000000000000       -3.2862601528904634E-014
  0.98989010690275836        5.3395336129424831E-005   1.2121212121212121E-002   1.0018033809402125        1.0101010101010102E-002   1.0018033809402125        1.0000000000000000        1.5010215292932116E-013
  0.99999108093517064        5.3812746131940370E-005   1.2121212121212121E-002   1.0018047046371690        1.0101010101010102E-002   1.0018047046371690        1.0000000000000000        1.0436096431476471E-012
   1.0100920910361808       -5.3483031412294142E-005   1.2121212121212121E-002   1.0018033809403013        1.0101010101010102E-002   1.0018030694842459        1.0000000000000000        1.4299672557172016E-013
   1.0201931011371910       -5.2538177495433957E-005   1.2121212121212121E-002   1.0018019556394844        1.0101010101010102E-002   1.0018006172549907        1.0000000000000000       -1.9677833450701065E-002
   1.0302941112382011       -5.1609070929469607E-005   1.2121212121212121E-002   1.0018006200518121        1.0101010101010102E-002   1.0018004115226273        1.0000000000000000       -1.3138325546267744     
   1.0403951213392113       -5.1055225922066948E-005   1.2121212121212121E-002   1.0017994611164225        1.0101010101010102E-002  0.99665637860081713        1.0000000000000000       -4.6453021478719450     
   1.0504961314402215       -5.0529221407415558E-005   1.2121212121212121E-002   1.0017982933566689        1.0101010101010102E-002  0.77867798353909146        1.0000000000000000        107.01218865918355     
  -1.0092091035996113E-002   5.3483031194078390E-005   1.2121212121212121E-002   1.0018033809402125        1.0101010101010102E-002   1.0018030694842399        1.0000000000000000        1.1546319456101628E-014
  -2.0193101137006213E-002   5.2538177577518083E-005   1.2121212121212121E-002   1.0018019556395645        1.0101010101010102E-002   1.0018006172549963        1.0000000000000000        1.9677833450746363E-002
  -3.0294111238016314E-002   5.1609070991623448E-005   1.2121212121212121E-002   1.0018006200518648        1.0101010101010102E-002   1.0018004115226335        1.0000000000000000        1.3138325546268277     
  -4.0395121339026417E-002   5.1055225868227874E-005   1.2121212121212121E-002   1.0017994611163441        1.0101010101010102E-002  0.99665637860082268        1.0000000000000000        4.6453021478716039     
  -5.0496131440036521E-002   5.0529221684655987E-005   1.2121212121212121E-002   1.0017982933566854        1.0101010101010102E-002  0.77867798353909445        1.0000000000000000       -107.01218865918408     
