 # x v h rho m p cs a
   30.150303030308798     
   3.2327470850231350E-014  -1.1601225031136983E-014   1.2121212121212121E-002   1.0017037650697831        1.0101010101010102E-002   1.0017037650697831        1.0000000000000000       -4.2709835668119922E-011
   1.0101965345420494E-002  -1.2043639221862332E-006   1.2121212121212121E-002   1.0017039598289734        1.0101010101010102E-002   1.0017039598289734        1.0000000000000000       -4.0631101181354268E-005
   2.0203926840470090E-002  -2.4040260314466251E-006   1.2121212121212121E-002   1.0017045433189433        1.0101010101010102E-002   1.0017045433189433        1.0000000000000000       -8.1097879742308976E-005
   3.0305880650419250E-002  -3.5942997596042959E-006   1.2121212121212121E-002   1.0017055131828538        1.0101010101010102E-002   1.0017055131828538        1.0000000000000000       -1.2123706577238380E-004
   4.0407822971552758E-002  -4.7705321361378182E-006   1.2121212121212121E-002   1.0017068655036065        1.0101010101010102E-002   1.0017068655036065        1.0000000000000000       -1.6088626318833121E-004
   5.0509750046585367E-002  -5.9281206664927981E-006   1.2121212121212121E-002   1.0017085948156599        1.0101010101010102E-002   1.0017085948156599        1.0000000000000000       -1.9988469245824092E-004
   6.0611658179924401E-002  -7.0625288446494021E-006   1.2121212121212121E-002   1.0017106941321303        1.0101010101010102E-002   1.0017106941321303        1.0000000000000000       -2.3807562127498016E-004
   7.0713543752493030E-002  -8.1692992841327100E-006   1.2121212121212121E-002   1.0017131549748555        1.0101010101010102E-002   1.0017131549748555        1.0000000000000000       -2.7530456486513089E-004
   8.0815403236390027E-002  -9.2440767454815094E-006   1.2121212121212121E-002   1.0017159674035330        1.0101010101010102E-002   1.0017159674035330        1.0000000000000000       -3.1142088754432251E-004
   9.0917233209161591E-002  -1.0282618891027415E-005   1.2121212121212121E-002   1.0017191200578102        1.0101010101010102E-002   1.0017191200578102        1.0000000000000000       -3.4627883832172301E-004
  0.10101903036761274       -1.1280813688457210E-005   1.2121212121212121E-002   1.0017226002053372        1.0101010101010102E-002   1.0017226002053372        1.0000000000000000       -3.7973789381062772E-004
  0.11112079154112478       -1.2234693886767279E-005   1.2121212121212121E-002   1.0017263937937846        1.0101010101010102E-002   1.0017263937937846        1.0000000000000000       -4.1166319395014028E-004
  0.12122251370443733       -1.3140450989739429E-005   1.2121212121212121E-002   1.0017304855072713        1.0101010101010102E-002   1.0017304855072713        1.0000000000000000       -4.4192595023240244E-004
  0.13132419398984504       -1.3994454918804411E-005   1.2121212121212121E-002   1.0017348588262156        1.0101010101010102E-002   1.0017348588262156        1.0000000000000000       -4.7040382227425681E-004
  0.14142582969880613       -1.4793267008550812E-005   1.2121212121212121E-002   1.0017394960969090        1.0101010101010102E-002   1.0017394960969090        1.0000000000000000       -4.9698257551877845E-004
  0.15152741831275152       -1.5533644844853538E-005   1.2121212121212121E-002   1.0017443786054163        1.0101010101010102E-002   1.0017443786054163        1.0000000000000000       -5.2155532587860876E-004
  0.16162895750322109       -1.6212570013977656E-005   1.2121212121212121E-002   1.0017494866508345        1.0101010101010102E-002   1.0017494866508345        1.0000000000000000       -5.4402314695511933E-004
  0.17173044514123462       -1.6827250185518424E-005   1.2121212121212121E-002   1.0017547996243716        1.0101010101010102E-002   1.0017547996243716        1.0000000000000000       -5.6429560522541777E-004
  0.18183187930585984       -1.7375139068252115E-005   1.2121212121212121E-002   1.0017602960935803        1.0101010101010102E-002   1.0017602960935803        1.0000000000000000       -5.8229144187116333E-004
  0.19193325829191915       -1.7853938639759380E-005   1.2121212121212121E-002   1.0017659538924362        1.0101010101010102E-002   1.0017659538924362        1.0000000000000000       -5.9793901071003575E-004
  0.20203458061675816       -1.8261615144576353E-005   1.2121212121212121E-002   1.0017717502085188        1.0101010101010102E-002   1.0017717502085188        1.0000000000000000       -6.1117529366683243E-004
  0.21213584502624169       -1.8596414584688011E-005   1.2121212121212121E-002   1.0017776616744589        1.0101010101010102E-002   1.0017776616744589        1.0000000000000000       -6.2194765439027577E-004
  0.22223705049970949       -1.8856863540014571E-005   1.2121212121212121E-002   1.0017836644625295        1.0101010101010102E-002   1.0017836644625295        1.0000000000000000       -6.3021287123099512E-004
  0.23233819625410568       -1.9041774717508159E-005   1.2121212121212121E-002   1.0017897343841189        1.0101010101010102E-002   1.0017897343841189        1.0000000000000000       -6.3593911766979261E-004
  0.24243928174695564       -1.9150262235712781E-005   1.2121212121212121E-002   1.0017958469872881        1.0101010101010102E-002   1.0017958469872881        1.0000000000000000       -6.3910346629381110E-004
  0.25254030667855965       -1.9181747034236755E-005   1.2121212121212121E-002   1.0018019776493989        1.0101010101010102E-002   1.0018019776493989        1.0000000000000000       -6.3969342171077415E-004
  0.26264127099316764       -1.9135954688879982E-005   1.2121212121212121E-002   1.0018081016800993        1.0101010101010102E-002   1.0018081016800993        1.0000000000000000       -6.3770753298530991E-004
  0.27274217487911923       -1.9012923071983999E-005   1.2121212121212121E-002   1.0018141944250099        1.0101010101010102E-002   1.0018141944250099        1.0000000000000000       -6.3315501139626917E-004
  0.28284301876795520       -1.8813000969702994E-005   1.2121212121212121E-002   1.0018202313616378        1.0101010101010102E-002   1.0018202313616378        1.0000000000000000       -6.2605435901996742E-004
  0.29294380333267395       -1.8536860622189738E-005   1.2121212121212121E-002   1.0018261881939827        1.0101010101010102E-002   1.0018261881939827        1.0000000000000000       -6.1643448025527903E-004
  0.30304452948498883       -1.8185483800876164E-005   1.2121212121212121E-002   1.0018320409538368        1.0101010101010102E-002   1.0018320409538368        1.0000000000000000       -6.0433501702750192E-004
  0.31314519837156685       -1.7760160682368018E-005   1.2121212121212121E-002   1.0018377660993993        1.0101010101010102E-002   1.0018377660993993        1.0000000000000000       -5.8980547577203168E-004
  0.32324581136933189       -1.7262496645280719E-005   1.2121212121212121E-002   1.0018433406070351        1.0101010101010102E-002   1.0018433406070351        1.0000000000000000       -5.7290461970804785E-004
  0.33334637007990414       -1.6694400936460047E-005   1.2121212121212121E-002   1.0018487420625393        1.0101010101010102E-002   1.0018487420625393        1.0000000000000000       -5.5370090350326251E-004
  0.34344687632309867       -1.6058081681867444E-005   1.2121212121212121E-002   1.0018539487508240        1.0101010101010102E-002   1.0018539487508240        1.0000000000000000       -5.3227181888892972E-004
  0.35354733212959866       -1.5356033204251960E-005   1.2121212121212121E-002   1.0018589397454791        1.0101010101010102E-002   1.0018589397454791        1.0000000000000000       -5.0870451947648831E-004
  0.36364773973267739       -1.4591033041925922E-005   1.2121212121212121E-002   1.0018636949927469        1.0101010101010102E-002   1.0018636949927469        1.0000000000000000       -4.8309395379853015E-004
  0.37374810155920923       -1.3766138575024372E-005   1.2121212121212121E-002   1.0018681953872008        1.0101010101010102E-002   1.0018681953872008        1.0000000000000000       -4.5554303811545793E-004
  0.38384842021991905       -1.2884657067044539E-005   1.2121212121212121E-002   1.0018724228496196        1.0101010101010102E-002   1.0018724228496196        1.0000000000000000       -4.2616289047181510E-004
  0.39394869849884578       -1.1950142985294670E-005   1.2121212121212121E-002   1.0018763604013621        1.0101010101010102E-002   1.0018763604013621        1.0000000000000000       -3.9507202544619702E-004
  0.40404893934212366       -1.0966386994338728E-005   1.2121212121212121E-002   1.0018799922331767        1.0101010101010102E-002   1.0018799922331767        1.0000000000000000       -3.6239583242814177E-004
  0.41414914584607776       -9.9373941689518981E-006   1.2121212121212121E-002   1.0018833037629302        1.0101010101010102E-002   1.0018833037629302        1.0000000000000000       -3.2826480642622613E-004
  0.42424932124488857       -8.8673713710162923E-006   1.2121212121212121E-002   1.0018862816937466        1.0101010101010102E-002   1.0018862816937466        1.0000000000000000       -2.9281645803980183E-004
  0.43434946889754306       -7.7607006078164621E-006   1.2121212121212121E-002   1.0018889140730536        1.0101010101010102E-002   1.0018889140730536        1.0000000000000000       -2.5619360225270782E-004
  0.44444959227430825       -6.6219300041157903E-006   1.2121212121212121E-002   1.0018911903379175        1.0101010101010102E-002   1.0018911903379175        1.0000000000000000       -2.1854322413350502E-004
  0.45454969494280245       -5.4557556806104555E-006   1.2121212121212121E-002   1.0018931013532897        1.0101010101010102E-002   1.0018931013532897        1.0000000000000000       -1.8001599367334364E-004
  0.46464978055372286       -4.2669902363877748E-006   1.2121212121212121E-002   1.0018946394481432        1.0101010101010102E-002   1.0018946394481432        1.0000000000000000       -1.4076642585347798E-004
  0.47474985282620630       -3.0605457544230531E-006   1.2121212121212121E-002   1.0018957984501307        1.0101010101010102E-002   1.0018957984501307        1.0000000000000000       -1.0095248862729278E-004
  0.48484991553286250       -1.8414153606199535E-006   1.2121212121212121E-002   1.0018965737119121        1.0101010101010102E-002   1.0018965737119121        1.0000000000000000       -6.0734169431420071E-005
  0.49494997248460593       -6.1465404251650519E-007   1.2121212121212121E-002   1.0018969621237610        1.0101010101010102E-002   1.0018969621237610        1.0000000000000000       -2.0271973970586998E-005
  0.50505002751546091        6.1465398603661667E-007   1.2121212121212121E-002   1.0018969621238596        1.0101010101010102E-002   1.0018969621238596        1.0000000000000000        2.0271949652261867E-005
  0.51515008446720256        1.8414152707468385E-006   1.2121212121212121E-002   1.0018965737122578        1.0101010101010102E-002   1.0018965737122578        1.0000000000000000        6.0734141671403563E-005
  0.52525014717385299        3.0605461536367449E-006   1.2121212121212121E-002   1.0018957984502983        1.0101010101010102E-002   1.0018957984502983        1.0000000000000000        1.0095255900210987E-004
  0.53535021944633843        4.2669898916753223E-006   1.2121212121212121E-002   1.0018946394478987        1.0101010101010102E-002   1.0018946394478987        1.0000000000000000        1.4076644063720778E-004
  0.54545030505726300        5.4557559789847305E-006   1.2121212121212121E-002   1.0018931013533430        1.0101010101010102E-002   1.0018931013533430        1.0000000000000000        1.8001591910632442E-004
  0.55555040772575148        6.6219302879289185E-006   1.2121212121212121E-002   1.0018911903380321        1.0101010101010102E-002   1.0018911903380321        1.0000000000000000        2.1854328296111447E-004
  0.56565053110251973        7.7607005249019349E-006   1.2121212121212121E-002   1.0018889140730201        1.0101010101010102E-002   1.0018889140730201        1.0000000000000000        2.5619357033868084E-004
  0.57575067875517261        8.8673712486260470E-006   1.2121212121212121E-002   1.0018862816939378        1.0101010101010102E-002   1.0018862816939378        1.0000000000000000        2.9281644945378105E-004
  0.58585085415398019        9.9373944219454030E-006   1.2121212121212121E-002   1.0018833037628110        1.0101010101010102E-002   1.0018833037628110        1.0000000000000000        3.2826487724690878E-004
  0.59595106065794035        1.0966386008770893E-005   1.2121212121212121E-002   1.0018799922329948        1.0101010101010102E-002   1.0018799922329948        1.0000000000000000        3.6239577737795514E-004
  0.60605130150121633        1.1950143978179362E-005   1.2121212121212121E-002   1.0018763604014429        1.0101010101010102E-002   1.0018763604014429        1.0000000000000000        3.9507202490884907E-004
  0.61615157978014290        1.2884656584849348E-005   1.2121212121212121E-002   1.0018724228497329        1.0101010101010102E-002   1.0018724228497329        1.0000000000000000        4.2616287816699128E-004
  0.62625189844085072        1.3766138280397049E-005   1.2121212121212121E-002   1.0018681953873347        1.0101010101010102E-002   1.0018681953873347        1.0000000000000000        4.5554305248973748E-004
  0.63635226026738134        1.4591033369019453E-005   1.2121212121212121E-002   1.0018636949926167        1.0101010101010102E-002   1.0018636949926167        1.0000000000000000        4.8309399180812562E-004
  0.64645266787046463        1.5356033148406485E-005   1.2121212121212121E-002   1.0018589397454796        1.0101010101010102E-002   1.0018589397454796        1.0000000000000000        5.0870445622752669E-004
  0.65655312367695984        1.6058081352585873E-005   1.2121212121212121E-002   1.0018539487508533        1.0101010101010102E-002   1.0018539487508533        1.0000000000000000        5.3227187408033672E-004
  0.66665362992015820        1.6694400775158838E-005   1.2121212121212121E-002   1.0018487420623932        1.0101010101010102E-002   1.0018487420623932        1.0000000000000000        5.5370088844419740E-004
  0.67675418863072978        1.7262496375403151E-005   1.2121212121212121E-002   1.0018433406068854        1.0101010101010102E-002   1.0018433406068854        1.0000000000000000        5.7290463454329199E-004
  0.68685480162849910        1.7760161566077404E-005   1.2121212121212121E-002   1.0018377660996094        1.0101010101010102E-002   1.0018377660996094        1.0000000000000000        5.8980538006991878E-004
  0.69695547051506823        1.8185483538322829E-005   1.2121212121212121E-002   1.0018320409541153        1.0101010101010102E-002   1.0018320409541153        1.0000000000000000        6.0433510301916016E-004
  0.70705619666738528        1.8536860109221371E-005   1.2121212121212121E-002   1.0018261881936892        1.0101010101010102E-002   1.0018261881936892        1.0000000000000000        6.1643451311521602E-004
  0.71715698123210914        1.8813001617556001E-005   1.2121212121212121E-002   1.0018202313615479        1.0101010101010102E-002   1.0018202313615479        1.0000000000000000        6.2605428512974015E-004
  0.72725782512094184        1.9012922552449178E-005   1.2121212121212121E-002   1.0018141944251671        1.0101010101010102E-002   1.0018141944251671        1.0000000000000000        6.3315503161032183E-004
  0.73735872900689237        1.9135954948796623E-005   1.2121212121212121E-002   1.0018081016798417        1.0101010101010102E-002   1.0018081016798417        1.0000000000000000        6.3770760152692674E-004
  0.74745969332150719        1.9181747210817361E-005   1.2121212121212121E-002   1.0018019776491007        1.0101010101010102E-002   1.0018019776491007        1.0000000000000000        6.3969336548819200E-004
  0.75756071825311122        1.9150262592730259E-005   1.2121212121212121E-002   1.0017958469875117        1.0101010101010102E-002   1.0017958469875117        1.0000000000000000        6.3910340569250934E-004
  0.76766180374595638        1.9041774483583229E-005   1.2121212121212121E-002   1.0017897343846500        1.0101010101010102E-002   1.0017897343846500        1.0000000000000000        6.3593911196679898E-004
  0.77776294950034564        1.8856863017146286E-005   1.2121212121212121E-002   1.0017836644626621        1.0101010101010102E-002   1.0017836644626621        1.0000000000000000        6.3021296281018380E-004
  0.78786415497381812        1.8596415351324457E-005   1.2121212121212121E-002   1.0017776616743650        1.0101010101010102E-002   1.0017776616743650        1.0000000000000000        6.2194761492850859E-004
  0.79796541938329935        1.8261615436472391E-005   1.2121212121212121E-002   1.0017717502085095        1.0101010101010102E-002   1.0017717502085095        1.0000000000000000        6.1117531376275736E-004
  0.80806674170814063        1.7853938122765644E-005   1.2121212121212121E-002   1.0017659538924122        1.0101010101010102E-002   1.0017659538924122        1.0000000000000000        5.9793899160887065E-004
  0.81816812069419798        1.7375138707633184E-005   1.2121212121212121E-002   1.0017602960934406        1.0101010101010102E-002   1.0017602960934406        1.0000000000000000        5.8229148790900354E-004
  0.82826955485882803        1.6827251023647408E-005   1.2121212121212121E-002   1.0017547996241876        1.0101010101010102E-002   1.0017547996241876        1.0000000000000000        5.6429556720694052E-004
  0.83837104249684080        1.6212569925718520E-005   1.2121212121212121E-002   1.0017494866508467        1.0101010101010102E-002   1.0017494866508467        1.0000000000000000        5.4402314323009904E-004
  0.84847258168731055        1.5533644295553983E-005   1.2121212121212121E-002   1.0017443786054419        1.0101010101010102E-002   1.0017443786054419        1.0000000000000000        5.2155532566811047E-004
  0.85857417030125505        1.4793266927676357E-005   1.2121212121212121E-002   1.0017394960968138        1.0101010101010102E-002   1.0017394960968138        1.0000000000000000        4.9698260427621932E-004
  0.86867580601021910        1.3994455646630617E-005   1.2121212121212121E-002   1.0017348588261230        1.0101010101010102E-002   1.0017348588261230        1.0000000000000000        4.7040379217122563E-004
  0.87877748629562613        1.3140450557072470E-005   1.2121212121212121E-002   1.0017304855074380        1.0101010101010102E-002   1.0017304855074380        1.0000000000000000        4.4192592222458416E-004
  0.88887920845893575        1.2234693555278982E-005   1.2121212121212121E-002   1.0017263937940162        1.0101010101010102E-002   1.0017263937940162        1.0000000000000000        4.1166320979346693E-004
  0.89898096963244534        1.1280813583006129E-005   1.2121212121212121E-002   1.0017226002051884        1.0101010101010102E-002   1.0017226002051884        1.0000000000000000        3.7973796166834717E-004
  0.90908276679090250        1.0282619396545341E-005   1.2121212121212121E-002   1.0017191200576387        1.0101010101010102E-002   1.0017191200576387        1.0000000000000000        3.4627877224302495E-004
  0.91918459676367237        9.2440766562005471E-006   1.2121212121212121E-002   1.0017159674038310        1.0101010101010102E-002   1.0017159674038310        1.0000000000000000        3.1142085754343185E-004
  0.92928645624756379        8.1692995768418720E-006   1.2121212121212121E-002   1.0017131549749116        1.0101010101010102E-002   1.0017131549749116        1.0000000000000000        2.7530463814251505E-004
  0.93938834182013742        7.0625288236999717E-006   1.2121212121212121E-002   1.0017106941321743        1.0101010101010102E-002   1.0017106941321743        1.0000000000000000        2.3807555732613395E-004
  0.94949024995347042        5.9281202729560248E-006   1.2121212121212121E-002   1.0017085948156228        1.0101010101010102E-002   1.0017085948156228        1.0000000000000000        1.9988477599852672E-004
  0.95959217702850963        4.7705320226967149E-006   1.2121212121212121E-002   1.0017068655034416        1.0101010101010102E-002   1.0017068655034416        1.0000000000000000        1.6088619861864828E-004
  0.96969411934964089        3.5942996965512399E-006   1.2121212121212121E-002   1.0017055131831005        1.0101010101010102E-002   1.0017055131831005        1.0000000000000000        1.2123705199140744E-004
  0.97979607315958595        2.4040264545768923E-006   1.2121212121212121E-002   1.0017045433188572        1.0101010101010102E-002   1.0017045433188572        1.0000000000000000        8.1097954534925520E-005
  0.98989803465464221        1.2043639574816408E-006   1.2121212121212121E-002   1.0017039598289617        1.0101010101010102E-002   1.0017039598289617        1.0000000000000000        4.0631018786818629E-005
   1.0000000000000238       -2.0562587619228401E-013   1.2121212121212121E-002   1.0017037650697869        1.0101010101010102E-002   1.0017037650697869        1.0000000000000000        1.1868017679717013E-010
   1.0101019653454204       -1.1057246658887485E-006   1.2121212121212121E-002   1.0017039598289734        1.0101010101010102E-002   1.0017039598289734        1.0000000000000000       -4.0631147902203679E-005
   1.0202039268404701       -2.2071463213812413E-006   1.2121212121212121E-002   1.0017045433189433        1.0101010101010102E-002   1.0017045433189433        1.0000000000000000       -8.1097912989491761E-005
   1.0303058806504193       -3.2999747620752626E-006   1.2121212121212121E-002   1.0017055131828538        1.0101010101010102E-002   1.0017055131828538        1.0000000000000000       -1.2123706636479881E-004
   1.0404078229715528       -4.3799512005554736E-006   1.2121212121212121E-002   1.0017068655036065        1.0101010101010102E-002   1.0017068655036065        1.0000000000000000       -1.6088626298582653E-004
   1.0505097500465854       -5.4428633077345529E-006   1.2121212121212121E-002   1.0017085948156599        1.0101010101010102E-002   1.0017085948156599        1.0000000000000000       -1.9988469368215078E-004
   1.0606116581799243       -6.4845550252714151E-006   1.2121212121212121E-002   1.0017106941321303        1.0101010101010102E-002   1.0017106941321303        1.0000000000000000       -2.3807561949951150E-004
   1.0707135437524931       -7.5009440796150263E-006   1.2121212121212121E-002   1.0017131549748555        1.0101010101010102E-002   1.0017131549748555        1.0000000000000000       -2.7530456605973086E-004
   1.0808154032363899       -8.4880407619413152E-006   1.2121212121212121E-002   1.0017159674035330        1.0101010101010102E-002   1.0017159674035330        1.0000000000000000       -3.1142088472879692E-004
   1.0909172332091617       -9.4419565571531379E-006   1.2121212121212121E-002   1.0017191200578102        1.0101010101010102E-002   1.0017191200578102        1.0000000000000000        7.6196003475267133     
   1.1010190303676128       -1.0358920537005634E-005   1.2121212121212121E-002   1.0017226002053372        1.0101010101010102E-002   1.0017226002053372        1.0000000000000000        93.405123793009281     
  -1.0101965345357788E-002   1.1057248934301060E-006   1.2121212121212121E-002   1.0017039598289617        1.0101010101010102E-002   1.0017039598289617        1.0000000000000000        4.0631067528273945E-005
  -2.0203926840414055E-002   2.2071465485470519E-006   1.2121212121212121E-002   1.0017045433188572        1.0101010101010102E-002   1.0017045433188572        1.0000000000000000        8.1097986845968251E-005
  -3.0305880650359107E-002   3.2999747398967158E-006   1.2121212121212121E-002   1.0017055131831005        1.0101010101010102E-002   1.0017055131831005        1.0000000000000000        1.2123705198163748E-004
  -4.0407822971490370E-002   4.3799512369376893E-006   1.2121212121212121E-002   1.0017068655034416        1.0101010101010102E-002   1.0017068655034416        1.0000000000000000        1.6088619860799014E-004
  -5.0509750046529578E-002   5.4428627333560404E-006   1.2121212121212121E-002   1.0017085948156228        1.0101010101010102E-002   1.0017085948156228        1.0000000000000000        1.9988477598964494E-004
  -6.0611658179862582E-002   6.4845551507842202E-006   1.2121212121212121E-002   1.0017106941321743        1.0101010101010102E-002   1.0017106941321743        1.0000000000000000        2.3807555731902852E-004
  -7.0713543752436214E-002   7.5009441875647752E-006   1.2121212121212121E-002   1.0017131549749116        1.0101010101010102E-002   1.0017131549749116        1.0000000000000000        2.7530463813540962E-004
  -8.0815403236327632E-002   8.4880407623297696E-006   1.2121212121212121E-002   1.0017159674038310        1.0101010101010102E-002   1.0017159674038310        1.0000000000000000        3.1142085753987914E-004
  -9.0917233209097503E-002   9.4419571902533199E-006   1.2121212121212121E-002   1.0017191200576387        1.0101010101010102E-002   1.0017191200576387        1.0000000000000000       -7.6196003475804446     
 -0.10101903036755466        1.0358920275476307E-005   1.2121212121212121E-002   1.0017226002051884        1.0101010101010102E-002   1.0017226002051884        1.0000000000000000       -93.405123792972930     
