 # x v h rho m p cs a
   5.5006060606058185     
   1.1688891258825982E-015   3.9076836043077910E-013   1.2121212121212121E-002   1.0018952821127367        1.0101010101010102E-002   1.0018952821127367        1.0000000000000000        1.8109069799265853E-011
   1.0100072591144696E-002  -1.6969902484326589E-006   1.2121212121212121E-002   1.0018950910372204        1.0101010101010102E-002   1.0018950910372204        1.0000000000000000        3.9850373997118993E-005
   2.0200148958341196E-002  -3.3871713961380024E-006   1.2121212121212121E-002   1.0018945185822279        1.0101010101010102E-002   1.0018945185822279        1.0000000000000000        7.9539936414185775E-005
   3.0300232862403263E-002  -5.0637611233092774E-006   1.2121212121212121E-002   1.0018935670566034        1.0101010101010102E-002   1.0018935670566034        1.0000000000000000        1.1890898638799996E-004
   4.0400328033781206E-002  -6.7200325572932075E-006   1.2121212121212121E-002   1.0018922402972112        1.0101010101010102E-002   1.0018922402972112        1.0000000000000000        1.5779869869714247E-004
   5.0500438157509583E-002  -8.3493390573736529E-006   1.2121212121212121E-002   1.0018905436554304        1.0101010101010102E-002   1.0018905436554304        1.0000000000000000        1.9605217068896508E-004
   6.0600566858340449E-002  -9.9451387589421709E-006   1.2121212121212121E-002   1.0018884839743396        1.0101010101010102E-002   1.0018884839743396        1.0000000000000000        2.3351529706250318E-004
   7.0700717686147524E-002  -1.1501024485309615E-005   1.2121212121212121E-002   1.0018860695606118        1.0101010101010102E-002   1.0018860695606118        1.0000000000000000        2.7003706512473968E-004
   8.0800894101611204E-002  -1.3010748907052747E-005   1.2121212121212121E-002   1.0018833101504645        1.0101010101010102E-002   1.0018833101504645        1.0000000000000000        3.0547045338558121E-004
   9.0901099462295853E-002  -1.4468247468062084E-005   1.2121212121212121E-002   1.0018802168709093        1.0101010101010102E-002   1.0018802168709093        1.0000000000000000        3.3967247893951225E-004
  0.10100133700909888       -1.5867661766727204E-005   1.2121212121212121E-002   1.0018768021961799        1.0101010101010102E-002   1.0018768021961799        1.0000000000000000        3.7250521635545653E-004
  0.11110160985317717       -1.7203364862135731E-005   1.2121212121212121E-002   1.0018730798947018        1.0101010101010102E-002   1.0018730798947018        1.0000000000000000        4.0383671272969934E-004
  0.12120192096345485       -1.8469985189088247E-005   1.2121212121212121E-002   1.0018690649736504        1.0101010101010102E-002   1.0018690649736504        1.0000000000000000        4.3354059415623425E-004
  0.13130227315464016       -1.9662426203926785E-005   1.2121212121212121E-002   1.0018647736200443        1.0101010101010102E-002   1.0018647736200443        1.0000000000000000        4.6149717232690790E-004
  0.14140266907588586       -2.0775884149386981E-005   1.2121212121212121E-002   1.0018602231338938        1.0101010101010102E-002   1.0018602231338938        1.0000000000000000        4.8759396046449410E-004
  0.15150311120013421       -2.1805872088486331E-005   1.2121212121212121E-002   1.0018554318584783        1.0101010101010102E-002   1.0018554318584783        1.0000000000000000        5.1172583297898200E-004
  0.16160360181414710       -2.2748236953297214E-005   1.2121212121212121E-002   1.0018504191056314        1.0101010101010102E-002   1.0018504191056314        1.0000000000000000        5.3379584846524608E-004
  0.17170414300932871       -2.3599175315066296E-005   1.2121212121212121E-002   1.0018452050781510        1.0101010101010102E-002   1.0018452050781510        1.0000000000000000        5.5371503061873995E-004
  0.18180473667328556       -2.4355247599463654E-005   1.2121212121212121E-002   1.0018398107890958        1.0101010101010102E-002   1.0018398107890958        1.0000000000000000        5.7140325579752016E-004
  0.19190538448223646       -2.5013394336493420E-005   1.2121212121212121E-002   1.0018342579755917        1.0101010101010102E-002   1.0018342579755917        1.0000000000000000        5.8678950345747438E-004
  0.20200608789427976       -2.5570948957340290E-005   1.2121212121212121E-002   1.0018285690107458        1.0101010101010102E-002   1.0018285690107458        1.0000000000000000        5.9981202260139810E-004
  0.21210684814354216       -2.6025647712192233E-005   1.2121212121212121E-002   1.0018227668142170        1.0101010101010102E-002   1.0018227668142170        1.0000000000000000        6.1041840713649265E-004
  0.22220766623520910       -2.6375638745799387E-005   1.2121212121212121E-002   1.0018168747603076        1.0101010101010102E-002   1.0018168747603076        1.0000000000000000        6.1856606431565098E-004
  0.23230854294148559       -2.6619488798204180E-005   1.2121212121212121E-002   1.0018109165825269        1.0101010101010102E-002   1.0018109165825269        1.0000000000000000        6.2422248278348746E-004
  0.24240947879851674       -2.6756193645315328E-005   1.2121212121212121E-002   1.0018049162777514        1.0101010101010102E-002   1.0018049162777514        1.0000000000000000        6.2736507410310338E-004
  0.25251047410424027       -2.6785180264681991E-005   1.2121212121212121E-002   1.0017988980098349        1.0101010101010102E-002   1.0017988980098349        1.0000000000000000        6.2798140333342189E-004
  0.26261152891721223       -2.6706306451548421E-005   1.2121212121212121E-002   1.0017928860132430        1.0101010101010102E-002   1.0017928860132430        1.0000000000000000        6.2606897069006351E-004
  0.27271264305636000       -2.6519864504038575E-005   1.2121212121212121E-002   1.0017869044949859        1.0101010101010102E-002   1.0017869044949859        1.0000000000000000        6.2163581073804153E-004
  0.28281381610174677       -2.6226581914660859E-005   1.2121212121212121E-002   1.0017809775356445        1.0101010101010102E-002   1.0017809775356445        1.0000000000000000        6.1470008333053272E-004
  0.29291504739628738       -2.5827618319068854E-005   1.2121212121212121E-002   1.0017751289933656        1.0101010101010102E-002   1.0017751289933656        1.0000000000000000        6.0528984117702578E-004
  0.30301633604840850       -2.5324558012685247E-005   1.2121212121212121E-002   1.0017693824096547        1.0101010101010102E-002   1.0017693824096547        1.0000000000000000        5.9344288181240046E-004
  0.31311768093562048       -2.4719404763128151E-005   1.2121212121212121E-002   1.0017637609133982        1.0101010101010102E-002   1.0017637609133982        1.0000000000000000        5.7920732307437106E-004
  0.32321908070907968       -2.4014578263935451E-005   1.2121212121212121E-002   1.0017582871258057        1.0101010101010102E-002   1.0017582871258057        1.0000000000000000        5.6264079221879371E-004
  0.33332053379905213       -2.3212901958703998E-005   1.2121212121212121E-002   1.0017529830725058        1.0101010101010102E-002   1.0017529830725058        1.0000000000000000        5.4380976675894033E-004
  0.34342203842120023       -2.2317589921883729E-005   1.2121212121212121E-002   1.0017478700951861        1.0101010101010102E-002   1.0017478700951861        1.0000000000000000        5.2279029435275959E-004
  0.35352359258379723       -2.1332234340543205E-005   1.2121212121212121E-002   1.0017429687639579        1.0101010101010102E-002   1.0017429687639579        1.0000000000000000        4.9966718214822237E-004
  0.36362519409575594       -2.0260796378990344E-005   1.2121212121212121E-002   1.0017382987949979        1.0101010101010102E-002   1.0017382987949979        1.0000000000000000        4.7453368255645501E-004
  0.37372684057547212       -1.9107586186644965E-005   1.2121212121212121E-002   1.0017338789729509        1.0101010101010102E-002   1.0017338789729509        1.0000000000000000        4.4749079390982160E-004
  0.38382852946038420       -1.7877245432530953E-005   1.2121212121212121E-002   1.0017297270753418        1.0101010101010102E-002   1.0017297270753418        1.0000000000000000        4.1864755032428036E-004
  0.39393025801731602       -1.6574727896198188E-005   1.2121212121212121E-002   1.0017258598004029        1.0101010101010102E-002   1.0017258598004029        1.0000000000000000        3.8812005589239362E-004
  0.40403202335346761       -1.5205281969156641E-005   1.2121212121212121E-002   1.0017222926997473        1.0101010101010102E-002   1.0017222926997473        1.0000000000000000        3.5603141493734114E-004
  0.41413382242809355       -1.3774432225172969E-005   1.2121212121212121E-002   1.0017190401172194        1.0101010101010102E-002   1.0017190401172194        1.0000000000000000        3.2251048009701577E-004
  0.42423565206470293       -1.2287948888449700E-005   1.2121212121212121E-002   1.0017161151324991        1.0101010101010102E-002   1.0017161151324991        1.0000000000000000        2.8769215999879805E-004
  0.43433750896384843       -1.0751829370104840E-005   1.2121212121212121E-002   1.0017135295063582        1.0101010101010102E-002   1.0017135295063582        1.0000000000000000        2.5171674137958178E-004
  0.44443938971642272       -9.1722736791213436E-006   1.2121212121212121E-002   1.0017112936338348        1.0101010101010102E-002   1.0017112936338348        1.0000000000000000        2.1472895747010057E-004
  0.45454129081737127       -7.5556628075581894E-006   1.2121212121212121E-002   1.0017094165036662        1.0101010101010102E-002   1.0017094165036662        1.0000000000000000        1.7687752644501842E-004
  0.46464320867979247       -5.9085248594161074E-006   1.2121212121212121E-002   1.0017079056633682        1.0101010101010102E-002   1.0017079056633682        1.0000000000000000        1.3831449189272149E-004
  0.47474513964933690       -4.2375115066013101E-006   1.2121212121212121E-002   1.0017067671871172        1.0101010101010102E-002   1.0017067671871172        1.0000000000000000        9.9195308027155704E-005
  0.48484708001895094       -2.5493752547492942E-006   1.2121212121212121E-002   1.0017060056504981        1.0101010101010102E-002   1.0017060056504981        1.0000000000000000        5.9677294744098219E-005
  0.49494902604378160       -8.5093764693533672E-007   1.2121212121212121E-002   1.0017056241148155        1.0101010101010102E-002   1.0017056241148155        1.0000000000000000        1.9919175795912736E-005
  0.50505097395621990        8.5093755230686705E-007   1.2121212121212121E-002   1.0017056241147939        1.0101010101010102E-002   1.0017056241147939        1.0000000000000000       -1.9919169751858590E-005
  0.51515291998105084        2.5493752721863928E-006   1.2121212121212121E-002   1.0017060056503719        1.0101010101010102E-002   1.0017060056503719        1.0000000000000000       -5.9677278490433139E-005
  0.52525486035066737        4.2375117268132686E-006   1.2121212121212121E-002   1.0017067671870554        1.0101010101010102E-002   1.0017067671870554        1.0000000000000000       -9.9195340877322735E-005
  0.53535679132021086        5.9085245955127343E-006   1.2121212121212121E-002   1.0017079056635401        1.0101010101010102E-002   1.0017079056635401        1.0000000000000000       -1.3831450725287908E-004
  0.54545870918262884        7.5556630747156336E-006   1.2121212121212121E-002   1.0017094165036631        1.0101010101010102E-002   1.0017094165036631        1.0000000000000000       -1.7687747471129001E-004
  0.55556061028358084        9.1722740692954003E-006   1.2121212121212121E-002   1.0017112936337329        1.0101010101010102E-002   1.0017112936337329        1.0000000000000000       -2.1472898659968820E-004
  0.56566249103615418        1.0751828918281567E-005   1.2121212121212121E-002   1.0017135295064281        1.0101010101010102E-002   1.0017135295064281        1.0000000000000000       -2.5171674885715589E-004
  0.57576434793529896        1.2287948866270080E-005   1.2121212121212121E-002   1.0017161151325980        1.0101010101010102E-002   1.0017161151325980        1.0000000000000000       -2.8769216190926983E-004
  0.58586617757190695        1.3774431992594761E-005   1.2121212121212121E-002   1.0017190401172358        1.0101010101010102E-002   1.0017190401172358        1.0000000000000000       -3.2251045800713030E-004
  0.59596797664653378        1.5205282188967439E-005   1.2121212121212121E-002   1.0017222926995888        1.0101010101010102E-002   1.0017222926995888        1.0000000000000000       -3.5603139856643651E-004
  0.60606974198268793        1.6574727760193174E-005   1.2121212121212121E-002   1.0017258598002505        1.0101010101010102E-002   1.0017258598002505        1.0000000000000000       -3.8812007389044112E-004
  0.61617147053962051        1.7877245589915319E-005   1.2121212121212121E-002   1.0017297270753844        1.0101010101010102E-002   1.0017297270753844        1.0000000000000000       -4.1864757550769127E-004
  0.62627315942453077        1.9107586220040421E-005   1.2121212121212121E-002   1.0017338789730690        1.0101010101010102E-002   1.0017338789730690        1.0000000000000000       -4.4749078602013270E-004
  0.63637480590424611        2.0260796388597717E-005   1.2121212121212121E-002   1.0017382987949943        1.0101010101010102E-002   1.0017382987949943        1.0000000000000000       -4.7453366247562911E-004
  0.64647640741620571        2.1332234516941282E-005   1.2121212121212121E-002   1.0017429687638288        1.0101010101010102E-002   1.0017429687638288        1.0000000000000000       -4.9966717394767102E-004
  0.65657796157880477        2.2317589733692425E-005   1.2121212121212121E-002   1.0017478700951581        1.0101010101010102E-002   1.0017478700951581        1.0000000000000000       -5.2279032634316991E-004
  0.66667946620095153        2.3212901985617656E-005   1.2121212121212121E-002   1.0017529830726595        1.0101010101010102E-002   1.0017529830726595        1.0000000000000000       -5.4380977261025976E-004
  0.67678091929092166        2.4014578133893041E-005   1.2121212121212121E-002   1.0017582871258046        1.0101010101010102E-002   1.0017582871258046        1.0000000000000000       -5.6264075406886604E-004
  0.68688231906438346        2.4719405062935134E-005   1.2121212121212121E-002   1.0017637609133723        1.0101010101010102E-002   1.0017637609133723        1.0000000000000000       -5.7920735678962387E-004
  0.69698366395159372        2.5324557933290294E-005   1.2121212121212121E-002   1.0017693824097931        1.0101010101010102E-002   1.0017693824097931        1.0000000000000000       -5.9344288028917447E-004
  0.70708495260371307        2.5827618382018814E-005   1.2121212121212121E-002   1.0017751289932784        1.0101010101010102E-002   1.0017751289932784        1.0000000000000000       -6.0528979676899297E-004
  0.71718618389825761        2.6226582190845527E-005   1.2121212121212121E-002   1.0017809775355633        1.0101010101010102E-002   1.0017809775355633        1.0000000000000000       -6.1470012771103200E-004
  0.72728735694364244        2.6519863972015683E-005   1.2121212121212121E-002   1.0017869044951293        1.0101010101010102E-002   1.0017869044951293        1.0000000000000000       -6.2163581615237717E-004
  0.73738847108278882        2.6706306620155943E-005   1.2121212121212121E-002   1.0017928860133349        1.0101010101010102E-002   1.0017928860133349        1.0000000000000000       -6.2606895423833464E-004
  0.74748952589576001        2.6785180172350179E-005   1.2121212121212121E-002   1.0017988980096739        1.0101010101010102E-002   1.0017988980096739        1.0000000000000000       -6.2798136375530333E-004
  0.75759052120148795        2.6756193629584743E-005   1.2121212121212121E-002   1.0018049162776010        1.0101010101010102E-002   1.0018049162776010        1.0000000000000000       -6.2736511640615333E-004
  0.76769145705851805        2.6619488826506302E-005   1.2121212121212121E-002   1.0018109165826077        1.0101010101010102E-002   1.0018109165826077        1.0000000000000000       -6.2422249014737474E-004
  0.77779233376479351        2.6375638852278266E-005   1.2121212121212121E-002   1.0018168747603624        1.0101010101010102E-002   1.0018168747603624        1.0000000000000000       -6.1856605332977210E-004
  0.78789315185646036        2.6025647581335089E-005   1.2121212121212121E-002   1.0018227668142161        1.0101010101010102E-002   1.0018227668142161        1.0000000000000000       -6.1041840454656437E-004
  0.79799391210572301        2.5570949104808066E-005   1.2121212121212121E-002   1.0018285690107722        1.0101010101010102E-002   1.0018285690107722        1.0000000000000000       -5.9981203132064564E-004
  0.80809461551776551        2.5013394292777796E-005   1.2121212121212121E-002   1.0018342579756265        1.0101010101010102E-002   1.0018342579756265        1.0000000000000000       -5.8678949581913997E-004
  0.81819526332671633        2.4355247694467408E-005   1.2121212121212121E-002   1.0018398107890376        1.0101010101010102E-002   1.0018398107890376        1.0000000000000000       -5.7140324468019088E-004
  0.82829585699067465        2.3599175121632448E-005   1.2121212121212121E-002   1.0018452050781266        1.0101010101010102E-002   1.0018452050781266        1.0000000000000000       -5.5371504670986837E-004
  0.83839639818585521        2.2748237051707917E-005   1.2121212121212121E-002   1.0018504191056270        1.0101010101010102E-002   1.0018504191056270        1.0000000000000000       -5.3379583992274604E-004
  0.84849688879986940        2.1805872004503316E-005   1.2121212121212121E-002   1.0018554318585671        1.0101010101010102E-002   1.0018554318585671        1.0000000000000000       -5.1172585927083958E-004
  0.85859733092411428        2.0775884122644182E-005   1.2121212121212121E-002   1.0018602231338598        1.0101010101010102E-002   1.0018602231338598        1.0000000000000000       -4.8759390774311129E-004
  0.86869772684536428        1.9662425990343487E-005   1.2121212121212121E-002   1.0018647736199846        1.0101010101010102E-002   1.0018647736199846        1.0000000000000000       -4.6149722145116812E-004
  0.87879807903654694        1.8469985621985888E-005   1.2121212121212121E-002   1.0018690649738056        1.0101010101010102E-002   1.0018690649738056        1.0000000000000000       -4.3354058894706782E-004
  0.88889839014682348        1.7203364584312035E-005   1.2121212121212121E-002   1.0018730798946951        1.0101010101010102E-002   1.0018730798946951        1.0000000000000000       -4.0383668574950349E-004
  0.89899866299090314        1.5867661693006427E-005   1.2121212121212121E-002   1.0018768021960551        1.0101010101010102E-002   1.0018768021960551        1.0000000000000000       -3.7250521673204418E-004
  0.90909890053770759        1.4468247438803038E-005   1.2121212121212121E-002   1.0018802168708441        1.0101010101010102E-002   1.0018802168708441        1.0000000000000000       -3.3967248780619741E-004
  0.91919910589839182        1.3010749171514747E-005   1.2121212121212121E-002   1.0018833101503426        1.0101010101010102E-002   1.0018833101503426        1.0000000000000000       -3.0547043704931554E-004
  0.92929928231385894        1.1501024305084806E-005   1.2121212121212121E-002   1.0018860695607543        1.0101010101010102E-002   1.0018860695607543        1.0000000000000000       -2.7003713707607346E-004
  0.93939943314165941        9.9451388028936365E-006   1.2121212121212121E-002   1.0018884839745543        1.0101010101010102E-002   1.0018884839745543        1.0000000000000000       -2.3351524082304564E-004
  0.94949956184249207        8.3493389976084718E-006   1.2121212121212121E-002   1.0018905436553900        1.0101010101010102E-002   1.0018905436553900        1.0000000000000000       -1.9605217390417096E-004
  0.95959967196621987        6.7200324679833546E-006   1.2121212121212121E-002   1.0018922402971167        1.0101010101010102E-002   1.0018922402971167        1.0000000000000000       -1.5779867824772253E-004
  0.96969976713760009        5.0637611722743056E-006   1.2121212121212121E-002   1.0018935670564104        1.0101010101010102E-002   1.0018935670564104        1.0000000000000000       -1.1890899076671957E-004
  0.97979985104166423        3.3871712403191216E-006   1.2121212121212121E-002   1.0018945185822123        1.0101010101010102E-002   1.0018945185822123        1.0000000000000000       -7.9539966850283861E-005
  0.98989992740885857        1.6969903888195680E-006   1.2121212121212121E-002   1.0018950910371938        1.0101010101010102E-002   1.0018950910371938        1.0000000000000000       -3.9850344319525277E-005
   1.0000000000000049       -1.6399991425566814E-013   1.2121212121212121E-002   1.0018952821127385        1.0101010101010102E-002   1.0018952821127385        1.0000000000000000       -5.2234661040984065E-011
   1.0101000725911446       -1.7933799975702035E-006   1.2121212121212121E-002   1.0018950910372204        1.0101010101010102E-002   1.0018950910372204        1.0000000000000000        3.9850396313489966E-005
   1.0202001489583412       -3.5795619356553643E-006   1.2121212121212121E-002   1.0018945185822279        1.0101010101010102E-002   1.0018945185822279        1.0000000000000000        7.9539950498919154E-005
   1.0303002328624034       -5.3513772001928868E-006   1.2121212121212121E-002   1.0018935670566034        1.0101010101010102E-002   1.0018935670566034        1.0000000000000000        1.1890898476796252E-004
   1.0404003280337812       -7.1017146955466375E-006   1.2121212121212121E-002   1.0018922402972112        1.0101010101010102E-002   1.0018922402972112        1.0000000000000000        1.5779869880727659E-004
   1.0505004381575096       -8.8235482235144298E-006   1.2121212121212121E-002   1.0018905436554304        1.0101010101010102E-002   1.0018905436554304        1.0000000000000000        1.9605217136486885E-004
   1.0606005668583405       -1.0509963249909390E-005   1.2121212121212121E-002   1.0018884839743396        1.0101010101010102E-002   1.0018884839743396        1.0000000000000000        2.3351529714599195E-004
   1.0707007176861476       -1.2154187325774722E-005   1.2121212121212121E-002   1.0018860695606118        1.0101010101010102E-002   1.0018860695606118        1.0000000000000000        2.7003706366812708E-004
   1.0808008941016112       -1.3749617425583774E-005   1.2121212121212121E-002   1.0018833101504645        1.0101010101010102E-002   1.0018833101504645        1.0000000000000000        3.0547045478179768E-004
   1.0909010994622959       -1.5289843131367774E-005   1.2121212121212121E-002   1.0018802168709093        1.0101010101010102E-002   1.0018802168709093        1.0000000000000000        7.6306192496651022     
   1.1010013370090990       -1.6768672487314403E-005   1.2121212121212121E-002   1.0018768021961799        1.0101010101010102E-002   1.0018768021961799        1.0000000000000000        93.411249467055711     
  -1.0100072591141429E-002   1.7933800644428542E-006   1.2121212121212121E-002   1.0018950910371938        1.0101010101010102E-002   1.0018950910371938        1.0000000000000000       -3.9850365273430555E-005
  -2.0200148958335773E-002   3.5795618615338260E-006   1.2121212121212121E-002   1.0018945185822123        1.0101010101010102E-002   1.0018945185822123        1.0000000000000000       -7.9539980885279249E-005
  -3.0300232862399912E-002   5.3513772553127223E-006   1.2121212121212121E-002   1.0018935670564104        1.0101010101010102E-002   1.0018935670564104        1.0000000000000000       -1.1890899077204864E-004
  -4.0400328033780131E-002   7.1017145592128510E-006   1.2121212121212121E-002   1.0018922402971167        1.0101010101010102E-002   1.0018922402971167        1.0000000000000000       -1.5779867824416982E-004
  -5.0500438157507932E-002   8.8235481724953823E-006   1.2121212121212121E-002   1.0018905436553900        1.0101010101010102E-002   1.0018905436553900        1.0000000000000000       -1.9605217389973006E-004
  -6.0600566858340588E-002   1.0509963157133053E-005   1.2121212121212121E-002   1.0018884839745543        1.0101010101010102E-002   1.0018884839745543        1.0000000000000000       -2.3351524082837471E-004
  -7.0700717686141057E-002   1.2154187326080519E-005   1.2121212121212121E-002   1.0018860695607543        1.0101010101010102E-002   1.0018860695607543        1.0000000000000000       -2.7003713707607346E-004
  -8.0800894101608178E-002   1.3749617638992202E-005   1.2121212121212121E-002   1.0018833101503426        1.0101010101010102E-002   1.0018833101503426        1.0000000000000000       -3.0547043705464461E-004
  -9.0901099462292412E-002   1.5289843123532669E-005   1.2121212121212121E-002   1.0018802168708441        1.0101010101010102E-002   1.0018802168708441        1.0000000000000000       -7.6306192496630558     
 -0.10100133700909686        1.6768672416513311E-005   1.2121212121212121E-002   1.0018768021960551        1.0101010101010102E-002   1.0018768021960551        1.0000000000000000       -93.411249467053835     
