 # x v h rho m p cs a
   28.000000000004572     
   2.2007020958135261E-014   7.5500763890004537E-013   1.2121212121212121E-002   1.0017701603388556        1.0101010101010102E-002   1.0017701603388556        1.0000000000000000        5.6396665115698852E-011
   1.0101309080224236E-002   6.0244952284954030E-006   1.2121212121212121E-002   1.0017702209428476        1.0101010101010102E-002   1.0017702209428476        1.0000000000000000       -1.2641943436975112E-005
   2.0202616962462575E-002   1.2024850827264586E-005   1.2121212121212121E-002   1.0017704025155405        1.0101010101010102E-002   1.0017704025155405        1.0000000000000000       -2.5233790714729309E-005
   3.0303922453523310E-002   1.7977027273148798E-005   1.2121212121212121E-002   1.0017707043387978        1.0101010101010102E-002   1.0017707043387978        1.0000000000000000       -3.7725956731904375E-005
   4.0405224369639697E-002   2.3857170133347679E-005   1.2121212121212121E-002   1.0017711252219894        1.0101010101010102E-002   1.0017711252219894        1.0000000000000000       -5.0069417465437027E-005
   5.0506521541133491E-002   2.9641709889366284E-005   1.2121212121212121E-002   1.0017716635044489        1.0101010101010102E-002   1.0017716635044489        1.0000000000000000       -6.2215155055334037E-005
   6.0607812817065308E-002   3.5307456805024335E-005   1.2121212121212121E-002   1.0017723170591182        1.0101010101010102E-002   1.0017723170591182        1.0000000000000000       -7.4114845870276724E-005
   7.0709097069810836E-002   4.0831690105663996E-005   1.2121212121212121E-002   1.0017730833015928        1.0101010101010102E-002   1.0017730833015928        1.0000000000000000       -8.5721399959659550E-005
   8.0810373199530994E-002   4.6192247623581404E-005   1.2121212121212121E-002   1.0017739592034742        1.0101010101010102E-002   1.0017739592034742        1.0000000000000000       -9.6989323351337475E-005
   9.0911640138470043E-002   5.1367614294237952E-005   1.2121212121212121E-002   1.0017749413021120        1.0101010101010102E-002   1.0017749413021120        1.0000000000000000       -1.0787351028440639E-004
  0.10101289685523608        5.6337006112519067E-005   1.2121212121212121E-002   1.0017760257088393        1.0101010101010102E-002   1.0017760257088393        1.0000000000000000       -1.1833018155815722E-004
  0.11111414235895804        6.1080458517634740E-005   1.2121212121212121E-002   1.0017772081273704        1.0101010101010102E-002   1.0017772081273704        1.0000000000000000       -1.2831806618773811E-004
  0.12121537570318328        6.5578900293254851E-005   1.2121212121212121E-002   1.0017784838722101        1.0101010101010102E-002   1.0017784838722101        1.0000000000000000       -1.3779727149376697E-004
  0.13131659598966403        6.9814230321857770E-005   1.2121212121212121E-002   1.0017798478832169        1.0101010101010102E-002   1.0017798478832169        1.0000000000000000       -1.4672956420991312E-004
  0.14141780237198195        7.3769392832317488E-005   1.2121212121212121E-002   1.0017812947442417        1.0101010101010102E-002   1.0017812947442417        1.0000000000000000       -1.5507886196530762E-004
  0.15151899405896088        7.7428445199911704E-005   1.2121212121212121E-002   1.0017828187039455        1.0101010101010102E-002   1.0017828187039455        1.0000000000000000       -1.6281134496765048E-004
  0.16162017031788498        8.0776623159059714E-005   1.2121212121212121E-002   1.0017844137008882        1.0101010101010102E-002   1.0017844137008882        1.0000000000000000       -1.6989618440721443E-004
  0.17172133047740187        8.3800396789773920E-005   1.2121212121212121E-002   1.0017860733854722        1.0101010101010102E-002   1.0017860733854722        1.0000000000000000       -1.7630408637359096E-004
  0.18182247393030812        8.6487529933172133E-005   1.2121212121212121E-002   1.0017877911399056        1.0101010101010102E-002   1.0017877911399056        1.0000000000000000       -1.8200841770088516E-004
  0.19192360013608115        8.8827131431881676E-005   1.2121212121212121E-002   1.0017895601083349        1.0101010101010102E-002   1.0017895601083349        1.0000000000000000       -1.8698611897427497E-004
  0.20202470862304267        9.0809694918111421E-005   1.2121212121212121E-002   1.0017913732237556        1.0101010101010102E-002   1.0017913732237556        1.0000000000000000       -1.9121627659046680E-004
  0.21212579899036663        9.2427142706432921E-005   1.2121212121212121E-002   1.0017932232347597        1.0101010101010102E-002   1.0017932232347597        1.0000000000000000       -1.9468134812505866E-004
  0.22222687090971158        9.3672858689307953E-005   1.2121212121212121E-002   1.0017951027315959        1.0101010101010102E-002   1.0017951027315959        1.0000000000000000       -1.9736581452711732E-004
  0.23232792412672035        9.4541714453757320E-005   1.2121212121212121E-002   1.0017970041755835        1.0101010101010102E-002   1.0017970041755835        1.0000000000000000       -1.9925833022682582E-004
  0.24242895846207624        9.5030098598616024E-005   1.2121212121212121E-002   1.0017989199339743        1.0101010101010102E-002   1.0017989199339743        1.0000000000000000       -2.0035065740042768E-004
  0.25252997381228998        9.5135922285772374E-005   1.2121212121212121E-002   1.0018008423075959        1.0101010101010102E-002   1.0018008423075959        1.0000000000000000       -2.0063720000074170E-004
  0.26263097015022063        9.4858639126437706E-005   1.2121212121212121E-002   1.0018027635572671        1.0101010101010102E-002   1.0018027635572671        1.0000000000000000       -2.0011520070806199E-004
  0.27273194752535868        9.4199245569385882E-005   1.2121212121212121E-002   1.0018046759388926        1.0101010101010102E-002   1.0018046759388926        1.0000000000000000       -1.9878639057946401E-004
  0.28283290606363409        9.3160278411294882E-005   1.2121212121212121E-002   1.0018065717368947        1.0101010101010102E-002   1.0018065717368947        1.0000000000000000       -1.9665504077970297E-004
  0.29293384596703376        9.1745807034862627E-005   1.2121212121212121E-002   1.0018084432926655        1.0101010101010102E-002   1.0018084432926655        1.0000000000000000       -1.9372878912715663E-004
  0.30303476751285874        8.9961418834700417E-005   1.2121212121212121E-002   1.0018102830343261        1.0101010101010102E-002   1.0018102830343261        1.0000000000000000       -1.9001805409857297E-004
  0.31313567105275525        8.7814197947167375E-005   1.2121212121212121E-002   1.0018120835092059        1.0101010101010102E-002   1.0018120835092059        1.0000000000000000       -1.8553732257675648E-004
  0.32323655701132969        8.5312703188981828E-005   1.2121212121212121E-002   1.0018138374178740        1.0101010101010102E-002   1.0018138374178740        1.0000000000000000       -1.8030409301861283E-004
  0.33333742588448984        8.2466922977672257E-005   1.2121212121212121E-002   1.0018155376406392        1.0101010101010102E-002   1.0018155376406392        1.0000000000000000       -1.7433838634950405E-004
  0.34343827823755407        7.9288250977439437E-005   1.2121212121212121E-002   1.0018171772657485        1.0101010101010102E-002   1.0018171772657485        1.0000000000000000       -1.6766351524566403E-004
  0.35353911470303678        7.5789432927553374E-005   1.2121212121212121E-002   1.0018187496205682        1.0101010101010102E-002   1.0018187496205682        1.0000000000000000       -1.6030607552508513E-004
  0.36363993597813665        7.1984516130084656E-005   1.2121212121212121E-002   1.0018202483022824        1.0101010101010102E-002   1.0018202483022824        1.0000000000000000       -1.5229578274666977E-004
  0.37374074282190273        6.7888797159720163E-005   1.2121212121212121E-002   1.0018216672011919        1.0101010101010102E-002   1.0018216672011919        1.0000000000000000       -1.4366405682597616E-004
  0.38384153605227705        6.3518757663176933E-005   1.2121212121212121E-002   1.0018230005245534        1.0101010101010102E-002   1.0018230005245534        1.0000000000000000       -1.3444556713437805E-004
  0.39394231654279804        5.8891999349778090E-005   1.2121212121212121E-002   1.0018242428254427        1.0101010101010102E-002   1.0018242428254427        1.0000000000000000       -1.2467779483316122E-004
  0.40404308521905569        5.4027172994817198E-005   1.2121212121212121E-002   1.0018253890268884        1.0101010101010102E-002   1.0018253890268884        1.0000000000000000       -1.1440044561350504E-004
  0.41414384305491408        4.8943905682648658E-005   1.2121212121212121E-002   1.0018264344389869        1.0101010101010102E-002   1.0018264344389869        1.0000000000000000       -1.0365453498284438E-004
  0.42424459106864826        4.3662713919016016E-005   1.2121212121212121E-002   1.0018273747796365        1.0101010101010102E-002   1.0018273747796365        1.0000000000000000       -9.2484089821986970E-005
  0.43434533031875300        3.8204928213689147E-005   1.2121212121212121E-002   1.0018282061966324        1.0101010101010102E-002   1.0018282061966324        1.0000000000000000       -8.0934747175298583E-005
  0.44444606189962699        3.2592599664799556E-005   1.2121212121212121E-002   1.0018289252822608        1.0101010101010102E-002   1.0018289252822608        1.0000000000000000       -6.9053617918868326E-005
  0.45454678693710715        2.6848417245537669E-005   1.2121212121212121E-002   1.0018295290871519        1.0101010101010102E-002   1.0018295290871519        1.0000000000000000       -5.6889148813965562E-005
  0.46464750658387605        2.0995607957579487E-005   1.2121212121212121E-002   1.0018300151325010        1.0101010101010102E-002   1.0018300151325010        1.0000000000000000       -4.4491026064186201E-005
  0.47474822201475997        1.5057844383841971E-005   1.2121212121212121E-002   1.0018303814229874        1.0101010101010102E-002   1.0018303814229874        1.0000000000000000       -3.1910429953541097E-005
  0.48484893442187432        9.0591502832767076E-006   1.2121212121212121E-002   1.0018306264563068        1.0101010101010102E-002   1.0018306264563068        1.0000000000000000       -1.9198988470137124E-005
  0.49494964500972538        3.0237953149186812E-006   1.2121212121212121E-002   1.0018307492254828        1.0101010101010102E-002   1.0018307492254828        1.0000000000000000       -6.4084002566744402E-006
  0.50505035499033291       -3.0237957045731299E-006   1.2121212121212121E-002   1.0018307492256211        1.0101010101010102E-002   1.0018307492256211        1.0000000000000000        6.4083711697193735E-006
  0.51515106557818069       -9.0591491713087680E-006   1.2121212121212121E-002   1.0018306264564336        1.0101010101010102E-002   1.0018306264564336        1.0000000000000000        1.9199018701954174E-005
  0.52525177798529565       -1.5057845017632544E-005   1.2121212121212121E-002   1.0018303814230072        1.0101010101010102E-002   1.0018303814230072        1.0000000000000000        3.1910422081615764E-005
  0.53535249341617897       -2.0995608190336229E-005   1.2121212121212121E-002   1.0018300151326087        1.0101010101010102E-002   1.0018300151326087        1.0000000000000000        4.4491017668235600E-005
  0.54545321306294592       -2.6848416961565929E-005   1.2121212121212121E-002   1.0018295290871295        1.0101010101010102E-002   1.0018295290871295        1.0000000000000000        5.6889184432584727E-005
  0.55555393810042852       -3.2592599866083627E-005   1.2121212121212121E-002   1.0018289252821464        1.0101010101010102E-002   1.0018289252821464        1.0000000000000000        6.9053601479573956E-005
  0.56565466968130285       -3.8204927432352191E-005   1.2121212121212121E-002   1.0018282061967094        1.0101010101010102E-002   1.0018282061967094        1.0000000000000000        8.0934723165171363E-005
  0.57575540893140542       -4.3662714478704319E-005   1.2121212121212121E-002   1.0018273747797450        1.0101010101010102E-002   1.0018273747797450        1.0000000000000000        9.2484106167134428E-005
  0.58585615694513937       -4.8943905410714937E-005   1.2121212121212121E-002   1.0018264344389913        1.0101010101010102E-002   1.0018264344389913        1.0000000000000000        1.0365454224636750E-004
  0.59595691478099821       -5.4027173199332808E-005   1.2121212121212121E-002   1.0018253890269668        1.0101010101010102E-002   1.0018253890269668        1.0000000000000000        1.1440042208477053E-004
  0.60605768345725408       -5.8891999730966654E-005   1.2121212121212121E-002   1.0018242428257125        1.0101010101010102E-002   1.0018242428257125        1.0000000000000000        1.2467777441838024E-004
  0.61615846394777107       -6.3518757663205149E-005   1.2121212121212121E-002   1.0018230005247424        1.0101010101010102E-002   1.0018230005247424        1.0000000000000000        1.3444560596997945E-004
  0.62625925717814501       -6.7888796647135098E-005   1.2121212121212121E-002   1.0018216672009284        1.0101010101010102E-002   1.0018216672009284        1.0000000000000000        1.4366411967969839E-004
  0.63636006402191714       -7.1984516419390358E-005   1.2121212121212121E-002   1.0018202483018606        1.0101010101010102E-002   1.0018202483018606        1.0000000000000000        1.5229574946484803E-004
  0.64646088529702062       -7.5789433545316593E-005   1.2121212121212121E-002   1.0018187496207052        1.0101010101010102E-002   1.0018187496207052        1.0000000000000000        1.6030599024663417E-004
  0.65656172176249583       -7.9288250990281703E-005   1.2121212121212121E-002   1.0018171772658153        1.0101010101010102E-002   1.0018171772658153        1.0000000000000000        1.6766361444631173E-004
  0.66666257411556573       -8.2466922478835960E-005   1.2121212121212121E-002   1.0018155376403564        1.0101010101010102E-002   1.0018155376403564        1.0000000000000000        1.7433836084723708E-004
  0.67676344298872715       -8.5312702637942904E-005   1.2121212121212121E-002   1.0018138374179557        1.0101010101010102E-002   1.0018138374179557        1.0000000000000000        1.8030404581370618E-004
  0.68686432894729810       -8.7814198566036209E-005   1.2121212121212121E-002   1.0018120835093671        1.0101010101010102E-002   1.0018120835093671        1.0000000000000000        1.8553734717663417E-004
  0.69696523248719466       -8.9961418320641257E-005   1.2121212121212121E-002   1.0018102830343993        1.0101010101010102E-002   1.0018102830343993        1.0000000000000000        1.9001804802343258E-004
  0.70706615403301831       -9.1745806997748259E-005   1.2121212121212121E-002   1.0018084432927086        1.0101010101010102E-002   1.0018084432927086        1.0000000000000000        1.9372880714385587E-004
  0.71716709393641798       -9.3160278829422586E-005   1.2121212121212121E-002   1.0018065717366802        1.0101010101010102E-002   1.0018065717366802        1.0000000000000000        1.9665507399224680E-004
  0.72726805247469839       -9.4199245661897478E-005   1.2121212121212121E-002   1.0018046759388193        1.0101010101010102E-002   1.0018046759388193        1.0000000000000000        1.9878633024106307E-004
  0.73736902984983277       -9.4858638480251734E-005   1.2121212121212121E-002   1.0018027635573021        1.0101010101010102E-002   1.0018027635573021        1.0000000000000000        2.0011523446950008E-004
  0.74747002618776626       -9.5135922681991551E-005   1.2121212121212121E-002   1.0018008423076545        1.0101010101010102E-002   1.0018008423076545        1.0000000000000000        2.0063716272566978E-004
  0.75757104153797594       -9.5030098228608492E-005   1.2121212121212121E-002   1.0017989199340267        1.0101010101010102E-002   1.0017989199340267        1.0000000000000000        2.0035069323043331E-004
  0.76767207587333508       -9.4541714632946760E-005   1.2121212121212121E-002   1.0017970041757189        1.0101010101010102E-002   1.0017970041757189        1.0000000000000000        1.9925827936528862E-004
  0.77777312909033725       -9.3672858274941332E-005   1.2121212121212121E-002   1.0017951027314451        1.0101010101010102E-002   1.0017951027314451        1.0000000000000000        1.9736592889429971E-004
  0.78787420100969197       -9.2427143214369198E-005   1.2121212121212121E-002   1.0017932232344544        1.0101010101010102E-002   1.0017932232344544        1.0000000000000000        1.9468126328181512E-004
  0.79797529137701340       -9.0809695286826381E-005   1.2121212121212121E-002   1.0017913732239414        1.0101010101010102E-002   1.0017913732239414        1.0000000000000000        1.9121626126938907E-004
  0.80807639986397273       -8.8827131117829032E-005   1.2121212121212121E-002   1.0017895601084872        1.0101010101010102E-002   1.0017895601084872        1.0000000000000000        1.8698613180312407E-004
  0.81817752606974514       -8.6487529564117411E-005   1.2121212121212121E-002   1.0017877911400634        1.0101010101010102E-002   1.0017877911400634        1.0000000000000000        1.8200841227056230E-004
  0.82827866952264839       -8.3800396926761428E-005   1.2121212121212121E-002   1.0017860733853965        1.0101010101010102E-002   1.0017860733853965        1.0000000000000000        1.7630413824765157E-004
  0.83837982968217040       -8.0776623420928393E-005   1.2121212121212121E-002   1.0017844137008993        1.0101010101010102E-002   1.0017844137008993        1.0000000000000000        1.6989611523232639E-004
  0.84848100594108911       -7.7428445256740649E-005   1.2121212121212121E-002   1.0017828187040168        1.0101010101010102E-002   1.0017828187040168        1.0000000000000000        1.6281140229157387E-004
  0.85858219762807153       -7.3769392441656162E-005   1.2121212121212121E-002   1.0017812947441322        1.0101010101010102E-002   1.0017812947441322        1.0000000000000000        1.5507883965426572E-004
  0.86868340401038879       -6.9814230757007055E-005   1.2121212121212121E-002   1.0017798478832662        1.0101010101010102E-002   1.0017798478832662        1.0000000000000000        1.4672955727057513E-004
  0.87878462429686888       -6.5578900708801029E-005   1.2121212121212121E-002   1.0017784838722523        1.0101010101010102E-002   1.0017784838722523        1.0000000000000000        1.3779727445051293E-004
  0.88888585764109407       -6.1080458387114132E-005   1.2121212121212121E-002   1.0017772081274392        1.0101010101010102E-002   1.0017772081274392        1.0000000000000000        1.2831806225577225E-004
  0.89898710314481434       -5.6337006075528982E-005   1.2121212121212121E-002   1.0017760257087496        1.0101010101010102E-002   1.0017760257087496        1.0000000000000000        1.1833021841933800E-004
  0.90908835986158432       -5.1367614111838318E-005   1.2121212121212121E-002   1.0017749413021273        1.0101010101010102E-002   1.0017749413021273        1.0000000000000000        1.0787344677964938E-004
  0.91918962680051941       -4.6192247769449517E-005   1.2121212121212121E-002   1.0017739592037125        1.0101010101010102E-002   1.0017739592037125        1.0000000000000000        9.6989343640885295E-005
  0.92929090293023742       -4.0831689893769360E-005   1.2121212121212121E-002   1.0017730833013090        1.0101010101010102E-002   1.0017730833013090        1.0000000000000000        8.5721491206669498E-005
  0.93939218718299144       -3.5307456618832229E-005   1.2121212121212121E-002   1.0017723170587309        1.0101010101010102E-002   1.0017723170587309        1.0000000000000000        7.4114776737133070E-005
  0.94949347845892373       -2.9641710354180286E-005   1.2121212121212121E-002   1.0017716635046889        1.0101010101010102E-002   1.0017716635046889        1.0000000000000000        6.2215088709294264E-005
  0.95959477563041118       -2.3857169898074934E-005   1.2121212121212121E-002   1.0017711252222388        1.0101010101010102E-002   1.0017711252222388        1.0000000000000000        5.0069481094539015E-005
  0.96969607754652820       -1.7977027205561020E-005   1.2121212121212121E-002   1.0017707043386175        1.0101010101010102E-002   1.0017707043386175        1.0000000000000000        3.7725987667158734E-005
  0.97979738303759312       -1.2024850970586562E-005   1.2121212121212121E-002   1.0017704025156209        1.0101010101010102E-002   1.0017704025156209        1.0000000000000000        2.5233701509641548E-005
  0.98989869091982607       -6.0244950907074371E-006   1.2121212121212121E-002   1.0017702209433839        1.0101010101010102E-002   1.0017702209433839        1.0000000000000000        1.2641934143076128E-005
   1.0000000000000213       -5.8432469933426538E-013   1.2121212121212121E-002   1.0017701603388567        1.0101010101010102E-002   1.0017701603388567        1.0000000000000000        6.9161565363629052E-011
   1.0101013090802242        6.0543919612540666E-006   1.2121212121212121E-002   1.0017702209428476        1.0101010101010102E-002   1.0017702209428476        1.0000000000000000       -1.2641947547464838E-005
   1.0202026169624625        1.2084525910802677E-005   1.2121212121212121E-002   1.0017704025155405        1.0101010101010102E-002   1.0017704025155405        1.0000000000000000       -2.5233791812517836E-005
   1.0303039224535233        1.8066244861305131E-005   1.2121212121212121E-002   1.0017707043387978        1.0101010101010102E-002   1.0017707043387978        1.0000000000000000       -3.7725956479661704E-005
   1.0404052243696398        2.3975578553366961E-005   1.2121212121212121E-002   1.0017711252219894        1.0101010101010102E-002   1.0017711252219894        1.0000000000000000       -5.0069419045506436E-005
   1.0505065215411336        2.9788841607477624E-005   1.2121212121212121E-002   1.0017716635044489        1.0101010101010102E-002   1.0017716635044489        1.0000000000000000       -6.2215156111378178E-005
   1.0606078128170653        3.5482729940203018E-005   1.2121212121212121E-002   1.0017723170591182        1.0101010101010102E-002   1.0017723170591182        1.0000000000000000       -7.4114845645567584E-005
   1.0707090970698108        4.1034411399451446E-005   1.2121212121212121E-002   1.0017730833015928        1.0101010101010102E-002   1.0017730833015928        1.0000000000000000       -8.5721399334381942E-005
   1.0808103731995309        4.6421616226470501E-005   1.2121212121212121E-002   1.0017739592034742        1.0101010101010102E-002   1.0017739592034742        1.0000000000000000       -9.6989321797913419E-005
   1.0909116401384700        5.1622722679539747E-005   1.2121212121212121E-002   1.0017749413021120        1.0101010101010102E-002   1.0017749413021120        1.0000000000000000        7.6234185392783900     
   1.1010128968552362        5.6616843343442574E-005   1.2121212121212121E-002   1.0017760257088393        1.0101010101010102E-002   1.0017760257088393        1.0000000000000000        93.407247180990424     
  -1.0101309080173926E-002  -6.0543918078804539E-006   1.2121212121212121E-002   1.0017702209433839        1.0101010101010102E-002   1.0017702209433839        1.0000000000000000        1.2641938070601100E-005
  -2.0202616962406883E-002  -1.2084525832128496E-005   1.2121212121212121E-002   1.0017704025156209        1.0101010101010102E-002   1.0017704025156209        1.0000000000000000        2.5233704104010712E-005
  -3.0303922453471799E-002  -1.8066244868651620E-005   1.2121212121212121E-002   1.0017707043386175        1.0101010101010102E-002   1.0017707043386175        1.0000000000000000        3.7725987661829663E-005
  -4.0405224369588821E-002  -2.3975578484866133E-005   1.2121212121212121E-002   1.0017711252222388        1.0101010101010102E-002   1.0017711252222388        1.0000000000000000        5.0069481090986301E-005
  -5.0506521541076266E-002  -2.9788841887291058E-005   1.2121212121212121E-002   1.0017716635046889        1.0101010101010102E-002   1.0017716635046889        1.0000000000000000        6.2215088700412480E-005
  -6.0607812817008555E-002  -3.5482729603010898E-005   1.2121212121212121E-002   1.0017723170587309        1.0101010101010102E-002   1.0017723170587309        1.0000000000000000        7.4114776742462141E-005
  -7.0709097069762583E-002  -4.1034411412271330E-005   1.2121212121212121E-002   1.0017730833013090        1.0101010101010102E-002   1.0017730833013090        1.0000000000000000        8.5721491203116784E-005
  -8.0810373199480590E-002  -4.6421616405490813E-005   1.2121212121212121E-002   1.0017739592037125        1.0101010101010102E-002   1.0017739592037125        1.0000000000000000        9.6989343639997116E-005
  -9.0911640138415684E-002  -5.1622722356933880E-005   1.2121212121212121E-002   1.0017749413021273        1.0101010101010102E-002   1.0017749413021273        1.0000000000000000       -7.6234185393324339     
 -0.10101289685518566       -5.6616843391681019E-005   1.2121212121212121E-002   1.0017760257087496        1.0101010101010102E-002   1.0017760257087496        1.0000000000000000       -93.407247180972476     
