 # x v h rho m p cs a
   8.7500000000005898     
   1.4511425727040620E-005   3.5952441475523501E-005   1.2121212121212121E-002   1.0017984971108218        1.0101010101010102E-002   1.0017984971108218        1.0000000000000000        1.2434497875801753E-014
   1.0115527111126496E-002   3.5269866189410553E-005   1.2121212121212121E-002   1.0018005493679905        1.0101010101010102E-002   1.0018005493679905        1.0000000000000000       -1.4210854715202004E-014
   2.0216528177885159E-002   3.4208903254775007E-005   1.2121212121212121E-002   1.0018024097998983        1.0101010101010102E-002   1.0018024097998983        1.0000000000000000       -9.9475983006414026E-014
   3.0317508380407417E-002   3.2887739422137179E-005   1.2121212121212121E-002   1.0018045477649571        1.0101010101010102E-002   1.0018045477649571        1.0000000000000000        6.1284310959308641E-014
   4.0418466639782963E-002   3.2161862026265676E-005   1.2121212121212121E-002   1.0018067180801680        1.0101010101010102E-002   1.0018067180801680        1.0000000000000000        3.5527136788005009E-015
   5.0519404153635948E-002   3.1876992522437553E-005   1.2121212121212121E-002   1.0018089950636790        1.0101010101010102E-002   1.0018089950636790        1.0000000000000000        4.4408920985006262E-015
   6.0620317246131046E-002   3.1433696718684944E-005   1.2121212121212121E-002   1.0018112673981703        1.0101010101010102E-002   1.0018112673981703        1.0000000000000000       -8.8817841970012523E-015
   7.0721209429363871E-002   3.0572138909984736E-005   1.2121212121212121E-002   1.0018132888792479        1.0101010101010102E-002   1.0018132888792479        1.0000000000000000       -5.1514348342607263E-014
   8.0822082730849371E-002   2.9658441161181357E-005   1.2121212121212121E-002   1.0018151528816397        1.0101010101010102E-002   1.0018151528816397        1.0000000000000000        2.1316282072803006E-014
   9.0922938645726578E-002   2.8842025062534167E-005   1.2121212121212121E-002   1.0018171822123716        1.0101010101010102E-002   1.0018171822123716        1.0000000000000000        7.1054273576010019E-015
  0.10102377174198571        2.7522435493872635E-005   1.2121212121212121E-002   1.0018193052354645        1.0101010101010102E-002   1.0018193052354645        1.0000000000000000        7.1054273576010019E-015
  0.11112458493537077        2.5548198098015968E-005   1.2121212121212121E-002   1.0018210778944416        1.0101010101010102E-002   1.0018210778944416        1.0000000000000000        3.5527136788005009E-015
  0.12122538302613907        2.3023155297189137E-005   1.2121212121212121E-002   1.0018224891944574        1.0101010101010102E-002   1.0018224891944574        1.0000000000000000        1.9539925233402755E-014
  0.13132616865671615        2.0689283376762019E-005   1.2121212121212121E-002   1.0018237217229689        1.0101010101010102E-002   1.0018237217229689        1.0000000000000000        8.0824236192711396E-014
  0.14142694234707481        1.8703816128813222E-005   1.2121212121212121E-002   1.0018247585700630        1.0101010101010102E-002   1.0018247585700630        1.0000000000000000        2.2204460492503131E-014
  0.15152770736133245        1.7214950174516465E-005   1.2121212121212121E-002   1.0018255701058880        1.0101010101010102E-002   1.0018255701058880        1.0000000000000000       -6.2172489379008766E-015
  0.16162846593294694        1.5837580535616989E-005   1.2121212121212121E-002   1.0018267075493559        1.0101010101010102E-002   1.0018267075493559        1.0000000000000000       -6.2172489379008766E-015
  0.17172920918757573        1.4179090190975457E-005   1.2121212121212121E-002   1.0018285747394706        1.0101010101010102E-002   1.0018285747394706        1.0000000000000000       -6.2172489379008766E-015
  0.18182992988824700        1.2229675175469176E-005   1.2121212121212121E-002   1.0018305977538740        1.0101010101010102E-002   1.0018305977538740        1.0000000000000000       -6.2172489379008766E-015
  0.19193063211108147        1.0349159700547119E-005   1.2121212121212121E-002   1.0018321441285354        1.0101010101010102E-002   1.0018321441285354        1.0000000000000000       -6.2172489379008766E-015
  0.20203132265639781        8.5517109436069823E-006   1.2121212121212121E-002   1.0018334059111449        1.0101010101010102E-002   1.0018334059111449        1.0000000000000000       -6.2172489379008766E-015
  0.21213200031607832        6.5034743373057535E-006   1.2121212121212121E-002   1.0018345683096619        1.0101010101010102E-002   1.0018345683096619        1.0000000000000000       -6.2172489379008766E-015
  0.22223266701741956        4.1626295128263714E-006   1.2121212121212121E-002   1.0018351349774197        1.0101010101010102E-002   1.0018351349774197        1.0000000000000000       -1.7763568394002505E-015
  0.23233333316543872        1.7829996015726379E-006   1.2121212121212121E-002   1.0018349142506011        1.0101010101010102E-002   1.0018349142506011        1.0000000000000000       -5.6843418860808015E-014
  0.24243400486205677       -6.2973093175739722E-007   1.2121212121212121E-002   1.0018342586526889        1.0101010101010102E-002   1.0018342586526889        1.0000000000000000       -1.8562928971732617E-013
  0.25253468411340380       -3.4280031504948267E-006   1.2121212121212121E-002   1.0018332945041024        1.0101010101010102E-002   1.0018332945041024        1.0000000000000000        1.8385293287792592E-013
  0.26263537503850493       -6.6935771742942137E-006   1.2121212121212121E-002   1.0018321743374707        1.0101010101010102E-002   1.0018321743374707        1.0000000000000000        5.0626169922907138E-014
  0.27273607728137417       -9.8508274651346763E-006   1.2121212121212121E-002   1.0018314034483082        1.0101010101010102E-002   1.0018314034483082        1.0000000000000000       -6.2172489379008766E-015
  0.28283678358691222       -1.2408234375254524E-005   1.2121212121212121E-002   1.0018310801282009        1.0101010101010102E-002   1.0018310801282009        1.0000000000000000       -6.2172489379008766E-015
  0.29293749162857086       -1.4489382590497431E-005   1.2121212121212121E-002   1.0018308610722730        1.0101010101010102E-002   1.0018308610722730        1.0000000000000000       -6.2172489379008766E-015
  0.30303820196114162       -1.6349304933640095E-005   1.2121212121212121E-002   1.0018305414246143        1.0101010101010102E-002   1.0018305414246143        1.0000000000000000       -6.2172489379008766E-015
  0.31313891624821683       -1.7726393432484375E-005   1.2121212121212121E-002   1.0018301055462908        1.0101010101010102E-002   1.0018301055462908        1.0000000000000000       -6.2172489379008766E-015
  0.32323963597704886       -1.8691120976549194E-005   1.2121212121212121E-002   1.0018300521065735        1.0101010101010102E-002   1.0018300521065735        1.0000000000000000       -6.2172489379008766E-015
  0.33334035242710236       -1.9326574990843981E-005   1.2121212121212121E-002   1.0018310369684458        1.0101010101010102E-002   1.0018310369684458        1.0000000000000000       -6.2172489379008766E-015
  0.34344105242023737       -1.9640751352350791E-005   1.2121212121212121E-002   1.0018328834605263        1.0101010101010102E-002   1.0018328834605263        1.0000000000000000       -6.2172489379008766E-015
  0.35354173089463936       -1.9553551723574393E-005   1.2121212121212121E-002   1.0018346978336592        1.0101010101010102E-002   1.0018346978336592        1.0000000000000000       -6.2172489379008766E-015
  0.36364239443087948       -1.9166975178826137E-005   1.2121212121212121E-002   1.0018360969968925        1.0101010101010102E-002   1.0018360969968925        1.0000000000000000       -6.2172489379008766E-015
  0.37374304601492703       -1.8472563468286185E-005   1.2121212121212121E-002   1.0018374979726530        1.0101010101010102E-002   1.0018374979726530        1.0000000000000000       -6.2172489379008766E-015
  0.38384368222669796       -1.7470052201006440E-005   1.2121212121212121E-002   1.0018391231849668        1.0101010101010102E-002   1.0018391231849668        1.0000000000000000       -6.2172489379008766E-015
  0.39394430132900493       -1.6311564385984362E-005   1.2121212121212121E-002   1.0018407770963174        1.0101010101010102E-002   1.0018407770963174        1.0000000000000000       -6.2172489379008766E-015
  0.40404490480611360       -1.5130927453473074E-005   1.2121212121212121E-002   1.0018424182597898        1.0101010101010102E-002   1.0018424182597898        1.0000000000000000       -6.2172489379008766E-015
  0.41414549166556036       -1.3786335890054782E-005   1.2121212121212121E-002   1.0018441434479046        1.0101010101010102E-002   1.0018441434479046        1.0000000000000000       -6.2172489379008766E-015
  0.42424606095981077       -1.2169428719157016E-005   1.2121212121212121E-002   1.0018458889005224        1.0101010101010102E-002   1.0018458889005224        1.0000000000000000       -6.2172489379008766E-015
  0.43434661297260591       -1.0783431959867515E-005   1.2121212121212121E-002   1.0018474302236919        1.0101010101010102E-002   1.0018474302236919        1.0000000000000000       -6.2172489379008766E-015
  0.44444715152296238       -9.4813056854368220E-006   1.2121212121212121E-002   1.0018485724229957        1.0101010101010102E-002   1.0018485724229957        1.0000000000000000       -6.2172489379008766E-015
  0.45454768074102370       -7.9777589057797408E-006   1.2121212121212121E-002   1.0018491893760841        1.0101010101010102E-002   1.0018491893760841        1.0000000000000000       -6.2172489379008766E-015
  0.46464820745496055       -5.8980572345545262E-006   1.2121212121212121E-002   1.0018495238925831        1.0101010101010102E-002   1.0018495238925831        1.0000000000000000       -6.2172489379008766E-015
  0.47474873111541638       -3.9611118754943115E-006   1.2121212121212121E-002   1.0018501845847441        1.0101010101010102E-002   1.0018501845847441        1.0000000000000000        5.3290705182007514E-015
  0.48484924462032947       -2.5355142623917565E-006   1.2121212121212121E-002   1.0018510907273190        1.0101010101010102E-002   1.0018510907273190        1.0000000000000000       -7.0166095156309893E-014
  0.49494974947539300       -8.8503459269263685E-007   1.2121212121212121E-002   1.0018516977991085        1.0101010101010102E-002   1.0018516977991085        1.0000000000000000       -4.4941828036826337E-013
  0.50505025052491548        8.8503463555351079E-007   1.2121212121212121E-002   1.0018516977993626        1.0101010101010102E-002   1.0018516977993626        1.0000000000000000       -6.9277916736609768E-014
  0.51515075537997246        2.5355142934523916E-006   1.2121212121212121E-002   1.0018510907273084        1.0101010101010102E-002   1.0018510907273084        1.0000000000000000        1.5987211554602254E-014
  0.52525126888489271        3.9611120368759719E-006   1.2121212121212121E-002   1.0018501845846519        1.0101010101010102E-002   1.0018501845846519        1.0000000000000000        1.7763568394002505E-015
  0.53535179254534382        5.8980575462257058E-006   1.2121212121212121E-002   1.0018495238927450        1.0101010101010102E-002   1.0018495238927450        1.0000000000000000        1.7763568394002505E-015
  0.54545231925928139        7.9777586215237796E-006   1.2121212121212121E-002   1.0018491893760841        1.0101010101010102E-002   1.0018491893760841        1.0000000000000000        1.7763568394002505E-015
  0.55555284847734210        9.4813056858288119E-006   1.2121212121212121E-002   1.0018485724228761        1.0101010101010102E-002   1.0018485724228761        1.0000000000000000        1.7763568394002505E-015
  0.56565338702770196        1.0783432032684338E-005   1.2121212121212121E-002   1.0018474302236895        1.0101010101010102E-002   1.0018474302236895        1.0000000000000000        1.7763568394002505E-015
  0.57575393904049377        1.2169428844532264E-005   1.2121212121212121E-002   1.0018458889006159        1.0101010101010102E-002   1.0018458889006159        1.0000000000000000        1.7763568394002505E-015
  0.58585450833474473        1.3786335980342016E-005   1.2121212121212121E-002   1.0018441434476288        1.0101010101010102E-002   1.0018441434476288        1.0000000000000000        1.7763568394002505E-015
  0.59595509519419754        1.5130927490611995E-005   1.2121212121212121E-002   1.0018424182597556        1.0101010101010102E-002   1.0018424182597556        1.0000000000000000        1.7763568394002505E-015
  0.60605569867130082        1.6311564250845551E-005   1.2121212121212121E-002   1.0018407770965365        1.0101010101010102E-002   1.0018407770965365        1.0000000000000000        1.7763568394002505E-015
  0.61615631777360802        1.7470052403694577E-005   1.2121212121212121E-002   1.0018391231849739        1.0101010101010102E-002   1.0018391231849739        1.0000000000000000        1.7763568394002505E-015
  0.62625695398537873        1.8472563472799319E-005   1.2121212121212121E-002   1.0018374979725158        1.0101010101010102E-002   1.0018374979725158        1.0000000000000000        1.7763568394002505E-015
  0.63635760556942977        1.9166975256313216E-005   1.2121212121212121E-002   1.0018360969969329        1.0101010101010102E-002   1.0018360969969329        1.0000000000000000        1.7763568394002505E-015
  0.64645826910566540        1.9553551758659389E-005   1.2121212121212121E-002   1.0018346978337624        1.0101010101010102E-002   1.0018346978337624        1.0000000000000000        1.7763568394002505E-015
  0.65655894758006927        1.9640751553946963E-005   1.2121212121212121E-002   1.0018328834603858        1.0101010101010102E-002   1.0018328834603858        1.0000000000000000        1.7763568394002505E-015
  0.66665964757320573        1.9326574986150426E-005   1.2121212121212121E-002   1.0018310369683598        1.0101010101010102E-002   1.0018310369683598        1.0000000000000000        1.7763568394002505E-015
  0.67676036402325968        1.8691121276531557E-005   1.2121212121212121E-002   1.0018300521066634        1.0101010101010102E-002   1.0018300521066634        1.0000000000000000        1.7763568394002505E-015
  0.68686108375208921        1.7726393277632919E-005   1.2121212121212121E-002   1.0018301055463910        1.0101010101010102E-002   1.0018301055463910        1.0000000000000000        1.7763568394002505E-015
  0.69696179803916458        1.6349304842865397E-005   1.2121212121212121E-002   1.0018305414245237        1.0101010101010102E-002   1.0018305414245237        1.0000000000000000        1.7763568394002505E-015
  0.70706250837173723        1.4489382936808734E-005   1.2121212121212121E-002   1.0018308610721269        1.0101010101010102E-002   1.0018308610721269        1.0000000000000000        1.7763568394002505E-015
  0.71716321641339698        1.2408234288474232E-005   1.2121212121212121E-002   1.0018310801280872        1.0101010101010102E-002   1.0018310801280872        1.0000000000000000        1.7763568394002505E-015
  0.72726392271893636        9.8508274742182068E-006   1.2121212121212121E-002   1.0018314034483478        1.0101010101010102E-002   1.0018314034483478        1.0000000000000000        1.7763568394002505E-015
  0.73736462496180355        6.6935774285685950E-006   1.2121212121212121E-002   1.0018321743376795        1.0101010101010102E-002   1.0018321743376795        1.0000000000000000        1.7763568394002505E-015
  0.74746531588690202        3.4280031633806322E-006   1.2121212121212121E-002   1.0018332945041537        1.0101010101010102E-002   1.0018332945041537        1.0000000000000000        1.7763568394002505E-015
  0.75756599513825085        6.2973103748149791E-007   1.2121212121212121E-002   1.0018342586526352        1.0101010101010102E-002   1.0018342586526352        1.0000000000000000        1.7763568394002505E-015
  0.76766666683486806       -1.7829995807519930E-006   1.2121212121212121E-002   1.0018349142504237        1.0101010101010102E-002   1.0018349142504237        1.0000000000000000        1.7763568394002505E-015
  0.77776733298289202       -4.1626294624163431E-006   1.2121212121212121E-002   1.0018351349773746        1.0101010101010102E-002   1.0018351349773746        1.0000000000000000        1.7763568394002505E-015
  0.78786799968422927       -6.5034742447177146E-006   1.2121212121212121E-002   1.0018345683097136        1.0101010101010102E-002   1.0018345683097136        1.0000000000000000        1.7763568394002505E-015
  0.79796867734391252       -8.5517110087122860E-006   1.2121212121212121E-002   1.0018334059111698        1.0101010101010102E-002   1.0018334059111698        1.0000000000000000        1.7763568394002505E-015
  0.80806936788922579       -1.0349159746583663E-005   1.2121212121212121E-002   1.0018321441285956        1.0101010101010102E-002   1.0018321441285956        1.0000000000000000        1.7763568394002505E-015
  0.81817007011206178       -1.2229674774977877E-005   1.2121212121212121E-002   1.0018305977537958        1.0101010101010102E-002   1.0018305977537958        1.0000000000000000        1.7763568394002505E-015
  0.82827079081273358       -1.4179090070342792E-005   1.2121212121212121E-002   1.0018285747395017        1.0101010101010102E-002   1.0018285747395017        1.0000000000000000        1.7763568394002505E-015
  0.83837153406736076       -1.5837580608998242E-005   1.2121212121212121E-002   1.0018267075492671        1.0101010101010102E-002   1.0018267075492671        1.0000000000000000        1.7763568394002505E-015
  0.84847229263897883       -1.7214950257366465E-005   1.2121212121212121E-002   1.0018255701057972        1.0101010101010102E-002   1.0018255701057972        1.0000000000000000        1.7763568394002505E-015
  0.85857305765323499       -1.8703816017765960E-005   1.2121212121212121E-002   1.0018247585701410        1.0101010101010102E-002   1.0018247585701410        1.0000000000000000        1.7763568394002505E-015
  0.86867383134359322       -2.0689283417275063E-005   1.2121212121212121E-002   1.0018237217230146        1.0101010101010102E-002   1.0018237217230146        1.0000000000000000        1.7763568394002505E-015
  0.87877461697416981       -2.3023155114459180E-005   1.2121212121212121E-002   1.0018224891944247        1.0101010101010102E-002   1.0018224891944247        1.0000000000000000        1.7763568394002505E-015
  0.88887541506493906       -2.5548197939973131E-005   1.2121212121212121E-002   1.0018210778942669        1.0101010101010102E-002   1.0018210778942669        1.0000000000000000        1.7763568394002505E-015
  0.89897622825832746       -2.7522435413293157E-005   1.2121212121212121E-002   1.0018193052355995        1.0101010101010102E-002   1.0018193052355995        1.0000000000000000        1.7763568394002505E-015
  0.90907706135458033       -2.8842024870410574E-005   1.2121212121212121E-002   1.0018171822126685        1.0101010101010102E-002   1.0018171822126685        1.0000000000000000        1.7763568394002505E-015
  0.91917791726945697       -2.9658441335441242E-005   1.2121212121212121E-002   1.0018151528815742        1.0101010101010102E-002   1.0018151528815742        1.0000000000000000        1.7763568394002505E-015
  0.92927879057094498       -3.0572138624196315E-005   1.2121212121212121E-002   1.0018132888791493        1.0101010101010102E-002   1.0018132888791493        1.0000000000000000        1.7763568394002505E-015
  0.93937968275417738       -3.1433696839090109E-005   1.2121212121212121E-002   1.0018112673981530        1.0101010101010102E-002   1.0018112673981530        1.0000000000000000        1.7763568394002505E-015
  0.94948059584667333       -3.1876992509401099E-005   1.2121212121212121E-002   1.0018089950637634        1.0101010101010102E-002   1.0018089950637634        1.0000000000000000        1.7763568394002505E-015
  0.95958153336052310       -3.2161861868416688E-005   1.2121212121212121E-002   1.0018067180799979        1.0101010101010102E-002   1.0018067180799979        1.0000000000000000        1.7763568394002505E-015
  0.96968249161990594       -3.2887739309198868E-005   1.2121212121212121E-002   1.0018045477649082        1.0101010101010102E-002   1.0018045477649082        1.0000000000000000        8.8817841970012523E-016
  0.97978347182242187       -3.4208903313604115E-005   1.2121212121212121E-002   1.0018024097999718        1.0101010101010102E-002   1.0018024097999718        1.0000000000000000       -3.2862601528904634E-014
  0.98988447288918469       -3.5269865914850047E-005   1.2121212121212121E-002   1.0018005493678153        1.0101010101010102E-002   1.0018005493678153        1.0000000000000000        1.5010215292932116E-013
  0.99998548857458425       -3.5952441508699504E-005   1.2121212121212121E-002   1.0017984971108018        1.0101010101010102E-002   1.0017984971108018        1.0000000000000000        1.0436096431476471E-012
   1.0100864986755944        3.5368452339796043E-005   1.2121212121212121E-002   1.0018005493679905        1.0101010101010102E-002   1.0017987025595825        1.0000000000000000        1.4299672557172016E-013
   1.0201875087766046        3.4314480688556705E-005   1.2121212121212121E-002   1.0018024097998983        1.0101010101010102E-002   1.0018002737575498        1.0000000000000000       -1.9677833450701065E-002
   1.0302885188776147        3.3002909200305681E-005   1.2121212121212121E-002   1.0018045477649571        1.0101010101010102E-002   1.0018004115226273        1.0000000000000000       -1.3138325546267744     
   1.0403895289786249        3.2274335474349197E-005   1.2121212121212121E-002   1.0018067180801680        1.0101010101010102E-002  0.99665637860081713        1.0000000000000000       -4.6453021478719450     
   1.0504905390796351        3.2002895661839640E-005   1.2121212121212121E-002   1.0018089950636790        1.0101010101010102E-002  0.77867798353909146        1.0000000000000000        107.01218865918355     
  -1.0086498675283061E-002  -3.5368452056202764E-005   1.2121212121212121E-002   1.0018005493678153        1.0101010101010102E-002   1.0017987025595851        1.0000000000000000        1.1546319456101628E-014
  -2.0187508776293162E-002  -3.4314480780763560E-005   1.2121212121212121E-002   1.0018024097999718        1.0101010101010102E-002   1.0018002737575560        1.0000000000000000        1.9677833450746363E-002
  -3.0288518877303262E-002  -3.3002909041758074E-005   1.2121212121212121E-002   1.0018045477649082        1.0101010101010102E-002   1.0018004115226335        1.0000000000000000        1.3138325546268277     
  -4.0389528978313369E-002  -3.2274335349847307E-005   1.2121212121212121E-002   1.0018067180799979        1.0101010101010102E-002  0.99665637860082268        1.0000000000000000        4.6453021478716039     
  -5.0490539079323472E-002  -3.2002895641088912E-005   1.2121212121212121E-002   1.0018089950637634        1.0101010101010102E-002  0.77867798353909445        1.0000000000000000       -107.01218865918408     
