 # x v h rho m p cs a
   28.501818181823033     
   2.9820154100335039E-014   7.6627297100155132E-013   1.2121212121212121E-002   1.0018426400794624        1.0101010101010102E-002   1.0018426400794624        1.0000000000000000       -6.2252425436781778E-012
   1.0100592776184589E-002  -5.7396782299414686E-006   1.2121212121212121E-002   1.0018425546359317        1.0101010101010102E-002   1.0018425546359317        1.0000000000000000        1.7821595670319823E-005
   2.0201187241070076E-002  -1.1456146026228666E-005   1.2121212121212121E-002   1.0018422986552258        1.0101010101010102E-002   1.0018422986552258        1.0000000000000000        3.5570225406011957E-005
   3.0301785076505827E-002  -1.7126287594624580E-005   1.2121212121212121E-002   1.0018418731878118        1.0101010101010102E-002   1.0018418731878118        1.0000000000000000        5.3172772151555137E-005
   4.0402387950469069E-002  -2.2727177604243945E-005   1.2121212121212121E-002   1.0018412799818239        1.0101010101010102E-002   1.0018412799818239        1.0000000000000000        7.0556827526324639E-005
   5.0502997510232968E-002  -2.8236173915849450E-005   1.2121212121212121E-002   1.0018405214733777        1.0101010101010102E-002   1.0018405214733777        1.0000000000000000        8.7651339279126717E-005
   6.0603615375634245E-002  -3.3631011787088799E-005   1.2121212121212121E-002   1.0018396007742549        1.0101010101010102E-002   1.0018396007742549        1.0000000000000000        1.0438646102617355E-004
   7.0704243132463276E-002  -3.8889889932710565E-005   1.2121212121212121E-002   1.0018385216615830        1.0101010101010102E-002   1.0018385216615830        1.0000000000000000        1.2069327725061640E-004
   8.0804882325920757E-002  -4.3991566740157401E-005   1.2121212121212121E-002   1.0018372885616342        1.0101010101010102E-002   1.0018372885616342        1.0000000000000000        1.3650531384712394E-004
   9.0905534454327350E-002  -4.8915442990611419E-005   1.2121212121212121E-002   1.0018359065276325        1.0101010101010102E-002   1.0018359065276325        1.0000000000000000        1.5175829070468438E-004
  0.10100620096303277       -5.3641644231792713E-005   1.2121212121212121E-002   1.0018343812192783        1.0101010101010102E-002   1.0018343812192783        1.0000000000000000        1.6639003339324887E-004
  0.11110688323852087       -5.8151104962657272E-005   1.2121212121212121E-002   1.0018327188797818        1.0101010101010102E-002   1.0018327188797818        1.0000000000000000        1.8034097957286832E-004
  0.12120758260277179       -6.2425643829931859E-005   1.2121212121212121E-002   1.0018309263095457        1.0101010101010102E-002   1.0018309263095457        1.0000000000000000        1.9355446770497053E-004
  0.13130830030788126       -6.6448037962654543E-005   1.2121212121212121E-002   1.0018290108340926        1.0101010101010102E-002   1.0018290108340926        1.0000000000000000        2.0597766760932501E-004
  0.14140903753106668       -7.0202093008689837E-005   1.2121212121212121E-002   1.0018269802723818        1.0101010101010102E-002   1.0018269802723818        1.0000000000000000        2.1756047095156106E-004
  0.15150979536991890       -7.3672704498306814E-005   1.2121212121212121E-002   1.0018248429087790        1.0101010101010102E-002   1.0018248429087790        1.0000000000000000        2.2825590467512313E-004
  0.16161057483793534       -7.6845927064395249E-005   1.2121212121212121E-002   1.0018226074549574        1.0101010101010102E-002   1.0018226074549574        1.0000000000000000        2.3802177787235479E-004
  0.17171137686054125       -7.9709020742970430E-005   1.2121212121212121E-002   1.0018202830106056        1.0101010101010102E-002   1.0018202830106056        1.0000000000000000        2.4681935704062852E-004
  0.18181220227140682       -8.2250504371659096E-005   1.2121212121212121E-002   1.0018178790278365        1.0101010101010102E-002   1.0018178790278365        1.0000000000000000        2.5461386769709549E-004
  0.19191305180915838       -8.4460206837348140E-005   1.2121212121212121E-002   1.0018154052724744        1.0101010101010102E-002   1.0018154052724744        1.0000000000000000        2.6137459326491808E-004
  0.20201392611446156       -8.6329298536320020E-005   1.2121212121212121E-002   1.0018128717825512        1.0101010101010102E-002   1.0018128717825512        1.0000000000000000        2.6707545149662337E-004
  0.21211482572755325       -8.7850333003475822E-005   1.2121212121212121E-002   1.0018102888250622        1.0101010101010102E-002   1.0018102888250622        1.0000000000000000        2.7169475882082850E-004
  0.22221575108618524       -8.9017266907002174E-005   1.2121212121212121E-002   1.0018076668545448        1.0101010101010102E-002   1.0018076668545448        1.0000000000000000        2.7521504141336806E-004
  0.23231670252397210       -8.9825494321237441E-005   1.2121212121212121E-002   1.0018050164720569        1.0101010101010102E-002   1.0018050164720569        1.0000000000000000        2.7762318100243988E-004
  0.24241768026913527       -9.0271857021018920E-005   1.2121212121212121E-002   1.0018023483794587        1.0101010101010102E-002   1.0018023483794587        1.0000000000000000        2.7891122822598646E-004
  0.25251868444376679       -9.0354653275546813E-005   1.2121212121212121E-002   1.0017996733357422        1.0101010101010102E-002   1.0017996733357422        1.0000000000000000        2.7907519289627203E-004
  0.26261971506343512       -9.0073646980740442E-005   1.2121212121212121E-002   1.0017970021149796        1.0101010101010102E-002   1.0017970021149796        1.0000000000000000        2.7811589707837925E-004
  0.27272077203727235       -8.9430072694416095E-005   1.2121212121212121E-002   1.0017943454621212        1.0101010101010102E-002   1.0017943454621212        1.0000000000000000        2.7603853506086296E-004
  0.28282185516846137       -8.8426613482993203E-005   1.2121212121212121E-002   1.0017917140504602        1.0101010101010102E-002   1.0017917140504602        1.0000000000000000        2.7285283770783764E-004
  0.29292296415515795       -8.7067405356040141E-005   1.2121212121212121E-002   1.0017891184381911        1.0101010101010102E-002   1.0017891184381911        1.0000000000000000        2.6857304932015325E-004
  0.30302409859184137       -8.5358006968570406E-005   1.2121212121212121E-002   1.0017865690265269        1.0101010101010102E-002   1.0017865690265269        1.0000000000000000        2.6321765525949559E-004
  0.31312525797106389       -8.3305384677759579E-005   1.2121212121212121E-002   1.0017840760194006        1.0101010101010102E-002   1.0017840760194006        1.0000000000000000        2.5680926637949852E-004
  0.32322644168559789       -8.0917877808893415E-005   1.2121212121212121E-002   1.0017816493843137        1.0101010101010102E-002   1.0017816493843137        1.0000000000000000        2.4937457210061353E-004
  0.33332764903095152       -7.8205162284132693E-005   1.2121212121212121E-002   1.0017792988105860        1.0101010101010102E-002   1.0017792988105860        1.0000000000000000        2.4094489157011623E-004
  0.34342887920835530       -7.5178215444271748E-005   1.2121212121212121E-002   1.0017770336724474        1.0101010101010102E-002   1.0017770336724474        1.0000000000000000        2.3155461578028280E-004
  0.35353013132800415       -7.1849271344022849E-005   1.2121212121212121E-002   1.0017748629952798        1.0101010101010102E-002   1.0017748629952798        1.0000000000000000        2.2124209161056285E-004
  0.36363140441270075       -6.8231767489355548E-005   1.2121212121212121E-002   1.0017727954190696        1.0101010101010102E-002   1.0017727954190696        1.0000000000000000        2.1004934028745481E-004
  0.37373269740182863       -6.4340287611192374E-005   1.2121212121212121E-002   1.0017708391635749        1.0101010101010102E-002   1.0017708391635749        1.0000000000000000        1.9802201195240343E-004
  0.38383400915568988       -6.0190509473674543E-005   1.2121212121212121E-002   1.0017690019985426        1.0101010101010102E-002   1.0017690019985426        1.0000000000000000        1.8520830923840492E-004
  0.39393533846006218       -5.5799138790210057E-005   1.2121212121212121E-002   1.0017672912158668        1.0101010101010102E-002   1.0017672912158668        1.0000000000000000        1.7165970789090323E-004
  0.40403668403107851       -5.1183843446681002E-005   1.2121212121212121E-002   1.0017657135992437        1.0101010101010102E-002   1.0017657135992437        1.0000000000000000        1.5743071420271093E-004
  0.41413804452039987       -4.6363172843984910E-005   1.2121212121212121E-002   1.0017642753992424        1.0101010101010102E-002   1.0017642753992424        1.0000000000000000        1.4257806936956996E-004
  0.42423941852057867       -4.1356498751326712E-005   1.2121212121212121E-002   1.0017629823094303        1.0101010101010102E-002   1.0017629823094303        1.0000000000000000        1.2716122897860060E-004
  0.43434080457070884       -3.6183932583691195E-005   1.2121212121212121E-002   1.0017618394458951        1.0101010101010102E-002   1.0017618394458951        1.0000000000000000        1.1124118329242094E-004
  0.44444220116219280       -3.0866237987828553E-005   1.2121212121212121E-002   1.0017608513290854        1.0101010101010102E-002   1.0017608513290854        1.0000000000000000        9.4881230271681716E-005
  0.45454360674474192       -2.5424754544417313E-005   1.2121212121212121E-002   1.0017600218637421        1.0101010101010102E-002   1.0017600218637421        1.0000000000000000        7.8146496040432112E-005
  0.46464501973256001       -1.9881314093873660E-005   1.2121212121212121E-002   1.0017593543267076        1.0101010101010102E-002   1.0017593543267076        1.0000000000000000        6.1102891427466943E-005
  0.47474643851056758       -1.4258153479702791E-005   1.2121212121212121E-002   1.0017588513541209        1.0101010101010102E-002   1.0017588513541209        1.0000000000000000        4.3818159172204219E-005
  0.48484786144084718       -8.5778251224176954E-006   1.2121212121212121E-002   1.0017585149318551        1.0101010101010102E-002   1.0017585149318551        1.0000000000000000        2.6360206868858427E-005
  0.49494928686905587       -2.8631010030765609E-006   1.2121212121212121E-002   1.0017583463886717        1.0101010101010102E-002   1.0017583463886717        1.0000000000000000        8.7982569256794818E-006
  0.50505071313099859        2.8631017916623785E-006   1.2121212121212121E-002   1.0017583463887183        1.0101010101010102E-002   1.0017583463887183        1.0000000000000000       -8.7982704775058096E-006
  0.51515213855920639        8.5778242002901816E-006   1.2121212121212121E-002   1.0017585149319730        1.0101010101010102E-002   1.0017585149319730        1.0000000000000000       -2.6360204882003302E-005
  0.52525356148948377        1.4258154029920818E-005   1.2121212121212121E-002   1.0017588513538949        1.0101010101010102E-002   1.0017588513538949        1.0000000000000000       -4.3818084819235992E-005
  0.53535498026749850        1.9881314048214624E-005   1.2121212121212121E-002   1.0017593543264307        1.0101010101010102E-002   1.0017593543264307        1.0000000000000000       -6.1102960083658786E-005
  0.54545639325531614        2.5424754346094188E-005   1.2121212121212121E-002   1.0017600218640641        1.0101010101010102E-002   1.0017600218640641        1.0000000000000000       -7.8146550905877632E-005
  0.55555779883785772        3.0866237769912407E-005   1.2121212121212121E-002   1.0017608513291456        1.0101010101010102E-002   1.0017608513291456        1.0000000000000000       -9.4881124207191192E-005
  0.56565919542934817        3.6183932405220493E-005   1.2121212121212121E-002   1.0017618394457337        1.0101010101010102E-002   1.0017618394457337        1.0000000000000000       -1.1124123865347002E-004
  0.57576058147947595        4.1356499226086335E-005   1.2121212121212121E-002   1.0017629823095517        1.0101010101010102E-002   1.0017629823095517        1.0000000000000000       -1.2716123440181804E-004
  0.58586195547965425        4.6363173042666001E-005   1.2121212121212121E-002   1.0017642753993867        1.0101010101010102E-002   1.0017642753993867        1.0000000000000000       -1.4257806869277800E-004
  0.59596331596897267        5.1183842814926818E-005   1.2121212121212121E-002   1.0017657135990989        1.0101010101010102E-002   1.0017657135990989        1.0000000000000000       -1.5743065388562627E-004
  0.60606466153999572        5.5799139492167504E-005   1.2121212121212121E-002   1.0017672912159234        1.0101010101010102E-002   1.0017672912159234        1.0000000000000000       -1.7165981161415544E-004
  0.61616599084436019        6.0190509603157746E-005   1.2121212121212121E-002   1.0017690019987950        1.0101010101010102E-002   1.0017690019987950        1.0000000000000000       -1.8520824503021061E-004
  0.62626730259822316        6.4340287106074548E-005   1.2121212121212121E-002   1.0017708391634419        1.0101010101010102E-002   1.0017708391634419        1.0000000000000000       -1.9802199926566288E-004
  0.63636859558735293        6.8231766994420915E-005   1.2121212121212121E-002   1.0017727954190416        1.0101010101010102E-002   1.0017727954190416        1.0000000000000000       -2.1004936794710716E-004
  0.64646986867204792        7.1849271389362856E-005   1.2121212121212121E-002   1.0017748629952514        1.0101010101010102E-002   1.0017748629952514        1.0000000000000000       -2.2124206875417940E-004
  0.65657112079169899        7.5178216253370114E-005   1.2121212121212121E-002   1.0017770336724339        1.0101010101010102E-002   1.0017770336724339        1.0000000000000000       -2.3155464263346914E-004
  0.66667235096910082        7.8205161723692910E-005   1.2121212121212121E-002   1.0017792988105736        1.0101010101010102E-002   1.0017792988105736        1.0000000000000000       -2.4094486127079762E-004
  0.67677355831445618        8.0917877420194360E-005   1.2121212121212121E-002   1.0017816493840743        1.0101010101010102E-002   1.0017816493840743        1.0000000000000000       -2.4937455629281402E-004
  0.68687474202899390        8.3305385087999902E-005   1.2121212121212121E-002   1.0017840760193133        1.0101010101010102E-002   1.0017840760193133        1.0000000000000000       -2.5680931193150514E-004
  0.69697590140821442        8.5358007239179178E-005   1.2121212121212121E-002   1.0017865690266168        1.0101010101010102E-002   1.0017865690266168        1.0000000000000000       -2.6321765135062236E-004
  0.70707703584489789        8.7067404706750871E-005   1.2121212121212121E-002   1.0017891184383481        1.0101010101010102E-002   1.0017891184383481        1.0000000000000000       -2.6857306909189305E-004
  0.71717814483159104        8.8426613926566455E-005   1.2121212121212121E-002   1.0017917140504917        1.0101010101010102E-002   1.0017917140504917        1.0000000000000000       -2.7285278569078031E-004
  0.72727922796278244        8.9430072262367425E-005   1.2121212121212121E-002   1.0017943454618161        1.0101010101010102E-002   1.0017943454618161        1.0000000000000000       -2.7603851682123093E-004
  0.73738028493662433        9.0073647234468958E-005   1.2121212121212121E-002   1.0017970021149005        1.0101010101010102E-002   1.0017970021149005        1.0000000000000000       -2.7811596356652757E-004
  0.74748131555628960        9.0354652874980352E-005   1.2121212121212121E-002   1.0017996733359251        1.0101010101010102E-002   1.0017996733359251        1.0000000000000000       -2.7907518440883905E-004
  0.75758231973091972        9.0271857673180879E-005   1.2121212121212121E-002   1.0018023483794301        1.0101010101010102E-002   1.0018023483794301        1.0000000000000000       -2.7891119001743903E-004
  0.76768329747608499        8.9825494450789626E-005   1.2121212121212121E-002   1.0018050164718884        1.0101010101010102E-002   1.0018050164718884        1.0000000000000000       -2.7762318857060819E-004
  0.77778424891387388        8.9017267088089877E-005   1.2121212121212121E-002   1.0018076668546840        1.0101010101010102E-002   1.0018076668546840        1.0000000000000000       -2.7521510118688752E-004
  0.78788517427250071        8.7850331908356818E-005   1.2121212121212121E-002   1.0018102888252876        1.0101010101010102E-002   1.0018102888252876        1.0000000000000000       -2.7169471723986760E-004
  0.79798607388559228        8.6329299168475671E-005   1.2121212121212121E-002   1.0018128717824140        1.0101010101010102E-002   1.0018128717824140        1.0000000000000000       -2.6707541696247006E-004
  0.80808694819089899        8.4460207174145855E-005   1.2121212121212121E-002   1.0018154052723347        1.0101010101010102E-002   1.0018154052723347        1.0000000000000000       -2.6137462223285723E-004
  0.81818779772864980        8.2250504323603705E-005   1.2121212121212121E-002   1.0018178790277441        1.0101010101010102E-002   1.0018178790277441        1.0000000000000000       -2.5461385144698312E-004
  0.82828862313951801        7.9709020963116760E-005   1.2121212121212121E-002   1.0018202830106022        1.0101010101010102E-002   1.0018202830106022        1.0000000000000000       -2.4681939313531132E-004
  0.83838942516212145        7.6845926839179908E-005   1.2121212121212121E-002   1.0018226074550927        1.0101010101010102E-002   1.0018226074550927        1.0000000000000000       -2.3802176955900478E-004
  0.84849020463013747        7.3672704551743358E-005   1.2121212121212121E-002   1.0018248429089480        1.0101010101010102E-002   1.0018248429089480        1.0000000000000000       -2.2825592422304197E-004
  0.85859096246898703        7.0202092372497295E-005   1.2121212121212121E-002   1.0018269802726856        1.0101010101010102E-002   1.0018269802726856        1.0000000000000000       -2.1756047581078519E-004
  0.86869169969216842        6.6448038684845866E-005   1.2121212121212121E-002   1.0018290108341688        1.0101010101010102E-002   1.0018290108341688        1.0000000000000000       -2.0597761654350677E-004
  0.87879241739728076        6.2425643829045456E-005   1.2121212121212121E-002   1.0018309263095613        1.0101010101010102E-002   1.0018309263095613        1.0000000000000000       -1.9355450596503232E-004
  0.88889311676152871        5.8151104448213946E-005   1.2121212121212121E-002   1.0018327188798415        1.0101010101010102E-002   1.0018327188798415        1.0000000000000000       -1.8034094925489796E-004
  0.89899379903701793        5.3641644812715094E-005   1.2121212121212121E-002   1.0018343812190387        1.0101010101010102E-002   1.0018343812190387        1.0000000000000000       -1.6639000184071051E-004
  0.90909446554572737        4.8915442817245547E-005   1.2121212121212121E-002   1.0018359065273024        1.0101010101010102E-002   1.0018359065273024        1.0000000000000000       -1.5175829848779188E-004
  0.91919511767413675        4.3991566403170526E-005   1.2121212121212121E-002   1.0018372885614204        1.0101010101010102E-002   1.0018372885614204        1.0000000000000000       -1.3650533430364931E-004
  0.92929575686759602        3.8889889734189278E-005   1.2121212121212121E-002   1.0018385216616823        1.0101010101010102E-002   1.0018385216616823        1.0000000000000000       -1.2069332535347144E-004
  0.93939638462442088        3.3631012119777584E-005   1.2121212121212121E-002   1.0018396007744168        1.0101010101010102E-002   1.0018396007744168        1.0000000000000000       -1.0438642556032107E-004
  0.94949700248982261        2.8236174453784554E-005   1.2121212121212121E-002   1.0018405214733057        1.0101010101010102E-002   1.0018405214733057        1.0000000000000000       -8.7651325441306938E-005
  0.95959761204958793        2.2727177107580142E-005   1.2121212121212121E-002   1.0018412799817480        1.0101010101010102E-002   1.0018412799817480        1.0000000000000000       -7.0556836699431358E-005
  0.96969821492355113        1.7126287441289529E-005   1.2121212121212121E-002   1.0018418731876926        1.0101010101010102E-002   1.0018418731876926        1.0000000000000000       -5.3172755119845760E-005
  0.97979881275898939        1.1456146276488167E-005   1.2121212121212121E-002   1.0018422986551316        1.0101010101010102E-002   1.0018422986551316        1.0000000000000000       -3.5570249393046538E-005
  0.98989940722387448        5.7396781969214223E-006   1.2121212121212121E-002   1.0018425546359955        1.0101010101010102E-002   1.0018425546359955        1.0000000000000000       -1.7821604420653614E-005
   1.0000000000000280       -7.3160728949850289E-013   1.2121212121212121E-002   1.0018426400794629        1.0101010101010102E-002   1.0018426400794629        1.0000000000000000        2.8637536786391138E-011
   1.0101005927761846       -5.7821595626136702E-006   1.2121212121212121E-002   1.0018425546359317        1.0101010101010102E-002   1.0018425546359317        1.0000000000000000        1.7821585243105176E-005
   1.0202011872410701       -1.1540934761603115E-005   1.2121212121212121E-002   1.0018422986552258        1.0101010101010102E-002   1.0018422986552258        1.0000000000000000        3.5570217247204994E-005
   1.0303017850765057       -1.7253035514272095E-005   1.2121212121212121E-002   1.0018418731878118        1.0101010101010102E-002   1.0018418731878118        1.0000000000000000        5.3172774551413227E-005
   1.0404023879504691       -2.2895363872317626E-005   1.2121212121212121E-002   1.0018412799818239        1.0101010101010102E-002   1.0018412799818239        1.0000000000000000        7.0556825276568702E-005
   1.0505029975102329       -2.8445108332425139E-005   1.2121212121212121E-002   1.0018405214733777        1.0101010101010102E-002   1.0018405214733777        1.0000000000000000        8.7651340430205948E-005
   1.0606036153756342       -3.3879837554742919E-005   1.2121212121212121E-002   1.0018396007742549        1.0101010101010102E-002   1.0018396007742549        1.0000000000000000        1.0438646302191046E-004
   1.0707042431324634       -3.9177586146991771E-005   1.2121212121212121E-002   1.0018385216615830        1.0101010101010102E-002   1.0018385216615830        1.0000000000000000        1.2069327509944827E-004
   1.0808048823259209       -4.4316953952469787E-005   1.2121212121212121E-002   1.0018372885616342        1.0101010101010102E-002   1.0018372885616342        1.0000000000000000        1.3650531162312518E-004
   1.0909055344543273       -4.9277188473734567E-005   1.2121212121212121E-002   1.0018359065276325        1.0101010101010102E-002   1.0018359065276325        1.0000000000000000        7.6275885525938492     
   1.1010062009630328       -5.4038267131383223E-005   1.2121212121212121E-002   1.0018343812192783        1.0101010101010102E-002   1.0018343812192783        1.0000000000000000        93.409565296218489     
  -1.0100592776125517E-002   5.7821595560591870E-006   1.2121212121212121E-002   1.0018425546359955        1.0101010101010102E-002   1.0018425546359955        1.0000000000000000       -1.7821593939260083E-005
  -2.0201187241010610E-002   1.1540935050441855E-005   1.2121212121212121E-002   1.0018422986551316        1.0101010101010102E-002   1.0018422986551316        1.0000000000000000       -3.5570242450155831E-005
  -3.0301785076448873E-002   1.7253035327063536E-005   1.2121212121212121E-002   1.0018418731876926        1.0101010101010102E-002   1.0018418731876926        1.0000000000000000       -5.3172755118957582E-005
  -4.0402387950412066E-002   2.2895363430165367E-005   1.2121212121212121E-002   1.0018412799817480        1.0101010101010102E-002   1.0018412799817480        1.0000000000000000       -7.0556836705648607E-005
  -5.0502997510177394E-002   2.8445108807431994E-005   1.2121212121212121E-002   1.0018405214733057        1.0101010101010102E-002   1.0018405214733057        1.0000000000000000       -8.7651325447524187E-005
  -6.0603615375579123E-002   3.3879837790368335E-005   1.2121212121212121E-002   1.0018396007744168        1.0101010101010102E-002   1.0018396007744168        1.0000000000000000       -1.0438642555499200E-004
  -7.0704243132403977E-002   3.9177586073465720E-005   1.2121212121212121E-002   1.0018385216616823        1.0101010101010102E-002   1.0018385216616823        1.0000000000000000       -1.2069332535524779E-004
  -8.0804882325863248E-002   4.4316953677535909E-005   1.2121212121212121E-002   1.0018372885614204        1.0101010101010102E-002   1.0018372885614204        1.0000000000000000       -1.3650533430720202E-004
  -9.0905534454272630E-002   4.9277188327723516E-005   1.2121212121212121E-002   1.0018359065273024        1.0101010101010102E-002   1.0018359065273024        1.0000000000000000       -7.6275885525805762     
 -0.10100620096298207        5.4038267596088802E-005   1.2121212121212121E-002   1.0018343812190387        1.0101010101010102E-002   1.0018343812190387        1.0000000000000000       -93.409565296196618     
