 # x v h rho m p cs a
   6.3515151515147590     
   1.7576360935986056E-015  -1.7289873236829237E-013   1.2121212121212121E-002   1.0018530028434287        1.0101010101010102E-002   1.0018530028434287        1.0000000000000000       -4.1948666762436915E-012
   1.0100490371928398E-002  -5.3636753619267649E-006   1.2121212121212121E-002   1.0018528968421914        1.0101010101010102E-002   1.0018528968421914        1.0000000000000000        2.2108971768908248E-005
   2.0200982838844198E-002  -1.0705738717193227E-005   1.2121212121212121E-002   1.0018525792676327        1.0101010101010102E-002   1.0018525792676327        1.0000000000000000        4.4128424201872463E-005
   3.0301479487253789E-002  -1.6004666835238582E-005   1.2121212121212121E-002   1.0018520514046374        1.0101010101010102E-002   1.0018520514046374        1.0000000000000000        6.5969479350336258E-005
   4.0401982386759558E-002  -2.1239108519149102E-005   1.2121212121212121E-002   1.0018513153876123        1.0101010101010102E-002   1.0018513153876123        1.0000000000000000        8.7543858177774325E-005
   5.0502493581698567E-002  -2.6387973397380515E-005   1.2121212121212121E-002   1.0018503741935287        1.0101010101010102E-002   1.0018503741935287        1.0000000000000000        1.0876415635063807E-004
   6.0603015082853276E-002  -3.1430517611543073E-005   1.2121212121212121E-002   1.0018492316290446        1.0101010101010102E-002   1.0018492316290446        1.0000000000000000        1.2954474370907576E-004
   7.0703548859348847E-002  -3.6346427015313450E-005   1.2121212121212121E-002   1.0018478923147134        1.0101010101010102E-002   1.0018478923147134        1.0000000000000000        1.4980153689680975E-004
   8.0804096830673591E-002  -4.1115895820415964E-005   1.2121212121212121E-002   1.0018463616656468        1.0101010101010102E-002   1.0018463616656468        1.0000000000000000        1.6945293956105445E-004
   9.0904660858959624E-002  -4.5719710223592943E-005   1.2121212121212121E-002   1.0018446458696959        1.0101010101010102E-002   1.0018446458696959        1.0000000000000000        1.8841937634661576E-004
  0.10100524274143564       -5.0139328007691770E-005   1.2121212121212121E-002   1.0018427518637267        1.0101010101010102E-002   1.0018427518637267        1.0000000000000000        2.0662422925799007E-004
  0.11110584420316467       -5.4356946808595690E-005   1.2121212121212121E-002   1.0018406873026273        1.0101010101010102E-002   1.0018406873026273        1.0000000000000000        2.2399435989495231E-004
  0.12120646689012331       -5.8355580139246158E-005   1.2121212121212121E-002   1.0018384605286714        1.0101010101010102E-002   1.0018384605286714        1.0000000000000000        2.4045955529850005E-004
  0.13130711236253917       -6.2119124931176548E-005   1.2121212121212121E-002   1.0018360805389814        1.0101010101010102E-002   1.0018360805389814        1.0000000000000000        2.5595344296114320E-004
  0.14140778208860627       -6.5632427392790752E-005   1.2121212121212121E-002   1.0018335569478247        1.0101010101010102E-002   1.0018335569478247        1.0000000000000000        2.7041364513102906E-004
  0.15150847743857374       -6.8881343608813596E-005   1.2121212121212121E-002   1.0018308999473353        1.0101010101010102E-002   1.0018308999473353        1.0000000000000000        2.8378201724699181E-004
  0.16160919967923282       -7.1852794401891927E-005   1.2121212121212121E-002   1.0018281202652402        1.0101010101010102E-002   1.0018281202652402        1.0000000000000000        2.9600497745718712E-004
  0.17170994996884506       -7.4534818592816499E-005   1.2121212121212121E-002   1.0018252291221539        1.0101010101010102E-002   1.0018252291221539        1.0000000000000000        3.0703326656045249E-004
  0.18181072935246978       -7.6916625318868077E-005   1.2121212121212121E-002   1.0018222381869568        1.0101010101010102E-002   1.0018222381869568        1.0000000000000000        3.1682261230603359E-004
  0.19191153875776751       -7.8988632854240119E-005   1.2121212121212121E-002   1.0018191595274482        1.0101010101010102E-002   1.0018191595274482        1.0000000000000000        3.2533404366574814E-004
  0.20201237899131133       -8.0742507135798478E-005   1.2121212121212121E-002   1.0018160055613714        1.0101010101010102E-002   1.0018160055613714        1.0000000000000000        3.3253351038275980E-004
  0.21211325073535653       -8.2171195335672194E-005   1.2121212121212121E-002   1.0018127890075712        1.0101010101010102E-002   1.0018127890075712        1.0000000000000000        3.3839220569120698E-004
  0.22221415454511101       -8.3268958239604083E-005   1.2121212121212121E-002   1.0018095228342494        1.0101010101010102E-002   1.0018095228342494        1.0000000000000000        3.4288686337724528E-004
  0.23231509084652871       -8.4031389628798635E-005   1.2121212121212121E-002   1.0018062202053253        1.0101010101010102E-002   1.0018062202053253        1.0000000000000000        3.4599988431072148E-004
  0.24241605993464341       -8.4455431426928311E-005   1.2121212121212121E-002   1.0018028944272472        1.0101010101010102E-002   1.0018028944272472        1.0000000000000000        3.4771908748965075E-004
  0.25251706197241341       -8.4539389221908147E-005   1.2121212121212121E-002   1.0017995588965911        1.0101010101010102E-002   1.0017995588965911        1.0000000000000000        3.4803779271186386E-004
  0.26261809699008570       -8.4282939351830333E-005   1.2121212121212121E-002   1.0017962270458070        1.0101010101010102E-002   1.0017962270458070        1.0000000000000000        3.4695512657645367E-004
  0.27271916488511466       -8.3687131001300750E-005   1.2121212121212121E-002   1.0017929122882021        1.0101010101010102E-002   1.0017929122882021        1.0000000000000000        3.4447590911401704E-004
  0.28282026542261562       -8.2754374950584958E-005   1.2121212121212121E-002   1.0017896279637186        1.0101010101010102E-002   1.0017896279637186        1.0000000000000000        3.4061057350598389E-004
  0.29292139823635738       -8.1488439469758452E-005   1.2121212121212121E-002   1.0017863872866526        1.0101010101010102E-002   1.0017863872866526        1.0000000000000000        3.3537482485979098E-004
  0.30302256283024476       -7.9894435169096604E-005   1.2121212121212121E-002   1.0017832032929199        1.0101010101010102E-002   1.0017832032929199        1.0000000000000000        3.2879011479192144E-004
  0.31312375858035085       -7.7978794288251617E-005   1.2121212121212121E-002   1.0017800887856898        1.0101010101010102E-002   1.0017800887856898        1.0000000000000000        3.2088348821979196E-004
  0.32322498473748490       -7.5749238970497846E-005   1.2121212121212121E-002   1.0017770562849864        1.0101010101010102E-002   1.0017770562849864        1.0000000000000000        3.1168693661864921E-004
  0.33332624043021508       -7.3214755548199980E-005   1.2121212121212121E-002   1.0017741179785054        1.0101010101010102E-002   1.0017741179785054        1.0000000000000000        3.0123772698953388E-004
  0.34342752466840865       -7.0385558309395160E-005   1.2121212121212121E-002   1.0017712856730925        1.0101010101010102E-002   1.0017712856730925        1.0000000000000000        2.8957799789264271E-004
  0.35352883634721199       -6.7273046100312401E-005   1.2121212121212121E-002   1.0017685707459949        1.0101010101010102E-002   1.0017685707459949        1.0000000000000000        2.7675519648528990E-004
  0.36363017425156197       -6.3889757341819287E-005   1.2121212121212121E-002   1.0017659840997861        1.0101010101010102E-002   1.0017659840997861        1.0000000000000000        2.6282087417683897E-004
  0.37373153706105589       -6.0249315075024419E-005   1.2121212121212121E-002   1.0017635361201913        1.0101010101010102E-002   1.0017635361201913        1.0000000000000000        2.4783126980487680E-004
  0.38383292335529251       -5.6366381404502438E-005   1.2121212121212121E-002   1.0017612366343509        1.0101010101010102E-002   1.0017612366343509        1.0000000000000000        2.3184663264697036E-004
  0.39393433161957114       -5.2256591122027150E-005   1.2121212121212121E-002   1.0017590948711885        1.0101010101010102E-002   1.0017590948711885        1.0000000000000000        2.1493151948615008E-004
  0.40403576025101562       -4.7936491056885235E-005   1.2121212121212121E-002   1.0017571194238886        1.0101010101010102E-002   1.0017571194238886        1.0000000000000000        1.9715397844155547E-004
  0.41413720756502304       -4.3423470721897185E-005   1.2121212121212121E-002   1.0017553182179899        1.0101010101010102E-002   1.0017553182179899        1.0000000000000000        1.7858524464653414E-004
  0.42423867180200753       -3.8735696346112189E-005   1.2121212121212121E-002   1.0017536984791480        1.0101010101010102E-002   1.0017536984791480        1.0000000000000000        1.5930007914288780E-004
  0.43434015113449242       -3.3892038699178112E-005   1.2121212121212121E-002   1.0017522667033463        1.0101010101010102E-002   1.0017522667033463        1.0000000000000000        1.3937595742774533E-004
  0.44444164367444733       -2.8911992583022988E-005   1.2121212121212121E-002   1.0017510286318425        1.0101010101010102E-002   1.0017510286318425        1.0000000000000000        1.1889287755462163E-004
  0.45454314748087221       -2.3815598303788449E-005   1.2121212121212121E-002   1.0017499892288564        1.0101010101010102E-002   1.0017499892288564        1.0000000000000000        9.7932951175216942E-005
  0.46464466056757653       -1.8623366500817130E-005   1.2121212121212121E-002   1.0017491526619997        1.0101010101010102E-002   1.0017491526619997        1.0000000000000000        7.6580272196480337E-005
  0.47474618091114967       -1.3356193848758636E-005   1.2121212121212121E-002   1.0017485222850593        1.0101010101010102E-002   1.0017485222850593        1.0000000000000000        5.4920559071192088E-005
  0.48484770645908326       -8.0352761607213611E-006   1.2121212121212121E-002   1.0017481006245517        1.0101010101010102E-002   1.0017481006245517        1.0000000000000000        3.3040704761511108E-005
  0.49494923513800937       -2.6820229847663656E-006   1.2121212121212121E-002   1.0017478893708176        1.0101010101010102E-002   1.0017478893708176        1.0000000000000000        1.1028292445480758E-005
  0.50505076486199352        2.6820231885679980E-006   1.2121212121212121E-002   1.0017478893707950        1.0101010101010102E-002   1.0017478893707950        1.0000000000000000       -1.1028286479586313E-005
  0.51515229354091996        8.0352758262632444E-006   1.2121212121212121E-002   1.0017481006244364        1.0101010101010102E-002   1.0017481006244364        1.0000000000000000       -3.3040691294949909E-005
  0.52525381908885571        1.3356194016680028E-005   1.2121212121212121E-002   1.0017485222849825        1.0101010101010102E-002   1.0017485222849825        1.0000000000000000       -5.4920580937256602E-005
  0.53535533943242841        1.8623366499884556E-005   1.2121212121212121E-002   1.0017491526620772        1.0101010101010102E-002   1.0017491526620772        1.0000000000000000       -7.6580283541183292E-005
  0.54545685251913145        2.3815598293733076E-005   1.2121212121212121E-002   1.0017499892289883        1.0101010101010102E-002   1.0017499892289883        1.0000000000000000       -9.7932952803247986E-005
  0.55555835632555495        2.8911992478552672E-005   1.2121212121212121E-002   1.0017510286319851        1.0101010101010102E-002   1.0017510286319851        1.0000000000000000       -1.1889287869149001E-004
  0.56565984886550835        3.3892038846172312E-005   1.2121212121212121E-002   1.0017522667034420        1.0101010101010102E-002   1.0017522667034420        1.0000000000000000       -1.3937594295487798E-004
  0.57576132819799253        3.8735696397424137E-005   1.2121212121212121E-002   1.0017536984790385        1.0101010101010102E-002   1.0017536984790385        1.0000000000000000       -1.5930005284303661E-004
  0.58586279243498052        4.3423470417009356E-005   1.2121212121212121E-002   1.0017553182179963        1.0101010101010102E-002   1.0017553182179963        1.0000000000000000       -1.7858529379743970E-004
  0.59596423974898405        4.7936491504523906E-005   1.2121212121212121E-002   1.0017571194238750        1.0101010101010102E-002   1.0017571194238750        1.0000000000000000       -1.9715392559849221E-004
  0.60606566838043241        5.2256591183022257E-005   1.2121212121212121E-002   1.0017590948710116        1.0101010101010102E-002   1.0017590948710116        1.0000000000000000       -2.1493153880669524E-004
  0.61616707664471115        5.6366381090388869E-005   1.2121212121212121E-002   1.0017612366342725        1.0101010101010102E-002   1.0017612366342725        1.0000000000000000       -2.3184662949660151E-004
  0.62626846293894900        6.0249315110194054E-005   1.2121212121212121E-002   1.0017635361201369        1.0101010101010102E-002   1.0017635361201369        1.0000000000000000       -2.4783128397576348E-004
  0.63636982574844325        6.3889757143015952E-005   1.2121212121212121E-002   1.0017659840999864        1.0101010101010102E-002   1.0017659840999864        1.0000000000000000       -2.6282091162510568E-004
  0.64647116365278834        6.7273046416215846E-005   1.2121212121212121E-002   1.0017685707461303        1.0101010101010102E-002   1.0017685707461303        1.0000000000000000       -2.7675514721003935E-004
  0.65657247533159380        7.0385558250143728E-005   1.2121212121212121E-002   1.0017712856730863        1.0101010101010102E-002   1.0017712856730863        1.0000000000000000       -2.8957801580364873E-004
  0.66667375956978558        7.3214755687638802E-005   1.2121212121212121E-002   1.0017741179784676        1.0101010101010102E-002   1.0017741179784676        1.0000000000000000       -3.0123770032552954E-004
  0.67677501526251815        7.5749238830006074E-005   1.2121212121212121E-002   1.0017770562848607        1.0101010101010102E-002   1.0017770562848607        1.0000000000000000       -3.1168694612837555E-004
  0.68687624141965253        7.7978794411404841E-005   1.2121212121212121E-002   1.0017800887856041        1.0101010101010102E-002   1.0017800887856041        1.0000000000000000       -3.2088348570447067E-004
  0.69697743716976002        7.9894435132578614E-005   1.2121212121212121E-002   1.0017832032929097        1.0101010101010102E-002   1.0017832032929097        1.0000000000000000       -3.2879013565523252E-004
  0.70707860176364634        8.1488439373905480E-005   1.2121212121212121E-002   1.0017863872867785        1.0101010101010102E-002   1.0017863872867785        1.0000000000000000       -3.3537483259049594E-004
  0.71717973457738637        8.2754375087908081E-005   1.2121212121212121E-002   1.0017896279638216        1.0101010101010102E-002   1.0017896279638216        1.0000000000000000       -3.4061056210177298E-004
  0.72728083511488695        8.3687130918846998E-005   1.2121212121212121E-002   1.0017929122882245        1.0101010101010102E-002   1.0017929122882245        1.0000000000000000       -3.4447590147568263E-004
  0.73738190300991580        8.4282939396096180E-005   1.2121212121212121E-002   1.0017962270457237        1.0101010101010102E-002   1.0017962270457237        1.0000000000000000       -3.4695511214177799E-004
  0.74748293802759003        8.4539389125003010E-005   1.2121212121212121E-002   1.0017995588965030        1.0101010101010102E-002   1.0017995588965030        1.0000000000000000       -3.4803780531422746E-004
  0.75758394006535978        8.4455431554324723E-005   1.2121212121212121E-002   1.0018028944271353        1.0101010101010102E-002   1.0018028944271353        1.0000000000000000       -3.4771906993835699E-004
  0.76768490915347698        8.4031389675064401E-005   1.2121212121212121E-002   1.0018062202052205        1.0101010101010102E-002   1.0018062202052205        1.0000000000000000       -3.4599990416595006E-004
  0.77778584545489449        8.3268957965769444E-005   1.2121212121212121E-002   1.0018095228342787        1.0101010101010102E-002   1.0018095228342787        1.0000000000000000       -3.4288687108130489E-004
  0.78788674926464841        8.2171195442087817E-005   1.2121212121212121E-002   1.0018127890076542        1.0101010101010102E-002   1.0018127890076542        1.0000000000000000       -3.3839221264297947E-004
  0.79798762100869258        8.0742507127783350E-005   1.2121212121212121E-002   1.0018160055615131        1.0101010101010102E-002   1.0018160055615131        1.0000000000000000       -3.3253351368323081E-004
  0.80808846124223421        7.8988633175504239E-005   1.2121212121212121E-002   1.0018191595274168        1.0101010101010102E-002   1.0018191595274168        1.0000000000000000       -3.2533400363199405E-004
  0.81818927064753488        7.6916624775661443E-005   1.2121212121212121E-002   1.0018222381868214        1.0101010101010102E-002   1.0018222381868214        1.0000000000000000       -3.1682262961663099E-004
  0.82829005003115963        7.4534818840804015E-005   1.2121212121212121E-002   1.0018252291220762        1.0101010101010102E-002   1.0018252291220762        1.0000000000000000       -3.0703326055014912E-004
  0.83839080032077318        7.1852794293535840E-005   1.2121212121212121E-002   1.0018281202651291        1.0101010101010102E-002   1.0018281202651291        1.0000000000000000       -2.9600497766235634E-004
  0.84849152256143334        6.8881343681156430E-005   1.2121212121212121E-002   1.0018308999472987        1.0101010101010102E-002   1.0018308999472987        1.0000000000000000       -2.8378203323242701E-004
  0.85859221791140061        6.5632427120448708E-005   1.2121212121212121E-002   1.0018335569479482        1.0101010101010102E-002   1.0018335569479482        1.0000000000000000       -2.7041366211477680E-004
  0.86869288763746511        6.2119125167024172E-005   1.2121212121212121E-002   1.0018360805390782        1.0101010101010102E-002   1.0018360805390782        1.0000000000000000       -2.5595342378448294E-004
  0.87879353310988184        5.8355580187463461E-005   1.2121212121212121E-002   1.0018384605288086        1.0101010101010102E-002   1.0018384605288086        1.0000000000000000       -2.4045957984242250E-004
  0.88889415579683650        5.4356946899551233E-005   1.2121212121212121E-002   1.0018406873026011        1.0101010101010102E-002   1.0018406873026011        1.0000000000000000       -2.2399429998376519E-004
  0.89899475725857014        5.0139327749775842E-005   1.2121212121212121E-002   1.0018427518636124        1.0101010101010102E-002   1.0018427518636124        1.0000000000000000       -2.0662427218809398E-004
  0.90909533914104435        4.5719710637621028E-005   1.2121212121212121E-002   1.0018446458697727        1.0101010101010102E-002   1.0018446458697727        1.0000000000000000       -1.8841937109392859E-004
  0.91919590316933009        4.1115895700551891E-005   1.2121212121212121E-002   1.0018463616656226        1.0101010101010102E-002   1.0018463616656226        1.0000000000000000       -1.6945292914538612E-004
  0.92929645114065595        3.6346426902076698E-005   1.2121212121212121E-002   1.0018478923147383        1.0101010101010102E-002   1.0018478923147383        1.0000000000000000       -1.4980155234312065E-004
  0.93939698491714951        3.1430517596547425E-005   1.2121212121212121E-002   1.0018492316289274        1.0101010101010102E-002   1.0018492316289274        1.0000000000000000       -1.2954469838355465E-004
  0.94949750641830888        2.6387973514785902E-005   1.2121212121212121E-002   1.0018503741934655        1.0101010101010102E-002   1.0018503741934655        1.0000000000000000       -1.0876421580352513E-004
  0.95959801761324504        2.1239108453150450E-005   1.2121212121212121E-002   1.0018513153878856        1.0101010101010102E-002   1.0018513153878856        1.0000000000000000       -8.7543868495743027E-005
  0.96969852051274730        1.6004666765169398E-005   1.2121212121212121E-002   1.0018520514047351        1.0101010101010102E-002   1.0018520514047351        1.0000000000000000       -6.5969435889101646E-005
  0.97979901716115858        1.0705738752939925E-005   1.2121212121212121E-002   1.0018525792675794        1.0101010101010102E-002   1.0018525792675794        1.0000000000000000       -4.4128429704137773E-005
  0.98989950962807383        5.3636751394825569E-006   1.2121212121212121E-002   1.0018528968420592        1.0101010101010102E-002   1.0018528968420592        1.0000000000000000       -2.2108950520127735E-005
   1.0000000000000040        5.1475572329829175E-013   1.2121212121212121E-002   1.0018530028434283        1.0101010101010102E-002   1.0018530028434283        1.0000000000000000       -4.6154191579717008E-011
   1.0101004903719284       -5.4165992997935335E-006   1.2121212121212121E-002   1.0018528968421914        1.0101010101010102E-002   1.0018528968421914        1.0000000000000000        2.2108985259450264E-005
   1.0202009828388443       -1.0811372330121287E-005   1.2121212121212121E-002   1.0018525792676327        1.0101010101010102E-002   1.0018525792676327        1.0000000000000000        4.4128430977785627E-005
   1.0303014794872538       -1.6162583023557823E-005   1.2121212121212121E-002   1.0018520514046374        1.0101010101010102E-002   1.0018520514046374        1.0000000000000000        6.5969480310457129E-005
   1.0404019823867596       -2.1448668911867901E-005   1.2121212121212121E-002   1.0018513153876123        1.0101010101010102E-002   1.0018513153876123        1.0000000000000000        8.7543858429128818E-005
   1.0505024935816987       -2.6648330429972026E-005   1.2121212121212121E-002   1.0018503741935287        1.0101010101010102E-002   1.0018503741935287        1.0000000000000000        1.0876415528482397E-004
   1.0606030150828534       -3.1740618698683883E-005   1.2121212121212121E-002   1.0018492316290446        1.0101010101010102E-002   1.0018492316290446        1.0000000000000000        1.2954474246829051E-004
   1.0707035488593488       -3.6705018222606707E-005   1.2121212121212121E-002   1.0018478923147134        1.0101010101010102E-002   1.0018478923147134        1.0000000000000000        1.4980153841559485E-004
   1.0808040968306736       -4.1521527975118104E-005   1.2121212121212121E-002   1.0018463616656468        1.0101010101010102E-002   1.0018463616656468        1.0000000000000000        1.6945294014369949E-004
   1.0909046608589597       -4.6170743718600681E-005   1.2121212121212121E-002   1.0018446458696959        1.0101010101010102E-002   1.0018446458696959        1.0000000000000000        7.6281861480795783     
   1.1010052427414356       -5.0633939682952552E-005   1.2121212121212121E-002   1.0018427518637267        1.0101010101010102E-002   1.0018427518637267        1.0000000000000000        93.409897438872406     
  -1.0100490371926174E-002   5.4165990432389674E-006   1.2121212121212121E-002   1.0018528968420592        1.0101010101010102E-002   1.0018528968420592        1.0000000000000000       -2.2108963241507240E-005
  -2.0200982838841419E-002   1.0811372373622589E-005   1.2121212121212121E-002   1.0018525792675794        1.0101010101010102E-002   1.0018525792675794        1.0000000000000000       -4.4128438140944581E-005
  -3.0301479487252703E-002   1.6162582850987467E-005   1.2121212121212121E-002   1.0018520514047351        1.0101010101010102E-002   1.0018520514047351        1.0000000000000000       -6.5969435900647966E-005
  -4.0401982386754964E-002   2.1448668874981046E-005   1.2121212121212121E-002   1.0018513153878856        1.0101010101010102E-002   1.0018513153878856        1.0000000000000000       -8.7543868486861243E-005
  -5.0502493581691121E-002   2.6648330680383480E-005   1.2121212121212121E-002   1.0018503741934655        1.0101010101010102E-002   1.0018503741934655        1.0000000000000000       -1.0876421580618967E-004
  -6.0603015082850487E-002   3.1740618577774307E-005   1.2121212121212121E-002   1.0018492316289274        1.0101010101010102E-002   1.0018492316289274        1.0000000000000000       -1.2954469837911375E-004
  -7.0703548859344045E-002   3.6705018149138817E-005   1.2121212121212121E-002   1.0018478923147383        1.0101010101010102E-002   1.0018478923147383        1.0000000000000000       -1.4980155234489700E-004
  -8.0804096830669914E-002   4.1521527841043184E-005   1.2121212121212121E-002   1.0018463616656226        1.0101010101010102E-002   1.0018463616656226        1.0000000000000000       -1.6945292914982701E-004
  -9.0904660858955655E-002   4.6170744094854810E-005   1.2121212121212121E-002   1.0018446458697727        1.0101010101010102E-002   1.0018446458697727        1.0000000000000000       -7.6281861480643016     
 -0.10100524274142986        5.0633939546074358E-005   1.2121212121212121E-002   1.0018427518636124        1.0101010101010102E-002   1.0018427518636124        1.0000000000000000       -93.409897438892500     
