 # x v h rho m p cs a
   28.150303030307686     
   3.1869411548080324E-014  -2.6384820254558316E-013   1.2121212121212121E-002   1.0017058058082897        1.0101010101010102E-002   1.0017058058082897        1.0000000000000000       -1.2517364922359775E-010
   1.0101945172253058E-002   1.7512456704078503E-006   1.2121212121212121E-002   1.0017059959448025        1.0101010101010102E-002   1.0017059959448025        1.0000000000000000       -3.9666321153042361E-005
   2.0203886585562991E-002   3.4953225960556310E-006   1.2121212121212121E-002   1.0017065655925879        1.0101010101010102E-002   1.0017065655925879        1.0000000000000000       -7.9173964984136092E-005
   3.0305820496084632E-002   5.2250901923864479E-006   1.2121212121212121E-002   1.0017075124753185        1.0101010101010102E-002   1.0017075124753185        1.0000000000000000       -1.1836507215523540E-004
   4.0407743189944056E-002   6.9334701535688930E-006   1.2121212121212121E-002   1.0017088328082944        1.0101010101010102E-002   1.0017088328082944        1.0000000000000000       -1.5708282518556160E-004
   5.0509650998127140E-002   8.6134772412314887E-006   1.2121212121212121E-002   1.0017105213124828        1.0101010101010102E-002   1.0017105213124828        1.0000000000000000       -1.9517212523378902E-004
   6.0611540311182058E-002   1.0258248678034452E-005   1.2121212121212121E-002   1.0017125712354791        1.0101010101010102E-002   1.0017125712354791        1.0000000000000000       -2.3248058571123664E-004
   7.0713407593662861E-002   1.1861068389081865E-005   1.2121212121212121E-002   1.0017149743800786        1.0101010101010102E-002   1.0017149743800786        1.0000000000000000       -2.6885908551044224E-004
   8.0815249398255712E-002   1.3415401837708774E-005   1.2121212121212121E-002   1.0017177211350523        1.0101010101010102E-002   1.0017177211350523        1.0000000000000000       -3.0416164738511497E-004
   9.0917062379616706E-002   1.4914921379468413E-005   1.2121212121212121E-002   1.0017208005105822        1.0101010101010102E-002   1.0017208005105822        1.0000000000000000       -3.3824656886061177E-004
  0.10101884330780729        1.6353534139579806E-005   1.2121212121212121E-002   1.0017242001843583        1.0101010101010102E-002   1.0017242001843583        1.0000000000000000       -3.7097750182191191E-004
  0.11112058908120323        1.7725404773723451E-005   1.2121212121212121E-002   1.0017279065500617        1.0101010101010102E-002   1.0017279065500617        1.0000000000000000       -4.0222289736036032E-004
  0.12122229673897043        1.9024977738280055E-005   1.2121212121212121E-002   1.0017319047685505        1.0101010101010102E-002   1.0017319047685505        1.0000000000000000       -4.3185710140125622E-004
  0.13132396347297001        2.0247008509772996E-005   1.2121212121212121E-002   1.0017361788271479        1.0101010101010102E-002   1.0017361788271479        1.0000000000000000       -4.5976091466126690E-004
  0.14142558663905089        2.1386580678469503E-005   1.2121212121212121E-002   1.0017407116027646        1.0101010101010102E-002   1.0017407116027646        1.0000000000000000       -4.8582192502877319E-004
  0.15152716376770900        2.2439118353170210E-005   1.2121212121212121E-002   1.0017454849305008        1.0101010101010102E-002   1.0017454849305008        1.0000000000000000       -5.0993525195863754E-004
  0.16162869257401496        2.3400414430572504E-005   1.2121212121212121E-002   1.0017504796744767        1.0101010101010102E-002   1.0017504796744767        1.0000000000000000       -5.3200326857805180E-004
  0.17173017096687390        2.4266644421593600E-005   1.2121212121212121E-002   1.0017556758025870        1.0101010101010102E-002   1.0017556758025870        1.0000000000000000       -5.5193673412112787E-004
  0.18183159705747864        2.5034380832327633E-005   1.2121212121212121E-002   1.0017610524677787        1.0101010101010102E-002   1.0017610524677787        1.0000000000000000       -5.6965495376015696E-004
  0.19193296916694713        2.5700603428896404E-005   1.2121212121212121E-002   1.0017665880890381        1.0101010101010102E-002   1.0017665880890381        1.0000000000000000       -5.8508565989257022E-004
  0.20203428583318611        2.6262708166023520E-005   1.2121212121212121E-002   1.0017722604384283        1.0101010101010102E-002   1.0017722604384283        1.0000000000000000       -5.9816628750386514E-004
  0.21213554581679578        2.6718529569136573E-005   1.2121212121212121E-002   1.0017780467289910        1.0101010101010102E-002   1.0017780467289910        1.0000000000000000       -6.0884292242224802E-004
  0.22223674810619737        2.7066333327034399E-005   1.2121212121212121E-002   1.0017839237049793        1.0101010101010102E-002   1.0017839237049793        1.0000000000000000       -6.1707187983905953E-004
  0.23233789192175971        2.7304826991539134E-005   1.2121212121212121E-002   1.0017898677374695        1.0101010101010102E-002   1.0017898677374695        1.0000000000000000       -6.2281914939532612E-004
  0.24243897671901735        2.7433161834412922E-005   1.2121212121212121E-002   1.0017958549159138        1.0101010101010102E-002   1.0017958549159138        1.0000000000000000       -6.2606018418609466E-004
  0.25254000219100398        2.7450941112473640E-005   1.2121212121212121E-002   1.0018018611443424        1.0101010101010102E-002   1.0018018611443424        1.0000000000000000       -6.2678103913338390E-004
  0.26264096826956607        2.7358212509709111E-005   1.2121212121212121E-002   1.0018078622407625        1.0101010101010102E-002   1.0018078622407625        1.0000000000000000       -6.2497789090709688E-004
  0.27274187512571690        2.7155468669507849E-005   1.2121212121212121E-002   1.0018138340320004        1.0101010101010102E-002   1.0018138340320004        1.0000000000000000       -6.2065661851740117E-004
  0.28284272316909159        2.6843637681377531E-005   1.2121212121212121E-002   1.0018197524517263        1.0101010101010102E-002   1.0018197524517263        1.0000000000000000       -6.1383379486201761E-004
  0.29294351304635702        2.6424091717544905E-005   1.2121212121212121E-002   1.0018255936381752        1.0101010101010102E-002   1.0018255936381752        1.0000000000000000       -6.0453569457230572E-004
  0.30304424563873528        2.5898626291028267E-005   1.2121212121212121E-002   1.0018313340306635        1.0101010101010102E-002   1.0018313340306635        1.0000000000000000       -5.9279906395737214E-004
  0.31314492205851080        2.5269454704587677E-005   1.2121212121212121E-002   1.0018369504660394        1.0101010101010102E-002   1.0018369504660394        1.0000000000000000       -5.7867019100399375E-004
  0.32324554364463570        2.4539197607929921E-005   1.2121212121212121E-002   1.0018424202688094        1.0101010101010102E-002   1.0018424202688094        1.0000000000000000       -5.6220467667156271E-004
  0.33334611195748309        2.3710877485353701E-005   1.2121212121212121E-002   1.0018477213476009        1.0101010101010102E-002   1.0018477213476009        1.0000000000000000       -5.4346889556455835E-004
  0.34344662877252607        2.2787896019974062E-005   1.2121212121212121E-002   1.0018528322862903        1.0101010101010102E-002   1.0018528322862903        1.0000000000000000       -5.2253745173480581E-004
  0.35354709607328683        2.1774020555001218E-005   1.2121212121212121E-002   1.0018577324265796        1.0101010101010102E-002   1.0018577324265796        1.0000000000000000       -4.9949391661030518E-004
  0.36364751604340878        2.0673374425461153E-005   1.2121212121212121E-002   1.0018624019538522        1.0101010101010102E-002   1.0018624019538522        1.0000000000000000       -4.7443073702435612E-004
  0.37374789105790007        1.9490415127987197E-005   1.2121212121212121E-002   1.0018668219804960        1.0101010101010102E-002   1.0018668219804960        1.0000000000000000       -4.4744890650960656E-004
  0.38384822367355664        1.8229916517210003E-005   1.2121212121212121E-002   1.0018709746230607        1.0101010101010102E-002   1.0018709746230607        1.0000000000000000       -4.1865693209164334E-004
  0.39394851661868485        1.6896946670573775E-005   1.2121212121212121E-002   1.0018748430737840        1.0101010101010102E-002   1.0018748430737840        1.0000000000000000       -3.8817067929919347E-004
  0.40404877278212004        1.5496854032723791E-005   1.2121212121212121E-002   1.0018784116697415        1.0101010101010102E-002   1.0018784116697415        1.0000000000000000       -3.5611304167026958E-004
  0.41414899520158344        1.4035240018390026E-005   1.2121212121212121E-002   1.0018816659585412        1.0101010101010102E-002   1.0018816659585412        1.0000000000000000       -3.2261361202490235E-004
  0.42424918705140324        1.2517944114344035E-005   1.2121212121212121E-002   1.0018845927587263        1.0101010101010102E-002   1.0018845927587263        1.0000000000000000       -2.8780782733228705E-004
  0.43434935162967336        1.0951009205816149E-005   1.2121212121212121E-002   1.0018871802112710        1.0101010101010102E-002   1.0018871802112710        1.0000000000000000       -2.5183600843359244E-004
  0.44444949234497372        9.3406696330434058E-006   1.2121212121212121E-002   1.0018894178295004        1.0101010101010102E-002   1.0018894178295004        1.0000000000000000       -2.1484397102522479E-004
  0.45454961270253880        7.6933259255115135E-006   1.2121212121212121E-002   1.0018912965441427        1.0101010101010102E-002   1.0018912965441427        1.0000000000000000       -1.7698142339650502E-004
  0.46464971629008245        6.0155144087206480E-006   1.2121212121212121E-002   1.0018928087394050        1.0101010101010102E-002   1.0018928087394050        1.0000000000000000       -1.3840173570667247E-004
  0.47474980676326561        4.3138852415582765E-006   1.2121212121212121E-002   1.0018939482848102        1.0101010101010102E-002   1.0018939482848102        1.0000000000000000       -9.9261142283424419E-005
  0.48484988783088295        2.5951788469066555E-006   1.2121212121212121E-002   1.0018947105580867        1.0101010101010102E-002   1.0018947105580867        1.0000000000000000       -5.9717852800567073E-005
  0.49494996323989865        8.6620167281956292E-007   1.2121212121212121E-002   1.0018950924683163        1.0101010101010102E-002   1.0018950924683163        1.0000000000000000       -1.9932908769781932E-005
  0.50505003676015636       -8.6620131652363944E-007   1.2121212121212121E-002   1.0018950924686334        1.0101010101010102E-002   1.0018950924686334        1.0000000000000000        1.9932846101688995E-005
  0.51515011216916395       -2.5951794025523728E-006   1.2121212121212121E-002   1.0018947105581002        1.0101010101010102E-002   1.0018947105581002        1.0000000000000000        5.9717970894546113E-005
  0.52525019323678945       -4.3138849620731843E-006   1.2121212121212121E-002   1.0018939482846456        1.0101010101010102E-002   1.0018939482846456        1.0000000000000000        9.9261064183231440E-005
  0.53535028370996840       -6.0155137302526427E-006   1.2121212121212121E-002   1.0018928087394130        1.0101010101010102E-002   1.0018928087394130        1.0000000000000000        1.3840178689417115E-004
  0.54545038729751494       -7.6933263391452607E-006   1.2121212121212121E-002   1.0018912965437794        1.0101010101010102E-002   1.0018912965437794        1.0000000000000000        1.7698143746880390E-004
  0.55555050765508607       -9.3406702254834230E-006   1.2121212121212121E-002   1.0018894178296480        1.0101010101010102E-002   1.0018894178296480        1.0000000000000000        2.1484385623971036E-004
  0.56565064837037626       -1.0951009451434173E-005   1.2121212121212121E-002   1.0018871802113127        1.0101010101010102E-002   1.0018871802113127        1.0000000000000000        2.5183614351842465E-004
  0.57575081294865516       -1.2517943386036907E-005   1.2121212121212121E-002   1.0018845927583582        1.0101010101010102E-002   1.0018845927583582        1.0000000000000000        2.8780777890879961E-004
  0.58585100479847496       -1.4035240090785322E-005   1.2121212121212121E-002   1.0018816659585623        1.0101010101010102E-002   1.0018816659585623        1.0000000000000000        3.2261358151597364E-004
  0.59595122721793747       -1.5496854150530553E-005   1.2121212121212121E-002   1.0018784116699302        1.0101010101010102E-002   1.0018784116699302        1.0000000000000000        3.5611302996940708E-004
  0.60605148338136927       -1.6896946693760740E-005   1.2121212121212121E-002   1.0018748430738051        1.0101010101010102E-002   1.0018748430738051        1.0000000000000000        3.8817072990848800E-004
  0.61615177632650042       -1.8229916159304468E-005   1.2121212121212121E-002   1.0018709746228971        1.0101010101010102E-002   1.0018709746228971        1.0000000000000000        4.1865692253129083E-004
  0.62625210894215777       -1.9490415556287777E-005   1.2121212121212121E-002   1.0018668219804217        1.0101010101010102E-002   1.0018668219804217        1.0000000000000000        4.4744889667480692E-004
  0.63635248395664978       -2.0673374686837170E-005   1.2121212121212121E-002   1.0018624019538933        1.0101010101010102E-002   1.0018624019538933        1.0000000000000000        4.7443072234187866E-004
  0.64645290392676991       -2.1774019944591289E-005   1.2121212121212121E-002   1.0018577324265814        1.0101010101010102E-002   1.0018577324265814        1.0000000000000000        4.9949393948889309E-004
  0.65655337122753277       -2.2787896383064458E-005   1.2121212121212121E-002   1.0018528322864255        1.0101010101010102E-002   1.0018528322864255        1.0000000000000000        5.2253739622010187E-004
  0.66665388804257120       -2.3710877338526757E-005   1.2121212121212121E-002   1.0018477213479471        1.0101010101010102E-002   1.0018477213479471        1.0000000000000000        5.4346891096113126E-004
  0.67675445635541498       -2.4539197563497219E-005   1.2121212121212121E-002   1.0018424202686660        1.0101010101010102E-002   1.0018424202686660        1.0000000000000000        5.6220476448398671E-004
  0.68685507794154710       -2.5269454742662059E-005   1.2121212121212121E-002   1.0018369504658196        1.0101010101010102E-002   1.0018369504658196        1.0000000000000000        5.7867012133172580E-004
  0.69695575436132062       -2.5898626398681103E-005   1.2121212121212121E-002   1.0018313340308607        1.0101010101010102E-002   1.0018313340308607        1.0000000000000000        5.9279904490949775E-004
  0.70705648695369616       -2.6424091636146523E-005   1.2121212121212121E-002   1.0018255936383693        1.0101010101010102E-002   1.0018255936383693        1.0000000000000000        6.0453570763652209E-004
  0.71715727683096053       -2.6843637819408268E-005   1.2121212121212121E-002   1.0018197524518970        1.0101010101010102E-002   1.0018197524518970        1.0000000000000000        6.1383379158019835E-004
  0.72725812487433261       -2.7155468302110987E-005   1.2121212121212121E-002   1.0018138340319918        1.0101010101010102E-002   1.0018138340319918        1.0000000000000000        6.2065666298405375E-004
  0.73735903173048634       -2.7358213226133091E-005   1.2121212121212121E-002   1.0018078622406643        1.0101010101010102E-002   1.0018078622406643        1.0000000000000000        6.2497786076409767E-004
  0.74745999780904837       -2.7450940757637274E-005   1.2121212121212121E-002   1.0018018611446189        1.0101010101010102E-002   1.0018018611446189        1.0000000000000000        6.2678099052781988E-004
  0.75756102328102859       -2.7433161797408780E-005   1.2121212121212121E-002   1.0017958549160169        1.0101010101010102E-002   1.0017958549160169        1.0000000000000000        6.2606026942191306E-004
  0.76766210807829016       -2.7304826314990795E-005   1.2121212121212121E-002   1.0017898677371566        1.0101010101010102E-002   1.0017898677371566        1.0000000000000000        6.2281915286099832E-004
  0.77776325189385587       -2.7066334170147681E-005   1.2121212121212121E-002   1.0017839237048525        1.0101010101010102E-002   1.0017839237048525        1.0000000000000000        6.1707183922266040E-004
  0.78786445418325635       -2.6718529222717269E-005   1.2121212121212121E-002   1.0017780467289426        1.0101010101010102E-002   1.0017780467289426        1.0000000000000000        6.0884294290897145E-004
  0.79796571416686768       -2.6262708414332716E-005   1.2121212121212121E-002   1.0017722604382315        1.0101010101010102E-002   1.0017722604382315        1.0000000000000000        5.9816630152020878E-004
  0.80806703083310916       -2.5700603565957628E-005   1.2121212121212121E-002   1.0017665880888598        1.0101010101010102E-002   1.0017665880888598        1.0000000000000000        5.8508564229331483E-004
  0.81816840294257931       -2.5034380779549511E-005   1.2121212121212121E-002   1.0017610524679879        1.0101010101010102E-002   1.0017610524679879        1.0000000000000000        5.6965488361626626E-004
  0.82826982903317803       -2.4266644638700162E-005   1.2121212121212121E-002   1.0017556758030211        1.0101010101010102E-002   1.0017556758030211        1.0000000000000000        5.5193675945108822E-004
  0.83837130742603305       -2.3400413881052029E-005   1.2121212121212121E-002   1.0017504796743966        1.0101010101010102E-002   1.0017504796743966        1.0000000000000000        5.3200335195935367E-004
  0.84847283623234537       -2.2439118442857379E-005   1.2121212121212121E-002   1.0017454849303524        1.0101010101010102E-002   1.0017454849303524        1.0000000000000000        5.0993518546782468E-004
  0.85857441336100060       -2.1386580603346212E-005   1.2121212121212121E-002   1.0017407116028552        1.0101010101010102E-002   1.0017407116028552        1.0000000000000000        4.8582193958335296E-004
  0.86867603652708170       -2.0247008499682167E-005   1.2121212121212121E-002   1.0017361788270112        1.0101010101010102E-002   1.0017361788270112        1.0000000000000000        4.5976094704780479E-004
  0.87877770326108384       -1.9024977671846797E-005   1.2121212121212121E-002   1.0017319047682216        1.0101010101010102E-002   1.0017319047682216        1.0000000000000000        4.3185711652693470E-004
  0.88887941091885558       -1.7725404597011155E-005   1.2121212121212121E-002   1.0017279065499360        1.0101010101010102E-002   1.0017279065499360        1.0000000000000000        4.0222283166624351E-004
  0.89898115669225032       -1.6353534430745275E-005   1.2121212121212121E-002   1.0017242001848690        1.0101010101010102E-002   1.0017242001848690        1.0000000000000000        3.7097743112024517E-004
  0.90908293762043046       -1.4914921037811345E-005   1.2121212121212121E-002   1.0017208005108553        1.0101010101010102E-002   1.0017208005108553        1.0000000000000000        3.3824669201631963E-004
  0.91918475060179583       -1.3415401666477779E-005   1.2121212121212121E-002   1.0017177211347130        1.0101010101010102E-002   1.0017177211347130        1.0000000000000000        3.0416165534230544E-004
  0.92928659240639266       -1.1861069033650655E-005   1.2121212121212121E-002   1.0017149743800127        1.0101010101010102E-002   1.0017149743800127        1.0000000000000000        2.6885902373940951E-004
  0.93938845968887041       -1.0258248703517352E-005   1.2121212121212121E-002   1.0017125712355319        1.0101010101010102E-002   1.0017125712355319        1.0000000000000000        2.3248061676284237E-004
  0.94949034900192686       -8.6134767906586601E-006   1.2121212121212121E-002   1.0017105213123791        1.0101010101010102E-002   1.0017105213123791        1.0000000000000000        1.9517212961606134E-004
  0.95959225681011084       -6.9334700643675746E-006   1.2121212121212121E-002   1.0017088328082462        1.0101010101010102E-002   1.0017088328082462        1.0000000000000000        1.5708280902337890E-004
  0.96969417950397074       -5.2250904328060350E-006   1.2121212121212121E-002   1.0017075124755632        1.0101010101010102E-002   1.0017075124755632        1.0000000000000000        1.1836502258244508E-004
  0.97979611341448658       -3.4953226963973029E-006   1.2121212121212121E-002   1.0017065655928268        1.0101010101010102E-002   1.0017065655928268        1.0000000000000000        7.9174019398386974E-005
  0.98989805482779680       -1.7512455832869637E-006   1.2121212121212121E-002   1.0017059959446206        1.0101010101010102E-002   1.0017059959446206        1.0000000000000000        3.9666354942013982E-005
   1.0000000000000224        1.6228884606468655E-013   1.2121212121212121E-002   1.0017058058082902        1.0101010101010102E-002   1.0017058058082902        1.0000000000000000        5.2725823707078234E-011
   1.0101019451722530        1.8471781936685719E-006   1.2121212121212121E-002   1.0017059959448025        1.0101010101010102E-002   1.0017059959448025        1.0000000000000000       -3.9666374614277800E-005
   1.0202038865855629        3.6868038869816920E-006   1.2121212121212121E-002   1.0017065655925879        1.0101010101010102E-002   1.0017065655925879        1.0000000000000000       -7.9173999325554689E-005
   1.0303058204960847        5.5113548503293982E-006   1.2121212121212121E-002   1.0017075124753185        1.0101010101010102E-002   1.0017075124753185        1.0000000000000000       -1.1836507281248743E-004
   1.0404077431899441        7.3133736094346834E-006   1.2121212121212121E-002   1.0017088328082944        1.0101010101010102E-002   1.0017088328082944        1.0000000000000000       -1.5708282671766938E-004
   1.0505096509981271        9.0854998532964174E-006   1.2121212121212121E-002   1.0017105213124828        1.0101010101010102E-002   1.0017105213124828        1.0000000000000000       -1.9517212458186606E-004
   1.0606115403111820        1.0820502200727303E-005   1.2121212121212121E-002   1.0017125712354791        1.0101010101010102E-002   1.0017125712354791        1.0000000000000000       -2.3248058454061749E-004
   1.0707134075936628        1.2511304093405419E-005   1.2121212121212121E-002   1.0017149743800786        1.0101010101010102E-002   1.0017149743800786        1.0000000000000000       -2.6885908594742602E-004
   1.0808152493982557        1.4151017983285682E-005   1.2121212121212121E-002   1.0017177211350523        1.0101010101010102E-002   1.0017177211350523        1.0000000000000000       -3.0416164750057817E-004
   1.0909170623796167        1.5732973573945306E-005   1.2121212121212121E-002   1.0017208005105822        1.0101010101010102E-002   1.0017208005105822        1.0000000000000000        7.6197155861877945     
   1.1010188433078072        1.7250748152152358E-005   1.2121212121212121E-002   1.0017242001843583        1.0101010101010102E-002   1.0017242001843583        1.0000000000000000        93.405187860565363     
  -1.0101945172203197E-002  -1.8471781949004447E-006   1.2121212121212121E-002   1.0017059959446206        1.0101010101010102E-002   1.0017059959446206        1.0000000000000000        3.9666408430782951E-005
  -2.0203886585513420E-002  -3.6868041146827665E-006   1.2121212121212121E-002   1.0017065655928268        1.0101010101010102E-002   1.0017065655928268        1.0000000000000000        7.9174055018782497E-005
  -3.0305820496029257E-002  -5.5113549602287433E-006   1.2121212121212121E-002   1.0017075124755632        1.0101010101010102E-002   1.0017075124755632        1.0000000000000000        1.1836502259310322E-004
  -4.0407743189889156E-002  -7.3133734814183538E-006   1.2121212121212121E-002   1.0017088328082462        1.0101010101010102E-002   1.0017088328082462        1.0000000000000000        1.5708280902160254E-004
  -5.0509650998073141E-002  -9.0854994376844433E-006   1.2121212121212121E-002   1.0017105213123791        1.0101010101010102E-002   1.0017105213123791        1.0000000000000000        1.9517212961694952E-004
  -6.0611540311129586E-002  -1.0820502298683410E-005   1.2121212121212121E-002   1.0017125712355319        1.0101010101010102E-002   1.0017125712355319        1.0000000000000000        2.3248061675307241E-004
  -7.0713407593607336E-002  -1.2511304556946220E-005   1.2121212121212121E-002   1.0017149743800127        1.0101010101010102E-002   1.0017149743800127        1.0000000000000000        2.6885902372786319E-004
  -8.0815249398204170E-002  -1.4151017848168558E-005   1.2121212121212121E-002   1.0017177211347130        1.0101010101010102E-002   1.0017177211347130        1.0000000000000000        3.0416165533342365E-004
  -9.0917062379569535E-002  -1.5732973541743597E-005   1.2121212121212121E-002   1.0017208005108553        1.0101010101010102E-002   1.0017208005108553        1.0000000000000000       -7.6197155861089527     
 -0.10101884330774968       -1.7250748252680288E-005   1.2121212121212121E-002   1.0017242001848690        1.0101010101010102E-002   1.0017242001848690        1.0000000000000000       -93.405187860612287     
