 # x v h rho m p cs a
   22.751515151516806     
   1.1545355101484383E-014   4.3838333636621135E-015   1.2121212121212121E-002   1.0018605980113802        1.0101010101010102E-002   1.0018605980113802        1.0000000000000000        1.6681500625281842E-010
   1.0100415317491200E-002  -5.0257683586429183E-006   1.2121212121212121E-002   1.0018604763957502        1.0101010101010102E-002   1.0018604763957502        1.0000000000000000        2.5365349383577040E-005
   2.0200833038513770E-002  -1.0031266171162245E-005   1.2121212121212121E-002   1.0018601120490704        1.0101010101010102E-002   1.0018601120490704        1.0000000000000000        5.0626841016310209E-005
   3.0301255556780649E-002  -1.4996303737240654E-005   1.2121212121212121E-002   1.0018595064585818        1.0101010101010102E-002   1.0018595064585818        1.0000000000000000        7.5681913492608999E-005
   4.0401685246439369E-002  -1.9900856053938330E-005   1.2121212121212121E-002   1.0018586620965191        1.0101010101010102E-002   1.0018586620965191        1.0000000000000000        1.0042793343512102E-004
   5.0502124452352790E-002  -2.4725145163644819E-005   1.2121212121212121E-002   1.0018575824124984        1.0101010101010102E-002   1.0018575824124984        1.0000000000000000        1.2476369239067253E-004
   6.0602575480509784E-002  -2.9449714714741253E-005   1.2121212121212121E-002   1.0018562718161679        1.0101010101010102E-002   1.0018562718161679        1.0000000000000000        1.4859019712876176E-004
   7.0703040588648264E-002  -3.4055514391324720E-005   1.2121212121212121E-002   1.0018547356565275        1.0101010101010102E-002   1.0018547356565275        1.0000000000000000        1.7181059950388544E-004
   8.0803521977078199E-002  -3.8523976264607679E-005   1.2121212121212121E-002   1.0018529802007696        1.0101010101010102E-002   1.0018529802007696        1.0000000000000000        1.9433027874082853E-004
   9.0904021779718028E-002  -4.2837086788881911E-005   1.2121212121212121E-002   1.0018510126102098        1.0101010101010102E-002   1.0018510126102098        1.0000000000000000        2.1605736113450291E-004
  0.10100454205538431       -4.6977462572414306E-005   1.2121212121212121E-002   1.0018488409086652        1.0101010101010102E-002   1.0018488409086652        1.0000000000000000        2.3690385075259002E-004
  0.11110508477945476       -5.0928418829762699E-005   1.2121212121212121E-002   1.0018464739451172        1.0101010101010102E-002   1.0018464739451172        1.0000000000000000        2.5678567688114384E-004
  0.12120565183590853       -5.4674039558525765E-005   1.2121212121212121E-002   1.0018439213583548        1.0101010101010102E-002   1.0018439213583548        1.0000000000000000        2.7562220609844701E-004
  0.13130624500967866       -5.8199236565273355E-005   1.2121212121212121E-002   1.0018411935392815        1.0101010101010102E-002   1.0018411935392815        1.0000000000000000        2.9333715683943495E-004
  0.14140686597942850       -6.1489816707962700E-005   1.2121212121212121E-002   1.0018383015862800        1.0101010101010102E-002   1.0018383015862800        1.0000000000000000        3.0985923758031220E-004
  0.15150751631078629       -6.4532534581869533E-005   1.2121212121212121E-002   1.0018352572548290        1.0101010101010102E-002   1.0018352572548290        1.0000000000000000        3.2512268875350969E-004
  0.16160819745013183       -6.7315146903978987E-005   1.2121212121212121E-002   1.0018320729100525        1.0101010101010102E-002   1.0018320729100525        1.0000000000000000        3.3906612197220909E-004
  0.17170891071875904       -6.9826462362725043E-005   1.2121212121212121E-002   1.0018287614779222        1.0101010101010102E-002   1.0018287614779222        1.0000000000000000        3.5163386817504971E-004
  0.18180965730762053       -7.2056385464631679E-005   1.2121212121212121E-002   1.0018253363915872        1.0101010101010102E-002   1.0018253363915872        1.0000000000000000        3.6277575715448762E-004
  0.19191043827254664       -7.3995957171504422E-005   1.2121212121212121E-002   1.0018218115316557        1.0101010101010102E-002   1.0018218115316557        1.0000000000000000        3.7244861731089429E-004
  0.20201125453018404       -7.5637392035871195E-005   1.2121212121212121E-002   1.0018182011689754        1.0101010101010102E-002   1.0018182011689754        1.0000000000000000        3.8061417900703276E-004
  0.21211210685434692       -7.6974107012612474E-005   1.2121212121212121E-002   1.0018145199109167        1.0101010101010102E-002   1.0018145199109167        1.0000000000000000        3.8724045376525851E-004
  0.22221299587299437       -7.8000749677708351E-005   1.2121212121212121E-002   1.0018107826395675        1.0101010101010102E-002   1.0018107826395675        1.0000000000000000        3.9230201170870060E-004
  0.23231392206581511       -7.8713215912543924E-005   1.2121212121212121E-002   1.0018070044482226        1.0101010101010102E-002   1.0018070044482226        1.0000000000000000        3.9578022640274213E-004
  0.24241488576246173       -7.9108670822009651E-005   1.2121212121212121E-002   1.0018032005788395        1.0101010101010102E-002   1.0018032005788395        1.0000000000000000        3.9766265487362062E-004
  0.25251588714138207       -7.9185556189118533E-005   1.2121212121212121E-002   1.0017993863658676        1.0101010101010102E-002   1.0017993863658676        1.0000000000000000        3.9794232449619216E-004
  0.26261692622914129       -7.8943596113480998E-005   1.2121212121212121E-002   1.0017955771743443        1.0101010101010102E-002   1.0017955771743443        1.0000000000000000        3.9661975672444783E-004
  0.27271800290047055       -7.8383798873665826E-005   1.2121212121212121E-002   1.0017917883297807        1.0101010101010102E-002   1.0017917883297807        1.0000000000000000        3.9370262553894975E-004
  0.28281911687901268       -7.7508452859879890E-005   1.2121212121212121E-002   1.0017880350604080        1.0101010101010102E-002   1.0017880350604080        1.0000000000000000        3.8920350966531458E-004
  0.29292026773849394       -7.6321116918000092E-005   1.2121212121212121E-002   1.0017843324422149        1.0101010101010102E-002   1.0017843324422149        1.0000000000000000        3.8314146943019267E-004
  0.30302145490453497       -7.4826598263068309E-005   1.2121212121212121E-002   1.0017806953348116        1.0101010101010102E-002   1.0017806953348116        1.0000000000000000        3.7554248201132623E-004
  0.31312267765710916       -7.3030947449348208E-005   1.2121212121212121E-002   1.0017771383184064        1.0101010101010102E-002   1.0017771383184064        1.0000000000000000        3.6643884609155464E-004
  0.32322393513361058       -7.0941418901645695E-005   1.2121212121212121E-002   1.0017736756386795        1.0101010101010102E-002   1.0017736756386795        1.0000000000000000        3.5586800181697242E-004
  0.33332522633239370       -6.8566450802791330E-005   1.2121212121212121E-002   1.0017703211546216        1.0101010101010102E-002   1.0017703211546216        1.0000000000000000        3.4387307052874405E-004
  0.34342655011686091       -6.5915624052702168E-005   1.2121212121212121E-002   1.0017670882824012        1.0101010101010102E-002   1.0017670882824012        1.0000000000000000        3.3050323416539129E-004
  0.35352790522011784       -6.2999628053889492E-005   1.2121212121212121E-002   1.0017639899385182        1.0101010101010102E-002   1.0017639899385182        1.0000000000000000        3.1581355324483695E-004
  0.36362929025019902       -5.9830217592632966E-005   1.2121212121212121E-002   1.0017610384903519        1.0101010101010102E-002   1.0017610384903519        1.0000000000000000        2.9986349280974878E-004
  0.37373070369570105       -5.6420159963283503E-005   1.2121212121212121E-002   1.0017582457135774        1.0101010101010102E-002   1.0017582457135774        1.0000000000000000        2.8271695700254895E-004
  0.38383214393182963       -5.2783191827793700E-005   1.2121212121212121E-002   1.0017556227447435        1.0101010101010102E-002   1.0017556227447435        1.0000000000000000        2.6444332000163939E-004
  0.39393360922697868       -4.8933953838991888E-005   1.2121212121212121E-002   1.0017531800332224        1.0101010101010102E-002   1.0017531800332224        1.0000000000000000        2.4511658475034892E-004
  0.40403509774974555       -4.4887941599348011E-005   1.2121212121212121E-002   1.0017509273025831        1.0101010101010102E-002   1.0017509273025831        1.0000000000000000        2.2481418323927471E-004
  0.41413660757626763       -4.0661436492334060E-005   1.2121212121212121E-002   1.0017488735176114        1.0101010101010102E-002   1.0017488735176114        1.0000000000000000        2.0361692863701819E-004
  0.42423813669787691       -3.6271441847738910E-005   1.2121212121212121E-002   1.0017470268490765        1.0101010101010102E-002   1.0017470268490765        1.0000000000000000        1.8160963569346933E-004
  0.43433968302913578       -3.1735617667914266E-005   1.2121212121212121E-002   1.0017453946375343        1.0101010101010102E-002   1.0017453946375343        1.0000000000000000        1.5888074173631139E-004
  0.44444124441622551       -2.7072205675061896E-005   1.2121212121212121E-002   1.0017439833661810        1.0101010101010102E-002   1.0017439833661810        1.0000000000000000        1.3552070081512824E-004
  0.45454281864551788       -2.2299959562497309E-005   1.2121212121212121E-002   1.0017427986416074        1.0101010101010102E-002   1.0017427986416074        1.0000000000000000        1.1162194113456536E-004
  0.46464440345232216       -1.7438067412744933E-005   1.2121212121212121E-002   1.0017418451701940        1.0101010101010102E-002   1.0017418451701940        1.0000000000000000        8.7279809987350632E-005
  0.47474599652993771       -1.2506074316593207E-005   1.2121212121212121E-002   1.0017411267369745        1.0101010101010102E-002   1.0017411267369745        1.0000000000000000        6.2591274641476957E-005
  0.48484759553882339       -7.5238098904667693E-006   1.2121212121212121E-002   1.0017406461905116        1.0101010101010102E-002   1.0017406461905116        1.0000000000000000        3.7654780976836832E-005
  0.49494919811595905       -2.5113014768992532E-006   1.2121212121212121E-002   1.0017404054381687        1.0101010101010102E-002   1.0017404054381687        1.0000000000000000        1.2568233436205389E-005
  0.50505080188408491        2.5113017930161453E-006   1.2121212121212121E-002   1.0017404054385532        1.0101010101010102E-002   1.0017404054385532        1.0000000000000000       -1.2568311248628561E-005
  0.51515240446121102        7.5238093472770840E-006   1.2121212121212121E-002   1.0017406461906588        1.0101010101010102E-002   1.0017406461906588        1.0000000000000000       -3.7654659870156593E-005
  0.52525400347010343        1.2506074615982111E-005   1.2121212121212121E-002   1.0017411267368845        1.0101010101010102E-002   1.0017411267368845        1.0000000000000000       -6.2591344321738518E-005
  0.53535559654771514        1.7438067465596113E-005   1.2121212121212121E-002   1.0017418451704374        1.0101010101010102E-002   1.0017418451704374        1.0000000000000000       -8.7279804383832982E-005
  0.54545718135451715        2.2299959435551315E-005   1.2121212121212121E-002   1.0017427986415370        1.0101010101010102E-002   1.0017427986415370        1.0000000000000000       -1.1162188917879234E-004
  0.55555875558381385        2.7072205580122591E-005   1.2121212121212121E-002   1.0017439833661015        1.0101010101010102E-002   1.0017439833661015        1.0000000000000000       -1.3552074229927769E-004
  0.56566031697090069        3.1735617719798273E-005   1.2121212121212121E-002   1.0017453946374246        1.0101010101010102E-002   1.0017453946374246        1.0000000000000000       -1.5888069685487949E-004
  0.57576186330216494        3.6271441700160238E-005   1.2121212121212121E-002   1.0017470268491291        1.0101010101010102E-002   1.0017470268491291        1.0000000000000000       -1.8160971960856642E-004
  0.58586339242376795        4.0661436778096556E-005   1.2121212121212121E-002   1.0017488735178699        1.0101010101010102E-002   1.0017488735178699        1.0000000000000000       -2.0361688241710141E-004
  0.59596490225028997        4.4887941397626213E-005   1.2121212121212121E-002   1.0017509273024150        1.0101010101010102E-002   1.0017509273024150        1.0000000000000000       -2.2481414341513073E-004
  0.60606639077306135        4.8933954172065667E-005   1.2121212121212121E-002   1.0017531800332020        1.0101010101010102E-002   1.0017531800332020        1.0000000000000000       -2.4511665234072666E-004
  0.61616785606820634        5.2783191781463749E-005   1.2121212121212121E-002   1.0017556227449071        1.0101010101010102E-002   1.0017556227449071        1.0000000000000000       -2.6444329347263817E-004
  0.62626929630433492        5.6420160187850850E-005   1.2121212121212121E-002   1.0017582457134802        1.0101010101010102E-002   1.0017582457134802        1.0000000000000000       -2.8271692810921678E-004
  0.63637070974983923        5.9830216758921171E-005   1.2121212121212121E-002   1.0017610384901783        1.0101010101010102E-002   1.0017610384901783        1.0000000000000000       -2.9986350335153844E-004
  0.64647209477992207        6.2999628499238477E-005   1.2121212121212121E-002   1.0017639899385600        1.0101010101010102E-002   1.0017639899385600        1.0000000000000000       -3.1581358990262487E-004
  0.65657344988317623        6.5915623845468063E-005   1.2121212121212121E-002   1.0017670882825072        1.0101010101010102E-002   1.0017670882825072        1.0000000000000000       -3.3050321243521807E-004
  0.66667477366764383        6.8566450708232001E-005   1.2121212121212121E-002   1.0017703211546236        1.0101010101010102E-002   1.0017703211546236        1.0000000000000000       -3.4387306906769055E-004
  0.67677606486642672        7.0941419295074990E-005   1.2121212121212121E-002   1.0017736756386897        1.0101010101010102E-002   1.0017736756386897        1.0000000000000000       -3.5586800537146246E-004
  0.68687732234292831        7.3030947316614621E-005   1.2121212121212121E-002   1.0017771383184952        1.0101010101010102E-002   1.0017771383184952        1.0000000000000000       -3.6643885921350261E-004
  0.69697854509550017        7.4826598614878632E-005   1.2121212121212121E-002   1.0017806953347574        1.0101010101010102E-002   1.0017806953347574        1.0000000000000000       -3.7554243758286532E-004
  0.70707973226154464        7.6321116186988961E-005   1.2121212121212121E-002   1.0017843324420457        1.0101010101010102E-002   1.0017843324420457        1.0000000000000000       -3.8314149141971399E-004
  0.71718088312102635        7.7508453513311368E-005   1.2121212121212121E-002   1.0017880350604016        1.0101010101010102E-002   1.0017880350604016        1.0000000000000000       -3.8920351952587140E-004
  0.72728199709956753        7.8383798852220524E-005   1.2121212121212121E-002   1.0017917883296164        1.0101010101010102E-002   1.0017917883296164        1.0000000000000000       -3.9370258310356121E-004
  0.73738307377090118        7.8943595931465802E-005   1.2121212121212121E-002   1.0017955771741358        1.0101010101010102E-002   1.0017955771741358        1.0000000000000000       -3.9661979072125320E-004
  0.74748411285866079        7.9185556193754012E-005   1.2121212121212121E-002   1.0017993863659669        1.0101010101010102E-002   1.0017993863659669        1.0000000000000000       -3.9794235407164535E-004
  0.75758511423757813        7.9108671049033156E-005   1.2121212121212121E-002   1.0018032005789095        1.0101010101010102E-002   1.0018032005789095        1.0000000000000000       -3.9766262276419440E-004
  0.76768607793422639        7.8713215748838991E-005   1.2121212121212121E-002   1.0018070044482486        1.0101010101010102E-002   1.0018070044482486        1.0000000000000000       -3.9578024833364367E-004
  0.77778700412704505        7.8000749136016335E-005   1.2121212121212121E-002   1.0018107826395697        1.0101010101010102E-002   1.0018107826395697        1.0000000000000000       -3.9230197897044405E-004
  0.78788789314569407        7.6974107034802108E-005   1.2121212121212121E-002   1.0018145199106947        1.0101010101010102E-002   1.0018145199106947        1.0000000000000000       -3.8724044512505884E-004
  0.79798874546986087        7.5637392140100998E-005   1.2121212121212121E-002   1.0018182011691024        1.0101010101010102E-002   1.0018182011691024        1.0000000000000000       -3.8061425690472106E-004
  0.80808956172749113        7.3995957481064648E-005   1.2121212121212121E-002   1.0018218115317794        1.0101010101010102E-002   1.0018218115317794        1.0000000000000000       -3.7244854450424469E-004
  0.81819034269242186        7.2056385018918687E-005   1.2121212121212121E-002   1.0018253363916234        1.0101010101010102E-002   1.0018253363916234        1.0000000000000000       -3.6277580794852327E-004
  0.82829108928127804        6.9826462971593630E-005   1.2121212121212121E-002   1.0018287614778847        1.0101010101010102E-002   1.0018287614778847        1.0000000000000000       -3.5163379950819973E-004
  0.83839180254991141        6.7315147062637135E-005   1.2121212121212121E-002   1.0018320729100292        1.0101010101010102E-002   1.0018320729100292        1.0000000000000000       -3.3906619801271631E-004
  0.84849248368925168        6.4532534298724064E-005   1.2121212121212121E-002   1.0018352572550266        1.0101010101010102E-002   1.0018352572550266        1.0000000000000000       -3.2512265633766191E-004
  0.85859313402060999        6.1489816640538335E-005   1.2121212121212121E-002   1.0018383015862611        1.0101010101010102E-002   1.0018383015862611        1.0000000000000000       -3.0985922747372996E-004
  0.86869375499036006        5.8199236932487901E-005   1.2121212121212121E-002   1.0018411935392284        1.0101010101010102E-002   1.0018411935392284        1.0000000000000000       -2.9333715638557578E-004
  0.87879434816413116        5.4674039456123439E-005   1.2121212121212121E-002   1.0018439213583572        1.0101010101010102E-002   1.0018439213583572        1.0000000000000000       -2.7562221987054158E-004
  0.88889491522058373        5.0928418184886463E-005   1.2121212121212121E-002   1.0018464739450721        1.0101010101010102E-002   1.0018464739450721        1.0000000000000000       -2.5678565090370142E-004
  0.89899545794465618        4.6977462707286062E-005   1.2121212121212121E-002   1.0018488409085486        1.0101010101010102E-002   1.0018488409085486        1.0000000000000000       -2.3690386244190620E-004
  0.90909597822032340        4.2837087469576460E-005   1.2121212121212121E-002   1.0018510126103752        1.0101010101010102E-002   1.0018510126103752        1.0000000000000000       -2.1605741237706866E-004
  0.91919647802295890        3.8523976206592712E-005   1.2121212121212121E-002   1.0018529802011229        1.0101010101010102E-002   1.0018529802011229        1.0000000000000000       -1.9433026826920496E-004
  0.92929695941138513        3.4055514399153832E-005   1.2121212121212121E-002   1.0018547356564689        1.0101010101010102E-002   1.0018547356564689        1.0000000000000000       -1.7181051908021772E-004
  0.93939742451952857        2.9449714643174247E-005   1.2121212121212121E-002   1.0018562718157578        1.0101010101010102E-002   1.0018562718157578        1.0000000000000000       -1.4859020193469519E-004
  0.94949787554768983        2.4725145454924538E-005   1.2121212121212121E-002   1.0018575824123648        1.0101010101010102E-002   1.0018575824123648        1.0000000000000000       -1.2476374555703273E-004
  0.95959831475360124        1.9900856040200354E-005   1.2121212121212121E-002   1.0018586620964927        1.0101010101010102E-002   1.0018586620964927        1.0000000000000000       -1.0042790658726375E-004
  0.96969874444326221        1.4996303439751609E-005   1.2121212121212121E-002   1.0018595064584990        1.0101010101010102E-002   1.0018595064584990        1.0000000000000000       -7.5681925580717291E-005
  0.97979916696152880        1.0031266135267874E-005   1.2121212121212121E-002   1.0018601120491175        1.0101010101010102E-002   1.0018601120491175        1.0000000000000000       -5.0626860710778487E-005
  0.98989958468255113        5.0257682748599630E-006   1.2121212121212121E-002   1.0018604763961116        1.0101010101010102E-002   1.0018604763961116        1.0000000000000000       -2.5365394975551681E-005
   1.0000000000000226       -1.4845151640697328E-014   1.2121212121212121E-002   1.0018605980113768        1.0101010101010102E-002   1.0018605980113768        1.0000000000000000       -4.2446046677468985E-011
   1.0101004153174913       -5.0866275962352840E-006   1.2121212121212121E-002   1.0018604763957502        1.0101010101010102E-002   1.0018604763957502        1.0000000000000000        2.5365410968092306E-005
   1.0202008330385137       -1.0152735418000464E-005   1.2121212121212121E-002   1.0018601120490704        1.0101010101010102E-002   1.0018601120490704        1.0000000000000000        5.0626884632087865E-005
   1.0303012555567808       -1.5177887701654962E-005   1.2121212121212121E-002   1.0018595064585818        1.0101010101010102E-002   1.0018595064585818        1.0000000000000000        7.5681910462144231E-005
   1.0404016852464393       -2.0141813209937139E-005   1.2121212121212121E-002   1.0018586620965191        1.0101010101010102E-002   1.0018586620965191        1.0000000000000000        1.0042793492370805E-004
   1.0505021244523527       -2.5024491027507184E-005   1.2121212121212121E-002   1.0018575824124984        1.0101010101010102E-002   1.0018575824124984        1.0000000000000000        1.2476369349023742E-004
   1.0606025754805097       -2.9806227386174718E-005   1.2121212121212121E-002   1.0018562718161679        1.0101010101010102E-002   1.0018562718161679        1.0000000000000000        1.4859019661983552E-004
   1.0707030405886482       -3.4467739573252710E-005   1.2121212121212121E-002   1.0018547356565275        1.0101010101010102E-002   1.0018547356565275        1.0000000000000000        1.7181060072068988E-004
   1.0808035219770782       -3.8990232551253568E-005   1.2121212121212121E-002   1.0018529802007696        1.0101010101010102E-002   1.0018529802007696        1.0000000000000000        1.9433027854276474E-004
   1.0909040217797181       -4.3355472402594786E-005   1.2121212121212121E-002   1.0018510126102098        1.0101010101010102E-002   1.0018510126102098        1.0000000000000000        7.6286218322598245     
   1.1010045420553842       -4.7545864576243097E-005   1.2121212121212121E-002   1.0018488409086652        1.0101010101010102E-002   1.0018488409086652        1.0000000000000000        93.410139544496673     
  -1.0100415317448874E-002   5.0866276174834646E-006   1.2121212121212121E-002   1.0018604763961116        1.0101010101010102E-002   1.0018604763961116        1.0000000000000000       -2.5365458042436728E-005
  -2.0200833038471200E-002   1.0152735424880765E-005   1.2121212121212121E-002   1.0018601120491175        1.0101010101010102E-002   1.0018601120491175        1.0000000000000000       -5.0626902621253578E-005
  -3.0301255556737794E-002   1.5177887447026715E-005   1.2121212121212121E-002   1.0018595064584990        1.0101010101010102E-002   1.0018595064584990        1.0000000000000000       -7.5681925583381826E-005
  -4.0401685246398755E-002   2.0141813134260292E-005   1.2121212121212121E-002   1.0018586620964927        1.0101010101010102E-002   1.0018586620964927        1.0000000000000000       -1.0042790658459921E-004
  -5.0502124452310171E-002   2.5024491427689422E-005   1.2121212121212121E-002   1.0018575824123648        1.0101010101010102E-002   1.0018575824123648        1.0000000000000000       -1.2476374555792091E-004
  -6.0602575480471432E-002   2.9806227330831767E-005   1.2121212121212121E-002   1.0018562718157578        1.0101010101010102E-002   1.0018562718157578        1.0000000000000000       -1.4859020193380701E-004
  -7.0703040588614874E-002   3.4467739396521583E-005   1.2121212121212121E-002   1.0018547356564689        1.0101010101010102E-002   1.0018547356564689        1.0000000000000000       -1.7181051907400047E-004
  -8.0803521977041104E-002   3.8990232482539551E-005   1.2121212121212121E-002   1.0018529802011229        1.0101010101010102E-002   1.0018529802011229        1.0000000000000000       -1.9433026827364586E-004
  -9.0904021779676603E-002   4.3355473171502137E-005   1.2121212121212121E-002   1.0018510126103752        1.0101010101010102E-002   1.0018510126103752        1.0000000000000000       -7.6286218323017749     
 -0.10100454205534382        4.7545864732876843E-005   1.2121212121212121E-002   1.0018488409085486        1.0101010101010102E-002   1.0018488409085486        1.0000000000000000       -93.410139544499927     
