 # x v h rho m p cs a
   30.700606060612134     
   4.0493737859849667E-014  -7.4695266806828992E-014   1.2121212121212121E-002   1.0018793650857247        1.0101010101010102E-002   1.0018793650857247        1.0000000000000000       -1.5827072985530322E-010
   1.0100229871370464E-002   3.7855182725289181E-006   1.2121212121212121E-002   1.0018792066926503        1.0101010101010102E-002   1.0018792066926503        1.0000000000000000        3.3034954476818257E-005
   2.0200462872980305E-002   7.5557412266362384E-006   1.2121212121212121E-002   1.0018787321393197        1.0101010101010102E-002   1.0018787321393197        1.0000000000000000        6.5938987765079560E-005
   3.0300702122742794E-002   1.1295433515571112E-005   1.2121212121212121E-002   1.0018779433108271        1.0101010101010102E-002   1.0018779433108271        1.0000000000000000        9.8581114531981484E-005
   4.0400950713714183E-002   1.4989486892635417E-005   1.2121212121212121E-002   1.0018768433401677        1.0101010101010102E-002   1.0018768433401677        1.0000000000000000        1.3083193638685486E-004
   5.0501211701880974E-002   1.8622978123329889E-005   1.2121212121212121E-002   1.0018754365957518        1.0101010101010102E-002   1.0018754365957518        1.0000000000000000        1.6256334681852280E-004
   6.0601488094007852E-002   2.2181233275863493E-005   1.2121212121212121E-002   1.0018737286640689        1.0101010101010102E-002   1.0018737286640689        1.0000000000000000        1.9364950314404439E-004
   7.0701782835734209E-002   2.5649881700378606E-005   1.2121212121212121E-002   1.0018717263312060        1.0101010101010102E-002   1.0018717263312060        1.0000000000000000        2.2396609968033943E-004
   8.0802098799777497E-002   2.9014918442768389E-005   1.2121212121212121E-002   1.0018694375581894        1.0101010101010102E-002   1.0018694375581894        1.0000000000000000        2.5339246300326579E-004
   9.0902438774505795E-002   3.2262765486138883E-005   1.2121212121212121E-002   1.0018668714452574        1.0101010101010102E-002   1.0018668714452574        1.0000000000000000        2.8181174940566933E-004
  0.10100280545286973        3.5380316890915550E-005   1.2121212121212121E-002   1.0018640381981201        1.0101010101010102E-002   1.0018640381981201        1.0000000000000000        3.0911029232960630E-004
  0.11110320142163661        3.8355002499478097E-005   1.2121212121212121E-002   1.0018609490941761        1.0101010101010102E-002   1.0018609490941761        1.0000000000000000        3.3517827134499356E-004
  0.12120362915096364        4.1174827938009441E-005   1.2121212121212121E-002   1.0018576164356472        1.0101010101010102E-002   1.0018576164356472        1.0000000000000000        3.5991173930671749E-004
  0.13130409098457771        4.3828432390732785E-005   1.2121212121212121E-002   1.0018540535006404        1.0101010101010102E-002   1.0018540535006404        1.0000000000000000        3.8321114629624731E-004
  0.14140458913031378        4.6305133848521389E-005   1.2121212121212121E-002   1.0018502744930697        1.0101010101010102E-002   1.0018502744930697        1.0000000000000000        4.0498296377577958E-004
  0.15150512565127783        4.8594965064350701E-005   1.2121212121212121E-002   1.0018462944890270        1.0101010101010102E-002   1.0018462944890270        1.0000000000000000        4.2513873500382715E-004
  0.16160570245744477        5.0688718821193778E-005   1.2121212121212121E-002   1.0018421293798709        1.0101010101010102E-002   1.0018421293798709        1.0000000000000000        4.4359682732686423E-004
  0.17170632129793215        5.2577982035072444E-005   1.2121212121212121E-002   1.0018377958062492        1.0101010101010102E-002   1.0018377958062492        1.0000000000000000        4.6028256228058950E-004
  0.18180698375391671        5.4255178052818618E-005   1.2121212121212121E-002   1.0018333110923705        1.0101010101010102E-002   1.0018333110923705        1.0000000000000000        4.7512799689108931E-004
  0.19190769123221116        5.5713583339465619E-005   1.2121212121212121E-002   1.0018286931838525        1.0101010101010102E-002   1.0018286931838525        1.0000000000000000        4.8807133037165329E-004
  0.20200844495938597        5.6947361077297512E-005   1.2121212121212121E-002   1.0018239605772459        1.0101010101010102E-002   1.0018239605772459        1.0000000000000000        4.9905935715166549E-004
  0.21210924597673314        5.7951585448579340E-005   1.2121212121212121E-002   1.0018191322397365        1.0101010101010102E-002   1.0018191322397365        1.0000000000000000        5.0804700941853298E-004
  0.22221009513600942        5.8722261715007201E-005   1.2121212121212121E-002   1.0018142275382009        1.0101010101010102E-002   1.0018142275382009        1.0000000000000000        5.1499592886017354E-004
  0.23231099309577644        5.9256333053155669E-005   1.2121212121212121E-002   1.0018092661655247        1.0101010101010102E-002   1.0018092661655247        1.0000000000000000        5.1987628791660967E-004
  0.24241194031859534        5.9551700866427590E-005   1.2121212121212121E-002   1.0018042680611576        1.0101010101010102E-002   1.0018042680611576        1.0000000000000000        5.2266632258834989E-004
  0.25251293706893907        5.9607228202941489E-005   1.2121212121212121E-002   1.0017992533279496        1.0101010101010102E-002   1.0017992533279496        1.0000000000000000        5.2335363971245386E-004
  0.26261398341203818        5.9422747329953849E-005   1.2121212121212121E-002   1.0017942421508081        1.0101010101010102E-002   1.0017942421508081        1.0000000000000000        5.2193336390615741E-004
  0.27271507921341087        5.8999056040771879E-005   1.2121212121212121E-002   1.0017892547221892        1.0101010101010102E-002   1.0017892547221892        1.0000000000000000        5.1840864753494031E-004
  0.28281622413914964        5.8337911338714136E-005   1.2121212121212121E-002   1.0017843111578997        1.0101010101010102E-002   1.0017843111578997        1.0000000000000000        5.1279214366406478E-004
  0.29291741765713125        5.7442026671553363E-005   1.2121212121212121E-002   1.0017794314114132        1.0101010101010102E-002   1.0017794314114132        1.0000000000000000        5.0510496496514179E-004
  0.30301865903900960        5.6315060942720812E-005   1.2121212121212121E-002   1.0017746351943908        1.0101010101010102E-002   1.0017746351943908        1.0000000000000000        4.9537635567009630E-004
  0.31311994736298970        5.4961595289260293E-005   1.2121212121212121E-002   1.0017699418997426        1.0101010101010102E-002   1.0017699418997426        1.0000000000000000        4.8364335405270964E-004
  0.32322128151733759        5.3387122045745494E-005   1.2121212121212121E-002   1.0017653705237135        1.0101010101010102E-002   1.0017653705237135        1.0000000000000000        4.6995156287454876E-004
  0.33332266020467949        5.1598015416960104E-005   1.2121212121212121E-002   1.0017609395798632        1.0101010101010102E-002   1.0017609395798632        1.0000000000000000        4.5435598417942202E-004
  0.34342408194725060        4.9601513429590701E-005   1.2121212121212121E-002   1.0017566670251408        1.0101010101010102E-002   1.0017566670251408        1.0000000000000000        4.3691765156328444E-004
  0.35352554509264594        4.7405679918548774E-005   1.2121212121212121E-002   1.0017525701924115        1.0101010101010102E-002   1.0017525701924115        1.0000000000000000        4.1770562842469161E-004
  0.36362704782037514        4.5019372169572894E-005   1.2121212121212121E-002   1.0017486657139325        1.0101010101010102E-002   1.0017486657139325        1.0000000000000000        3.9679686413762738E-004
  0.37372858814915633        4.2452214240842582E-005   1.2121212121212121E-002   1.0017449694506038        1.0101010101010102E-002   1.0017449694506038        1.0000000000000000        3.7427534235145998E-004
  0.38383016394486541        3.9714547214133482E-005   1.2121212121212121E-002   1.0017414964256490        1.0101010101010102E-002   1.0017414964256490        1.0000000000000000        3.5023179907867075E-004
  0.39393177292914910        3.6817392948294275E-005   1.2121212121212121E-002   1.0017382607656731        1.0101010101010102E-002   1.0017382607656731        1.0000000000000000        3.2476248067325741E-004
  0.40403341268852894        3.3772408623917703E-005   1.2121212121212121E-002   1.0017352756422753        1.0101010101010102E-002   1.0017352756422753        1.0000000000000000        2.9797034159084745E-004
  0.41413508068416388        3.0591838211241714E-005   1.2121212121212121E-002   1.0017325532111787        1.0101010101010102E-002   1.0017325532111787        1.0000000000000000        2.6996439102422443E-004
  0.42423677426218143        2.7288467552452359E-005   1.2121212121212121E-002   1.0017301045612390        1.0101010101010102E-002   1.0017301045612390        1.0000000000000000        2.4085824487141139E-004
  0.43433849066444963        2.3875569411647388E-005   1.2121212121212121E-002   1.0017279396733640        1.0101010101010102E-002   1.0017279396733640        1.0000000000000000        2.1076941885667111E-004
  0.44444022703970243        2.0366850727029720E-005   1.2121212121212121E-002   1.0017260673783086        1.0101010101010102E-002   1.0017260673783086        1.0000000000000000        1.7982035367580806E-004
  0.45454198045514732        1.6776402629455140E-005   1.2121212121212121E-002   1.0017244953133437        1.0101010101010102E-002   1.0017244953133437        1.0000000000000000        1.4813769294708123E-004
  0.46464374790846985        1.3118636276286493E-005   1.2121212121212121E-002   1.0017232298899672        1.0101010101010102E-002   1.0017232298899672        1.0000000000000000        1.1585063355479264E-004
  0.47474552634008066        9.4082317047245890E-006   1.2121212121212121E-002   1.0017222762727112        1.0101010101010102E-002   1.0017222762727112        1.0000000000000000        8.3090141352215596E-005
  0.48484731264552122        5.6600801690871349E-006   1.2121212121212121E-002   1.0017216383579572        1.0101010101010102E-002   1.0017216383579572        1.0000000000000000        4.9989893649460271E-005
  0.49494910368812284        1.8892203999867138E-006   1.2121212121212121E-002   1.0017213187493077        1.0101010101010102E-002   1.0017213187493077        1.0000000000000000        1.6686022364709174E-005
  0.50505089631193634       -1.8892198771514220E-006   1.2121212121212121E-002   1.0017213187490857        1.0101010101010102E-002   1.0017213187490857        1.0000000000000000       -1.6685975780639239E-005
  0.51515268735454334       -5.6600806360915879E-006   1.2121212121212121E-002   1.0017216383578229        1.0101010101010102E-002   1.0017216383578229        1.0000000000000000       -4.9989957289220399E-005
  0.52525447365998146       -9.4082323785488701E-006   1.2121212121212121E-002   1.0017222762728308        1.0101010101010102E-002   1.0017222762728308        1.0000000000000000       -8.3090132508623071E-005
  0.53535625209159143       -1.3118635455685153E-005   1.2121212121212121E-002   1.0017232298898489        1.0101010101010102E-002   1.0017232298898489        1.0000000000000000       -1.1585059338692361E-004
  0.54545801954491746       -1.6776402132469119E-005   1.2121212121212121E-002   1.0017244953131461        1.0101010101010102E-002   1.0017244953131461        1.0000000000000000       -1.4813771023014510E-004
  0.55555977296036319       -2.0366851537484715E-005   1.2121212121212121E-002   1.0017260673783195        1.0101010101010102E-002   1.0017260673783195        1.0000000000000000       -1.7982038863095795E-004
  0.56566150933561543       -2.3875569195797013E-005   1.2121212121212121E-002   1.0017279396738104        1.0101010101010102E-002   1.0017279396738104        1.0000000000000000       -2.1076947351783559E-004
  0.57576322573787386       -2.7288467302284569E-005   1.2121212121212121E-002   1.0017301045612994        1.0101010101010102E-002   1.0017301045612994        1.0000000000000000       -2.4085810896234960E-004
  0.58586491931590023       -3.0591838479378498E-005   1.2121212121212121E-002   1.0017325532109762        1.0101010101010102E-002   1.0017325532109762        1.0000000000000000       -2.6996446964400178E-004
  0.59596658731153140       -3.3772408398775567E-005   1.2121212121212121E-002   1.0017352756423787        1.0101010101010102E-002   1.0017352756423787        1.0000000000000000       -2.9797032609746310E-004
  0.60606822707091212       -3.6817393611765526E-005   1.2121212121212121E-002   1.0017382607656535        1.0101010101010102E-002   1.0017382607656535        1.0000000000000000       -3.2476247186252749E-004
  0.61616983605519526       -3.9714546725404322E-005   1.2121212121212121E-002   1.0017414964254805        1.0101010101010102E-002   1.0017414964254805        1.0000000000000000       -3.5023177654913695E-004
  0.62627141185090918       -4.2452214169428346E-005   1.2121212121212121E-002   1.0017449694507994        1.0101010101010102E-002   1.0017449694507994        1.0000000000000000       -3.7427544316859240E-004
  0.63637295217968115       -4.5019372616916005E-005   1.2121212121212121E-002   1.0017486657141994        1.0101010101010102E-002   1.0017486657141994        1.0000000000000000       -3.9679677933968094E-004
  0.64647445490741340       -4.7405679775124771E-005   1.2121212121212121E-002   1.0017525701922545        1.0101010101010102E-002   1.0017525701922545        1.0000000000000000       -4.1770562544662937E-004
  0.65657591805280946       -4.9601512785473963E-005   1.2121212121212121E-002   1.0017566670248841        1.0101010101010102E-002   1.0017566670248841        1.0000000000000000       -4.3691762053565952E-004
  0.66667733979538457       -5.1598015750942430E-005   1.2121212121212121E-002   1.0017609395794194        1.0101010101010102E-002   1.0017609395794194        1.0000000000000000       -4.5435598802967547E-004
  0.67677871848273286       -5.3387121956418945E-005   1.2121212121212121E-002   1.0017653705239109        1.0101010101010102E-002   1.0017653705239109        1.0000000000000000       -4.6995169213648325E-004
  0.68688005263706908       -5.4961595369052254E-005   1.2121212121212121E-002   1.0017699418998374        1.0101010101010102E-002   1.0017699418998374        1.0000000000000000       -4.8364320182425757E-004
  0.69698134096105813       -5.6315060652019687E-005   1.2121212121212121E-002   1.0017746351939318        1.0101010101010102E-002   1.0017746351939318        1.0000000000000000       -4.9537639348518070E-004
  0.70708258234293864       -5.7442026989065310E-005   1.2121212121212121E-002   1.0017794314114656        1.0101010101010102E-002   1.0017794314114656        1.0000000000000000       -5.0510502629386167E-004
  0.71718377586091608       -5.8337911710291952E-005   1.2121212121212121E-002   1.0017843111580178        1.0101010101010102E-002   1.0017843111580178        1.0000000000000000       -5.1279210644672446E-004
  0.72728492078665674       -5.8999055708908564E-005   1.2121212121212121E-002   1.0017892547223608        1.0101010101010102E-002   1.0017892547223608        1.0000000000000000       -5.1840869519192978E-004
  0.73738601658802427       -5.9422747370624766E-005   1.2121212121212121E-002   1.0017942421510622        1.0101010101010102E-002   1.0017942421510622        1.0000000000000000       -5.2193332979033613E-004
  0.74748706293112277       -5.9607227957317614E-005   1.2121212121212121E-002   1.0017992533278952        1.0101010101010102E-002   1.0017992533278952        1.0000000000000000       -5.2335361169486561E-004
  0.75758805968146881       -5.9551700672650813E-005   1.2121212121212121E-002   1.0018042680611090        1.0101010101010102E-002   1.0018042680611090        1.0000000000000000       -5.2266634742892393E-004
  0.76768900690428632       -5.9256333301483164E-005   1.2121212121212121E-002   1.0018092661654894        1.0101010101010102E-002   1.0018092661654894        1.0000000000000000       -5.1987626789085084E-004
  0.77778990486405541       -5.8722261710333002E-005   1.2121212121212121E-002   1.0018142275381803        1.0101010101010102E-002   1.0018142275381803        1.0000000000000000       -5.1499595331705450E-004
  0.78789075402333020       -5.7951585957078561E-005   1.2121212121212121E-002   1.0018191322398184        1.0101010101010102E-002   1.0018191322398184        1.0000000000000000       -5.0804700490836296E-004
  0.79799155504067698       -5.6947360593223428E-005   1.2121212121212121E-002   1.0018239605772996        1.0101010101010102E-002   1.0018239605772996        1.0000000000000000       -4.9905935891381148E-004
  0.80809230876785132       -5.5713583842134422E-005   1.2121212121212121E-002   1.0018286931839604        1.0101010101010102E-002   1.0018286931839604        1.0000000000000000       -4.8807133595474284E-004
  0.81819301624614371       -5.4255177876351203E-005   1.2121212121212121E-002   1.0018333110923421        1.0101010101010102E-002   1.0018333110923421        1.0000000000000000       -4.7512796587945161E-004
  0.82829367870213133       -5.2577981888213241E-005   1.2121212121212121E-002   1.0018377958062994        1.0101010101010102E-002   1.0018377958062994        1.0000000000000000       -4.6028260770114571E-004
  0.83839429754261441       -5.0688718647741644E-005   1.2121212121212121E-002   1.0018421293798689        1.0101010101010102E-002   1.0018421293798689        1.0000000000000000       -4.4359676987681951E-004
  0.84849487434878557       -4.8594965145390734E-005   1.2121212121212121E-002   1.0018462944889248        1.0101010101010102E-002   1.0018462944889248        1.0000000000000000       -4.2513877343530737E-004
  0.85859541086974811       -4.6305133704666328E-005   1.2121212121212121E-002   1.0018502744932407        1.0101010101010102E-002   1.0018502744932407        1.0000000000000000       -4.0498298350755135E-004
  0.86869590901548188       -4.3828432800295874E-005   1.2121212121212121E-002   1.0018540535008460        1.0101010101010102E-002   1.0018540535008460        1.0000000000000000       -3.8321113438843923E-004
  0.87879637084909357       -4.1174827858350356E-005   1.2121212121212121E-002   1.0018576164355342        1.0101010101010102E-002   1.0018576164355342        1.0000000000000000       -3.5991168238602711E-004
  0.88889679857842574       -3.8355002098526046E-005   1.2121212121212121E-002   1.0018609490940273        1.0101010101010102E-002   1.0018609490940273        1.0000000000000000       -3.3517832054830166E-004
  0.89899719454719074       -3.5380316796721265E-005   1.2121212121212121E-002   1.0018640381981114        1.0101010101010102E-002   1.0018640381981114        1.0000000000000000       -3.0911027270530411E-004
  0.90909756122555607       -3.2262765529726202E-005   1.2121212121212121E-002   1.0018668714450409        1.0101010101010102E-002   1.0018668714450409        1.0000000000000000       -2.8181172219365891E-004
  0.91919790120028744       -2.9014918757328016E-005   1.2121212121212121E-002   1.0018694375579036        1.0101010101010102E-002   1.0018694375579036        1.0000000000000000       -2.5339248027300698E-004
  0.92929821716433458       -2.5649881397179283E-005   1.2121212121212121E-002   1.0018717263315235        1.0101010101010102E-002   1.0018717263315235        1.0000000000000000       -2.2396621003384354E-004
  0.93939851190604950       -2.2181233060305514E-005   1.2121212121212121E-002   1.0018737286642727        1.0101010101010102E-002   1.0018737286642727        1.0000000000000000       -1.9364936920318598E-004
  0.94949878829818302       -1.8622978689027968E-005   1.2121212121212121E-002   1.0018754365954097        1.0101010101010102E-002   1.0018754365954097        1.0000000000000000       -1.6256336381381686E-004
  0.95959904928635131       -1.4989486987775711E-005   1.2121212121212121E-002   1.0018768433400138        1.0101010101010102E-002   1.0018768433400138        1.0000000000000000       -1.3083195189977914E-004
  0.96969929787732401       -1.1295433388383912E-005   1.2121212121212121E-002   1.0018779433108123        1.0101010101010102E-002   1.0018779433108123        1.0000000000000000       -9.8581141436682174E-005
  0.97979953712708578       -7.5557413991119348E-006   1.2121212121212121E-002   1.0018787321395324        1.0101010101010102E-002   1.0018787321395324        1.0000000000000000       -6.5938999233239315E-005
  0.98989977012869079       -3.7855182119220433E-006   1.2121212121212121E-002   1.0018792066924072        1.0101010101010102E-002   1.0018792066924072        1.0000000000000000       -3.3034852278568394E-005
   1.0000000000000318        3.5909411175159576E-013   1.2121212121212121E-002   1.0018793650857278        1.0101010101010102E-002   1.0018793650857278        1.0000000000000000        6.4179772607531049E-012
   1.0101002298713704        3.7049641159134950E-006   1.2121212121212121E-002   1.0018792066926503        1.0101010101010102E-002   1.0018792066926503        1.0000000000000000        3.3034907018780757E-005
   1.0202004628729804        7.3949521721656958E-006   1.2121212121212121E-002   1.0018787321393197        1.0101010101010102E-002   1.0018787321393197        1.0000000000000000        6.5938952986677180E-005
   1.0303007021227428        1.1055048350004696E-005   1.2121212121212121E-002   1.0018779433108271        1.0101010101010102E-002   1.0018779433108271        1.0000000000000000        9.8581114277074278E-005
   1.0404009507137142        1.4670459948235098E-005   1.2121212121212121E-002   1.0018768433401677        1.0101010101010102E-002   1.0018768433401677        1.0000000000000000        1.3083193692864370E-004
   1.0505012117018810        1.8226576202914539E-005   1.2121212121212121E-002   1.0018754365957518        1.0101010101010102E-002   1.0018754365957518        1.0000000000000000        1.6256334503950143E-004
   1.0606014880940078        2.1709029995878884E-005   1.2121212121212121E-002   1.0018737286640689        1.0101010101010102E-002   1.0018737286640689        1.0000000000000000        1.9364950450917462E-004
   1.0707017828357341        2.5103753877873711E-005   1.2121212121212121E-002   1.0018717263312060        1.0101010101010102E-002   1.0018717263312060        1.0000000000000000        2.2396610129682415E-004
   1.0808020987997775        2.8397037274659744E-005   1.2121212121212121E-002   1.0018694375581894        1.0101010101010102E-002   1.0018694375581894        1.0000000000000000        2.5339246264621806E-004
   1.0909024387745059        3.1575586961062926E-005   1.2121212121212121E-002   1.0018668714452574        1.0101010101010102E-002   1.0018668714452574        1.0000000000000000        7.6297060080226800     
   1.1010028054528698        3.4626574355261373E-005   1.2121212121212121E-002   1.0018640381981201        1.0101010101010102E-002   1.0018640381981201        1.0000000000000000        93.410742076604009     
  -1.0100229871309208E-002  -3.7049642951923073E-006   1.2121212121212121E-002   1.0018792066924072        1.0101010101010102E-002   1.0018792066924072        1.0000000000000000       -3.3034802733311608E-005
  -2.0200462872914215E-002  -7.3949523045021873E-006   1.2121212121212121E-002   1.0018787321395324        1.0101010101010102E-002   1.0018787321395324        1.0000000000000000       -6.5938966237411023E-005
  -3.0300702122675993E-002  -1.1055048172479850E-005   1.2121212121212121E-002   1.0018779433108123        1.0101010101010102E-002   1.0018779433108123        1.0000000000000000       -9.8581141431353103E-005
  -4.0400950713648687E-002  -1.4670460010145678E-005   1.2121212121212121E-002   1.0018768433400138        1.0101010101010102E-002   1.0018768433400138        1.0000000000000000       -1.3083195191221364E-004
  -5.0501211701816984E-002  -1.8226576699651214E-005   1.2121212121212121E-002   1.0018754365954097        1.0101010101010102E-002   1.0018754365954097        1.0000000000000000       -1.6256336381115233E-004
  -6.0601488093950495E-002  -2.1709030112179889E-005   1.2121212121212121E-002   1.0018737286642727        1.0101010101010102E-002   1.0018737286642727        1.0000000000000000       -1.9364936921029141E-004
  -7.0701782835665417E-002  -2.5103753333558173E-005   1.2121212121212121E-002   1.0018717263315235        1.0101010101010102E-002   1.0018717263315235        1.0000000000000000       -2.2396621002496175E-004
  -8.0802098799712563E-002  -2.8397037526393400E-005   1.2121212121212121E-002   1.0018694375579036        1.0101010101010102E-002   1.0018694375579036        1.0000000000000000       -2.5339248027922423E-004
  -9.0902438774443928E-002  -3.1575587067409471E-005   1.2121212121212121E-002   1.0018668714450409        1.0101010101010102E-002   1.0018668714450409        1.0000000000000000       -7.6297060079998431     
 -0.10100280545280926       -3.4626574306483687E-005   1.2121212121212121E-002   1.0018640381981114        1.0101010101010102E-002   1.0018640381981114        1.0000000000000000       -93.410742076589798     
