 # x v h rho m p cs a
   7.0500000000006890     
  -2.3881211398816082E-006  -3.3718782085624749E-005   1.2121212121212121E-002   1.0018055224880229        1.0101010101010102E-002   1.0018055224880229        1.0000000000000000        1.2434497875801753E-014
   1.0098554996641982E-002  -3.2995600063305209E-005   1.2121212121212121E-002   1.0018092358839705        1.0101010101010102E-002   1.0018092358839705        1.0000000000000000       -1.4210854715202004E-014
   2.0199458293902718E-002  -3.1600351757043261E-005   1.2121212121212121E-002   1.0018132960223451        1.0101010101010102E-002   1.0018132960223451        1.0000000000000000       -9.9475983006414026E-014
   3.0300320465122089E-002  -3.0116982943446310E-005   1.2121212121212121E-002   1.0018172472891134        1.0101010101010102E-002   1.0018172472891134        1.0000000000000000        6.1284310959308641E-014
   4.0401144686351760E-002  -2.8461472681277621E-005   1.2121212121212121E-002   1.0018204909045358        1.0101010101010102E-002   1.0018204909045358        1.0000000000000000        3.5527136788005009E-015
   5.0501942924755398E-002  -2.6903031398276502E-005   1.2121212121212121E-002   1.0018231283399475        1.0101010101010102E-002   1.0018231283399475        1.0000000000000000        4.4408920985006262E-015
   6.0602716259419126E-002  -2.5905764492635792E-005   1.2121212121212121E-002   1.0018258753032732        1.0101010101010102E-002   1.0018258753032732        1.0000000000000000       -8.8817841970012523E-015
   7.0703460408258020E-002  -2.5643672227802775E-005   1.2121212121212121E-002   1.0018288447738060        1.0101010101010102E-002   1.0018288447738060        1.0000000000000000       -5.1514348342607263E-014
   8.0804173968162085E-002  -2.5806783720887676E-005   1.2121212121212121E-002   1.0018313866930391        1.0101010101010102E-002   1.0018313866930391        1.0000000000000000        2.1316282072803006E-014
   9.0904867250611143E-002  -2.6416216128624003E-005   1.2121212121212121E-002   1.0018330960341337        1.0101010101010102E-002   1.0018330960341337        1.0000000000000000        7.1054273576010019E-015
  0.10100554734869034       -2.7431809728190574E-005   1.2121212121212121E-002   1.0018341010446061        1.0101010101010102E-002   1.0018341010446061        1.0000000000000000        7.1054273576010019E-015
  0.11110622043563623       -2.8384743600086072E-005   1.2121212121212121E-002   1.0018341994634590        1.0101010101010102E-002   1.0018341994634590        1.0000000000000000        3.5527136788005009E-015
  0.12120689808108692       -2.9262125213005819E-005   1.2121212121212121E-002   1.0018331245100451        1.0101010101010102E-002   1.0018331245100451        1.0000000000000000        1.9539925233402755E-014
  0.13130759318775459       -3.0219558725243070E-005   1.2121212121212121E-002   1.0018313520897180        1.0101010101010102E-002   1.0018313520897180        1.0000000000000000        8.0824236192711396E-014
  0.14140830699052853       -3.0972637553270175E-005   1.2121212121212121E-002   1.0018295479177888        1.0101010101010102E-002   1.0018295479177888        1.0000000000000000        2.2204460492503131E-014
  0.15150903733348275       -3.1534163833350620E-005   1.2121212121212121E-002   1.0018274935919758        1.0101010101010102E-002   1.0018274935919758        1.0000000000000000       -6.2172489379008766E-015
  0.16160979090572949       -3.2401338380074080E-005   1.2121212121212121E-002   1.0018247403706089        1.0101010101010102E-002   1.0018247403706089        1.0000000000000000       -6.2172489379008766E-015
  0.17171057643326362       -3.3680841750645033E-005   1.2121212121212121E-002   1.0018217659004802        1.0101010101010102E-002   1.0018217659004802        1.0000000000000000       -6.2172489379008766E-015
  0.18181139021820197       -3.5119531567284202E-005   1.2121212121212121E-002   1.0018194196076062        1.0101010101010102E-002   1.0018194196076062        1.0000000000000000       -6.2172489379008766E-015
  0.19191222190562765       -3.6491859174127887E-005   1.2121212121212121E-002   1.0018175892301218        1.0101010101010102E-002   1.0018175892301218        1.0000000000000000       -6.2172489379008766E-015
  0.20201307045473077       -3.7443356494115166E-005   1.2121212121212121E-002   1.0018154380623228        1.0101010101010102E-002   1.0018154380623228        1.0000000000000000       -6.2172489379008766E-015
  0.21211394409118367       -3.7950787682903821E-005   1.2121212121212121E-002   1.0018125909316355        1.0101010101010102E-002   1.0018125909316355        1.0000000000000000       -6.2172489379008766E-015
  0.22221484914580883       -3.8206361318600182E-005   1.2121212121212121E-002   1.0018091871001156        1.0101010101010102E-002   1.0018091871001156        1.0000000000000000       -1.7763568394002505E-015
  0.23231579055750937       -3.8444043712611886E-005   1.2121212121212121E-002   1.0018055699444237        1.0101010101010102E-002   1.0018055699444237        1.0000000000000000       -5.6843418860808015E-014
  0.24241676780243032       -3.8589790597699049E-005   1.2121212121212121E-002   1.0018021845969995        1.0101010101010102E-002   1.0018021845969995        1.0000000000000000       -1.8562928971732617E-013
  0.25251777632226208       -3.8445077176172153E-005   1.2121212121212121E-002   1.0017991652022291        1.0101010101010102E-002   1.0017991652022291        1.0000000000000000        1.8385293287792592E-013
  0.26261881274910726       -3.8126580586245008E-005   1.2121212121212121E-002   1.0017962476106272        1.0101010101010102E-002   1.0017962476106272        1.0000000000000000        5.0626169922907138E-014
  0.27271987889573490       -3.7891760749443855E-005   1.2121212121212121E-002   1.0017934127900803        1.0101010101010102E-002   1.0017934127900803        1.0000000000000000       -6.2172489379008766E-015
  0.28282097172184067       -3.7874218140912496E-005   1.2121212121212121E-002   1.0017908481232711        1.0101010101010102E-002   1.0017908481232711        1.0000000000000000       -6.2172489379008766E-015
  0.29292208796542557       -3.7713592405325095E-005   1.2121212121212121E-002   1.0017882083326073        1.0101010101010102E-002   1.0017882083326073        1.0000000000000000       -6.2172489379008766E-015
  0.30302323228947670       -3.7038065925873308E-005   1.2121212121212121E-002   1.0017851124255555        1.0101010101010102E-002   1.0017851124255555        1.0000000000000000       -6.2172489379008766E-015
  0.31312441024590626       -3.5944094724200800E-005   1.2121212121212121E-002   1.0017818605990254        1.0101010101010102E-002   1.0017818605990254        1.0000000000000000       -6.2172489379008766E-015
  0.32322561938974526       -3.4662633451834187E-005   1.2121212121212121E-002   1.0017788047325979        1.0101010101010102E-002   1.0017788047325979        1.0000000000000000       -6.2172489379008766E-015
  0.33332685782622024       -3.2997085785766927E-005   1.2121212121212121E-002   1.0017760390044703        1.0101010101010102E-002   1.0017760390044703        1.0000000000000000       -6.2172489379008766E-015
  0.34342812186313831       -3.1456737826449424E-005   1.2121212121212121E-002   1.0017736813991009        1.0101010101010102E-002   1.0017736813991009        1.0000000000000000       -6.2172489379008766E-015
  0.35352940642299513       -3.0478541772573861E-005   1.2121212121212121E-002   1.0017714563883988        1.0101010101010102E-002   1.0017714563883988        1.0000000000000000       -6.2172489379008766E-015
  0.36363071397555718       -2.9786788827729833E-005   1.2121212121212121E-002   1.0017690964579324        1.0101010101010102E-002   1.0017690964579324        1.0000000000000000       -6.2172489379008766E-015
  0.37373204544356198       -2.8277834438520055E-005   1.2121212121212121E-002   1.0017667596976561        1.0101010101010102E-002   1.0017667596976561        1.0000000000000000       -6.2172489379008766E-015
  0.38383339967358182       -2.5917175427683179E-005   1.2121212121212121E-002   1.0017647370733638        1.0101010101010102E-002   1.0017647370733638        1.0000000000000000       -6.2172489379008766E-015
  0.39393477095681445       -2.3685552782667853E-005   1.2121212121212121E-002   1.0017629366942720        1.0101010101010102E-002   1.0017629366942720        1.0000000000000000       -6.2172489379008766E-015
  0.40403616018532507       -2.1693465608893997E-005   1.2121212121212121E-002   1.0017610287050649        1.0101010101010102E-002   1.0017610287050649        1.0000000000000000       -6.2172489379008766E-015
  0.41413756932942214       -1.9626643612569874E-005   1.2121212121212121E-002   1.0017590937314862        1.0101010101010102E-002   1.0017590937314862        1.0000000000000000       -6.2172489379008766E-015
  0.42423899720944641       -1.7361413838132713E-005   1.2121212121212121E-002   1.0017573953442500        1.0101010101010102E-002   1.0017573953442500        1.0000000000000000       -6.2172489379008766E-015
  0.43434044031409375       -1.5504374415063070E-005   1.2121212121212121E-002   1.0017561746771340        1.0101010101010102E-002   1.0017561746771340        1.0000000000000000       -6.2172489379008766E-015
  0.44444189219106756       -1.3726547626473469E-005   1.2121212121212121E-002   1.0017553612951915        1.0101010101010102E-002   1.0017553612951915        1.0000000000000000       -6.2172489379008766E-015
  0.45454335099085735       -1.1380572645946049E-005   1.2121212121212121E-002   1.0017547128897715        1.0101010101010102E-002   1.0017547128897715        1.0000000000000000       -6.2172489379008766E-015
  0.46464481527960416       -8.5980278117573778E-006   1.2121212121212121E-002   1.0017539739162620        1.0101010101010102E-002   1.0017539739162620        1.0000000000000000       -6.2172489379008766E-015
  0.47474628853362982       -5.7449044626180860E-006   1.2121212121212121E-002   1.0017530771867311        1.0101010101010102E-002   1.0017530771867311        1.0000000000000000        5.3290705182007514E-015
  0.48484777129602497       -3.1141303268918411E-006   1.2121212121212121E-002   1.0017524570225822        1.0101010101010102E-002   1.0017524570225822        1.0000000000000000       -7.0166095156309893E-014
  0.49494925706607062       -9.2547622796743055E-007   1.2121212121212121E-002   1.0017522757979935        1.0101010101010102E-002   1.0017522757979935        1.0000000000000000       -4.4941828036826337E-013
  0.50505074293413732        9.2547630851466601E-007   1.2121212121212121E-002   1.0017522757981245        1.0101010101010102E-002   1.0017522757981245        1.0000000000000000       -6.9277916736609768E-014
  0.51515222870417987        3.1141303378719402E-006   1.2121212121212121E-002   1.0017524570226868        1.0101010101010102E-002   1.0017524570226868        1.0000000000000000        1.5987211554602254E-014
  0.52525371146657562        5.7449045936754366E-006   1.2121212121212121E-002   1.0017530771865757        1.0101010101010102E-002   1.0017530771865757        1.0000000000000000        1.7763568394002505E-015
  0.53535518472060450        8.5980276146032714E-006   1.2121212121212121E-002   1.0017539739162615        1.0101010101010102E-002   1.0017539739162615        1.0000000000000000        1.7763568394002505E-015
  0.54545664900934820        1.1380573037060865E-005   1.2121212121212121E-002   1.0017547128899833        1.0101010101010102E-002   1.0017547128899833        1.0000000000000000        1.7763568394002505E-015
  0.55555810780913617        1.3726547623170547E-005   1.2121212121212121E-002   1.0017553612951993        1.0101010101010102E-002   1.0017553612951993        1.0000000000000000        1.7763568394002505E-015
  0.56565955968611181        1.5504374309608227E-005   1.2121212121212121E-002   1.0017561746769992        1.0101010101010102E-002   1.0017561746769992        1.0000000000000000        1.7763568394002505E-015
  0.57576100279076026        1.7361413903318966E-005   1.2121212121212121E-002   1.0017573953441397        1.0101010101010102E-002   1.0017573953441397        1.0000000000000000        1.7763568394002505E-015
  0.58586243067078558        1.9626643583944203E-005   1.2121212121212121E-002   1.0017590937314220        1.0101010101010102E-002   1.0017590937314220        1.0000000000000000        1.7763568394002505E-015
  0.59596383981488321        2.1693465908852376E-005   1.2121212121212121E-002   1.0017610287052134        1.0101010101010102E-002   1.0017610287052134        1.0000000000000000        1.7763568394002505E-015
  0.60606522904338977        2.3685552707412743E-005   1.2121212121212121E-002   1.0017629366943288        1.0101010101010102E-002   1.0017629366943288        1.0000000000000000        1.7763568394002505E-015
  0.61616660032662529        2.5917175491486146E-005   1.2121212121212121E-002   1.0017647370732949        1.0101010101010102E-002   1.0017647370732949        1.0000000000000000        1.7763568394002505E-015
  0.62626795455664397        2.8277834321344048E-005   1.2121212121212121E-002   1.0017667596976638        1.0101010101010102E-002   1.0017667596976638        1.0000000000000000        1.7763568394002505E-015
  0.63636928602464971        2.9786789041318336E-005   1.2121212121212121E-002   1.0017690964579822        1.0101010101010102E-002   1.0017690964579822        1.0000000000000000        1.7763568394002505E-015
  0.64647059357720960        3.0478541809620541E-005   1.2121212121212121E-002   1.0017714563883606        1.0101010101010102E-002   1.0017714563883606        1.0000000000000000        1.7763568394002505E-015
  0.65657187813706952        3.1456737956092892E-005   1.2121212121212121E-002   1.0017736813990716        1.0101010101010102E-002   1.0017736813990716        1.0000000000000000        1.7763568394002505E-015
  0.66667314217398510        3.2997085699090391E-005   1.2121212121212121E-002   1.0017760390044663        1.0101010101010102E-002   1.0017760390044663        1.0000000000000000        1.7763568394002505E-015
  0.67677438061046247        3.4662633167457830E-005   1.2121212121212121E-002   1.0017788047325384        1.0101010101010102E-002   1.0017788047325384        1.0000000000000000        1.7763568394002505E-015
  0.68687558975430074        3.5944095208101799E-005   1.2121212121212121E-002   1.0017818605991675        1.0101010101010102E-002   1.0017818605991675        1.0000000000000000        1.7763568394002505E-015
  0.69697676771072792        3.7038065995950316E-005   1.2121212121212121E-002   1.0017851124257315        1.0101010101010102E-002   1.0017851124257315        1.0000000000000000        1.7763568394002505E-015
  0.70707791203477754        3.7713592518726618E-005   1.2121212121212121E-002   1.0017882083325789        1.0101010101010102E-002   1.0017882083325789        1.0000000000000000        1.7763568394002505E-015
  0.71717902827836466        3.7874218167599441E-005   1.2121212121212121E-002   1.0017908481231312        1.0101010101010102E-002   1.0017908481231312        1.0000000000000000        1.7763568394002505E-015
  0.72728012110447138        3.7891760873780099E-005   1.2121212121212121E-002   1.0017934127900703        1.0101010101010102E-002   1.0017934127900703        1.0000000000000000        1.7763568394002505E-015
  0.73738118725109836        3.8126580307790726E-005   1.2121212121212121E-002   1.0017962476107740        1.0101010101010102E-002   1.0017962476107740        1.0000000000000000        1.7763568394002505E-015
  0.74748222367794048        3.8445077331416331E-005   1.2121212121212121E-002   1.0017991652020797        1.0101010101010102E-002   1.0017991652020797        1.0000000000000000        1.7763568394002505E-015
  0.75758323219777846        3.8589790753347309E-005   1.2121212121212121E-002   1.0018021845966951        1.0101010101010102E-002   1.0018021845966951        1.0000000000000000        1.7763568394002505E-015
  0.76768420944270044        3.8444043600954512E-005   1.2121212121212121E-002   1.0018055699446287        1.0101010101010102E-002   1.0018055699446287        1.0000000000000000        1.7763568394002505E-015
  0.77778515085439492        3.8206361529619928E-005   1.2121212121212121E-002   1.0018091871003159        1.0101010101010102E-002   1.0018091871003159        1.0000000000000000        1.7763568394002505E-015
  0.78788605590902172        3.7950787566849302E-005   1.2121212121212121E-002   1.0018125909315647        1.0101010101010102E-002   1.0018125909315647        1.0000000000000000        1.7763568394002505E-015
  0.79798692954547523        3.7443356728719434E-005   1.2121212121212121E-002   1.0018154380624191        1.0101010101010102E-002   1.0018154380624191        1.0000000000000000        1.7763568394002505E-015
  0.80808777809457544        3.6491859215858754E-005   1.2121212121212121E-002   1.0018175892301930        1.0101010101010102E-002   1.0018175892301930        1.0000000000000000        1.7763568394002505E-015
  0.81818860978200247        3.5119531657593689E-005   1.2121212121212121E-002   1.0018194196075536        1.0101010101010102E-002   1.0018194196075536        1.0000000000000000        1.7763568394002505E-015
  0.82828942356694057        3.3680841800620377E-005   1.2121212121212121E-002   1.0018217659003597        1.0101010101010102E-002   1.0018217659003597        1.0000000000000000        1.7763568394002505E-015
  0.83839020909447781        3.2401338331155068E-005   1.2121212121212121E-002   1.0018247403706797        1.0101010101010102E-002   1.0018247403706797        1.0000000000000000        1.7763568394002505E-015
  0.84849096266671975        3.1534163761058418E-005   1.2121212121212121E-002   1.0018274935920710        1.0101010101010102E-002   1.0018274935920710        1.0000000000000000        1.7763568394002505E-015
  0.85859169300967642        3.0972637725889438E-005   1.2121212121212121E-002   1.0018295479176542        1.0101010101010102E-002   1.0018295479176542        1.0000000000000000        1.7763568394002505E-015
  0.86869240681245119        3.0219558780815526E-005   1.2121212121212121E-002   1.0018313520896667        1.0101010101010102E-002   1.0018313520896667        1.0000000000000000        1.7763568394002505E-015
  0.87879310191911875        2.9262125351283497E-005   1.2121212121212121E-002   1.0018331245099488        1.0101010101010102E-002   1.0018331245099488        1.0000000000000000        1.7763568394002505E-015
  0.88889377956457161        2.8384743629530360E-005   1.2121212121212121E-002   1.0018341994633864        1.0101010101010102E-002   1.0018341994633864        1.0000000000000000        1.7763568394002505E-015
  0.89899445265151678        2.7431809775015304E-005   1.2121212121212121E-002   1.0018341010445853        1.0101010101010102E-002   1.0018341010445853        1.0000000000000000        1.7763568394002505E-015
  0.90909513274959730        2.6416215857094331E-005   1.2121212121212121E-002   1.0018330960342512        1.0101010101010102E-002   1.0018330960342512        1.0000000000000000        1.7763568394002505E-015
  0.91919582603204220        2.5806784136884808E-005   1.2121212121212121E-002   1.0018313866930102        1.0101010101010102E-002   1.0018313866930102        1.0000000000000000        1.7763568394002505E-015
  0.92929653959195102        2.5643672264503439E-005   1.2121212121212121E-002   1.0018288447736561        1.0101010101010102E-002   1.0018288447736561        1.0000000000000000        1.7763568394002505E-015
  0.93939728374078879        2.5905764549703946E-005   1.2121212121212121E-002   1.0018258753033540        1.0101010101010102E-002   1.0018258753033540        1.0000000000000000        1.7763568394002505E-015
  0.94949805707545132        2.6903031581883772E-005   1.2121212121212121E-002   1.0018231283398971        1.0101010101010102E-002   1.0018231283398971        1.0000000000000000        1.7763568394002505E-015
  0.95959885531385747        2.8461472444688457E-005   1.2121212121212121E-002   1.0018204909045072        1.0101010101010102E-002   1.0018204909045072        1.0000000000000000        1.7763568394002505E-015
  0.96969967953508540        3.0116983320631562E-005   1.2121212121212121E-002   1.0018172472892142        1.0101010101010102E-002   1.0018172472892142        1.0000000000000000        8.8817841970012523E-016
  0.97980054170630393        3.1600351554113073E-005   1.2121212121212121E-002   1.0018132960222765        1.0101010101010102E-002   1.0018132960222765        1.0000000000000000       -3.2862601528904634E-014
  0.98990144500356736        3.2995600229618699E-005   1.2121212121212121E-002   1.0018092358839878        1.0101010101010102E-002   1.0018092358839878        1.0000000000000000        1.5010215292932116E-013
   1.0000023881213462        3.3718782157687262E-005   1.2121212121212121E-002   1.0018055224881550        1.0101010101010102E-002   1.0018055224881550        1.0000000000000000        1.0436096431476471E-012
   1.0101033982223564       -3.2786801567544376E-005   1.2121212121212121E-002   1.0018092358839705        1.0101010101010102E-002   1.0018022363450338        1.0000000000000000        1.4299672557172016E-013
   1.0202044083233666       -3.1381909894284162E-005   1.2121212121212121E-002   1.0018132960223451        1.0101010101010102E-002   1.0018005396030805        1.0000000000000000       -1.9677833450701065E-002
   1.0303054184243767       -2.9920113600717976E-005   1.2121212121212121E-002   1.0018172472891134        1.0101010101010102E-002   1.0018004115226273        1.0000000000000000       -1.3138325546267744     
   1.0404064285253869       -2.8321055167541564E-005   1.2121212121212121E-002   1.0018204909045358        1.0101010101010102E-002  0.99665637860081713        1.0000000000000000       -4.6453021478719450     
   1.0505074386263971       -2.6771744745408736E-005   1.2121212121212121E-002   1.0018231283399475        1.0101010101010102E-002  0.77867798353909146        1.0000000000000000        107.01218865918355     
  -1.0103398222149984E-002   3.2786801754961874E-005   1.2121212121212121E-002   1.0018092358839878        1.0101010101010102E-002   1.0018022363450230        1.0000000000000000        1.1546319456101628E-014
  -2.0204408323160086E-002   3.1381909678630373E-005   1.2121212121212121E-002   1.0018132960222765        1.0101010101010102E-002   1.0018005396030867        1.0000000000000000        1.9677833450746363E-002
  -3.0305418424170186E-002   2.9920113974000127E-005   1.2121212121212121E-002   1.0018172472892142        1.0101010101010102E-002   1.0018004115226335        1.0000000000000000        1.3138325546268277     
  -4.0406428525180289E-002   2.8321054947380591E-005   1.2121212121212121E-002   1.0018204909045072        1.0101010101010102E-002  0.99665637860082268        1.0000000000000000        4.6453021478716039     
  -5.0507438626190393E-002   2.6771744914519156E-005   1.2121212121212121E-002   1.0018231283398971        1.0101010101010102E-002  0.77867798353909445        1.0000000000000000       -107.01218865918408     
