 # x v h rho m p cs a
   25.500606060609243     
   2.9871422792713379E-014   9.0098433764235114E-013   1.2121212121212121E-002   1.0017739042801608        1.0101010101010102E-002   1.0017739042801608        1.0000000000000000       -1.5508661022067827E-010
   1.0101272077838619E-002  -6.1180634893253470E-006   1.2121212121212121E-002   1.0017739579323446        1.0101010101010102E-002   1.0017739579323446        1.0000000000000000       -1.1191730014736834E-005
   2.0202543095118812E-002  -1.2211385118701786E-005   1.2121212121212121E-002   1.0017741186672207        1.0101010101010102E-002   1.0017741186672207        1.0000000000000000       -2.2337635749103413E-005
   3.0303811995678252E-002  -1.8255316227837912E-005   1.2121212121212121E-002   1.0017743858266719        1.0101010101010102E-002   1.0017743858266719        1.0000000000000000       -3.3391934282533953E-005
   4.0405077732006182E-002  -2.4225417659000903E-005   1.2121212121212121E-002   1.0017747583121166        1.0101010101010102E-002   1.0017747583121166        1.0000000000000000       -4.4308656326208506E-005
   5.0506339269632057E-002  -3.0097552728848066E-005   1.2121212121212121E-002   1.0017752345902831        1.0101010101010102E-002   1.0017752345902831        1.0000000000000000       -5.5043025586343219E-005
   6.0607595591365575E-002  -3.5847984318010689E-005   1.2121212121212121E-002   1.0017758127040393        1.0101010101010102E-002   1.0017758127040393        1.0000000000000000       -6.5551436009059216E-005
   7.0708845701430378E-002  -4.1453471101536705E-005   1.2121212121212121E-002   1.0017764902813595        1.0101010101010102E-002   1.0017764902813595        1.0000000000000000       -7.5790952237753118E-005
   8.0810088629522700E-002  -4.6891366957490614E-005   1.2121212121212121E-002   1.0017772645405958        1.0101010101010102E-002   1.0017772645405958        1.0000000000000000       -8.5719040527010293E-005
   9.0911323434861399E-002  -5.2139715840998643E-005   1.2121212121212121E-002   1.0017781323032970        1.0101010101010102E-002   1.0017781323032970        1.0000000000000000       -9.5295409670903553E-005
  0.10101254920998672       -5.7177332165914306E-005   1.2121212121212121E-002   1.0017790900114723        1.0101010101010102E-002   1.0017790900114723        1.0000000000000000       -1.0448121207851102E-004
  0.11111376508445965       -6.1983889635364514E-005   1.2121212121212121E-002   1.0017801337434642        1.0101010101010102E-002   1.0017801337434642        1.0000000000000000       -1.1323945665697721E-004
  0.12121497022834288       -6.6540008649589938E-005   1.2121212121212121E-002   1.0017812592264601        1.0101010101010102E-002   1.0017812592264601        1.0000000000000000       -1.2153383794544226E-004
  0.13131616385566763       -7.0827334259714273E-005   1.2121212121212121E-002   1.0017824618542637        1.0101010101010102E-002   1.0017824618542637        1.0000000000000000       -1.2933112285651305E-004
  0.14141734522756974       -7.4828604779416728E-005   1.2121212121212121E-002   1.0017837367132418        1.0101010101010102E-002   1.0017837367132418        1.0000000000000000       -1.3660041148799706E-004
  0.15151851365521282       -7.8527722880315627E-005   1.2121212121212121E-002   1.0017850786002520        1.0101010101010102E-002   1.0017850786002520        1.0000000000000000       -1.4331226132657804E-004
  0.16161966850258905       -8.1909821704123490E-005   1.2121212121212121E-002   1.0017864820421696        1.0101010101010102E-002   1.0017864820421696        1.0000000000000000       -1.4943977214976201E-004
  0.17172080918906127       -8.4961328181904560E-005   1.2121212121212121E-002   1.0017879413204580        1.0101010101010102E-002   1.0017879413204580        1.0000000000000000       -1.5495862899683743E-004
  0.18182193519167042       -8.7670011355015919E-005   1.2121212121212121E-002   1.0017894504967064        1.0101010101010102E-002   1.0017894504967064        1.0000000000000000       -1.5984732877516450E-004
  0.19192304604717303       -9.0025026375116751E-005   1.2121212121212121E-002   1.0017910034385100        1.0101010101010102E-002   1.0017910034385100        1.0000000000000000       -1.6408693144231989E-004
  0.20202414135383001       -9.2016969737110295E-005   1.2121212121212121E-002   1.0017925938422338        1.0101010101010102E-002   1.0017925938422338        1.0000000000000000       -1.6766065976536737E-004
  0.21212522077300441       -9.3637907873773431E-005   1.2121212121212121E-002   1.0017942152582962        1.0101010101010102E-002   1.0017942152582962        1.0000000000000000       -1.7055483912553626E-004
  0.22222628403045377       -9.4881408283531497E-005   1.2121212121212121E-002   1.0017958611207989        1.0101010101010102E-002   1.0017958611207989        1.0000000000000000       -1.7275890189427656E-004
  0.23232733091733104       -9.5742561443514190E-005   1.2121212121212121E-002   1.0017975247752873        1.0101010101010102E-002   1.0017975247752873        1.0000000000000000       -1.7426500005512935E-004
  0.24242836129092768       -9.6218005910413468E-005   1.2121212121212121E-002   1.0017991995038891        1.0101010101010102E-002   1.0017991995038891        1.0000000000000000       -1.7506774775988276E-004
  0.25252937507518147       -9.6305935562109751E-005   1.2121212121212121E-002   1.0018008785504788        1.0101010101010102E-002   1.0018008785504788        1.0000000000000000       -1.7516453876975646E-004
  0.26263037226093272       -9.6006106600147304E-005   1.2121212121212121E-002   1.0018025551514045        1.0101010101010102E-002   1.0018025551514045        1.0000000000000000       -1.7455645905517514E-004
  0.27273135290581413       -9.5319832065020942E-005   1.2121212121212121E-002   1.0018042225654105        1.0101010101010102E-002   1.0018042225654105        1.0000000000000000       -1.7324712355293315E-004
  0.28283231713390034       -9.4249984028907429E-005   1.2121212121212121E-002   1.0018058740948146        1.0101010101010102E-002   1.0018058740948146        1.0000000000000000       -1.7124201977658515E-004
  0.29293326513520596       -9.2800971416985608E-005   1.2121212121212121E-002   1.0018075031121425        1.0101010101010102E-002   1.0018075031121425        1.0000000000000000       -1.6855028656781457E-004
  0.30303419716480617       -9.0978726490830746E-005   1.2121212121212121E-002   1.0018091030911063        1.0101010101010102E-002   1.0018091030911063        1.0000000000000000       -1.6518391755937500E-004
  0.31313511354170437       -8.8790675757755521E-005   1.2121212121212121E-002   1.0018106676317005        1.0101010101010102E-002   1.0018106676317005        1.0000000000000000       -1.6115732815968897E-004
  0.32323601464746426       -8.6245709857891528E-005   1.2121212121212121E-002   1.0018121904828263        1.0101010101010102E-002   1.0018121904828263        1.0000000000000000       -1.5648713943683390E-004
  0.33333690092463386       -8.3354148435159917E-005   1.2121212121212121E-002   1.0018136655650944        1.0101010101010102E-002   1.0018136655650944        1.0000000000000000       -1.5119254576489993E-004
  0.34343777287493582       -8.0127696223871158E-005   1.2121212121212121E-002   1.0018150869981175        1.0101010101010102E-002   1.0018150869981175        1.0000000000000000       -1.4529587899314578E-004
  0.35353863105713679       -7.6579389075867688E-005   1.2121212121212121E-002   1.0018164491238464        1.0101010101010102E-002   1.0018164491238464        1.0000000000000000       -1.3882121074537679E-004
  0.36363947608477581       -7.2723552334294460E-005   1.2121212121212121E-002   1.0018177465252960        1.0101010101010102E-002   1.0018177465252960        1.0000000000000000       -1.3179477596292344E-004
  0.37374030862367774       -6.8575734665770737E-005   1.2121212121212121E-002   1.0018189740480012        1.0101010101010102E-002   1.0018189740480012        1.0000000000000000       -1.2424505438524136E-004
  0.38384112938924780       -6.4152644747040403E-005   1.2121212121212121E-002   1.0018201268195088        1.0101010101010102E-002   1.0018201268195088        1.0000000000000000       -1.1620242029763972E-004
  0.39394193914360726       -5.9472088205727264E-005   1.2121212121212121E-002   1.0018212002699327        1.0101010101010102E-002   1.0018212002699327        1.0000000000000000       -1.0769961311662968E-004
  0.40404273869247048       -5.4552890526283271E-005   1.2121212121212121E-002   1.0018221901477036        1.0101010101010102E-002   1.0018221901477036        1.0000000000000000       -9.8770290026806151E-005
  0.41414352888197675       -4.9414830613191689E-005   1.2121212121212121E-002   1.0018230925342684        1.0101010101010102E-002   1.0018230925342684        1.0000000000000000       -8.9450251611999931E-005
  0.42424431059528278       -4.4078550053346370E-005   1.2121212121212121E-002   1.0018239038607661        1.0101010101010102E-002   1.0018239038607661        1.0000000000000000       -7.9776611131343600E-005
  0.43434508474905392       -3.8565478501498984E-005   1.2121212121212121E-002   1.0018246209209334        1.0101010101010102E-002   1.0018246209209334        1.0000000000000000       -6.9787922326369767E-005
  0.44444585228980926       -3.2897745979410968E-005   1.2121212121212121E-002   1.0018252408834365        1.0101010101010102E-002   1.0018252408834365        1.0000000000000000       -5.9523800793215287E-005
  0.45454661419016129       -2.7098097406661378E-005   1.2121212121212121E-002   1.0018257613000978        1.0101010101010102E-002   1.0018257613000978        1.0000000000000000       -4.9024535722530516E-005
  0.46464737144501173       -2.1189797872633580E-005   1.2121212121212121E-002   1.0018261801167219        1.0101010101010102E-002   1.0018261801167219        1.0000000000000000       -3.8332011024877488E-005
  0.47474812506757058       -1.5196542653387749E-005   1.2121212121212121E-002   1.0018264956828069        1.0101010101010102E-002   1.0018264956828069        1.0000000000000000       -2.7488547438281330E-005
  0.48484887608535016       -9.1423615394753950E-006   1.2121212121212121E-002   1.0018267067546724        1.0101010101010102E-002   1.0018267067546724        1.0000000000000000       -1.6536661519239715E-005
  0.49494962553613514       -3.0515321949503723E-006   1.2121212121212121E-002   1.0018268124989800        1.0101010101010102E-002   1.0018268124989800        1.0000000000000000       -5.5194062360541807E-006
  0.50505037446391143        3.0515317879629826E-006   1.2121212121212121E-002   1.0018268124989449        1.0101010101010102E-002   1.0018268124989449        1.0000000000000000        5.5194139285674737E-006
  0.51515112391469753        9.1423620478318948E-006   1.2121212121212121E-002   1.0018267067547915        1.0101010101010102E-002   1.0018267067547915        1.0000000000000000        1.6536619939166997E-005
  0.52525187493247383        1.5196542271941031E-005   1.2121212121212121E-002   1.0018264956831655        1.0101010101010102E-002   1.0018264956831655        1.0000000000000000        2.7488535583763962E-005
  0.53535262855502808        2.1189798293093809E-005   1.2121212121212121E-002   1.0018261801168449        1.0101010101010102E-002   1.0018261801168449        1.0000000000000000        3.8332077722635916E-005
  0.54545338580988012        2.7098097382794778E-005   1.2121212121212121E-002   1.0018257612996933        1.0101010101010102E-002   1.0018257612996933        1.0000000000000000        4.9024581589840466E-005
  0.55555414771023992        3.2897746286692566E-005   1.2121212121212121E-002   1.0018252408832811        1.0101010101010102E-002   1.0018252408832811        1.0000000000000000        5.9523699420971354E-005
  0.56565491525099076        3.8565478175856679E-005   1.2121212121212121E-002   1.0018246209211332        1.0101010101010102E-002   1.0018246209211332        1.0000000000000000        6.9787951996858055E-005
  0.57575568940476085        4.4078549785929172E-005   1.2121212121212121E-002   1.0018239038604926        1.0101010101010102E-002   1.0018239038604926        1.0000000000000000        7.9776675618425941E-005
  0.58585647111807482        4.9414830039932686E-005   1.2121212121212121E-002   1.0018230925342810        1.0101010101010102E-002   1.0018230925342810        1.0000000000000000        8.9450129117985000E-005
  0.59595726130757287        5.4552891083014195E-005   1.2121212121212121E-002   1.0018221901479838        1.0101010101010102E-002   1.0018221901479838        1.0000000000000000        9.8770356558475214E-005
  0.60605806085643721        5.9472088059320329E-005   1.2121212121212121E-002   1.0018212002696385        1.0101010101010102E-002   1.0018212002696385        1.0000000000000000        1.0769966619594840E-004
  0.61615887061080243        6.4152644862723026E-005   1.2121212121212121E-002   1.0018201268191989        1.0101010101010102E-002   1.0018201268191989        1.0000000000000000        1.1620237795018085E-004
  0.62625969137637338        6.8575735024816023E-005   1.2121212121212121E-002   1.0018189740480286        1.0101010101010102E-002   1.0018189740480286        1.0000000000000000        1.2424501818220079E-004
  0.63636052391527376        7.2723551889109596E-005   1.2121212121212121E-002   1.0018177465255731        1.0101010101010102E-002   1.0018177465255731        1.0000000000000000        1.3179475733338109E-004
  0.64646136894290807        7.6579389682909150E-005   1.2121212121212121E-002   1.0018164491239037        1.0101010101010102E-002   1.0018164491239037        1.0000000000000000        1.3882127985631598E-004
  0.65656222712511247        8.0127695650906915E-005   1.2121212121212121E-002   1.0018150869978875        1.0101010101010102E-002   1.0018150869978875        1.0000000000000000        1.4529587075706729E-004
  0.66666309907541654        8.3354148470367228E-005   1.2121212121212121E-002   1.0018136655651224        1.0101010101010102E-002   1.0018136655651224        1.0000000000000000        1.5119250082040736E-004
  0.67676398535258309        8.6245710046825778E-005   1.2121212121212121E-002   1.0018121904829247        1.0101010101010102E-002   1.0018121904829247        1.0000000000000000        1.5648716675453755E-004
  0.68686488645834376        8.8790675622904108E-005   1.2121212121212121E-002   1.0018106676316854        1.0101010101010102E-002   1.0018106676316854        1.0000000000000000        1.6115732455812548E-004
  0.69696580283524190        9.0978726762936570E-005   1.2121212121212121E-002   1.0018091030911911        1.0101010101010102E-002   1.0018091030911911        1.0000000000000000        1.6518390163877683E-004
  0.70706673486484029        9.2800971373496646E-005   1.2121212121212121E-002   1.0018075031122169        1.0101010101010102E-002   1.0018075031122169        1.0000000000000000        1.6855030402673776E-004
  0.71716768286614607        9.4249983700666834E-005   1.2121212121212121E-002   1.0018058740947724        1.0101010101010102E-002   1.0018058740947724        1.0000000000000000        1.7124202862195403E-004
  0.72726864709423322        9.5319832485433128E-005   1.2121212121212121E-002   1.0018042225654173        1.0101010101010102E-002   1.0018042225654173        1.0000000000000000        1.7324710281485523E-004
  0.73736962773911385        9.6006106520499685E-005   1.2121212121212121E-002   1.0018025551516225        1.0101010101010102E-002   1.0018025551516225        1.0000000000000000        1.7455643458319514E-004
  0.74747062492486105        9.6305935682878190E-005   1.2121212121212121E-002   1.0018008785506221        1.0101010101010102E-002   1.0018008785506221        1.0000000000000000        1.7516457825017540E-004
  0.75757163870911592        9.6218005256724464E-005   1.2121212121212121E-002   1.0017991995038691        1.0101010101010102E-002   1.0017991995038691        1.0000000000000000        1.7506774343356568E-004
  0.76767266908271214        9.5742561776747780E-005   1.2121212121212121E-002   1.0017975247752458        1.0101010101010102E-002   1.0017975247752458        1.0000000000000000        1.7426501281647688E-004
  0.77777371596959044        9.4881408788933641E-005   1.2121212121212121E-002   1.0017958611206614        1.0101010101010102E-002   1.0017958611206614        1.0000000000000000        1.7275890402057570E-004
  0.78787477922704208        9.3637907895918016E-005   1.2121212121212121E-002   1.0017942152583508        1.0101010101010102E-002   1.0017942152583508        1.0000000000000000        1.7055480030858661E-004
  0.79797585864621245        9.2016969382790220E-005   1.2121212121212121E-002   1.0017925938421428        1.0101010101010102E-002   1.0017925938421428        1.0000000000000000        1.6766072807072874E-004
  0.80807695395287549        9.0025026606553623E-005   1.2121212121212121E-002   1.0017910034383979        1.0101010101010102E-002   1.0017910034383979        1.0000000000000000        1.6408686703428543E-004
  0.81817806480837485        8.7670011166965186E-005   1.2121212121212121E-002   1.0017894504968883        1.0101010101010102E-002   1.0017894504968883        1.0000000000000000        1.5984733040319554E-004
  0.82827919081098300        8.4961327857820511E-005   1.2121212121212121E-002   1.0017879413205713        1.0101010101010102E-002   1.0017879413205713        1.0000000000000000        1.5495864044812180E-004
  0.83838033149745361        8.1909821586657517E-005   1.2121212121212121E-002   1.0017864820419859        1.0101010101010102E-002   1.0017864820419859        1.0000000000000000        1.4943982754633822E-004
  0.84848148634483544        7.8527722803807898E-005   1.2121212121212121E-002   1.0017850785999898        1.0101010101010102E-002   1.0017850785999898        1.0000000000000000        1.4331222176355851E-004
  0.85858265477247864        7.4828605145749655E-005   1.2121212121212121E-002   1.0017837367132023        1.0101010101010102E-002   1.0017837367132023        1.0000000000000000        1.3660040364182890E-004
  0.86868383614438094        7.0827334079021111E-005   1.2121212121212121E-002   1.0017824618542006        1.0101010101010102E-002   1.0017824618542006        1.0000000000000000        1.2933113548907471E-004
  0.87878502977170669        6.6540008925437548E-005   1.2121212121212121E-002   1.0017812592263513        1.0101010101010102E-002   1.0017812592263513        1.0000000000000000        1.2153383312618615E-004
  0.88888623491559171        6.1983889924182407E-005   1.2121212121212121E-002   1.0017801337436336        1.0101010101010102E-002   1.0017801337436336        1.0000000000000000        1.1323940520124864E-004
  0.89898745079005882        5.7177332104136893E-005   1.2121212121212121E-002   1.0017790900115562        1.0101010101010102E-002   1.0017790900115562        1.0000000000000000        1.0448127762074932E-004
  0.90908867656518833        5.2139715288529162E-005   1.2121212121212121E-002   1.0017781323032742        1.0101010101010102E-002   1.0017781323032742        1.0000000000000000        9.5295371218107050E-005
  0.91918991137052330        4.6891367510391581E-005   1.2121212121212121E-002   1.0017772645404950        1.0101010101010102E-002   1.0017772645404950        1.0000000000000000        8.5719096516001514E-005
  0.92929115429862164        4.1453471329809388E-005   1.2121212121212121E-002   1.0017764902813726        1.0101010101010102E-002   1.0017764902813726        1.0000000000000000        7.5790866018721204E-005
  0.93939240440868055        3.5847983910616390E-005   1.2121212121212121E-002   1.0017758127043319        1.0101010101010102E-002   1.0017758127043319        1.0000000000000000        6.5551468495073095E-005
  0.94949366073041286        3.0097552354687420E-005   1.2121212121212121E-002   1.0017752345901658        1.0101010101010102E-002   1.0017752345901658        1.0000000000000000        5.5043076754301978E-005
  0.95959492226804310        2.4225418003885695E-005   1.2121212121212121E-002   1.0017747583120300        1.0101010101010102E-002   1.0017747583120300        1.0000000000000000        4.4308602768161620E-005
  0.96969618800436885        1.8255316352920504E-005   1.2121212121212121E-002   1.0017743858269039        1.0101010101010102E-002   1.0017743858269039        1.0000000000000000        3.3391914803893030E-005
  0.97979745690492537        1.2211384824272124E-005   1.2121212121212121E-002   1.0017741186674585        1.0101010101010102E-002   1.0017741186674585        1.0000000000000000        2.2337656906401548E-005
  0.98989872792220301        6.1180636290586731E-006   1.2121212121212121E-002   1.0017739579321787        1.0101010101010102E-002   1.0017739579321787        1.0000000000000000        1.1191793690912277E-005
   1.0000000000000187       -6.6483134445569267E-013   1.2121212121212121E-002   1.0017739042801612        1.0101010101010102E-002   1.0017739042801612        1.0000000000000000        5.6286530991656036E-011
   1.0101012720778386       -6.0901664808779413E-006   1.2121212121212121E-002   1.0017739579323446        1.0101010101010102E-002   1.0017739579323446        1.0000000000000000       -1.1191794240694719E-005
   1.0202025430951187       -1.2155705172846997E-005   1.2121212121212121E-002   1.0017741186672207        1.0101010101010102E-002   1.0017741186672207        1.0000000000000000       -2.2337676360173475E-005
   1.0303038119956782       -1.8172081850840157E-005   1.2121212121212121E-002   1.0017743858266719        1.0101010101010102E-002   1.0017743858266719        1.0000000000000000       -3.3391933992987788E-005
   1.0404050777320062       -2.4114971730063456E-005   1.2121212121212121E-002   1.0017747583121166        1.0101010101010102E-002   1.0017747583121166        1.0000000000000000       -4.4308656552694003E-005
   1.0505063392696321       -2.9960349651405137E-005   1.2121212121212121E-002   1.0017752345902831        1.0101010101010102E-002   1.0017752345902831        1.0000000000000000       -5.5043025994905292E-005
   1.0606075955913656       -3.5684587229784587E-005   1.2121212121212121E-002   1.0017758127040393        1.0101010101010102E-002   1.0017758127040393        1.0000000000000000       -6.5551436708055633E-005
   1.0707088457014304       -4.1264550304461257E-005   1.2121212121212121E-002   1.0017764902813595        1.0101010101010102E-002   1.0017764902813595        1.0000000000000000       -7.5790953413701345E-005
   1.0808100886295227       -4.6677698723708687E-005   1.2121212121212121E-002   1.0017772645405958        1.0101010101010102E-002   1.0017772645405958        1.0000000000000000       -8.5719039747189640E-005
   1.0909113234348613       -5.1902176678178291E-005   1.2121212121212121E-002   1.0017781323032970        1.0101010101010102E-002   1.0017781323032970        1.0000000000000000        7.6236364450456477     
   1.1010125492099867       -5.6916895482762170E-005   1.2121212121212121E-002   1.0017790900114723        1.0101010101010102E-002   1.0017790900114723        1.0000000000000000        93.407368376940795     
  -1.0101272077796986E-002   6.0901664662189443E-006   1.2121212121212121E-002   1.0017739579321787        1.0101010101010102E-002   1.0017739579321787        1.0000000000000000        1.1191857205439248E-005
  -2.0202543095074632E-002   1.2155704849429346E-005   1.2121212121212121E-002   1.0017741186674585        1.0101010101010102E-002   1.0017741186674585        1.0000000000000000        2.2337699248531351E-005
  -3.0303811995631147E-002   1.8172082016702516E-005   1.2121212121212121E-002   1.0017743858269039        1.0101010101010102E-002   1.0017743858269039        1.0000000000000000        3.3391914799452138E-005
  -4.0405077731956895E-002   2.4114972175312410E-005   1.2121212121212121E-002   1.0017747583120300        1.0101010101010102E-002   1.0017747583120300        1.0000000000000000        4.4308602767273442E-005
  -5.0506339269587142E-002   2.9960349175228856E-005   1.2121212121212121E-002   1.0017752345901658        1.0101010101010102E-002   1.0017752345901658        1.0000000000000000        5.5043076757854692E-005
  -6.0607595591319452E-002   3.5684586766925967E-005   1.2121212121212121E-002   1.0017758127043319        1.0101010101010102E-002   1.0017758127043319        1.0000000000000000        6.5551468496849452E-005
  -7.0708845701378364E-002   4.1264550722554355E-005   1.2121212121212121E-002   1.0017764902813726        1.0101010101010102E-002   1.0017764902813726        1.0000000000000000        7.5790866026714809E-005
  -8.0810088629476695E-002   4.6677699112890917E-005   1.2121212121212121E-002   1.0017772645404950        1.0101010101010102E-002   1.0017772645404950        1.0000000000000000        8.5719096514225157E-005
  -9.0911323434811675E-002   5.1902176250734187E-005   1.2121212121212121E-002   1.0017781323032742        1.0101010101010102E-002   1.0017781323032742        1.0000000000000000       -7.6236364450883372     
 -0.10101254920994118        5.6916895270811548E-005   1.2121212121212121E-002   1.0017790900115562        1.0101010101010102E-002   1.0017790900115562        1.0000000000000000       -93.407368376913325     
