 # x v h rho m p cs a
   14.600999999997347     
   1.0009695253941756E-005  -1.4014947271668270E-005   1.2121212121212121E-002   1.0018026454607452        1.0101010101010102E-002   1.0018026454607452        1.0000000000000000        1.2434497875801753E-014
   1.0110989410524305E-002  -1.3862971375248193E-005   1.2121212121212121E-002   1.0018040879028873        1.0101010101010102E-002   1.0018040879028873        1.0000000000000000       -1.4210854715202004E-014
   2.0211957498767565E-002  -1.3824577805844134E-005   1.2121212121212121E-002   1.0018057105983387        1.0101010101010102E-002   1.0018057105983387        1.0000000000000000       -9.9475983006414026E-014
   3.0312905872704760E-002  -1.4156409981854380E-005   1.2121212121212121E-002   1.0018079003845135        1.0101010101010102E-002   1.0018079003845135        1.0000000000000000        6.1284310959308641E-014
   4.0413829786907211E-002  -1.4189622479689965E-005   1.2121212121212121E-002   1.0018101459028732        1.0101010101010102E-002   1.0018101459028732        1.0000000000000000        3.5527136788005009E-015
   5.0514733141568451E-002  -1.3900141394716020E-005   1.2121212121212121E-002   1.0018120487205564        1.0101010101010102E-002   1.0018120487205564        1.0000000000000000        4.4408920985006262E-015
   6.0615619788602068E-002  -1.3357108744326509E-005   1.2121212121212121E-002   1.0018137762329455        1.0101010101010102E-002   1.0018137762329455        1.0000000000000000       -8.8817841970012523E-015
   7.0716489236769001E-002  -1.3012419478871084E-005   1.2121212121212121E-002   1.0018154497150769        1.0101010101010102E-002   1.0018154497150769        1.0000000000000000       -5.1514348342607263E-014
   8.0817342316564081E-002  -1.2506331817367515E-005   1.2121212121212121E-002   1.0018168051576137        1.0101010101010102E-002   1.0018168051576137        1.0000000000000000        2.1316282072803006E-014
   9.0918185166347767E-002  -1.1857375055599606E-005   1.2121212121212121E-002   1.0018179590954492        1.0101010101010102E-002   1.0018179590954492        1.0000000000000000        7.1054273576010019E-015
  0.10101901617706315       -1.1544692430571966E-005   1.2121212121212121E-002   1.0018193319521222        1.0101010101010102E-002   1.0018193319521222        1.0000000000000000        7.1054273576010019E-015
  0.11111983179217176       -1.1363057323167878E-005   1.2121212121212121E-002   1.0018208635541257        1.0101010101010102E-002   1.0018208635541257        1.0000000000000000        3.5527136788005009E-015
  0.12122063183650778       -1.1101157891502838E-005   1.2121212121212121E-002   1.0018221451711598        1.0101010101010102E-002   1.0018221451711598        1.0000000000000000        1.9539925233402755E-014
  0.13132142207137598       -1.0580465095820915E-005   1.2121212121212121E-002   1.0018231349067621        1.0101010101010102E-002   1.0018231349067621        1.0000000000000000        8.0824236192711396E-014
  0.14142220307316467       -9.8759727175462177E-006   1.2121212121212121E-002   1.0018241440565721        1.0101010101010102E-002   1.0018241440565721        1.0000000000000000        2.2204460492503131E-014
  0.15152297379893145       -9.0659246223893078E-006   1.2121212121212121E-002   1.0018254324665481        1.0101010101010102E-002   1.0018254324665481        1.0000000000000000       -6.2172489379008766E-015
  0.16162372912047712       -8.0695740751440658E-006   1.2121212121212121E-002   1.0018268543788948        1.0101010101010102E-002   1.0018268543788948        1.0000000000000000       -6.2172489379008766E-015
  0.17172447094524154       -7.1159374606348079E-006   1.2121212121212121E-002   1.0018279186721664        1.0101010101010102E-002   1.0018279186721664        1.0000000000000000       -6.2172489379008766E-015
  0.18182520481803432       -6.0914745008172558E-006   1.2121212121212121E-002   1.0018283644566235        1.0101010101010102E-002   1.0018283644566235        1.0000000000000000       -6.2172489379008766E-015
  0.19192593820473847       -5.3904244087835348E-006   1.2121212121212121E-002   1.0018284273959657        1.0101010101010102E-002   1.0018284273959657        1.0000000000000000       -6.2172489379008766E-015
  0.20202667174745137       -4.8790586370862519E-006   1.2121212121212121E-002   1.0018286547322932        1.0101010101010102E-002   1.0018286547322932        1.0000000000000000       -6.2172489379008766E-015
  0.21212740081049888       -4.3521151679535565E-006   1.2121212121212121E-002   1.0018291610463630        1.0101010101010102E-002   1.0018291610463630        1.0000000000000000       -6.2172489379008766E-015
  0.22222812380756887       -3.7090392396450953E-006   1.2121212121212121E-002   1.0018296186330697        1.0101010101010102E-002   1.0018296186330697        1.0000000000000000       -1.7763568394002505E-015
  0.23232884327664316       -2.8144966806078771E-006   1.2121212121212121E-002   1.0018296909935238        1.0101010101010102E-002   1.0018296909935238        1.0000000000000000       -5.6843418860808015E-014
  0.24242956495238804       -1.9136313125737804E-006   1.2121212121212121E-002   1.0018294367861542        1.0101010101010102E-002   1.0018294367861542        1.0000000000000000       -1.8562928971732617E-013
  0.25253028993649052       -9.2352106768699053E-007   1.2121212121212121E-002   1.0018291500580749        1.0101010101010102E-002   1.0018291500580749        1.0000000000000000        1.8385293287792592E-013
  0.26263101744315720        1.8739961600618697E-007   1.2121212121212121E-002   1.0018289572696419        1.0101010101010102E-002   1.0018289572696419        1.0000000000000000        5.0626169922907138E-014
  0.27273174638106895        1.3498347252860844E-006   1.2121212121212121E-002   1.0018289282159580        1.0101010101010102E-002   1.0018289282159580        1.0000000000000000       -6.2172489379008766E-015
  0.28283247404945305        2.4323584258712154E-006   1.2121212121212121E-002   1.0018288255964456        1.0101010101010102E-002   1.0018288255964456        1.0000000000000000       -6.2172489379008766E-015
  0.29293320481936569        3.2770712938711830E-006   1.2121212121212121E-002   1.0018285240188531        1.0101010101010102E-002   1.0018285240188531        1.0000000000000000       -6.2172489379008766E-015
  0.30303393858156491        4.0034291459671048E-006   1.2121212121212121E-002   1.0018280779712281        1.0101010101010102E-002   1.0018280779712281        1.0000000000000000       -6.2172489379008766E-015
  0.31313467791844074        4.7786746604893814E-006   1.2121212121212121E-002   1.0018273353781655        1.0101010101010102E-002   1.0018273353781655        1.0000000000000000       -6.2172489379008766E-015
  0.32323542598460880        5.4368156954844961E-006   1.2121212121212121E-002   1.0018260868872213        1.0101010101010102E-002   1.0018260868872213        1.0000000000000000       -6.2172489379008766E-015
  0.33333619024761979        6.1152658120443631E-006   1.2121212121212121E-002   1.0018244969620511        1.0101010101010102E-002   1.0018244969620511        1.0000000000000000       -6.2172489379008766E-015
  0.34343697045199967        6.5227076728026062E-006   1.2121212121212121E-002   1.0018230019466337        1.0101010101010102E-002   1.0018230019466337        1.0000000000000000       -6.2172489379008766E-015
  0.35353776448622842        7.0055034980827414E-006   1.2121212121212121E-002   1.0018217769804985        1.0101010101010102E-002   1.0018217769804985        1.0000000000000000       -6.2172489379008766E-015
  0.36363856903025910        7.4769070549682924E-006   1.2121212121212121E-002   1.0018208908393480        1.0101010101010102E-002   1.0018208908393480        1.0000000000000000       -6.2172489379008766E-015
  0.37373938017637953        8.0297903393387052E-006   1.2121212121212121E-002   1.0018201059314504        1.0101010101010102E-002   1.0018201059314504        1.0000000000000000       -6.2172489379008766E-015
  0.38384019986900320        8.5724990783224671E-006   1.2121212121212121E-002   1.0018192104145813        1.0101010101010102E-002   1.0018192104145813        1.0000000000000000       -6.2172489379008766E-015
  0.39394102897561167        9.0064879497097563E-006   1.2121212121212121E-002   1.0018183641554925        1.0101010101010102E-002   1.0018183641554925        1.0000000000000000       -6.2172489379008766E-015
  0.40404186591814262        9.5041701817078990E-006   1.2121212121212121E-002   1.0018178595883924        1.0101010101010102E-002   1.0018178595883924        1.0000000000000000       -6.2172489379008766E-015
  0.41414270456146263        9.7714343170726204E-006   1.2121212121212121E-002   1.0018174453085078        1.0101010101010102E-002   1.0018174453085078        1.0000000000000000       -6.2172489379008766E-015
  0.42424354906530093        9.6813603339398840E-006   1.2121212121212121E-002   1.0018167751780027        1.0101010101010102E-002   1.0018167751780027        1.0000000000000000       -6.2172489379008766E-015
  0.43434440156834259        9.2610618512410308E-006   1.2121212121212121E-002   1.0018161980676830        1.0101010101010102E-002   1.0018161980676830        1.0000000000000000       -6.2172489379008766E-015
  0.44444525803650786        8.9863969703491045E-006   1.2121212121212121E-002   1.0018160437090948        1.0101010101010102E-002   1.0018160437090948        1.0000000000000000       -6.2172489379008766E-015
  0.45454611317503690        8.2353108348572701E-006   1.2121212121212121E-002   1.0018160649644232        1.0101010101010102E-002   1.0018160649644232        1.0000000000000000       -6.2172489379008766E-015
  0.46464696844152642        6.5539228326094807E-006   1.2121212121212121E-002   1.0018158021772801        1.0101010101010102E-002   1.0018158021772801        1.0000000000000000       -6.2172489379008766E-015
  0.47474782889731382        4.5588725845741411E-006   1.2121212121212121E-002   1.0018153091402244        1.0101010101010102E-002   1.0018153091402244        1.0000000000000000        5.3290705182007514E-015
  0.48484869434684807        2.8014376145593893E-006   1.2121212121212121E-002   1.0018148496969288        1.0101010101010102E-002   1.0018148496969288        1.0000000000000000       -7.0166095156309893E-014
  0.49494956400892848        1.0410921999348326E-006   1.2121212121212121E-002   1.0018145337962192        1.0101010101010102E-002   1.0018145337962192        1.0000000000000000       -4.4941828036826337E-013
  0.50505043599181798       -1.0410920219612687E-006   1.2121212121212121E-002   1.0018145337960742        1.0101010101010102E-002   1.0018145337960742        1.0000000000000000       -6.9277916736609768E-014
  0.51515130565390221       -2.8014379092791539E-006   1.2121212121212121E-002   1.0018148496969717        1.0101010101010102E-002   1.0018148496969717        1.0000000000000000        1.5987211554602254E-014
  0.52525217110343136       -4.5588720767445780E-006   1.2121212121212121E-002   1.0018153091402444        1.0101010101010102E-002   1.0018153091402444        1.0000000000000000        1.7763568394002505E-015
  0.53535303155922320       -6.5539228112122138E-006   1.2121212121212121E-002   1.0018158021771446        1.0101010101010102E-002   1.0018158021771446        1.0000000000000000        1.7763568394002505E-015
  0.54545388682571183       -8.2353107858894026E-006   1.2121212121212121E-002   1.0018160649645866        1.0101010101010102E-002   1.0018160649645866        1.0000000000000000        1.7763568394002505E-015
  0.55555474196423793       -8.9863970322115205E-006   1.2121212121212121E-002   1.0018160437092525        1.0101010101010102E-002   1.0018160437092525        1.0000000000000000        1.7763568394002505E-015
  0.56565559843240287       -9.2610614958024705E-006   1.2121212121212121E-002   1.0018161980677069        1.0101010101010102E-002   1.0018161980677069        1.0000000000000000        1.7763568394002505E-015
  0.57575645093544425       -9.6813605043749222E-006   1.2121212121212121E-002   1.0018167751778264        1.0101010101010102E-002   1.0018167751778264        1.0000000000000000        1.7763568394002505E-015
  0.58585729543928666       -9.7714342069867366E-006   1.2121212121212121E-002   1.0018174453083275        1.0101010101010102E-002   1.0018174453083275        1.0000000000000000        1.7763568394002505E-015
  0.59595813408260623       -9.5041699653321112E-006   1.2121212121212121E-002   1.0018178595882921        1.0101010101010102E-002   1.0018178595882921        1.0000000000000000        1.7763568394002505E-015
  0.60605897102513973       -9.0064879366598636E-006   1.2121212121212121E-002   1.0018183641555549        1.0101010101010102E-002   1.0018183641555549        1.0000000000000000        1.7763568394002505E-015
  0.61615980013174454       -8.5724990920108651E-006   1.2121212121212121E-002   1.0018192104148402        1.0101010101010102E-002   1.0018192104148402        1.0000000000000000        1.7763568394002505E-015
  0.62626061982436587       -8.0297899055147215E-006   1.2121212121212121E-002   1.0018201059314440        1.0101010101010102E-002   1.0018201059314440        1.0000000000000000        1.7763568394002505E-015
  0.63636143097048936       -7.4769072902729508E-006   1.2121212121212121E-002   1.0018208908393569        1.0101010101010102E-002   1.0018208908393569        1.0000000000000000        1.7763568394002505E-015
  0.64646223551451654       -7.0055032701554690E-006   1.2121212121212121E-002   1.0018217769804301        1.0101010101010102E-002   1.0018217769804301        1.0000000000000000        1.7763568394002505E-015
  0.65656302954875068       -6.5227078304006399E-006   1.2121212121212121E-002   1.0018230019467447        1.0101010101010102E-002   1.0018230019467447        1.0000000000000000        1.7763568394002505E-015
  0.66666380975312234       -6.1152654521898846E-006   1.2121212121212121E-002   1.0018244969619885        1.0101010101010102E-002   1.0018244969619885        1.0000000000000000        1.7763568394002505E-015
  0.67676457401614243       -5.4368154716890377E-006   1.2121212121212121E-002   1.0018260868868352        1.0101010101010102E-002   1.0018260868868352        1.0000000000000000        1.7763568394002505E-015
  0.68686532208231066       -4.7786748191651654E-006   1.2121212121212121E-002   1.0018273353783165        1.0101010101010102E-002   1.0018273353783165        1.0000000000000000        1.7763568394002505E-015
  0.69696606141918216       -4.0034291172792898E-006   1.2121212121212121E-002   1.0018280779713200        1.0101010101010102E-002   1.0018280779713200        1.0000000000000000        1.7763568394002505E-015
  0.70706679518138371       -3.2770711053519092E-006   1.2121212121212121E-002   1.0018285240187632        1.0101010101010102E-002   1.0018285240187632        1.0000000000000000        1.7763568394002505E-015
  0.71716752595129662       -2.4323585965477685E-006   1.2121212121212121E-002   1.0018288255966128        1.0101010101010102E-002   1.0018288255966128        1.0000000000000000        1.7763568394002505E-015
  0.72726825361967662       -1.3498343683150238E-006   1.2121212121212121E-002   1.0018289282160942        1.0101010101010102E-002   1.0018289282160942        1.0000000000000000        1.7763568394002505E-015
  0.73736898255758920       -1.8739936205286538E-007   1.2121212121212121E-002   1.0018289572694155        1.0101010101010102E-002   1.0018289572694155        1.0000000000000000        1.7763568394002505E-015
  0.74746971006426011        9.2352071159898590E-007   1.2121212121212121E-002   1.0018291500578207        1.0101010101010102E-002   1.0018291500578207        1.0000000000000000        1.7763568394002505E-015
  0.75757043504836408        1.9136315308871887E-006   1.2121212121212121E-002   1.0018294367862612        1.0101010101010102E-002   1.0018294367862612        1.0000000000000000        1.7763568394002505E-015
  0.76767115672410469        2.8144970126598417E-006   1.2121212121212121E-002   1.0018296909936240        1.0101010101010102E-002   1.0018296909936240        1.0000000000000000        1.7763568394002505E-015
  0.77777187619318067        3.7090392839906621E-006   1.2121212121212121E-002   1.0018296186328417        1.0101010101010102E-002   1.0018296186328417        1.0000000000000000        1.7763568394002505E-015
  0.78787259919025454        4.3521151605912148E-006   1.2121212121212121E-002   1.0018291610463854        1.0101010101010102E-002   1.0018291610463854        1.0000000000000000        1.7763568394002505E-015
  0.79797332825329770        4.8790587385196425E-006   1.2121212121212121E-002   1.0018286547325528        1.0101010101010102E-002   1.0018286547325528        1.0000000000000000        1.7763568394002505E-015
  0.80807406179600882        5.3904245930713200E-006   1.2121212121212121E-002   1.0018284273959304        1.0101010101010102E-002   1.0018284273959304        1.0000000000000000        1.7763568394002505E-015
  0.81817479518271630        6.0914742057093337E-006   1.2121212121212121E-002   1.0018283644566970        1.0101010101010102E-002   1.0018283644566970        1.0000000000000000        1.7763568394002505E-015
  0.82827552905550372        7.1159377554862314E-006   1.2121212121212121E-002   1.0018279186720642        1.0101010101010102E-002   1.0018279186720642        1.0000000000000000        1.7763568394002505E-015
  0.83837627088027555        8.0695739707740247E-006   1.2121212121212121E-002   1.0018268543786721        1.0101010101010102E-002   1.0018268543786721        1.0000000000000000        1.7763568394002505E-015
  0.84847702620181953        9.0659251253153100E-006   1.2121212121212121E-002   1.0018254324668756        1.0101010101010102E-002   1.0018254324668756        1.0000000000000000        1.7763568394002505E-015
  0.85857779692757996        9.8759725643418320E-006   1.2121212121212121E-002   1.0018241440566047        1.0101010101010102E-002   1.0018241440566047        1.0000000000000000        1.7763568394002505E-015
  0.86867857792937409        1.0580464973828732E-005   1.2121212121212121E-002   1.0018231349063469        1.0101010101010102E-002   1.0018231349063469        1.0000000000000000        1.7763568394002505E-015
  0.87877936816424673        1.1101158574473940E-005   1.2121212121212121E-002   1.0018221451711939        1.0101010101010102E-002   1.0018221451711939        1.0000000000000000        1.7763568394002505E-015
  0.88888016820857685        1.1363057041116054E-005   1.2121212121212121E-002   1.0018208635542278        1.0101010101010102E-002   1.0018208635542278        1.0000000000000000        1.7763568394002505E-015
  0.89898098382368896        1.1544692387575800E-005   1.2121212121212121E-002   1.0018193319520547        1.0101010101010102E-002   1.0018193319520547        1.0000000000000000        1.7763568394002505E-015
  0.90908181483440254        1.1857375363318129E-005   1.2121212121212121E-002   1.0018179590953948        1.0101010101010102E-002   1.0018179590953948        1.0000000000000000        1.7763568394002505E-015
  0.91918265768418905        1.2506331969955482E-005   1.2121212121212121E-002   1.0018168051575589        1.0101010101010102E-002   1.0018168051575589        1.0000000000000000        1.7763568394002505E-015
  0.92928351076398230        1.3012419482952577E-005   1.2121212121212121E-002   1.0018154497149894        1.0101010101010102E-002   1.0018154497149894        1.0000000000000000        1.7763568394002505E-015
  0.93938438021215320        1.3357108821235842E-005   1.2121212121212121E-002   1.0018137762330488        1.0101010101010102E-002   1.0018137762330488        1.0000000000000000        1.7763568394002505E-015
  0.94948526685918078        1.3900141468463281E-005   1.2121212121212121E-002   1.0018120487208255        1.0101010101010102E-002   1.0018120487208255        1.0000000000000000        1.7763568394002505E-015
  0.95958617021384218        1.4189622458319544E-005   1.2121212121212121E-002   1.0018101459029891        1.0101010101010102E-002   1.0018101459029891        1.0000000000000000        1.7763568394002505E-015
  0.96968709412804222        1.4156410283713119E-005   1.2121212121212121E-002   1.0018079003844711        1.0101010101010102E-002   1.0018079003844711        1.0000000000000000        8.8817841970012523E-016
  0.97978804250198270        1.3824577774215180E-005   1.2121212121212121E-002   1.0018057105981857        1.0101010101010102E-002   1.0018057105981857        1.0000000000000000       -3.2862601528904634E-014
  0.98988901059022616        1.3862971225949471E-005   1.2121212121212121E-002   1.0018040879028769        1.0101010101010102E-002   1.0018040879028769        1.0000000000000000        1.5010215292932116E-013
  0.99998999030549629        1.4014947497957539E-005   1.2121212121212121E-002   1.0018026454607609        1.0101010101010102E-002   1.0018026454607609        1.0000000000000000        1.0436096431476471E-012
   1.0100910004065065       -1.3796315249101546E-005   1.2121212121212121E-002   1.0018040879028873        1.0101010101010102E-002   1.0018011793534745        1.0000000000000000        1.4299672557172016E-013
   1.0201920105075166       -1.3722140668348109E-005   1.2121212121212121E-002   1.0018057105983387        1.0101010101010102E-002   1.0018004647286940        1.0000000000000000       -1.9677833450701065E-002
   1.0302930206085268       -1.4028934280389507E-005   1.2121212121212121E-002   1.0018079003845135        1.0101010101010102E-002   1.0018004115226273        1.0000000000000000       -1.3138325546267744     
   1.0403940307095370       -1.4080278202311666E-005   1.2121212121212121E-002   1.0018101459028732        1.0101010101010102E-002  0.99665637860081713        1.0000000000000000       -4.6453021478719450     
   1.0504950408105471       -1.3810601799580773E-005   1.2121212121212121E-002   1.0018120487205564        1.0101010101010102E-002  0.77867798353909146        1.0000000000000000        107.01218865918355     
  -1.0091000405756161E-002   1.3796315104492405E-005   1.2121212121212121E-002   1.0018040879028769        1.0101010101010102E-002   1.0018011793534707        1.0000000000000000        1.1546319456101628E-014
  -2.0192010506766261E-002   1.3722140646757348E-005   1.2121212121212121E-002   1.0018057105981857        1.0101010101010102E-002   1.0018004647286995        1.0000000000000000        1.9677833450746363E-002
  -3.0293020607776361E-002   1.4028934561534592E-005   1.2121212121212121E-002   1.0018079003844711        1.0101010101010102E-002   1.0018004115226338        1.0000000000000000        1.3138325546268277     
  -4.0394030708786464E-002   1.4080278182669639E-005   1.2121212121212121E-002   1.0018101459029891        1.0101010101010102E-002  0.99665637860082290        1.0000000000000000        4.6453021478716039     
  -5.0495040809796568E-002   1.3810601855722561E-005   1.2121212121212121E-002   1.0018120487208255        1.0101010101010102E-002  0.77867798353909445        1.0000000000000000       -107.01218865918408     
