 # x v h rho m p cs a
   23.500606060608131     
   2.5787337982746750E-014   2.6577528057136067E-013   1.2121212121212121E-002   1.0017337166729265        1.0101010101010102E-002   1.0017337166729265        1.0000000000000000       -8.4805940048227058E-011
   1.0101669287110015E-002  -4.6700947973177162E-006   1.2121212121212121E-002   1.0017338514151550        1.0101010101010102E-002   1.0017338514151550        1.0000000000000000       -2.8108950327343507E-005
   2.0203335910534151E-002  -9.3213775261914941E-006   1.2121212121212121E-002   1.0017342550904393        1.0101010101010102E-002   1.0017342550904393        1.0000000000000000       -5.6103042576083340E-005
   3.0304997217523982E-002  -1.3935116744954503E-005   1.2121212121212121E-002   1.0017349260520925        1.0101010101010102E-002   1.0017349260520925        1.0000000000000000       -8.3868281026688862E-005
   4.0406650576989930E-002  -1.8492731776796360E-005   1.2121212121212121E-002   1.0017358615624534        1.0101010101010102E-002   1.0017358615624534        1.0000000000000000       -1.1129108889385009E-004
   5.0508293390298109E-002  -2.2975864980882824E-005   1.2121212121212121E-002   1.0017370578036358        1.0101010101010102E-002   1.0017370578036358        1.0000000000000000       -1.3825960295488215E-004
   6.0609923101865984E-002  -2.7366458944539048E-005   1.2121212121212121E-002   1.0017385098951892        1.0101010101010102E-002   1.0017385098951892        1.0000000000000000       -1.6466394653047445E-004
   7.0711537209577444E-002  -3.1646830358744242E-005   1.2121212121212121E-002   1.0017402119151739        1.0101010101010102E-002   1.0017402119151739        1.0000000000000000       -1.9039669577658458E-004
   8.0813133274963062E-002  -3.5799743274377682E-005   1.2121212121212121E-002   1.0017421569252536        1.0101010101010102E-002   1.0017421569252536        1.0000000000000000       -2.1535319385446172E-004
   9.0914708933115568E-002  -3.9808471284181056E-005   1.2121212121212121E-002   1.0017443369985157        1.0101010101010102E-002   1.0017443369985157        1.0000000000000000       -2.3943181236329991E-004
  0.10101626190232384       -4.3656867569701067E-005   1.2121212121212121E-002   1.0017467432525617        1.0101010101010102E-002   1.0017467432525617        1.0000000000000000       -2.6253480286619890E-004
  0.11111778999333526       -4.7329436191347311E-005   1.2121212121212121E-002   1.0017493658889498        1.0101010101010102E-002   1.0017493658889498        1.0000000000000000       -2.8456881938865308E-004
  0.12121929111820351       -5.0811389057284970E-005   1.2121212121212121E-002   1.0017521942355581        1.0101010101010102E-002   1.0017521942355581        1.0000000000000000       -3.0544494909889863E-004
  0.13132076329870498       -5.4088703115586032E-005   1.2121212121212121E-002   1.0017552167880146        1.0101010101010102E-002   1.0017552167880146        1.0000000000000000       -3.2507847515894639E-004
  0.14142220467437977       -5.7148180873965202E-005   1.2121212121212121E-002   1.0017584212574482        1.0101010101010102E-002   1.0017584212574482        1.0000000000000000       -3.4339044873377134E-004
  0.15152361351000440       -5.9977503426814381E-005   1.2121212121212121E-002   1.0017617946253254        1.0101010101010102E-002   1.0017617946253254        1.0000000000000000       -3.6030764803918203E-004
  0.16162498820253457       -6.2565283160547264E-005   1.2121212121212121E-002   1.0017653231978811        1.0101010101010102E-002   1.0017653231978811        1.0000000000000000       -3.7576249278892249E-004
  0.17172632728749987       -6.4901096930401037E-005   1.2121212121212121E-002   1.0017689926594981        1.0101010101010102E-002   1.0017689926594981        1.0000000000000000       -3.8969285801293552E-004
  0.18182762944490269       -6.6975543166371271E-005   1.2121212121212121E-002   1.0017727881320879        1.0101010101010102E-002   1.0017727881320879        1.0000000000000000       -4.0204357525386314E-004
  0.19192889350443915       -6.8780270770362392E-005   1.2121212121212121E-002   1.0017766942407196        1.0101010101010102E-002   1.0017766942407196        1.0000000000000000       -4.1276625267627765E-004
  0.20203011845008273       -7.0308017637303935E-005   1.2121212121212121E-002   1.0017806951760340        1.0101010101010102E-002   1.0017806951760340        1.0000000000000000       -4.2181875658187096E-004
  0.21213130342407557       -7.1552635669747873E-005   1.2121212121212121E-002   1.0017847747558315        1.0101010101010102E-002   1.0017847747558315        1.0000000000000000       -4.2916550149030286E-004
  0.22223244773030507       -7.2509116383194795E-005   1.2121212121212121E-002   1.0017889164921128        1.0101010101010102E-002   1.0017889164921128        1.0000000000000000       -4.3477834194938225E-004
  0.23233355083696527       -7.3173612537704775E-005   1.2121212121212121E-002   1.0017931036613006        1.0101010101010102E-002   1.0017931036613006        1.0000000000000000       -4.3863640561525585E-004
  0.24243461237853720       -7.3543454012873856E-005   1.2121212121212121E-002   1.0017973193726877        1.0101010101010102E-002   1.0017973193726877        1.0000000000000000       -4.4072582346554867E-004
  0.25253563215709418       -7.3617158084506867E-005   1.2121212121212121E-002   1.0018015466335781        1.0101010101010102E-002   1.0018015466335781        1.0000000000000000       -4.4103926304295271E-004
  0.26263661014300504       -7.3394429443111736E-005   1.2121212121212121E-002   1.0018057684171195        1.0101010101010102E-002   1.0018057684171195        1.0000000000000000       -4.3957700933905386E-004
  0.27273754647490311       -7.2876172823480283E-005   1.2121212121212121E-002   1.0018099677349668        1.0101010101010102E-002   1.0018099677349668        1.0000000000000000       -4.3634693663374691E-004
  0.28283844145893811       -7.2064479586855912E-005   1.2121212121212121E-002   1.0018141277060102        1.0101010101010102E-002   1.0018141277060102        1.0000000000000000       -4.3136364754303713E-004
  0.29293929556738341       -7.0962623426196289E-005   1.2121212121212121E-002   1.0018182316192847        1.0101010101010102E-002   1.0018182316192847        1.0000000000000000       -4.2464813258558110E-004
  0.30304010943666637       -6.9575045582821423E-005   1.2121212121212121E-002   1.0018222630022213        1.0101010101010102E-002   1.0018222630022213        1.0000000000000000       -4.1622917049721764E-004
  0.31314088386461414       -6.7907335953604927E-005   1.2121212121212121E-002   1.0018262056876805        1.0101010101010102E-002   1.0018262056876805        1.0000000000000000       -4.0614180775477848E-004
  0.32324161980715982       -6.5966216605330770E-005   1.2121212121212121E-002   1.0018300438787999        1.0101010101010102E-002   1.0018300438787999        1.0000000000000000       -3.9442834895986323E-004
  0.33334231837430389       -6.3759506872383784E-005   1.2121212121212121E-002   1.0018337622094620        1.0101010101010102E-002   1.0018337622094620        1.0000000000000000       -3.8113636199899048E-004
  0.34344298082562730       -6.1296094612161629E-005   1.2121212121212121E-002   1.0018373458016026        1.0101010101010102E-002   1.0018373458016026        1.0000000000000000       -3.6632014467130602E-004
  0.35354360856514111       -5.8585902332478060E-005   1.2121212121212121E-002   1.0018407803291749        1.0101010101010102E-002   1.0018407803291749        1.0000000000000000       -3.5004059047505365E-004
  0.36364420313550971       -5.5639843749378288E-005   1.2121212121212121E-002   1.0018440520743739        1.0101010101010102E-002   1.0018440520743739        1.0000000000000000       -3.3236376693235314E-004
  0.37374476621179309       -5.2469785503568449E-005   1.2121212121212121E-002   1.0018471479767248        1.0101010101010102E-002   1.0018471479767248        1.0000000000000000       -3.1336070216347878E-004
  0.38384529959471447       -4.9088491047034687E-005   1.2121212121212121E-002   1.0018500556829315        1.0101010101010102E-002   1.0018500556829315        1.0000000000000000       -2.9310787398539873E-004
  0.39394580520342537       -4.5509574787164683E-005   1.2121212121212121E-002   1.0018527636005050        1.0101010101010102E-002   1.0018527636005050        1.0000000000000000       -2.7168752114814509E-004
  0.40404628506769080       -4.1747448873990500E-005   1.2121212121212121E-002   1.0018552609419678        1.0101010101010102E-002   1.0018552609419678        1.0000000000000000       -2.4918534816276150E-004
  0.41414674131978663       -3.7817260324316886E-005   1.2121212121212121E-002   1.0018575377616983        1.0101010101010102E-002   1.0018575377616983        1.0000000000000000       -2.2569119581294927E-004
  0.42424717618597430       -3.3734833123907345E-005   1.2121212121212121E-002   1.0018595849947045        1.0101010101010102E-002   1.0018595849947045        1.0000000000000000       -2.0129884734210179E-004
  0.43434759197763073       -2.9516599906227891E-005   1.2121212121212121E-002   1.0018613944958223        1.0101010101010102E-002   1.0018613944958223        1.0000000000000000       -1.7610637133369522E-004
  0.44444799108193439       -2.5179545836048175E-005   1.2121212121212121E-002   1.0018629590705248        1.0101010101010102E-002   1.0018629590705248        1.0000000000000000       -1.5021395018521844E-004
  0.45454837595238889       -2.0741131217120286E-005   1.2121212121212121E-002   1.0018642724981461        1.0101010101010102E-002   1.0018642724981461        1.0000000000000000       -1.2372446372577173E-004
  0.46464874909906867       -1.6219220858967096E-005   1.2121212121212121E-002   1.0018653295570186        1.0101010101010102E-002   1.0018653295570186        1.0000000000000000       -9.6743286374767479E-005
  0.47474911307863654       -1.1632020218541264E-005   1.2121212121212121E-002   1.0018661260464177        1.0101010101010102E-002   1.0018661260464177        1.0000000000000000       -6.9377955189686702E-005
  0.48484947048415555       -6.9979944874297843E-006   1.2121212121212121E-002   1.0018666588039014        1.0101010101010102E-002   1.0018666588039014        1.0000000000000000       -4.1737458686519346E-005
  0.49494982393475778       -2.3357992023367375E-006   1.2121212121212121E-002   1.0018669257143218        1.0101010101010102E-002   1.0018669257143218        1.0000000000000000       -1.3931107243791985E-005
  0.50505017606528368        2.3357989128871226E-006   1.2121212121212121E-002   1.0018669257142925        1.0101010101010102E-002   1.0018669257142925        1.0000000000000000        1.3931107405440457E-005
  0.51515052951588713        6.9979947601304890E-006   1.2121212121212121E-002   1.0018666588040899        1.0101010101010102E-002   1.0018666588040899        1.0000000000000000        4.1737419850029767E-005
  0.52525088692140010        1.1632020357721056E-005   1.2121212121212121E-002   1.0018661260462463        1.0101010101010102E-002   1.0018661260462463        1.0000000000000000        6.9378070807424308E-005
  0.53535125090097779        1.6219220454259995E-005   1.2121212121212121E-002   1.0018653295567170        1.0101010101010102E-002   1.0018653295567170        1.0000000000000000        9.6743193727100163E-005
  0.54545162404765501        2.0741131175774256E-005   1.2121212121212121E-002   1.0018642724983942        1.0101010101010102E-002   1.0018642724983942        1.0000000000000000        1.2372444606878474E-004
  0.55555200891810541        2.5179545684302002E-005   1.2121212121212121E-002   1.0018629590704178        1.0101010101010102E-002   1.0018629590704178        1.0000000000000000        1.5021403616177764E-004
  0.56565240802241590        2.9516600057011875E-005   1.2121212121212121E-002   1.0018613944956505        1.0101010101010102E-002   1.0018613944956505        1.0000000000000000        1.7610630362874247E-004
  0.57575282381406956        3.3734832865557173E-005   1.2121212121212121E-002   1.0018595849948322        1.0101010101010102E-002   1.0018595849948322        1.0000000000000000        2.0129885293052041E-004
  0.58585325868025673        3.7817260955419248E-005   1.2121212121212121E-002   1.0018575377617500        1.0101010101010102E-002   1.0018575377617500        1.0000000000000000        2.2569120269633203E-004
  0.59595371493235239        4.1747448685661377E-005   1.2121212121212121E-002   1.0018552609421163        1.0101010101010102E-002   1.0018552609421163        1.0000000000000000        2.4918532009632344E-004
  0.60605419479661526        4.5509575215988462E-005   1.2121212121212121E-002   1.0018527636008443        1.0101010101010102E-002   1.0018527636008443        1.0000000000000000        2.7168751049977402E-004
  0.61615470040532105        4.9088490469532157E-005   1.2121212121212121E-002   1.0018500556829408        1.0101010101010102E-002   1.0018500556829408        1.0000000000000000        2.9310795254833266E-004
  0.62625523378824766        5.2469785473876651E-005   1.2121212121212121E-002   1.0018471479765365        1.0101010101010102E-002   1.0018471479765365        1.0000000000000000        3.1336067070242279E-004
  0.63635579686452981        5.5639844329559123E-005   1.2121212121212121E-002   1.0018440520741729        1.0101010101010102E-002   1.0018440520741729        1.0000000000000000        3.3236380042200864E-004
  0.64645639143490385        5.8585901660346730E-005   1.2121212121212121E-002   1.0018407803291278        1.0101010101010102E-002   1.0018407803291278        1.0000000000000000        3.5004051986486928E-004
  0.65655701917441334        6.1296094887695172E-005   1.2121212121212121E-002   1.0018373458017846        1.0101010101010102E-002   1.0018373458017846        1.0000000000000000        3.6632016986981597E-004
  0.66665768162573669        6.3759507265832621E-005   1.2121212121212121E-002   1.0018337622094617        1.0101010101010102E-002   1.0018337622094617        1.0000000000000000        3.8113637153269764E-004
  0.67675838019288137        6.5966216769279499E-005   1.2121212121212121E-002   1.0018300438788814        1.0101010101010102E-002   1.0018300438788814        1.0000000000000000        3.9442832672609285E-004
  0.68685911613542461        6.7907335622801210E-005   1.2121212121212121E-002   1.0018262056877469        1.0101010101010102E-002   1.0018262056877469        1.0000000000000000        4.0614182915721386E-004
  0.69695989056337349        6.9575045414614666E-005   1.2121212121212121E-002   1.0018222630022355        1.0101010101010102E-002   1.0018222630022355        1.0000000000000000        4.1622916353123429E-004
  0.70706070443265479        7.0962623653207652E-005   1.2121212121212121E-002   1.0018182316191124        1.0101010101010102E-002   1.0018182316191124        1.0000000000000000        4.2464817861098680E-004
  0.71716155854110564        7.2064479649716463E-005   1.2121212121212121E-002   1.0018141277059176        1.0101010101010102E-002   1.0018141277059176        1.0000000000000000        4.3136358350714943E-004
  0.72726245352513708        7.2876172454180247E-005   1.2121212121212121E-002   1.0018099677350445        1.0101010101010102E-002   1.0018099677350445        1.0000000000000000        4.3634696535832518E-004
  0.73736338985703653        7.3394430208622465E-005   1.2121212121212121E-002   1.0018057684170361        1.0101010101010102E-002   1.0018057684170361        1.0000000000000000        4.3957701382346670E-004
  0.74746436784294801        7.3617157804047929E-005   1.2121212121212121E-002   1.0018015466335151        1.0101010101010102E-002   1.0018015466335151        1.0000000000000000        4.4103925495164731E-004
  0.75756538762150594        7.3543453546163419E-005   1.2121212121212121E-002   1.0017973193728145        1.0101010101010102E-002   1.0017973193728145        1.0000000000000000        4.4072579020060232E-004
  0.76766644916307392        7.3173612372861010E-005   1.2121212121212121E-002   1.0017931036613412        1.0101010101010102E-002   1.0017931036613412        1.0000000000000000        4.3863645851693889E-004
  0.77776755226973704        7.2509116449139373E-005   1.2121212121212121E-002   1.0017889164919487        1.0101010101010102E-002   1.0017889164919487        1.0000000000000000        4.3477833111715825E-004
  0.78786869657596759        7.1552635896368231E-005   1.2121212121212121E-002   1.0017847747558428        1.0101010101010102E-002   1.0017847747558428        1.0000000000000000        4.2916547875204714E-004
  0.79796988154995874        7.0308017072359604E-005   1.2121212121212121E-002   1.0017806951760260        1.0101010101010102E-002   1.0017806951760260        1.0000000000000000        4.2181877842661919E-004
  0.80807110649560432        6.8780271110658963E-005   1.2121212121212121E-002   1.0017766942407422        1.0101010101010102E-002   1.0017766942407422        1.0000000000000000        4.1276622670505247E-004
  0.81817237055513814        6.6975543379478879E-005   1.2121212121212121E-002   1.0017727881320360        1.0101010101010102E-002   1.0017727881320360        1.0000000000000000        4.0204362025253459E-004
  0.82827367271254460        6.4901097020603568E-005   1.2121212121212121E-002   1.0017689926593916        1.0101010101010102E-002   1.0017689926593916        1.0000000000000000        3.8969281970224756E-004
  0.83837501179750928        6.2565282630531346E-005   1.2121212121212121E-002   1.0017653231981909        1.0101010101010102E-002   1.0017653231981909        1.0000000000000000        3.7576244455994612E-004
  0.84847638649003299        5.9977504173188338E-005   1.2121212121212121E-002   1.0017617946255355        1.0101010101010102E-002   1.0017617946255355        1.0000000000000000        3.6030771436124098E-004
  0.85857779532565959        5.7148180599536027E-005   1.2121212121212121E-002   1.0017584212573372        1.0101010101010102E-002   1.0017584212573372        1.0000000000000000        3.4339045604969698E-004
  0.86867923670133507        5.4088703134447301E-005   1.2121212121212121E-002   1.0017552167878632        1.0101010101010102E-002   1.0017552167878632        1.0000000000000000        3.2507847530549583E-004
  0.87878070888183946        5.0811388879989197E-005   1.2121212121212121E-002   1.0017521942357130        1.0101010101010102E-002   1.0017521942357130        1.0000000000000000        3.0544488069139675E-004
  0.88888221000670120        4.7329436401501816E-005   1.2121212121212121E-002   1.0017493658891057        1.0101010101010102E-002   1.0017493658891057        1.0000000000000000        2.8456888946948311E-004
  0.89898373809771537        4.3656867332188129E-005   1.2121212121212121E-002   1.0017467432523572        1.0101010101010102E-002   1.0017467432523572        1.0000000000000000        2.6253480825477737E-004
  0.90908529106692593        3.9808471202841132E-005   1.2121212121212121E-002   1.0017443369984771        1.0101010101010102E-002   1.0017443369984771        1.0000000000000000        2.3943177464857968E-004
  0.91918686672507677        3.5799743509321650E-005   1.2121212121212121E-002   1.0017421569253322        1.0101010101010102E-002   1.0017421569253322        1.0000000000000000        2.1535320256926838E-004
  0.92928846279046207        3.1646830467881612E-005   1.2121212121212121E-002   1.0017402119151135        1.0101010101010102E-002   1.0017402119151135        1.0000000000000000        1.9039672066600843E-004
  0.93939007689817500        2.7366459055010945E-005   1.2121212121212121E-002   1.0017385098949918        1.0101010101010102E-002   1.0017385098949918        1.0000000000000000        1.6466394778724691E-004
  0.94949170660974624        2.2975865003378285E-005   1.2121212121212121E-002   1.0017370578037996        1.0101010101010102E-002   1.0017370578037996        1.0000000000000000        1.3825952527746210E-004
  0.95959334942304708        1.8492731983301878E-005   1.2121212121212121E-002   1.0017358615625760        1.0101010101010102E-002   1.0017358615625760        1.0000000000000000        1.1129117580477299E-004
  0.96969500278251730        1.3935116715262570E-005   1.2121212121212121E-002   1.0017349260518238        1.0101010101010102E-002   1.0017349260518238        1.0000000000000000        8.3868276665732822E-005
  0.97979666408950927        9.3213773962621643E-006   1.2121212121212121E-002   1.0017342550903676        1.0101010101010102E-002   1.0017342550903676        1.0000000000000000        5.6103008565955292E-005
  0.98989833071293254        4.6700945659335108E-006   1.2121212121212121E-002   1.0017338514152303        1.0101010101010102E-002   1.0017338514152303        1.0000000000000000        2.8108948707306070E-005
   1.0000000000000158       -5.1493008107378432E-014   1.2121212121212121E-002   1.0017337166729228        1.0101010101010102E-002   1.0017337166729228        1.0000000000000000        1.0517897663930853E-010
   1.0101016692871101       -4.6013728795989760E-006   1.2121212121212121E-002   1.0017338514151550        1.0101010101010102E-002   1.0017338514151550        1.0000000000000000       -2.8109007789822726E-005
   1.0202033359105342       -9.1842145964941634E-006   1.2121212121212121E-002   1.0017342550904393        1.0101010101010102E-002   1.0017342550904393        1.0000000000000000       -5.6103081386815745E-005
   1.0303049972175240       -1.3730072261233564E-005   1.2121212121212121E-002   1.0017349260520925        1.0101010101010102E-002   1.0017349260520925        1.0000000000000000       -8.3868280290388952E-005
   1.0404066505769900       -1.8220642733155196E-005   1.2121212121212121E-002   1.0017358615624534        1.0101010101010102E-002   1.0017358615624534        1.0000000000000000       -1.1129109018881422E-004
   1.0505082933902981       -2.2637841917523725E-005   1.2121212121212121E-002   1.0017370578036358        1.0101010101010102E-002   1.0017370578036358        1.0000000000000000       -1.3825960146895966E-004
   1.0606099231018660       -2.6963881067209875E-005   1.2121212121212121E-002   1.0017385098951892        1.0101010101010102E-002   1.0017385098951892        1.0000000000000000       -1.6466394616543312E-004
   1.0707115372095775       -3.1181339516336444E-005   1.2121212121212121E-002   1.0017402119151739        1.0101010101010102E-002   1.0017402119151739        1.0000000000000000       -1.9039669644005386E-004
   1.0808131332749631       -3.5273236990513130E-005   1.2121212121212121E-002   1.0017421569252536        1.0101010101010102E-002   1.0017421569252536        1.0000000000000000       -2.1535319485899151E-004
   1.0909147089331155       -3.9223095584001042E-005   1.2121212121212121E-002   1.0017443369985157        1.0101010101010102E-002   1.0017443369985157        1.0000000000000000        7.6213248730672660     
   1.1010162619023238       -4.3015007601213591E-005   1.2121212121212121E-002   1.0017467432525617        1.0101010101010102E-002   1.0017467432525617        1.0000000000000000        93.406082978169479     
  -1.0101669287067461E-002   4.6013726624180894E-006   1.2121212121212121E-002   1.0017338514152303        1.0101010101010102E-002   1.0017338514152303        1.0000000000000000        2.8109005351772964E-005
  -2.0203335910490727E-002   9.1842145500062373E-006   1.2121212121212121E-002   1.0017342550903676        1.0101010101010102E-002   1.0017342550903676        1.0000000000000000        5.6103046397915080E-005
  -3.0304997217482699E-002   1.3730072243042734E-005   1.2121212121212121E-002   1.0017349260518238        1.0101010101010102E-002   1.0017349260518238        1.0000000000000000        8.3868276655962859E-005
  -4.0406650576952918E-002   1.8220642725846562E-005   1.2121212121212121E-002   1.0017358615625760        1.0101010101010102E-002   1.0017358615625760        1.0000000000000000        1.1129117579677938E-004
  -5.0508293390253756E-002   2.2637842127239663E-005   1.2121212121212121E-002   1.0017370578037996        1.0101010101010102E-002   1.0017370578037996        1.0000000000000000        1.3825952527479757E-004
  -6.0609923101825003E-002   2.6963881174555383E-005   1.2121212121212121E-002   1.0017385098949918        1.0101010101010102E-002   1.0017385098949918        1.0000000000000000        1.6466394777925331E-004
  -7.0711537209537934E-002   3.1181339568192234E-005   1.2121212121212121E-002   1.0017402119151135        1.0101010101010102E-002   1.0017402119151135        1.0000000000000000        1.9039672066512026E-004
  -8.0813133274923232E-002   3.5273237195893141E-005   1.2121212121212121E-002   1.0017421569253322        1.0101010101010102E-002   1.0017421569253322        1.0000000000000000        2.1535320256571566E-004
  -9.0914708933074073E-002   3.9223095594587049E-005   1.2121212121212121E-002   1.0017443369984771        1.0101010101010102E-002   1.0017443369984771        1.0000000000000000       -7.6213248730840917     
 -0.10101626190228463        4.3015007363469190E-005   1.2121212121212121E-002   1.0017467432523572        1.0101010101010102E-002   1.0017467432523572        1.0000000000000000       -93.406082978165259     
