 # x v h rho m p cs a
   7.5515151515145469     
  -1.5881967713683528E-016   3.6515760112623837E-013   1.2121212121212121E-002   1.0018852500265969        1.0101010101010102E-002   1.0018852500265969        1.0000000000000000        4.5723425046162447E-011
   1.0100171719838309E-002   3.2178097121894237E-006   1.2121212121212121E-002   1.0018850793396781        1.0101010101010102E-002   1.0018850793396781        1.0000000000000000        3.5598637474265615E-005
   2.0200346812867316E-002   6.4226427290732696E-006   1.2121212121212121E-002   1.0018845679650099        1.0101010101010102E-002   1.0018845679650099        1.0000000000000000        7.1054370022416435E-005
   3.0300528638737348E-002   9.6015768591943133E-006   1.2121212121212121E-002   1.0018837179554754        1.0101010101010102E-002   1.0018837179554754        1.0000000000000000        1.0622498783696699E-004
   4.0400720530088460E-002   1.2741793452626871E-005   1.2121212121212121E-002   1.0018825327248515        1.0101010101010102E-002   1.0018825327248515        1.0000000000000000        1.4096903129345861E-004
   5.0500925779140407E-002   1.5830630234350373E-005   1.2121212121212121E-002   1.0018810170340635        1.0101010101010102E-002   1.0018810170340635        1.0000000000000000        1.7514709274024653E-004
   6.0601147624489655E-002   1.8855633786746685E-005   1.2121212121212121E-002   1.0018791769705693        1.0101010101010102E-002   1.0018791769705693        1.0000000000000000        2.0862201984339634E-004
   7.0701389238112824E-002   2.1804609035830838E-005   1.2121212121212121E-002   1.0018770199247216        1.0101010101010102E-002   1.0018770199247216        1.0000000000000000        2.4125933283070111E-004
   8.0801653712625640E-002   2.4665668823244534E-005   1.2121212121212121E-002   1.0018745545611893        1.0101010101010102E-002   1.0018745545611893        1.0000000000000000        2.7292780440824060E-004
   9.0901944048847730E-002   2.7427281129453626E-005   1.2121212121212121E-002   1.0018717907842036        1.0101010101010102E-002   1.0018717907842036        1.0000000000000000        3.0350019812885876E-004
  0.10100226314374734        3.0078317308146974E-005   1.2121212121212121E-002   1.0018687396971711        1.0101010101010102E-002   1.0018687396971711        1.0000000000000000        3.3285369631474993E-004
  0.11110261377880608        3.2608094919681873E-005   1.2121212121212121E-002   1.0018654135587242        1.0101010101010102E-002   1.0018654135587242        1.0000000000000000        3.6087022930253454E-004
  0.12120299860882708        3.5006424065753477E-005   1.2121212121212121E-002   1.0018618257338607        1.0101010101010102E-002   1.0018618257338607        1.0000000000000000        3.8743712552857801E-004
  0.13130342015126559        3.7263645442317390E-005   1.2121212121212121E-002   1.0018579906413259        1.0101010101010102E-002   1.0018579906413259        1.0000000000000000        4.1244727848965823E-004
  0.14140388077607086        3.9370668381417850E-005   1.2121212121212121E-002   1.0018539236953261        1.0101010101010102E-002   1.0018539236953261        1.0000000000000000        4.3580016579802816E-004
  0.15150438269616853        4.1319014027098211E-005   1.2121212121212121E-002   1.0018496412430722        1.0101010101010102E-002   1.0018496412430722        1.0000000000000000        4.5740167973651324E-004
  0.16160492795853953        4.3100839929104062E-005   1.2121212121212121E-002   1.0018451605008345        1.0101010101010102E-002   1.0018451605008345        1.0000000000000000        4.7716462790781122E-004
  0.17170551843595616        4.4708979555953298E-005   1.2121212121212121E-002   1.0018404994847174        1.0101010101010102E-002   1.0018404994847174        1.0000000000000000        4.9500929982215780E-004
  0.18180615581943071        4.6136966644226300E-005   1.2121212121212121E-002   1.0018356769381642        1.0101010101010102E-002   1.0018356769381642        1.0000000000000000        5.1086362651009409E-004
  0.19190684161138241        4.7379063091048561E-005   1.2121212121212121E-002   1.0018307122567010        1.0101010101010102E-002   1.0018307122567010        1.0000000000000000        5.2466358591907181E-004
  0.20200757711957185        4.8430280544151904E-005   1.2121212121212121E-002   1.0018256254105296        1.0101010101010102E-002   1.0018256254105296        1.0000000000000000        5.3635320597944514E-004
  0.21210836345179745        4.9286400644809309E-005   1.2121212121212121E-002   1.0018204368656636        1.0101010101010102E-002   1.0018204368656636        1.0000000000000000        5.4588492843876679E-004
  0.22220920151137846        4.9943993206545666E-005   1.2121212121212121E-002   1.0018151674996445        1.0101010101010102E-002   1.0018151674996445        1.0000000000000000        5.5322034178839630E-004
  0.23231009199352701        5.0400426593564705E-005   1.2121212121212121E-002   1.0018098385179977        1.0101010101010102E-002   1.0018098385179977        1.0000000000000000        5.5832930895149957E-004
  0.24241103538247938        5.0653882390296604E-005   1.2121212121212121E-002   1.0018044713708867        1.0101010101010102E-002   1.0018044713708867        1.0000000000000000        5.6119079337602074E-004
  0.25251203194950594        5.0703357936961116E-005   1.2121212121212121E-002   1.0017990876656861        1.0101010101010102E-002   1.0017990876656861        1.0000000000000000        5.6179286059254707E-004
  0.26261308175177789        5.0548673841525504E-005   1.2121212121212121E-002   1.0017937090798010        1.0101010101010102E-002   1.0017937090798010        1.0000000000000000        5.6013271252997043E-004
  0.27271418463209623        5.0190470826311890E-005   1.2121212121212121E-002   1.0017883572727408        1.0101010101010102E-002   1.0017883572727408        1.0000000000000000        5.5621670968264425E-004
  0.28281534021950333        4.9630211114418635E-005   1.2121212121212121E-002   1.0017830538009664        1.0101010101010102E-002   1.0017830538009664        1.0000000000000000        5.5005983520839408E-004
  0.29291654793068400        4.8870168021467336E-005   1.2121212121212121E-002   1.0017778200300862        1.0101010101010102E-002   1.0017778200300862        1.0000000000000000        5.4168675267263211E-004
  0.30301780697231856        4.7913418629438135E-005   1.2121212121212121E-002   1.0017726770475308        1.0101010101010102E-002   1.0017726770475308        1.0000000000000000        5.3113068493537696E-004
  0.31311911634421452        4.6763831507672889E-005   1.2121212121212121E-002   1.0017676455781692        1.0101010101010102E-002   1.0017676455781692        1.0000000000000000        5.1843392316008874E-004
  0.32322047484332372        4.5426049915964152E-005   1.2121212121212121E-002   1.0017627459008100        1.0101010101010102E-002   1.0017627459008100        1.0000000000000000        5.0364706691219396E-004
  0.33332188106852956        4.3905473596084760E-005   1.2121212121212121E-002   1.0017579977673663        1.0101010101010102E-002   1.0017579977673663        1.0000000000000000        4.8682931841170785E-004
  0.34342333342625464        4.2208235054564164E-005   1.2121212121212121E-002   1.0017534203207574        1.0101010101010102E-002   1.0017534203207574        1.0000000000000000        4.6804841436642874E-004
  0.35352483013688335        4.0341177473748952E-005   1.2121212121212121E-002   1.0017490320175402        1.0101010101010102E-002   1.0017490320175402        1.0000000000000000        4.4737971200436988E-004
  0.36362636924190045        3.8311824906062897E-005   1.2121212121212121E-002   1.0017448505554321        1.0101010101010102E-002   1.0017448505554321        1.0000000000000000        4.2490607665346403E-004
  0.37372794861173786        3.6128353474138709E-005   1.2121212121212121E-002   1.0017408928004370        1.0101010101010102E-002   1.0017408928004370        1.0000000000000000        4.0071807352504152E-004
  0.38382956595436291        3.3799556535542050E-005   1.2121212121212121E-002   1.0017371747174124        1.0101010101010102E-002   1.0017371747174124        1.0000000000000000        3.7491310064741157E-004
  0.39393121882450233        3.1334810095133927E-005   1.2121212121212121E-002   1.0017337113060165        1.0101010101010102E-002   1.0017337113060165        1.0000000000000000        3.4759508998494226E-004
  0.40403290463349645        2.8744034717866404E-005   1.2121212121212121E-002   1.0017305165408350        1.0101010101010102E-002   1.0017305165408350        1.0000000000000000        3.1887393691842902E-004
  0.41413462065970547        2.6037659003610188E-005   1.2121212121212121E-002   1.0017276033139357        1.0101010101010102E-002   1.0017276033139357        1.0000000000000000        2.8886558433693921E-004
  0.42423636405950432        2.3226571410650544E-005   1.2121212121212121E-002   1.0017249833817121        1.0101010101010102E-002   1.0017249833817121        1.0000000000000000        2.5769104022899114E-004
  0.43433813187874509        2.0322081236159617E-005   1.2121212121212121E-002   1.0017226673179627        1.0101010101010102E-002   1.0017226673179627        1.0000000000000000        2.2547605324518827E-004
  0.44443992106467722        1.7335871628364492E-005   1.2121212121212121E-002   1.0017206644711587        1.0101010101010102E-002   1.0017206644711587        1.0000000000000000        1.9235054775634808E-004
  0.45454172847825680        1.4279953460362410E-005   1.2121212121212121E-002   1.0017189829260669        1.0101010101010102E-002   1.0017189829260669        1.0000000000000000        1.5844830558808809E-004
  0.46464355090682835        1.1166617029328162E-005   1.2121212121212121E-002   1.0017176294706107        1.0101010101010102E-002   1.0017176294706107        1.0000000000000000        1.2390616878033001E-004
  0.47474538507709235        8.0083805627864183E-006   1.2121212121212121E-002   1.0017166095688670        1.0101010101010102E-002   1.0017166095688670        1.0000000000000000        8.8863577125231075E-005
  0.48484722766831795        4.8179443749913736E-006   1.2121212121212121E-002   1.0017159273381844        1.0101010101010102E-002   1.0017159273381844        1.0000000000000000        5.3462140464866081E-005
  0.49494907532576837        1.6081365386968789E-006   1.2121212121212121E-002   1.0017155855327720        1.0101010101010102E-002   1.0017155855327720        1.0000000000000000        1.7844738369632296E-005
  0.50505092467423673       -1.6081365559214190E-006   1.2121212121212121E-002   1.0017155855327169        1.0101010101010102E-002   1.0017155855327169        1.0000000000000000       -1.7844723715576549E-005
  0.51515277233168810       -4.8179445643555924E-006   1.2121212121212121E-002   1.0017159273379781        1.0101010101010102E-002   1.0017159273379781        1.0000000000000000       -5.3462125141123806E-005
  0.52525461492291747       -8.0083804513725579E-006   1.2121212121212121E-002   1.0017166095688652        1.0101010101010102E-002   1.0017166095688652        1.0000000000000000       -8.8863636616309805E-005
  0.53535644909317770       -1.1166616790313722E-005   1.2121212121212121E-002   1.0017176294707977        1.0101010101010102E-002   1.0017176294707977        1.0000000000000000       -1.2390615048563092E-004
  0.54545827152174875       -1.4279953385460515E-005   1.2121212121212121E-002   1.0017189829261162        1.0101010101010102E-002   1.0017189829261162        1.0000000000000000       -1.5844829526479032E-004
  0.55556007893532799       -1.7335871442103357E-005   1.2121212121212121E-002   1.0017206644711276        1.0101010101010102E-002   1.0017206644711276        1.0000000000000000       -1.9235053804589342E-004
  0.56566186812126118       -2.0322081547519147E-005   1.2121212121212121E-002   1.0017226673179238        1.0101010101010102E-002   1.0017226673179238        1.0000000000000000       -2.2547606198575210E-004
  0.57576363594050173       -2.3226571607711031E-005   1.2121212121212121E-002   1.0017249833817043        1.0101010101010102E-002   1.0017249833817043        1.0000000000000000       -2.5769103771722257E-004
  0.58586537934030092       -2.6037658853238136E-005   1.2121212121212121E-002   1.0017276033139444        1.0101010101010102E-002   1.0017276033139444        1.0000000000000000       -2.8886559275775880E-004
  0.59596709536650960       -2.8744034918242795E-005   1.2121212121212121E-002   1.0017305165409365        1.0101010101010102E-002   1.0017305165409365        1.0000000000000000       -3.1887394669904978E-004
  0.60606878117550167       -3.1334809817506132E-005   1.2121212121212121E-002   1.0017337113060070        1.0101010101010102E-002   1.0017337113060070        1.0000000000000000       -3.4759505680792557E-004
  0.61617043404564342       -3.3799556484346396E-005   1.2121212121212121E-002   1.0017371747173380        1.0101010101010102E-002   1.0017371747173380        1.0000000000000000       -3.7491311903892210E-004
  0.62627205138826791       -3.6128353403014640E-005   1.2121212121212121E-002   1.0017408928004687        1.0101010101010102E-002   1.0017408928004687        1.0000000000000000       -4.0071807831765227E-004
  0.63637363075810516       -3.8311824916069677E-005   1.2121212121212121E-002   1.0017448505555202        1.0101010101010102E-002   1.0017448505555202        1.0000000000000000       -4.2490608565781685E-004
  0.64647516986312048       -4.0341177689872858E-005   1.2121212121212121E-002   1.0017490320175582        1.0101010101010102E-002   1.0017490320175582        1.0000000000000000       -4.4737968503749670E-004
  0.65657666657375047       -4.2208235123954899E-005   1.2121212121212121E-002   1.0017534203206460        1.0101010101010102E-002   1.0017534203206460        1.0000000000000000       -4.6804841660996743E-004
  0.66667811893147710       -4.3905473324637928E-005   1.2121212121212121E-002   1.0017579977674531        1.0101010101010102E-002   1.0017579977674531        1.0000000000000000       -4.8682935743560307E-004
  0.67677952515667916       -4.5426050110006221E-005   1.2121212121212121E-002   1.0017627459008247        1.0101010101010102E-002   1.0017627459008247        1.0000000000000000       -5.0364701154492764E-004
  0.68688088365579147       -4.6763831427105982E-005   1.2121212121212121E-002   1.0017676455779210        1.0101010101010102E-002   1.0017676455779210        1.0000000000000000       -5.1843392384487430E-004
  0.69698219302769016       -4.7913418555372077E-005   1.2121212121212121E-002   1.0017726770475108        1.0101010101010102E-002   1.0017726770475108        1.0000000000000000       -5.3113072885224710E-004
  0.70708345206932210       -4.8870167887176781E-005   1.2121212121212121E-002   1.0017778200301823        1.0101010101010102E-002   1.0017778200301823        1.0000000000000000       -5.4168674048593601E-004
  0.71718465978050350       -4.9630211121354717E-005   1.2121212121212121E-002   1.0017830538011487        1.0101010101010102E-002   1.0017830538011487        1.0000000000000000       -5.5005986267797624E-004
  0.72728581536790571       -5.0190471148471486E-005   1.2121212121212121E-002   1.0017883572727009        1.0101010101010102E-002   1.0017883572727009        1.0000000000000000       -5.5621663352578565E-004
  0.73738691824822988       -5.0548673858302652E-005   1.2121212121212121E-002   1.0017937090796236        1.0101010101010102E-002   1.0017937090796236        1.0000000000000000       -5.6013275891331205E-004
  0.74748796805050011       -5.0703358223150571E-005   1.2121212121212121E-002   1.0017990876657124        1.0101010101010102E-002   1.0017990876657124        1.0000000000000000       -5.6179285766955189E-004
  0.75758896461752767       -5.0653882072399339E-005   1.2121212121212121E-002   1.0018044713710199        1.0101010101010102E-002   1.0018044713710199        1.0000000000000000       -5.6119082273298204E-004
  0.76768990800647618       -5.0400426555968639E-005   1.2121212121212121E-002   1.0018098385180820        1.0101010101010102E-002   1.0018098385180820        1.0000000000000000       -5.5832926490495538E-004
  0.77779079848862664       -4.9943993104818548E-005   1.2121212121212121E-002   1.0018151674995497        1.0101010101010102E-002   1.0018151674995497        1.0000000000000000       -5.5322035052896013E-004
  0.78789163654820837       -4.9286400662154037E-005   1.2121212121212121E-002   1.0018204368657870        1.0101010101010102E-002   1.0018204368657870        1.0000000000000000       -5.4588496452190327E-004
  0.79799242288043037       -4.8430280328800492E-005   1.2121212121212121E-002   1.0018256254106337        1.0101010101010102E-002   1.0018256254106337        1.0000000000000000       -5.3635316592082205E-004
  0.80809315838862095       -4.7379063283002104E-005   1.2121212121212121E-002   1.0018307122565657        1.0101010101010102E-002   1.0018307122565657        1.0000000000000000       -5.2466357746983050E-004
  0.81819384418057495       -4.6136966743602251E-005   1.2121212121212121E-002   1.0018356769381809        1.0101010101010102E-002   1.0018356769381809        1.0000000000000000       -5.1086366310837406E-004
  0.82829448156404639       -4.4708979496946550E-005   1.2121212121212121E-002   1.0018404994846577        1.0101010101010102E-002   1.0018404994846577        1.0000000000000000       -4.9500924871193064E-004
  0.83839507204146735       -4.3100840426922639E-005   1.2121212121212121E-002   1.0018451605007266        1.0101010101010102E-002   1.0018451605007266        1.0000000000000000       -4.7716466968239502E-004
  0.84849561730383671       -4.1319013305535942E-005   1.2121212121212121E-002   1.0018496412432139        1.0101010101010102E-002   1.0018496412432139        1.0000000000000000       -4.5740169050034751E-004
  0.85859611922393275       -3.9370668662863364E-005   1.2121212121212121E-002   1.0018539236954616        1.0101010101010102E-002   1.0018539236954616        1.0000000000000000       -4.3580015598720934E-004
  0.86869657984873672       -3.7263644989288167E-005   1.2121212121212121E-002   1.0018579906412866        1.0101010101010102E-002   1.0018579906412866        1.0000000000000000       -4.1244724883160444E-004
  0.87879700139117745       -3.5006424496337343E-005   1.2121212121212121E-002   1.0018618257337231        1.0101010101010102E-002   1.0018618257337231        1.0000000000000000       -3.8743713273259317E-004
  0.88889738622119918       -3.2608094970212640E-005   1.2121212121212121E-002   1.0018654135586369        1.0101010101010102E-002   1.0018654135586369        1.0000000000000000       -3.6087023515207761E-004
  0.89899773685625906       -3.0078316927878244E-005   1.2121212121212121E-002   1.0018687396972099        1.0101010101010102E-002   1.0018687396972099        1.0000000000000000       -3.3285371571256661E-004
  0.90909805595115634       -2.7427281255975290E-005   1.2121212121212121E-002   1.0018717907841486        1.0101010101010102E-002   1.0018717907841486        1.0000000000000000       -3.0350016001801094E-004
  0.91919834628738217       -2.4665669025553119E-005   1.2121212121212121E-002   1.0018745545612138        1.0101010101010102E-002   1.0018745545612138        1.0000000000000000       -2.7292785919375007E-004
  0.92929861076189091       -2.1804608701717489E-005   1.2121212121212121E-002   1.0018770199248999        1.0101010101010102E-002   1.0018770199248999        1.0000000000000000       -2.4125931055518635E-004
  0.93939885237551413       -1.8855633733428993E-005   1.2121212121212121E-002   1.0018791769706250        1.0101010101010102E-002   1.0018791769706250        1.0000000000000000       -2.0862201697458005E-004
  0.94949907422086233       -1.5830630508419579E-005   1.2121212121212121E-002   1.0018810170340415        1.0101010101010102E-002   1.0018810170340415        1.0000000000000000       -1.7514707734100909E-004
  0.95959927946991597       -1.2741793467990728E-005   1.2121212121212121E-002   1.0018825327248744        1.0101010101010102E-002   1.0018825327248744        1.0000000000000000       -1.4096905793525849E-004
  0.96969947136126489       -9.6015770545440227E-006   1.2121212121212121E-002   1.0018837179555131        1.0101010101010102E-002   1.0018837179555131        1.0000000000000000       -1.0622496258427816E-004
  0.97979965318713602       -6.4226426719478371E-006   1.2121212121212121E-002   1.0018845679648911        1.0101010101010102E-002   1.0018845679648911        1.0000000000000000       -7.1054364020994853E-005
  0.98989982828016676       -3.2178097797934534E-006   1.2121212121212121E-002   1.0018850793396552        1.0101010101010102E-002   1.0018850793396552        1.0000000000000000       -3.5598661115798791E-005
   1.0000000000000038       -1.8544646249669502E-013   1.2121212121212121E-002   1.0018852500265951        1.0101010101010102E-002   1.0018852500265951        1.0000000000000000       -2.8339997015791596E-011
   1.0101001717198383        3.1311129316130049E-006   1.2121212121212121E-002   1.0018850793396781        1.0101010101010102E-002   1.0018850793396781        1.0000000000000000        3.5598659443358827E-005
   1.0202003468128673        6.2495972504906068E-006   1.2121212121212121E-002   1.0018845679650099        1.0101010101010102E-002   1.0018845679650099        1.0000000000000000        7.1054385835545020E-005
   1.0303005286387374        9.3428770617965884E-006   1.2121212121212121E-002   1.0018837179554754        1.0101010101010102E-002   1.0018837179554754        1.0000000000000000        1.0622498635637356E-004
   1.0404007205300885        1.2398478233960663E-005   1.2121212121212121E-002   1.0018825327248515        1.0101010101010102E-002   1.0018825327248515        1.0000000000000000        1.4096903173843600E-004
   1.0505009257791404        1.5404078058849996E-005   1.2121212121212121E-002   1.0018810170340635        1.0101010101010102E-002   1.0018810170340635        1.0000000000000000        1.7514709203769740E-004
   1.0606011476244896        1.8347557140701747E-005   1.2121212121212121E-002   1.0018791769705693        1.0101010101010102E-002   1.0018791769705693        1.0000000000000000        2.0862202022176035E-004
   1.0707013892381128        2.1217047922073587E-005   1.2121212121212121E-002   1.0018770199247216        1.0101010101010102E-002   1.0018770199247216        1.0000000000000000        2.4125933439389513E-004
   1.0808016537126257        2.4000982822884597E-005   1.2121212121212121E-002   1.0018745545611893        1.0101010101010102E-002   1.0018745545611893        1.0000000000000000        2.7292780202081701E-004
   1.0909019440488477        2.6688139732910426E-005   1.2121212121212121E-002   1.0018717907842036        1.0101010101010102E-002   1.0018717907842036        1.0000000000000000        7.6300427676845146     
   1.1010022631437473        2.9267689092592337E-005   1.2121212121212121E-002   1.0018687396971711        1.0101010101010102E-002   1.0018687396971711        1.0000000000000000        93.410929170251151     
  -1.0100171719833240E-002  -3.1311129379122687E-006   1.2121212121212121E-002   1.0018850793396552        1.0101010101010102E-002   1.0018850793396552        1.0000000000000000       -3.5598683462367831E-005
  -2.0200346812863978E-002  -6.2495972124120255E-006   1.2121212121212121E-002   1.0018845679648911        1.0101010101010102E-002   1.0018845679648911        1.0000000000000000       -7.1054378866897139E-005
  -3.0300528638735114E-002  -9.3428773081535783E-006   1.2121212121212121E-002   1.0018837179555131        1.0101010101010102E-002   1.0018837179555131        1.0000000000000000       -1.0622496258072545E-004
  -4.0400720530084033E-002  -1.2398478195901394E-005   1.2121212121212121E-002   1.0018825327248744        1.0101010101010102E-002   1.0018825327248744        1.0000000000000000       -1.4096905793348213E-004
  -5.0500925779137673E-002  -1.5404078354920188E-005   1.2121212121212121E-002   1.0018810170340415        1.0101010101010102E-002   1.0018810170340415        1.0000000000000000       -1.7514707734367363E-004
  -6.0601147624485874E-002  -1.8347557096242156E-005   1.2121212121212121E-002   1.0018791769706250        1.0101010101010102E-002   1.0018791769706250        1.0000000000000000       -2.0862201697635641E-004
  -7.0701389238109091E-002  -2.1217047660279495E-005   1.2121212121212121E-002   1.0018770199248999        1.0101010101010102E-002   1.0018770199248999        1.0000000000000000       -2.4125931055340999E-004
  -8.0801653712617827E-002  -2.4000982882559264E-005   1.2121212121212121E-002   1.0018745545612138        1.0101010101010102E-002   1.0018745545612138        1.0000000000000000       -2.7292785920618456E-004
  -9.0901944048843664E-002  -2.6688139936451694E-005   1.2121212121212121E-002   1.0018717907841486        1.0101010101010102E-002   1.0018717907841486        1.0000000000000000       -7.6300427676507070     
 -0.10100226314374094       -2.9267688689263264E-005   1.2121212121212121E-002   1.0018687396972099        1.0101010101010102E-002   1.0018687396972099        1.0000000000000000       -93.410929170258939     
