 # x v h rho m p cs a
   16.601212121210356     
   9.9763958343096332E-015   1.0311051675781684E-013   1.2121212121212121E-002   1.0017033363086751        1.0101010101010102E-002   1.0017033363086751        1.0000000000000000        5.3672621902478568E-012
   1.0101969583185683E-002   1.0524584740303412E-006   1.2121212121212121E-002   1.0017035316210534        1.0101010101010102E-002   1.0017035316210534        1.0000000000000000       -4.0746455668205783E-005
   2.0203935305090681E-002   2.1005988672156987E-006   1.2121212121212121E-002   1.0017041167740832        1.0101010101010102E-002   1.0017041167740832        1.0000000000000000       -8.1329252521022966E-005
   3.0305893319958636E-002   3.1401216086132271E-006   1.2121212121212121E-002   1.0017050894174444        1.0101010101010102E-002   1.0017050894174444        1.0000000000000000       -1.2158514313664881E-004
   4.0407839813016169E-002   4.1667666170983676E-006   1.2121212121212121E-002   1.0017064456460560        1.0101010101010102E-002   1.0017064456460560        1.0000000000000000       -1.6135289240626349E-004
   5.0509771015744151E-002   5.1763275796159243E-006   1.2121212121212121E-002   1.0017081800156862        1.0101010101010102E-002   1.0017081800156862        1.0000000000000000       -2.0047249457633143E-004
   6.0611683221055396E-002   6.1646699443278126E-006   1.2121212121212121E-002   1.0017102855614670        1.0101010101010102E-002   1.0017102855614670        1.0000000000000000       -2.3878658169262934E-004
   7.0713572798203519E-002   7.1277528448593524E-006   1.2121212121212121E-002   1.0017127538271580        1.0101010101010102E-002   1.0017127538271580        1.0000000000000000       -2.7614125940278456E-004
   8.0815436207372901E-002   8.0616464373249047E-006   1.2121212121212121E-002   1.0017155749010447        1.0101010101010102E-002   1.0017155749010447        1.0000000000000000       -3.1238670248612266E-004
   9.0917270013868484E-002   8.9625434936138052E-006   1.2121212121212121E-002   1.0017187374539767        1.0101010101010102E-002   1.0017187374539767        1.0000000000000000       -3.4737695119702039E-004
  0.10101907090195725        9.8267749721818969E-006   1.2121212121212121E-002   1.0017222287825454        1.0101010101010102E-002   1.0017222287825454        1.0000000000000000       -3.8097118500601823E-004
  0.11112083568820905        1.0650834926995410E-005   1.2121212121212121E-002   1.0017260348611692        1.0101010101010102E-002   1.0017260348611692        1.0000000000000000       -4.1303433912087684E-004
  0.12122256133429943        1.1431387075930347E-005   1.2121212121212121E-002   1.0017301403994090        1.0101010101010102E-002   1.0017301403994090        1.0000000000000000       -4.4343760152454337E-004
  0.13132424495921113        1.2165278934154906E-005   1.2121212121212121E-002   1.0017345289020620        1.0101010101010102E-002   1.0017345289020620        1.0000000000000000       -4.7205845083997389E-004
  0.14142588385084925        1.2849555223348687E-005   1.2121212121212121E-002   1.0017391827336495        1.0101010101010102E-002   1.0017391827336495        1.0000000000000000       -4.9878153588256424E-004
  0.15152747547696971        1.3481472529896778E-005   1.2121212121212121E-002   1.0017440831896893        1.0101010101010102E-002   1.0017440831896893        1.0000000000000000       -5.2349923205152749E-004
  0.16162901749537895        1.4058508726933614E-005   1.2121212121212121E-002   1.0017492105725185        1.0101010101010102E-002   1.0017492105725185        1.0000000000000000       -5.4611205871779589E-004
  0.17173050776335802        1.4578370630189359E-005   1.2121212121212121E-002   1.0017545442696383        1.0101010101010102E-002   1.0017545442696383        1.0000000000000000       -5.6652872596796300E-004
  0.18183194434631028        1.5039004104549923E-005   1.2121212121212121E-002   1.0017600628343577        1.0101010101010102E-002   1.0017600628343577        1.0000000000000000       -5.8466661468603576E-004
  0.19193332552559839        1.5438603087330733E-005   1.2121212121212121E-002   1.0017657440734320        1.0101010101010102E-002   1.0017657440734320        1.0000000000000000       -6.0045271482156437E-004
  0.20203464980544647        1.5775615476697881E-005   1.2121212121212121E-002   1.0017715651359467        1.0101010101010102E-002   1.0017715651359467        1.0000000000000000       -6.1382299721213229E-004
  0.21213591591902109        1.6048746747280791E-005   1.2121212121212121E-002   1.0017775026045421        1.0101010101010102E-002   1.0017775026045421        1.0000000000000000       -6.2472349950404293E-004
  0.22223712283353014        1.6256966320854495E-005   1.2121212121212121E-002   1.0017835325896880        1.0101010101010102E-002   1.0017835325896880        1.0000000000000000       -6.3310984336073517E-004
  0.23233826975443339        1.6399506934161691E-005   1.2121212121212121E-002   1.0017896308242666        1.0101010101010102E-002   1.0017896308242666        1.0000000000000000       -6.3894782387929894E-004
  0.24243935612867831        1.6475873575358363E-005   1.2121212121212121E-002   1.0017957727621727        1.0101010101010102E-002   1.0017957727621727        1.0000000000000000       -6.4221364834882166E-004
  0.25254038164695619        1.6485838151046501E-005   1.2121212121212121E-002   1.0018019336781865        1.0101010101010102E-002   1.0018019336781865        1.0000000000000000       -6.4289394836958280E-004
  0.26264134624495661        1.6429439835199466E-005   1.2121212121212121E-002   1.0018080887653729        1.0101010101010102E-002   1.0018080887653729        1.0000000000000000       -6.4098524608091623E-004
  0.27274225010370778        1.6306983925474637E-005   1.2121212121212121E-002   1.0018142132349253        1.0101010101010102E-002   1.0018142132349253        1.0000000000000000       -6.3649500252260793E-004
  0.28284309364885740        1.6119043951989966E-005   1.2121212121212121E-002   1.0018202824180042        1.0101010101010102E-002   1.0018202824180042        1.0000000000000000       -6.2944096706285535E-004
  0.29294387754898987        1.5866451085821196E-005   1.2121212121212121E-002   1.0018262718637501        1.0101010101010102E-002   1.0018262718637501        1.0000000000000000       -6.1985108044204651E-004
  0.30304460271298145        1.5550295102614744E-005   1.2121212121212121E-002   1.0018321574384750        1.0101010101010102E-002   1.0018321574384750        1.0000000000000000       -6.0776373253457194E-004
  0.31314527028635147        1.5171912293226217E-005   1.2121212121212121E-002   1.0018379154226029        1.0101010101010102E-002   1.0018379154226029        1.0000000000000000       -5.9322707863262991E-004
  0.32324588164670526        1.4732887152831246E-005   1.2121212121212121E-002   1.0018435226062399        1.0101010101010102E-002   1.0018435226062399        1.0000000000000000       -5.7629944657655585E-004
  0.33334643839820149        1.4235041647235116E-005   1.2121212121212121E-002   1.0018489563846200        1.0101010101010102E-002   1.0018489563846200        1.0000000000000000       -5.5704887191332375E-004
  0.34344694236510187        1.3680423303818773E-005   1.2121212121212121E-002   1.0018541948485442        1.0101010101010102E-002   1.0018541948485442        1.0000000000000000       -5.3555254133286212E-004
  0.35354739558445902        1.3071301138814003E-005   1.2121212121212121E-002   1.0018592168723528        1.0101010101010102E-002   1.0018592168723528        1.0000000000000000       -5.1189678920682269E-004
  0.36364780029793103        1.2410153712723254E-005   1.2121212121212121E-002   1.0018640022000407        1.0101010101010102E-002   1.0018640022000407        1.0000000000000000       -4.8617677158624417E-004
  0.37374815894276980        1.1699661368609037E-005   1.2121212121212121E-002   1.0018685315287099        1.0101010101010102E-002   1.0018685315287099        1.0000000000000000       -4.5849619733573377E-004
  0.38384847414198153        1.0942690672869953E-005   1.2121212121212121E-002   1.0018727865852124        1.0101010101010102E-002   1.0018727865852124        1.0000000000000000       -4.2896618003851472E-004
  0.39394874869381108        1.0142284380286511E-005   1.2121212121212121E-002   1.0018767501998453        1.0101010101010102E-002   1.0018767501998453        1.0000000000000000       -3.9770577940867469E-004
  0.40404898556045094        9.3016525079161119E-006   1.2121212121212121E-002   1.0018804063778750        1.0101010101010102E-002   1.0018804063778750        1.0000000000000000       -3.6484097854216913E-004
  0.41414918785610455        8.4241578318481762E-006   1.2121212121212121E-002   1.0018837403633349        1.0101010101010102E-002   1.0018837403633349        1.0000000000000000       -3.3050418186952868E-004
  0.42424935883444842        7.5132992581133002E-006   1.2121212121212121E-002   1.0018867387000348        1.0101010101010102E-002   1.0018867387000348        1.0000000000000000       -2.9483400363083945E-004
  0.43434950187548099        6.5727012468691340E-006   1.2121212121212121E-002   1.0018893892842216        1.0101010101010102E-002   1.0018893892842216        1.0000000000000000       -2.5797384252435052E-004
  0.44444962047195935        5.6061003079279127E-006   1.2121212121212121E-002   1.0018916814150087        1.0101010101010102E-002   1.0018916814150087        1.0000000000000000       -2.2007281469527129E-004
  0.45454971821524848        4.6173343288478925E-006   1.2121212121212121E-002   1.0018936058394177        1.0101010101010102E-002   1.0018936058394177        1.0000000000000000       -1.8128367145209268E-004
  0.46464979878086071        3.6103166346193068E-006   1.2121212121212121E-002   1.0018951547871233        1.0101010101010102E-002   1.0018951547871233        1.0000000000000000       -1.4176279099675781E-004
  0.47474986591363777        2.5890331184490280E-006   1.2121212121212121E-002   1.0018963220036479        1.0101010101010102E-002   1.0018963220036479        1.0000000000000000       -1.0166979886516714E-004
  0.48484992341262512        1.5575215260928656E-006   1.2121212121212121E-002   1.0018971027765009        1.0101010101010102E-002   1.0018971027765009        1.0000000000000000       -6.1166538839252382E-005
  0.49494997511573707        5.1985855880369970E-007   1.2121212121212121E-002   1.0018974939529330        1.0101010101010102E-002   1.0018974939529330        1.0000000000000000       -2.0416316471205675E-005
  0.50505002488428785       -5.1985800203243342E-007   1.2121212121212121E-002   1.0018974939528118        1.0101010101010102E-002   1.0018974939528118        1.0000000000000000        2.0416342731977011E-005
  0.51515007658740286       -1.5575217880389582E-006   1.2121212121212121E-002   1.0018971027764931        1.0101010101010102E-002   1.0018971027764931        1.0000000000000000        6.1166488001695996E-005
  0.52525013408638765       -2.5890332845656356E-006   1.2121212121212121E-002   1.0018963220039359        1.0101010101010102E-002   1.0018963220039359        1.0000000000000000        1.0166978648218361E-004
  0.53535020121916066       -3.6103168404325955E-006   1.2121212121212121E-002   1.0018951547872053        1.0101010101010102E-002   1.0018951547872053        1.0000000000000000        1.4176284606204348E-004
  0.54545028178477539       -4.6173336177852717E-006   1.2121212121212121E-002   1.0018936058393131        1.0101010101010102E-002   1.0018936058393131        1.0000000000000000        1.8128365714353833E-004
  0.55555037952806463       -5.6061008979023084E-006   1.2121212121212121E-002   1.0018916814150043        1.0101010101010102E-002   1.0018916814150043        1.0000000000000000        2.2007281039737592E-004
  0.56565049812454249       -6.5727012631626742E-006   1.2121212121212121E-002   1.0018893892840870        1.0101010101010102E-002   1.0018893892840870        1.0000000000000000        2.5797387121428983E-004
  0.57575064116557850       -7.5132991681651808E-006   1.2121212121212121E-002   1.0018867386999162        1.0101010101010102E-002   1.0018867386999162        1.0000000000000000        2.9483397425611457E-004
  0.58585081214392143       -8.4241579099267009E-006   1.2121212121212121E-002   1.0018837403633387        1.0101010101010102E-002   1.0018837403633387        1.0000000000000000        3.3050418207469789E-004
  0.59595101443957599       -9.3016527371480760E-006   1.2121212121212121E-002   1.0018804063780269        1.0101010101010102E-002   1.0018804063780269        1.0000000000000000        3.6484094660949040E-004
  0.60605125130621140       -1.0142284359162455E-005   1.2121212121212121E-002   1.0018767501998573        1.0101010101010102E-002   1.0018767501998573        1.0000000000000000        3.9770584448195478E-004
  0.61615152585804500       -1.0942690291379944E-005   1.2121212121212121E-002   1.0018727865850237        1.0101010101010102E-002   1.0018727865850237        1.0000000000000000        4.2896615508869473E-004
  0.62625184105725740       -1.1699661444327378E-005   1.2121212121212121E-002   1.0018685315288431        1.0101010101010102E-002   1.0018685315288431        1.0000000000000000        4.5849615632054253E-004
  0.63635219970209222       -1.2410154030376210E-005   1.2121212121212121E-002   1.0018640022001677        1.0101010101010102E-002   1.0018640022001677        1.0000000000000000        4.8617681040585836E-004
  0.64645260441556540       -1.3071300956178626E-005   1.2121212121212121E-002   1.0018592168723122        1.0101010101010102E-002   1.0018592168723122        1.0000000000000000        5.1189678760898971E-004
  0.65655305763492255       -1.3680423358770602E-005   1.2121212121212121E-002   1.0018541948485289        1.0101010101010102E-002   1.0018541948485289        1.0000000000000000        5.3555253873760478E-004
  0.66665356160182321       -1.4235041943234678E-005   1.2121212121212121E-002   1.0018489563846265        1.0101010101010102E-002   1.0018489563846265        1.0000000000000000        5.5704886799645692E-004
  0.67675411835331889       -1.4732887016512718E-005   1.2121212121212121E-002   1.0018435226061788        1.0101010101010102E-002   1.0018435226061788        1.0000000000000000        5.7629946887161054E-004
  0.68685472971367434       -1.5171912339899643E-005   1.2121212121212121E-002   1.0018379154224577        1.0101010101010102E-002   1.0018379154224577        1.0000000000000000        5.9322706983611084E-004
  0.69695539728704647       -1.5550294620471183E-005   1.2121212121212121E-002   1.0018321574387148        1.0101010101010102E-002   1.0018321574387148        1.0000000000000000        6.0776366010362182E-004
  0.70705612245103044       -1.5866451454520262E-005   1.2121212121212121E-002   1.0018262718639566        1.0101010101010102E-002   1.0018262718639566        1.0000000000000000        6.1985116086660241E-004
  0.71715690635116580       -1.6119043650715366E-005   1.2121212121212121E-002   1.0018202824178313        1.0101010101010102E-002   1.0018202824178313        1.0000000000000000        6.2944096591621701E-004
  0.72725774989631709       -1.6306983945861738E-005   1.2121212121212121E-002   1.0018142132349701        1.0101010101010102E-002   1.0018142132349701        1.0000000000000000        6.3649496130313565E-004
  0.73735865375506537       -1.6429440077606265E-005   1.2121212121212121E-002   1.0018080887654803        1.0101010101010102E-002   1.0018080887654803        1.0000000000000000        6.4098527126166260E-004
  0.74745961835306618       -1.6485838382426412E-005   1.2121212121212121E-002   1.0018019336781561        1.0101010101010102E-002   1.0018019336781561        1.0000000000000000        6.4289394975869385E-004
  0.75756064387134481       -1.6475873117538953E-005   1.2121212121212121E-002   1.0017957727622588        1.0101010101010102E-002   1.0017957727622588        1.0000000000000000        6.4221362739047549E-004
  0.76766173024558670       -1.6399506880847760E-005   1.2121212121212121E-002   1.0017896308241852        1.0101010101010102E-002   1.0017896308241852        1.0000000000000000        6.3894787805818254E-004
  0.77776287716649495       -1.6256966527738708E-005   1.2121212121212121E-002   1.0017835325896309        1.0101010101010102E-002   1.0017835325896309        1.0000000000000000        6.3310978153108266E-004
  0.78786408408100050       -1.6048746751696519E-005   1.2121212121212121E-002   1.0017775026046840        1.0101010101010102E-002   1.0017775026046840        1.0000000000000000        6.2472352521059094E-004
  0.79796535019457471       -1.5775615560034389E-005   1.2121212121212121E-002   1.0017715651357331        1.0101010101010102E-002   1.0017715651357331        1.0000000000000000        6.1382303859325305E-004
  0.80806667447442859       -1.5438602793941034E-005   1.2121212121212121E-002   1.0017657440734364        1.0101010101010102E-002   1.0017657440734364        1.0000000000000000        6.0045263573282881E-004
  0.81816805565371020       -1.5039004603648478E-005   1.2121212121212121E-002   1.0017600628343006        1.0101010101010102E-002   1.0017600628343006        1.0000000000000000        5.8466670258461306E-004
  0.82826949223667024       -1.4578370352629132E-005   1.2121212121212121E-002   1.0017545442695972        1.0101010101010102E-002   1.0017545442695972        1.0000000000000000        5.6652863244988083E-004
  0.83837098250464281       -1.4058508731333591E-005   1.2121212121212121E-002   1.0017492105727142        1.0101010101010102E-002   1.0017492105727142        1.0000000000000000        5.4611210780119990E-004
  0.84847252452305366       -1.3481472204995256E-005   1.2121212121212121E-002   1.0017440831896067        1.0101010101010102E-002   1.0017440831896067        1.0000000000000000        5.2349923525962794E-004
  0.85857411614917500       -1.2849555205434538E-005   1.2121212121212121E-002   1.0017391827337152        1.0101010101010102E-002   1.0017391827337152        1.0000000000000000        4.9878150706739177E-004
  0.86867575504081063       -1.2165278766067877E-005   1.2121212121212121E-002   1.0017345289021358        1.0101010101010102E-002   1.0017345289021358        1.0000000000000000        4.7205847393438916E-004
  0.87877743866572322       -1.1431387768914202E-005   1.2121212121212121E-002   1.0017301403993890        1.0101010101010102E-002   1.0017301403993890        1.0000000000000000        4.4343760028286994E-004
  0.88887916431181313       -1.0650834932699448E-005   1.2121212121212121E-002   1.0017260348610706        1.0101010101010102E-002   1.0017260348610706        1.0000000000000000        4.1303435582040748E-004
  0.89898092909806759       -9.8267750338549468E-006   1.2121212121212121E-002   1.0017222287824890        1.0101010101010102E-002   1.0017222287824890        1.0000000000000000        3.8097116251645247E-004
  0.90908272998615447       -8.9625427739522922E-006   1.2121212121212121E-002   1.0017187374538088        1.0101010101010102E-002   1.0017187374538088        1.0000000000000000        3.4737699479681083E-004
  0.91918456379265578       -8.0616464719136188E-006   1.2121212121212121E-002   1.0017155749010445        1.0101010101010102E-002   1.0017155749010445        1.0000000000000000        3.1238662290533625E-004
  0.92928642720181942       -7.1277532530724538E-006   1.2121212121212121E-002   1.0017127538273123        1.0101010101010102E-002   1.0017127538273123        1.0000000000000000        2.7614130605435605E-004
  0.93938831677896961       -6.1646696643148376E-006   1.2121212121212121E-002   1.0017102855614330        1.0101010101010102E-002   1.0017102855614330        1.0000000000000000        2.3878657533149550E-004
  0.94949022898427970       -5.1763274042052638E-006   1.2121212121212121E-002   1.0017081800155898        1.0101010101010102E-002   1.0017081800155898        1.0000000000000000        2.0047251687582701E-004
  0.95959216018701110       -4.1667670575173532E-006   1.2121212121212121E-002   1.0017064456461151        1.0101010101010102E-002   1.0017064456461151        1.0000000000000000        1.6135283537987988E-004
  0.96969410668006406       -3.1401215830229079E-006   1.2121212121212121E-002   1.0017050894176682        1.0101010101010102E-002   1.0017050894176682        1.0000000000000000        1.2158516197136038E-004
  0.97979606469493186       -2.1005987525944629E-006   1.2121212121212121E-002   1.0017041167742720        1.0101010101010102E-002   1.0017041167742720        1.0000000000000000        8.1329244803640677E-005
  0.98989803041683277       -1.0524587246680734E-006   1.2121212121212121E-002   1.0017035316209415        1.0101010101010102E-002   1.0017035316209415        1.0000000000000000        4.0746526198454092E-005
   1.0000000000000155        3.4377868605625966E-013   1.2121212121212121E-002   1.0017033363086765        1.0101010101010102E-002   1.0017033363086765        1.0000000000000000       -9.9891650506833685E-011
   1.0101019695831857        1.1510977116556240E-006   1.2121212121212121E-002   1.0017035316210534        1.0101010101010102E-002   1.0017035316210534        1.0000000000000000       -4.0746423375814800E-005
   1.0202039353050907        2.2974812011043955E-006   1.2121212121212121E-002   1.0017041167740832        1.0101010101010102E-002   1.0017041167740832        1.0000000000000000       -8.1329231568005866E-005
   1.0303058933199587        3.4344558108573645E-006   1.2121212121212121E-002   1.0017050894174444        1.0101010101010102E-002   1.0017050894174444        1.0000000000000000       -1.2158514524163166E-004
   1.0404078398130161        4.5573710447210785E-006   1.2121212121212121E-002   1.0017064456460560        1.0101010101010102E-002   1.0017064456460560        1.0000000000000000       -1.6135289097540806E-004
   1.0505097710157441        5.6616332938013072E-006   1.2121212121212121E-002   1.0017081800156862        1.0101010101010102E-002   1.0017081800156862        1.0000000000000000       -2.0047249230170650E-004
   1.0606116832210555        6.7427272127116194E-006   1.2121212121212121E-002   1.0017102855614670        1.0101010101010102E-002   1.0017102855614670        1.0000000000000000       -2.3878658354803406E-004
   1.0707135727982036        7.7962394094688625E-006   1.2121212121212121E-002   1.0017127538271580        1.0101010101010102E-002   1.0017127538271580        1.0000000000000000       -2.7614125958130842E-004
   1.0808154362073730        8.8178771975840259E-006   1.2121212121212121E-002   1.0017155749010447        1.0101010101010102E-002   1.0017155749010447        1.0000000000000000       -3.1238670342315089E-004
   1.0909172700138685        9.8034800572561345E-006   1.2121212121212121E-002   1.0017187374539767        1.0101010101010102E-002   1.0017187374539767        1.0000000000000000        7.6195743647404583     
   1.1010190709019572        1.0749038288367892E-005   1.2121212121212121E-002   1.0017222287825454        1.0101010101010102E-002   1.0017222287825454        1.0000000000000000        93.405109320700461     
  -1.0101969583167225E-002  -1.1510981065798245E-006   1.2121212121212121E-002   1.0017035316209415        1.0101010101010102E-002   1.0017035316209415        1.0000000000000000        4.0746494696541902E-005
  -2.0203935305068144E-002  -2.2974810793637368E-006   1.2121212121212121E-002   1.0017041167742720        1.0101010101010102E-002   1.0017041167742720        1.0000000000000000        8.1329223800885586E-005
  -3.0305893319935939E-002  -3.4344558372572423E-006   1.2121212121212121E-002   1.0017050894176682        1.0101010101010102E-002   1.0017050894176682        1.0000000000000000        1.2158516198201852E-004
  -4.0407839812988899E-002  -4.5573713236369307E-006   1.2121212121212121E-002   1.0017064456461151        1.0101010101010102E-002   1.0017064456461151        1.0000000000000000        1.6135283538343259E-004
  -5.0509771015720295E-002  -5.6616331835237297E-006   1.2121212121212121E-002   1.0017081800155898        1.0101010101010102E-002   1.0017081800155898        1.0000000000000000        2.0047251688559697E-004
  -6.0611683221030388E-002  -6.7427269384852617E-006   1.2121212121212121E-002   1.0017102855614330        1.0101010101010102E-002   1.0017102855614330        1.0000000000000000        2.3878657534126546E-004
  -7.0713572798180580E-002  -7.7962399002739452E-006   1.2121212121212121E-002   1.0017127538273123        1.0101010101010102E-002   1.0017127538273123        1.0000000000000000        2.7614130605879694E-004
  -8.0815436207344216E-002  -8.8178770349831361E-006   1.2121212121212121E-002   1.0017155749010445        1.0101010101010102E-002   1.0017155749010445        1.0000000000000000        3.1238662290622443E-004
  -9.0917270013845530E-002  -9.8034794750157392E-006   1.2121212121212121E-002   1.0017187374538088        1.0101010101010102E-002   1.0017187374538088        1.0000000000000000       -7.6195743646952963     
 -0.10101907090193241       -1.0749038286296645E-005   1.2121212121212121E-002   1.0017222287824890        1.0101010101010102E-002   1.0017222287824890        1.0000000000000000       -93.405109320705279     
