 # x v h rho m p cs a
   19.951515151515249     
   1.8506447675183497E-014   3.3927769684603316E-013   1.2121212121212121E-002   1.0018940067013222        1.0101010101010102E-002   1.0018940067013222        1.0000000000000000       -7.2208017343200481E-011
   1.0100085193276234E-002  -1.9702547263239989E-006   1.2121212121212121E-002   1.0018938180045067        1.0101010101010102E-002   1.0018938180045067        1.0000000000000000        3.9354494272281215E-005
   2.0200174115601332E-002  -3.9326553381373574E-006   1.2121212121212121E-002   1.0018932526780269        1.0101010101010102E-002   1.0018932526780269        1.0000000000000000        7.8549548475415065E-005
   3.0300270480946970E-002  -5.8793807527691860E-006   1.2121212121212121E-002   1.0018923130119637        1.0101010101010102E-002   1.0018923130119637        1.0000000000000000        1.1742668611525175E-004
   4.0400377973154523E-002  -7.8026708500809431E-006   1.2121212121212121E-002   1.0018910028112342        1.0101010101010102E-002   1.0018910028112342        1.0000000000000000        1.5582852969853178E-004
   5.0500500231024752E-002  -9.6948523860638917E-006   1.2121212121212121E-002   1.0018893273797325        1.0101010101010102E-002   1.0018893273797325        1.0000000000000000        1.9359998219936614E-004
   6.0600640833641924E-002  -1.1548373259663178E-005   1.2121212121212121E-002   1.0018872935001262        1.0101010101010102E-002   1.0018872935001262        1.0000000000000000        2.3058782471263584E-004
   7.0700803285839567E-002  -1.3355833795487769E-005   1.2121212121212121E-002   1.0018849094070563        1.0101010101010102E-002   1.0018849094070563        1.0000000000000000        2.6664255549935234E-004
   8.0800991004046113E-002  -1.5110011024733963E-005   1.2121212121212121E-002   1.0018821847505313        1.0101010101010102E-002   1.0018821847505313        1.0000000000000000        3.0161856920241092E-004
   9.0901207302484965E-002  -1.6803888424381962E-005   1.2121212121212121E-002   1.0018791305562491        1.0101010101010102E-002   1.0018791305562491        1.0000000000000000        3.3537468772415480E-004
  0.10100145537979727       -1.8430680177395413E-005   1.2121212121212121E-002   1.0018757591810801        1.0101010101010102E-002   1.0018757591810801        1.0000000000000000        3.6777447372671190E-004
  0.11110173830612485       -1.9983868432302058E-005   1.2121212121212121E-002   1.0018720842656450        1.0101010101010102E-002   1.0018720842656450        1.0000000000000000        3.9868666574527367E-004
  0.12120205901064798       -2.1457216897619400E-005   1.2121212121212121E-002   1.0018681206741635        1.0101010101010102E-002   1.0018681206741635        1.0000000000000000        4.2798735232985052E-004
  0.13130242026987438       -2.2844800882002708E-005   1.2121212121212121E-002   1.0018638844323655        1.0101010101010102E-002   1.0018638844323655        1.0000000000000000        4.5555820904397137E-004
  0.14140282469640611       -2.4141031302189893E-005   1.2121212121212121E-002   1.0018593926662887        1.0101010101010102E-002   1.0018593926662887        1.0000000000000000        4.8128807469716151E-004
  0.15150327472841371       -2.5340677116823570E-005   1.2121212121212121E-002   1.0018546635307670        1.0101010101010102E-002   1.0018546635307670        1.0000000000000000        5.0507344790418074E-004
  0.16160377261982775       -2.6438889052702104E-005   1.2121212121212121E-002   1.0018497161346369        1.0101010101010102E-002   1.0018497161346369        1.0000000000000000        5.2681881256244623E-004
  0.17170432043128489       -2.7431209037646400E-005   1.2121212121212121E-002   1.0018445704617782        1.0101010101010102E-002   1.0018445704617782        1.0000000000000000        5.4643712771795805E-004
  0.18180492002188009       -2.8313602993664425E-005   1.2121212121212121E-002   1.0018392472898765        1.0101010101010102E-002   1.0018392472898765        1.0000000000000000        5.6384975101941848E-004
  0.19190557304171987       -2.9082467703331729E-005   1.2121212121212121E-002   1.0018337681089033        1.0101010101010102E-002   1.0018337681089033        1.0000000000000000        5.7898663794997418E-004
  0.20200628092526729       -2.9734651837787485E-005   1.2121212121212121E-002   1.0018281550312840        1.0101010101010102E-002   1.0018281550312840        1.0000000000000000        5.9178786589608734E-004
  0.21210704488567975       -3.0267465112585833E-005   1.2121212121212121E-002   1.0018224307000452        1.0101010101010102E-002   1.0018224307000452        1.0000000000000000        6.0220256730048050E-004
  0.22220786590997457       -3.0678691014175940E-005   1.2121212121212121E-002   1.0018166181994650        1.0101010101010102E-002   1.0018166181994650        1.0000000000000000        6.1018941249013636E-004
  0.23230874475512189       -3.0966601450416653E-005   1.2121212121212121E-002   1.0018107409633332        1.0101010101010102E-002   1.0018107409633332        1.0000000000000000        6.1571663039128310E-004
  0.24240968194501586       -3.1129958849563665E-005   1.2121212121212121E-002   1.0018048226776521        1.0101010101010102E-002   1.0018048226776521        1.0000000000000000        6.1876321315157412E-004
  0.25251067776849806       -3.1168025813515568E-005   1.2121212121212121E-002   1.0017988871830004        1.0101010101010102E-002   1.0017988871830004        1.0000000000000000        6.1931777224977225E-004
  0.26261173227826473       -3.1080567915627049E-005   1.2121212121212121E-002   1.0017929583808789        1.0101010101010102E-002   1.0017929583808789        1.0000000000000000        6.1737880922319022E-004
  0.27271284529073186       -3.0867857954596271E-005   1.2121212121212121E-002   1.0017870601393877        1.0101010101010102E-002   1.0017870601393877        1.0000000000000000        6.1295455101095797E-004
  0.28281401638680231       -3.0530673468989053E-005   1.2121212121212121E-002   1.0017812161956841        1.0101010101010102E-002   1.0017812161956841        1.0000000000000000        6.0606392350592841E-004
  0.29291524491365944       -3.0070296418487203E-005   1.2121212121212121E-002   1.0017754500565101        1.0101010101010102E-002   1.0017754500565101        1.0000000000000000        5.9673590242770302E-004
  0.30301652998752093       -2.9488508637507434E-005   1.2121212121212121E-002   1.0017697849076801        1.0101010101010102E-002   1.0017697849076801        1.0000000000000000        5.8500829073881988E-004
  0.31311787049720546       -2.8787586647927642E-005   1.2121212121212121E-002   1.0017642435237559        1.0101010101010102E-002   1.0017642435237559        1.0000000000000000        5.7092888400500641E-004
  0.32321926510866433       -2.7970294162921599E-005   1.2121212121212121E-002   1.0017588481732518        1.0101010101010102E-002   1.0017588481732518        1.0000000000000000        5.5455528116254982E-004
  0.33332071227044080       -2.7039869106627347E-005   1.2121212121212121E-002   1.0017536205290070        1.0101010101010102E-002   1.0017536205290070        1.0000000000000000        5.3595405077278002E-004
  0.34342221021997238       -2.6000012062545585E-005   1.2121212121212121E-002   1.0017485815832328        1.0101010101010102E-002   1.0017485815832328        1.0000000000000000        5.1520047136843772E-004
  0.35352375699072919       -2.4854875686065581E-005   1.2121212121212121E-002   1.0017437515657466        1.0101010101010102E-002   1.0017437515657466        1.0000000000000000        4.9237817940817052E-004
  0.36362535042012717       -2.3609045926639557E-005   1.2121212121212121E-002   1.0017391498615633        1.0101010101010102E-002   1.0017391498615633        1.0000000000000000        4.6757969234789698E-004
  0.37372698815830457       -2.2267522237643140E-005   1.2121212121212121E-002   1.0017347949320461        1.0101010101010102E-002   1.0017347949320461        1.0000000000000000        4.4090511444139224E-004
  0.38382866767760482       -2.0835699624745174E-005   1.2121212121212121E-002   1.0017307042443282        1.0101010101010102E-002   1.0017307042443282        1.0000000000000000        4.1246172384301616E-004
  0.39393038628273686       -1.9319348035064299E-005   1.2121212121212121E-002   1.0017268942020958        1.0101010101010102E-002   1.0017268942020958        1.0000000000000000        3.8236402457592078E-004
  0.40403214112163494       -1.7724587993326749E-005   1.2121212121212121E-002   1.0017233800804759        1.0101010101010102E-002   1.0017233800804759        1.0000000000000000        3.5073294780296749E-004
  0.41413392919690517       -1.6057864591651215E-005   1.2121212121212121E-002   1.0017201759638636        1.0101010101010102E-002   1.0017201759638636        1.0000000000000000        3.1769599817188521E-004
  0.42423574737792391       -1.4325923035127594E-005   1.2121212121212121E-002   1.0017172946906823        1.0101010101010102E-002   1.0017172946906823        1.0000000000000000        2.8338563266760985E-004
  0.43433759241337883       -1.2535778905750160E-005   1.2121212121212121E-002   1.0017147478050454        1.0101010101010102E-002   1.0017147478050454        1.0000000000000000        2.4793945765466674E-004
  0.44443946094431441       -1.0694692868428020E-005   1.2121212121212121E-002   1.0017125455097400        1.0101010101010102E-002   1.0017125455097400        1.0000000000000000        2.1149974758749579E-004
  0.45454134951761294       -8.8101350860685285E-006   1.2121212121212121E-002   1.0017106966248950        1.0101010101010102E-002   1.0017106966248950        1.0000000000000000        1.7421277806306534E-004
  0.46464325459986155       -6.8897586505484244E-006   1.2121212121212121E-002   1.0017092085541128        1.0101010101010102E-002   1.0017092085541128        1.0000000000000000        1.3622789647182998E-004
  0.47474517259150079       -4.9413681022157083E-006   1.2121212121212121E-002   1.0017080872560729        1.0101010101010102E-002   1.0017080872560729        1.0000000000000000        9.7697294118681555E-005
  0.48484709984125346       -2.9728822648605524E-006   1.2121212121212121E-002   1.0017073372208751        1.0101010101010102E-002   1.0017073372208751        1.0000000000000000        5.8775271177147204E-005
  0.49494903266074242       -9.9230631253713730E-007   1.2121212121212121E-002   1.0017069614514427        1.0101010101010102E-002   1.0017069614514427        1.0000000000000000        1.9617924328585445E-005
  0.50505096733929056        9.9230600308789860E-007   1.2121212121212121E-002   1.0017069614515273        1.0101010101010102E-002   1.0017069614515273        1.0000000000000000       -1.9617943235239466E-005
  0.51515290015877768        2.9728824507394166E-006   1.2121212121212121E-002   1.0017073372210321        1.0101010101010102E-002   1.0017073372210321        1.0000000000000000       -5.8775267574695533E-005
  0.52525482740852880        4.9413684852161465E-006   1.2121212121212121E-002   1.0017080872561357        1.0101010101010102E-002   1.0017080872561357        1.0000000000000000       -9.7697275123209693E-005
  0.53535674540016842        6.8897582193704082E-006   1.2121212121212121E-002   1.0017092085541381        1.0101010101010102E-002   1.0017092085541381        1.0000000000000000       -1.3622791258161016E-004
  0.54545865048241671        8.8101351183776804E-006   1.2121212121212121E-002   1.0017106966251421        1.0101010101010102E-002   1.0017106966251421        1.0000000000000000       -1.7421280371721082E-004
  0.55556053905570946        1.0694693074200042E-005   1.2121212121212121E-002   1.0017125455095721        1.0101010101010102E-002   1.0017125455095721        1.0000000000000000       -2.1149963551181372E-004
  0.56566240758665476        1.2535778705983692E-005   1.2121212121212121E-002   1.0017147478047996        1.0101010101010102E-002   1.0017147478047996        1.0000000000000000       -2.4793955346069652E-004
  0.57576425262210573        1.4325922643432247E-005   1.2121212121212121E-002   1.0017172946908512        1.0101010101010102E-002   1.0017172946908512        1.0000000000000000       -2.8338562163643388E-004
  0.58586607080312392        1.6057864750751867E-005   1.2121212121212121E-002   1.0017201759638621        1.0101010101010102E-002   1.0017201759638621        1.0000000000000000       -3.1769598368303065E-004
  0.59596785887839532        1.7724588675477849E-005   1.2121212121212121E-002   1.0017233800805339        1.0101010101010102E-002   1.0017233800805339        1.0000000000000000       -3.5073296475029991E-004
  0.60606961371729029        1.9319347760808190E-005   1.2121212121212121E-002   1.0017268942018205        1.0101010101010102E-002   1.0017268942018205        1.0000000000000000       -3.8236393815349601E-004
  0.61617133232243149        2.0835699681072378E-005   1.2121212121212121E-002   1.0017307042440733        1.0101010101010102E-002   1.0017307042440733        1.0000000000000000       -4.1246181749077238E-004
  0.62627301184172846        2.2267522436852686E-005   1.2121212121212121E-002   1.0017347949322548        1.0101010101010102E-002   1.0017347949322548        1.0000000000000000       -4.4090511472116845E-004
  0.63637464957990364        2.3609045663383655E-005   1.2121212121212121E-002   1.0017391498615322        1.0101010101010102E-002   1.0017391498615322        1.0000000000000000       -4.6757964745314240E-004
  0.64647624300930517        2.4854875492324599E-005   1.2121212121212121E-002   1.0017437515658234        1.0101010101010102E-002   1.0017437515658234        1.0000000000000000       -4.9237824307724054E-004
  0.65657778978005710        2.6000012688462611E-005   1.2121212121212121E-002   1.0017485815835272        1.0101010101010102E-002   1.0017485815835272        1.0000000000000000       -5.1520045562547523E-004
  0.66667928772958707        2.7039868454939727E-005   1.2121212121212121E-002   1.0017536205291400        1.0101010101010102E-002   1.0017536205291400        1.0000000000000000       -5.3595403406703213E-004
  0.67678073489136248        2.7970294340857404E-005   1.2121212121212121E-002   1.0017588481731745        1.0101010101010102E-002   1.0017588481731745        1.0000000000000000       -5.5455524747483054E-004
  0.68688212950282401        2.8787586658430379E-005   1.2121212121212121E-002   1.0017642435235463        1.0101010101010102E-002   1.0017642435235463        1.0000000000000000       -5.7092889377230449E-004
  0.69698347001251071        2.9488508936879964E-005   1.2121212121212121E-002   1.0017697849077010        1.0101010101010102E-002   1.0017697849077010        1.0000000000000000       -5.8500832703689554E-004
  0.70708475508636892        3.0070296509811887E-005   1.2121212121212121E-002   1.0017754500564109        1.0101010101010102E-002   1.0017754500564109        1.0000000000000000       -5.9673584218522535E-004
  0.71718598361323149        3.0530673149956607E-005   1.2121212121212121E-002   1.0017812161955775        1.0101010101010102E-002   1.0017812161955775        1.0000000000000000       -6.0606398364804193E-004
  0.72728715470929928        3.0867857638445940E-005   1.2121212121212121E-002   1.0017870601396228        1.0101010101010102E-002   1.0017870601396228        1.0000000000000000       -6.1295456231391654E-004
  0.73738826772176358        3.1080568411076319E-005   1.2121212121212121E-002   1.0017929583810004        1.0101010101010102E-002   1.0017929583810004        1.0000000000000000       -6.1737877586320877E-004
  0.74748932223153053        3.1168025722586452E-005   1.2121212121212121E-002   1.0017988871829089        1.0101010101010102E-002   1.0017988871829089        1.0000000000000000       -6.1931775785240006E-004
  0.75759031805501476        3.1129958880350311E-005   1.2121212121212121E-002   1.0018048226776246        1.0101010101010102E-002   1.0018048226776246        1.0000000000000000       -6.1876324109899628E-004
  0.76769125524490722        3.0966601185286016E-005   1.2121212121212121E-002   1.0018107409633685        1.0101010101010102E-002   1.0018107409633685        1.0000000000000000       -6.1571661598414096E-004
  0.77779213409005499        3.0678691149517900E-005   1.2121212121212121E-002   1.0018166181993784        1.0101010101010102E-002   1.0018166181993784        1.0000000000000000       -6.1018940302481894E-004
  0.78789295511435142        3.0267465159426941E-005   1.2121212121212121E-002   1.0018224307000103        1.0101010101010102E-002   1.0018224307000103        1.0000000000000000       -6.0220258387388981E-004
  0.79799371907476280        2.9734651864513306E-005   1.2121212121212121E-002   1.0018281550312396        1.0101010101010102E-002   1.0018281550312396        1.0000000000000000       -5.9178785134772482E-004
  0.80809442695831246        2.9082467701211615E-005   1.2121212121212121E-002   1.0018337681089846        1.0101010101010102E-002   1.0018337681089846        1.0000000000000000       -5.7898667836120410E-004
  0.81819507997814800        2.8313602553547515E-005   1.2121212121212121E-002   1.0018392472898616        1.0101010101010102E-002   1.0018392472898616        1.0000000000000000       -5.6384968736633567E-004
  0.82829567956874750        2.7431209556717897E-005   1.2121212121212121E-002   1.0018445704615633        1.0101010101010102E-002   1.0018445704615633        1.0000000000000000       -5.4643715242885804E-004
  0.83839622738020558        2.6438888662494821E-005   1.2121212121212121E-002   1.0018497161347406        1.0101010101010102E-002   1.0018497161347406        1.0000000000000000       -5.2681885347460877E-004
  0.84849672527161590        2.5340677910784326E-005   1.2121212121212121E-002   1.0018546635308061        1.0101010101010102E-002   1.0018546635308061        1.0000000000000000       -5.0507339308047960E-004
  0.85859717530362600        2.4141031139617294E-005   1.2121212121212121E-002   1.0018593926660309        1.0101010101010102E-002   1.0018593926660309        1.0000000000000000       -4.8128806899594423E-004
  0.86869757973016148        2.2844800744532815E-005   1.2121212121212121E-002   1.0018638844324108        1.0101010101010102E-002   1.0018638844324108        1.0000000000000000       -4.5555827494325740E-004
  0.87879794098938258        2.1457216661513313E-005   1.2121212121212121E-002   1.0018681206741824        1.0101010101010102E-002   1.0018681206741824        1.0000000000000000       -4.2798728480075710E-004
  0.88889826169391040        1.9983868323550766E-005   1.2121212121212121E-002   1.0018720842654913        1.0101010101010102E-002   1.0018720842654913        1.0000000000000000       -3.9868669463505313E-004
  0.89899854462023676        1.8430680274504000E-005   1.2121212121212121E-002   1.0018757591809897        1.0101010101010102E-002   1.0018757591809897        1.0000000000000000       -3.6777445485114413E-004
  0.90909879269755212        1.6803887618951543E-005   1.2121212121212121E-002   1.0018791305562877        1.0101010101010102E-002   1.0018791305562877        1.0000000000000000       -3.3537474094114117E-004
  0.91919900899598750        1.5110011597013273E-005   1.2121212121212121E-002   1.0018821847508446        1.0101010101010102E-002   1.0018821847508446        1.0000000000000000       -3.0161856921662178E-004
  0.92929919671419026        1.3355834122983673E-005   1.2121212121212121E-002   1.0018849094070856        1.0101010101010102E-002   1.0018849094070856        1.0000000000000000       -2.6664249946151131E-004
  0.93939935916639172        1.1548373382397444E-005   1.2121212121212121E-002   1.0018872935001688        1.0101010101010102E-002   1.0018872935001688        1.0000000000000000       -2.3058787984986395E-004
  0.94949949976900427        9.6948520053240693E-006   1.2121212121212121E-002   1.0018893273798262        1.0101010101010102E-002   1.0018893273798262        1.0000000000000000       -1.9359993910583739E-004
  0.95959962202687688        7.8026712140985919E-006   1.2121212121212121E-002   1.0018910028111676        1.0101010101010102E-002   1.0018910028111676        1.0000000000000000       -1.5582853769124938E-004
  0.96969972951908356        5.8793805758785124E-006   1.2121212121212121E-002   1.0018923130118493        1.0101010101010102E-002   1.0018923130118493        1.0000000000000000       -1.1742666763758791E-004
  0.97979982588443282        3.9326553287322721E-006   1.2121212121212121E-002   1.0018932526781450        1.0101010101010102E-002   1.0018932526781450        1.0000000000000000       -7.8549618635292973E-005
  0.98989991480675177        1.9702543682274127E-006   1.2121212121212121E-002   1.0018938180047403        1.0101010101010102E-002   1.0018938180047403        1.0000000000000000       -3.9354450235506988E-005
   1.0000000000000104        4.8024164819869105E-013   1.2121212121212121E-002   1.0018940067013236        1.0101010101010102E-002   1.0018940067013236        1.0000000000000000        7.9660722462904232E-011
   1.0101000851932762       -2.0654099944328976E-006   1.2121212121212121E-002   1.0018938180045067        1.0101010101010102E-002   1.0018938180045067        1.0000000000000000        3.9354448661654828E-005
   1.0202001741156013       -4.1225804122471310E-006   1.2121212121212121E-002   1.0018932526780269        1.0101010101010102E-002   1.0018932526780269        1.0000000000000000        7.8549519211712493E-005
   1.0303002704809470       -6.1633068580383376E-006   1.2121212121212121E-002   1.0018923130119637        1.0101010101010102E-002   1.0018923130119637        1.0000000000000000        1.1742668614189711E-004
   1.0404003779731545       -8.1794485457374152E-006   1.2121212121212121E-002   1.0018910028112342        1.0101010101010102E-002   1.0018910028112342        1.0000000000000000        1.5582852926954160E-004
   1.0505005002310248       -1.0162957282394233E-005   1.2121212121212121E-002   1.0018893273797325        1.0101010101010102E-002   1.0018893273797325        1.0000000000000000        1.9359998124723887E-004
   1.0606006408336419       -1.2105910544013676E-005   1.2121212121212121E-002   1.0018872935001262        1.0101010101010102E-002   1.0018872935001262        1.0000000000000000        2.3058782561502511E-004
   1.0707008032858396       -1.4000547030694437E-005   1.2121212121212121E-002   1.0018849094070563        1.0101010101010102E-002   1.0018849094070563        1.0000000000000000        2.6664255556418937E-004
   1.0808009910040461       -1.5839291679660251E-005   1.2121212121212121E-002   1.0018821847505313        1.0101010101010102E-002   1.0018821847505313        1.0000000000000000        3.0161856967492184E-004
   1.0909012073024851       -1.7614786560120853E-005   1.2121212121212121E-002   1.0018791305562491        1.0101010101010102E-002   1.0018791305562491        1.0000000000000000        7.6305450549554337     
   1.1010014553797973       -1.9319916161907829E-005   1.2121212121212121E-002   1.0018757591810801        1.0101010101010102E-002   1.0018757591810801        1.0000000000000000        93.411208231980581     
  -1.0100085193248232E-002   2.0654095612168722E-006   1.2121212121212121E-002   1.0018938180047403        1.0101010101010102E-002   1.0018938180047403        1.0000000000000000       -3.9354404469449378E-005
  -2.0200174115567182E-002   4.1225805651924483E-006   1.2121212121212121E-002   1.0018932526781450        1.0101010101010102E-002   1.0018932526781450        1.0000000000000000       -7.8549588161891393E-005
  -3.0300270480916436E-002   6.1633066461728130E-006   1.2121212121212121E-002   1.0018923130118493        1.0101010101010102E-002   1.0018923130118493        1.0000000000000000       -1.1742666764646970E-004
  -4.0400377973123125E-002   8.1794489033784815E-006   1.2121212121212121E-002   1.0018910028111676        1.0101010101010102E-002   1.0018910028111676        1.0000000000000000       -1.5582853769124938E-004
  -5.0500500230995726E-002   1.0162956827469444E-005   1.2121212121212121E-002   1.0018893273798262        1.0101010101010102E-002   1.0018893273798262        1.0000000000000000       -1.9359993910228468E-004
  -6.0600640833608277E-002   1.2105910795183925E-005   1.2121212121212121E-002   1.0018872935001688        1.0101010101010102E-002   1.0018872935001688        1.0000000000000000       -2.3058787984897577E-004
  -7.0700803285809743E-002   1.4000547215856788E-005   1.2121212121212121E-002   1.0018849094070856        1.0101010101010102E-002   1.0018849094070856        1.0000000000000000       -2.6664249945529406E-004
  -8.0800991004012501E-002   1.5839292219153398E-005   1.2121212121212121E-002   1.0018821847508446        1.0101010101010102E-002   1.0018821847508446        1.0000000000000000       -3.0161856920329910E-004
  -9.0901207302447884E-002   1.7614785931122501E-005   1.2121212121212121E-002   1.0018791305562877        1.0101010101010102E-002   1.0018791305562877        1.0000000000000000       -7.6305450550032532     
 -0.10100145537976324        1.9319916195910530E-005   1.2121212121212121E-002   1.0018757591809897        1.0101010101010102E-002   1.0018757591809897        1.0000000000000000       -93.411208231965986     
