 # x v h rho m p cs a
   11.602424242422922     
   2.5977129232382456E-015   2.1449993296714060E-013   1.2121212121212121E-002   1.0017774878166379        1.0101010101010102E-002   1.0017774878166379        1.0000000000000000        5.3204551875296602E-011
   1.0101236659617853E-002   6.1633592605897282E-006   1.2121212121212121E-002   1.0017775338686283        1.0101010101010102E-002   1.0017775338686283        1.0000000000000000       -9.6063378824950973E-006
   2.0202472408930625E-002   1.2301954347419794E-005   1.2121212121212121E-002   1.0017776718415725        1.0101010101010102E-002   1.0017776718415725        1.0000000000000000       -1.9174359941587227E-005
   3.0303706341271733E-002   1.8391120793064238E-005   1.2121212121212121E-002   1.0017779011844985        1.0101010101010102E-002   1.0017779011844985        1.0000000000000000       -2.8665805097638497E-005
   4.0404937557226121E-002   2.4406389541349531E-005   1.2121212121212121E-002   1.0017782209814976        1.0101010101010102E-002   1.0017782209814976        1.0000000000000000       -3.8042742801280838E-005
   5.0506165168232461E-002   3.0323587352118925E-005   1.2121212121212121E-002   1.0017786299559115        1.0101010101010102E-002   1.0017786299559115        1.0000000000000000       -4.7267858916733019E-005
   6.0607388300114251E-002   3.6118934010699040E-005   1.2121212121212121E-002   1.0017791264752398        1.0101010101010102E-002   1.0017791264752398        1.0000000000000000       -5.6304234933968189E-005
   7.0708606096581653E-002   4.1769135038735795E-005   1.2121212121212121E-002   1.0017797085565381        1.0101010101010102E-002   1.0017797085565381        1.0000000000000000       -6.5115678756555440E-005
   8.0809817722659716E-002   4.7251474406816469E-005   1.2121212121212121E-002   1.0017803738743807        1.0101010101010102E-002   1.0017803738743807        1.0000000000000000       -7.3666928619431360E-005
   9.0911022368031141E-002   5.2543908363989416E-005   1.2121212121212121E-002   1.0017811197705695        1.0101010101010102E-002   1.0017811197705695        1.0000000000000000       -8.1923833122665712E-005
  0.10101221925027085        5.7625150979618230E-005   1.2121212121212121E-002   1.0017819432645614        1.0101010101010102E-002   1.0017819432645614        1.0000000000000000       -8.9853309270360171E-005
  0.11111340761798245        6.2474762734851338E-005   1.2121212121212121E-002   1.0017828410645158        1.0101010101010102E-002   1.0017828410645158        1.0000000000000000       -9.7423491227210945E-005
  0.12121458675381540        6.7073226462247961E-005   1.2121212121212121E-002   1.0017838095796836        1.0101010101010102E-002   1.0017838095796836        1.0000000000000000       -1.0460389359945310E-004
  0.13131575597735973        7.1402033286439758E-005   1.2121212121212121E-002   1.0017848449357385        1.0101010101010102E-002   1.0017848449357385        1.0000000000000000       -1.1136584880500067E-004
  0.14141691464785380        7.5443751245892835E-005   1.2121212121212121E-002   1.0017859429897260        1.0101010101010102E-002   1.0017859429897260        1.0000000000000000       -1.1768199787187683E-004
  0.15151806216678529        7.9182098107626530E-005   1.2121212121212121E-002   1.0017870993454507        1.0101010101010102E-002   1.0017870993454507        1.0000000000000000       -1.2352686831462734E-004
  0.16161919798029772        8.2602006907196609E-005   1.2121212121212121E-002   1.0017883093711122        1.0101010101010102E-002   1.0017883093711122        1.0000000000000000       -1.2887679610074088E-004
  0.17172032158144193        8.5689686394574993E-005   1.2121212121212121E-002   1.0017895682185214        1.0101010101010102E-002   1.0017895682185214        1.0000000000000000       -1.3371030581055265E-004
  0.18182143251219682        8.8432675860368359E-005   1.2121212121212121E-002   1.0017908708408934        1.0101010101010102E-002   1.0017908708408934        1.0000000000000000       -1.3800745451852947E-004
  0.19192253036537690        9.0819898224763027E-005   1.2121212121212121E-002   1.0017922120132734        1.0101010101010102E-002   1.0017922120132734        1.0000000000000000       -1.4175103511870901E-004
  0.20202361478624717        9.2841704244274185E-005   1.2121212121212121E-002   1.0017935863543574        1.0101010101010102E-002   1.0017935863543574        1.0000000000000000       -1.4492563211732090E-004
  0.21212468547399130        9.4489909473910132E-005   1.2121212121212121E-002   1.0017949883457322        1.0101010101010102E-002   1.0017949883457322        1.0000000000000000       -1.4751809021884554E-004
  0.22222574218295968        9.5757831543171720E-005   1.2121212121212121E-002   1.0017964123552385        1.0101010101010102E-002   1.0017964123552385        1.0000000000000000       -1.4951781631467043E-004
  0.23232678472366505        9.6640315583312639E-005   1.2121212121212121E-002   1.0017978526592617        1.0101010101010102E-002   1.0017978526592617        1.0000000000000000       -1.5091636524289243E-004
  0.24242781296359558        9.7133757568342943E-005   1.2121212121212121E-002   1.0017993034662722        1.0101010101010102E-002   1.0017993034662722        1.0000000000000000       -1.5170801678721091E-004
  0.25252882682773869        9.7236116083457071E-005   1.2121212121212121E-002   1.0018007589384956        1.0101010101010102E-002   1.0018007589384956        1.0000000000000000       -1.5188885206374181E-004
  0.26262982629897308        9.6946925981271074E-005   1.2121212121212121E-002   1.0018022132154656        1.0101010101010102E-002   1.0018022132154656        1.0000000000000000       -1.5145805799754442E-004
  0.27273081141812644        9.6267298567238741E-005   1.2121212121212121E-002   1.0018036604391236        1.0101010101010102E-002   1.0018036604391236        1.0000000000000000       -1.5041696713424813E-004
  0.28283178228386568        9.5199918035346860E-005   1.2121212121212121E-002   1.0018050947772126        1.0101010101010102E-002   1.0018050947772126        1.0000000000000000       -1.4876966075583198E-004
  0.29293273905229417        9.3749030877910824E-005   1.2121212121212121E-002   1.0018065104456821        1.0101010101010102E-002   1.0018065104456821        1.0000000000000000       -1.4652208878906947E-004
  0.30303368193639990        9.1920432221352853E-005   1.2121212121212121E-002   1.0018079017310784        1.0101010101010102E-002   1.0018079017310784        1.0000000000000000       -1.4368305174983220E-004
  0.31313461120521963        8.9721441052202292E-005   1.2121212121212121E-002   1.0018092630172188        1.0101010101010102E-002   1.0018092630172188        1.0000000000000000       -1.4026404115252689E-004
  0.32323552718274123        8.7160871230143624E-005   1.2121212121212121E-002   1.0018105888064255        1.0101010101010102E-002   1.0018105888064255        1.0000000000000000       -1.3627830990614598E-004
  0.33333643024665816        8.4248998785492487E-005   1.2121212121212121E-002   1.0018118737402417        1.0101010101010102E-002   1.0018118737402417        1.0000000000000000       -1.3174164430918012E-004
  0.34343732082686823        8.0997518376011953E-005   1.2121212121212121E-002   1.0018131126228886        1.0101010101010102E-002   1.0018131126228886        1.0000000000000000       -1.2667217572293055E-004
  0.35353819940375547        7.7419498596962950E-005   1.2121212121212121E-002   1.0018143004426512        1.0101010101010102E-002   1.0018143004426512        1.0000000000000000       -1.2109019480810446E-004
  0.36363906650627026        7.3529329587915344E-005   1.2121212121212121E-002   1.0018154323927562        1.0101010101010102E-002   1.0018154323927562        1.0000000000000000       -1.1501816585735014E-004
  0.37373992270979556        6.9342664822004090E-005   1.2121212121212121E-002   1.0018165038902291        1.0101010101010102E-002   1.0018165038902291        1.0000000000000000       -1.0848030494070571E-004
  0.38384076863385735        6.4876357313659909E-005   1.2121212121212121E-002   1.0018175105942200        1.0101010101010102E-002   1.0018175105942200        1.0000000000000000       -1.0150289355070896E-004
  0.39394160493963093        6.0148394430567439E-005   1.2121212121212121E-002   1.0018184484248889        1.0101010101010102E-002   1.0018184484248889        1.0000000000000000       -9.4114090569696884E-005
  0.40404243232727449        5.5177823630232786E-005   1.2121212121212121E-002   1.0018193135807587        1.0101010101010102E-002   1.0018193135807587        1.0000000000000000       -8.6343827231161185E-005
  0.41414325153309256        4.9984675095257367E-005   1.2121212121212121E-002   1.0018201025541009        1.0101010101010102E-002   1.0018201025541009        1.0000000000000000       -7.8223413496836258E-005
  0.42424406332656261        4.4589881751211179E-005   1.2121212121212121E-002   1.0018208121432952        1.0101010101010102E-002   1.0018208121432952        1.0000000000000000       -6.9785403572275584E-005
  0.43434486850726889        3.9015195879941755E-005   1.2121212121212121E-002   1.0018214394692941        1.0101010101010102E-002   1.0018214394692941        1.0000000000000000       -6.1064514107478374E-005
  0.44444566790158557        3.3283097779386353E-005   1.2121212121212121E-002   1.0018219819868195        1.0101010101010102E-002   1.0018219819868195        1.0000000000000000       -5.2095652505634860E-005
  0.45454646235939472        2.7416708034356076E-005   1.2121212121212121E-002   1.0018224374927984        1.0101010101010102E-002   1.0018224374927984        1.0000000000000000       -4.2915289005129864E-005
  0.46464725275061275        2.1439691252005196E-005   1.2121212121212121E-002   1.0018228041373438        1.0101010101010102E-002   1.0018228041373438        1.0000000000000000       -3.3560582775038483E-005
  0.47474803996167964        1.5376162435246843E-005   1.2121212121212121E-002   1.0018230804313568        1.0101010101010102E-002   1.0018230804313568        1.0000000000000000       -2.4069665227166581E-005
  0.48484882489194236        9.2505873013969895E-006   1.2121212121212121E-002   1.0018232652537045        1.0101010101010102E-002   1.0018232652537045        1.0000000000000000       -1.4481134282817720E-005
  0.49494960844999264        3.0876821155054378E-006   1.2121212121212121E-002   1.0018233578533962        1.0101010101010102E-002   1.0018233578533962        1.0000000000000000       -4.8335884859085354E-006
  0.50505039155001996       -3.0876821196183045E-006   1.2121212121212121E-002   1.0018233578532862        1.0101010101010102E-002   1.0018233578532862        1.0000000000000000        4.8336091769130007E-006
  0.51515117510807307       -9.2505869735969127E-006   1.2121212121212121E-002   1.0018232652536987        1.0101010101010102E-002   1.0018232652536987        1.0000000000000000        1.4481096394902693E-005
  0.52525196003833274       -1.5376162456611911E-005   1.2121212121212121E-002   1.0018230804312940        1.0101010101010102E-002   1.0018230804312940        1.0000000000000000        2.4069714433139211E-005
  0.53535274724940396       -2.1439691579687346E-005   1.2121212121212121E-002   1.0018228041372583        1.0101010101010102E-002   1.0018228041372583        1.0000000000000000        3.3560534197007996E-005
  0.54545353764061999       -2.7416708009673431E-005   1.2121212121212121E-002   1.0018224374930067        1.0101010101010102E-002   1.0018224374930067        1.0000000000000000        4.2915281039945796E-005
  0.55555433209842597       -3.3283098018756550E-005   1.2121212121212121E-002   1.0018219819867906        1.0101010101010102E-002   1.0018219819867906        1.0000000000000000        5.2095705242116708E-005
  0.56565513149274704       -3.9015195451833942E-005   1.2121212121212121E-002   1.0018214394693461        1.0101010101010102E-002   1.0018214394693461        1.0000000000000000        6.1064448375169889E-005
  0.57575593667344793       -4.4589881965177224E-005   1.2121212121212121E-002   1.0018208121434573        1.0101010101010102E-002   1.0018208121434573        1.0000000000000000        6.9785443709946549E-005
  0.58585674846691982       -4.9984675102321127E-005   1.2121212121212121E-002   1.0018201025541791        1.0101010101010102E-002   1.0018201025541791        1.0000000000000000        7.8223388856990539E-005
  0.59595756767273456       -5.5177823540773489E-005   1.2121212121212121E-002   1.0018193135807449        1.0101010101010102E-002   1.0018193135807449        1.0000000000000000        8.6343877376826583E-005
  0.60605839506038139       -6.0148394621935499E-005   1.2121212121212121E-002   1.0018184484246464        1.0101010101010102E-002   1.0018184484246464        1.0000000000000000        9.4114085840146799E-005
  0.61615923136615736       -6.4876357240493826E-005   1.2121212121212121E-002   1.0018175105942178        1.0101010101010102E-002   1.0018175105942178        1.0000000000000000        1.0150284814258725E-004
  0.62626007729021660       -6.9342664488419625E-005   1.2121212121212121E-002   1.0018165038903648        1.0101010101010102E-002   1.0018165038903648        1.0000000000000000        1.0848031836374616E-004
  0.63636093349374123       -7.3529329902609185E-005   1.2121212121212121E-002   1.0018154323927173        1.0101010101010102E-002   1.0018154323927173        1.0000000000000000        1.1501819172643479E-004
  0.64646180059625757       -7.7419498646832076E-005   1.2121212121212121E-002   1.0018143004425053        1.0101010101010102E-002   1.0018143004425053        1.0000000000000000        1.2109019219597172E-004
  0.65656267917314670       -8.0997518160216866E-005   1.2121212121212121E-002   1.0018131126229453        1.0101010101010102E-002   1.0018131126229453        1.0000000000000000        1.2667213425920920E-004
  0.66666356975335350       -8.4248998740466181E-005   1.2121212121212121E-002   1.0018118737403536        1.0101010101010102E-002   1.0018118737403536        1.0000000000000000        1.3174167388374514E-004
  0.67676447281727103       -8.7160871346984433E-005   1.2121212121212121E-002   1.0018105888063380        1.0101010101010102E-002   1.0018105888063380        1.0000000000000000        1.3627832152174335E-004
  0.68686538879479420       -8.9721441444065402E-005   1.2121212121212121E-002   1.0018092630171536        1.0101010101010102E-002   1.0018092630171536        1.0000000000000000        1.4026402829347973E-004
  0.69696631806361353       -9.1920431646804116E-005   1.2121212121212121E-002   1.0018079017309940        1.0101010101010102E-002   1.0018079017309940        1.0000000000000000        1.4368306843337564E-004
  0.70706726094772143       -9.3749031056137086E-005   1.2121212121212121E-002   1.0018065104456568        1.0101010101010102E-002   1.0018065104456568        1.0000000000000000        1.4652205657483819E-004
  0.71716821771614869       -9.5199917796761423E-005   1.2121212121212121E-002   1.0018050947774702        1.0101010101010102E-002   1.0018050947774702        1.0000000000000000        1.4876963280929800E-004
  0.72726918858188339       -9.6267298731277432E-005   1.2121212121212121E-002   1.0018036604392804        1.0101010101010102E-002   1.0018036604392804        1.0000000000000000        1.5041701536233631E-004
  0.73737017370103786       -9.6946925889230726E-005   1.2121212121212121E-002   1.0018022132153048        1.0101010101010102E-002   1.0018022132153048        1.0000000000000000        1.5145808271732619E-004
  0.74747117317227463       -9.7236116262278330E-005   1.2121212121212121E-002   1.0018007589382218        1.0101010101010102E-002   1.0018007589382218        1.0000000000000000        1.5188884950223525E-004
  0.75757218703642160       -9.7133757333827262E-005   1.2121212121212121E-002   1.0017993034663466        1.0101010101010102E-002   1.0017993034663466        1.0000000000000000        1.5170794540342314E-004
  0.76767321527634624       -9.6640315915181923E-005   1.2121212121212121E-002   1.0017978526593987        1.0101010101010102E-002   1.0017978526593987        1.0000000000000000        1.5091642007547534E-004
  0.77777425781705456       -9.5757831106790754E-005   1.2121212121212121E-002   1.0017964123552878        1.0101010101010102E-002   1.0017964123552878        1.0000000000000000        1.4951778140392946E-004
  0.78787531452601922       -9.4489909865165330E-005   1.2121212121212121E-002   1.0017949883457917        1.0101010101010102E-002   1.0017949883457917        1.0000000000000000        1.4751812602398218E-004
  0.79797638521376579       -9.2841704256356995E-005   1.2121212121212121E-002   1.0017935863544005        1.0101010101010102E-002   1.0017935863544005        1.0000000000000000        1.4492559449941211E-004
  0.80807746963463312       -9.0819898426493817E-005   1.2121212121212121E-002   1.0017922120134564        1.0101010101010102E-002   1.0017922120134564        1.0000000000000000        1.4175104888280998E-004
  0.81817856748781170       -8.8432675520021942E-005   1.2121212121212121E-002   1.0017908708408021        1.0101010101010102E-002   1.0017908708408021        1.0000000000000000        1.3800749424319747E-004
  0.82827967841857064       -8.5689686011257185E-005   1.2121212121212121E-002   1.0017895682185360        1.0101010101010102E-002   1.0017895682185360        1.0000000000000000        1.3371024576169788E-004
  0.83838080201971044       -8.2602007164065110E-005   1.2121212121212121E-002   1.0017883093711955        1.0101010101010102E-002   1.0017883093711955        1.0000000000000000        1.2887684191031923E-004
  0.84848193783322501       -7.9182098436933113E-005   1.2121212121212121E-002   1.0017870993452695        1.0101010101010102E-002   1.0017870993452695        1.0000000000000000        1.2352687842831500E-004
  0.85858308535215855       -7.5443750869454317E-005   1.2121212121212121E-002   1.0017859429896181        1.0101010101010102E-002   1.0017859429896181        1.0000000000000000        1.1768197218131604E-004
  0.86868424402265310       -7.1402033598348311E-005   1.2121212121212121E-002   1.0017848449359184        1.0101010101010102E-002   1.0017848449359184        1.0000000000000000        1.1136581294568515E-004
  0.87878541324619264       -6.7073226642438608E-005   1.2121212121212121E-002   1.0017838095797429        1.0101010101010102E-002   1.0017838095797429        1.0000000000000000        1.0460395217393170E-004
  0.88888659238202927       -6.2474762280674968E-005   1.2121212121212121E-002   1.0017828410644640        1.0101010101010102E-002   1.0017828410644640        1.0000000000000000        9.7423460702295017E-005
  0.89898778074973829       -5.7625151568947739E-005   1.2121212121212121E-002   1.0017819432644544        1.0101010101010102E-002   1.0017819432644544        1.0000000000000000        8.9853350636381890E-005
  0.90908897763198293       -5.2543908216842473E-005   1.2121212121212121E-002   1.0017811197705417        1.0101010101010102E-002   1.0017811197705417        1.0000000000000000        8.1923772961900454E-005
  0.91919018227734994       -4.7251474136358686E-005   1.2121212121212121E-002   1.0017803738744087        1.0101010101010102E-002   1.0017803738744087        1.0000000000000000        7.3666979877984318E-005
  0.92929139390343141       -4.1769135296522784E-005   1.2121212121212121E-002   1.0017797085563935        1.0101010101010102E-002   1.0017797085563935        1.0000000000000000        6.5115661354475662E-005
  0.93939261169989896       -3.6118933845017796E-005   1.2121212121212121E-002   1.0017791264752833        1.0101010101010102E-002   1.0017791264752833        1.0000000000000000        5.6304214471225578E-005
  0.94949383483177952       -3.0323587392981447E-005   1.2121212121212121E-002   1.0017786299560376        1.0101010101010102E-002   1.0017786299560376        1.0000000000000000        4.7267859897281994E-005
  0.95959506244278425       -2.4406389402591254E-005   1.2121212121212121E-002   1.0017782209815085        1.0101010101010102E-002   1.0017782209815085        1.0000000000000000        3.8042766807855344E-005
  0.96969629365874022       -1.8391120605006133E-005   1.2121212121212121E-002   1.0017779011844867        1.0101010101010102E-002   1.0017779011844867        1.0000000000000000        2.8665787473514115E-005
  0.97979752759108008       -1.2301954356563264E-005   1.2121212121212121E-002   1.0017776718416012        1.0101010101010102E-002   1.0017776718416012        1.0000000000000000        1.9174367782426316E-005
  0.98989876334039351       -6.1633593891152830E-006   1.2121212121212121E-002   1.0017775338686830        1.0101010101010102E-002   1.0017775338686830        1.0000000000000000        9.6063242098765045E-006
   1.0000000000000069       -2.8439922767041249E-013   1.2121212121212121E-002   1.0017774878166390        1.0101010101010102E-002   1.0017774878166390        1.0000000000000000       -2.7577939931688888E-011
   1.0101012366596178        6.1858779995742162E-006   1.2121212121212121E-002   1.0017775338686283        1.0101010101010102E-002   1.0017775338686283        1.0000000000000000       -9.6063128136592013E-006
   1.0202024724089307        1.2346902018760912E-005   1.2121212121212121E-002   1.0017776718415725        1.0101010101010102E-002   1.0017776718415725        1.0000000000000000       -1.9174345510464263E-005
   1.0303037063412717        1.8458317841569452E-005   1.2121212121212121E-002   1.0017779011844985        1.0101010101010102E-002   1.0017779011844985        1.0000000000000000       -2.8665803508687304E-005
   1.0404049375572262        2.4495567562918553E-005   1.2121212121212121E-002   1.0017782209814976        1.0101010101010102E-002   1.0017782209814976        1.0000000000000000       -3.8042744251676197E-005
   1.0505061651682324        3.0434390493298647E-005   1.2121212121212121E-002   1.0017786299559115        1.0101010101010102E-002   1.0017786299559115        1.0000000000000000       -4.7267856669641617E-005
   1.0606073883001144        3.6250919810134106E-005   1.2121212121212121E-002   1.0017791264752398        1.0101010101010102E-002   1.0017791264752398        1.0000000000000000       -5.6304237667781365E-005
   1.0707086060965816        4.1921776186733980E-005   1.2121212121212121E-002   1.0017797085565381        1.0101010101010102E-002   1.0017797085565381        1.0000000000000000       -6.5115677085891832E-005
   1.0808098177226597        4.7424160998751059E-005   1.2121212121212121E-002   1.0017803738743807        1.0101010101010102E-002   1.0017803738743807        1.0000000000000000       -7.3666928148696798E-005
   1.0909110223680312        5.2735950399331766E-005   1.2121212121212121E-002   1.0017811197705695        1.0101010101010102E-002   1.0017811197705695        1.0000000000000000        7.6238410085576049     
   1.1010122192502709        5.7835780948151888E-005   1.2121212121212121E-002   1.0017819432645614        1.0101010101010102E-002   1.0017819432645614        1.0000000000000000        93.407482090782850     
  -1.0101236659606494E-002  -6.1858780918470200E-006   1.2121212121212121E-002   1.0017775338686830        1.0101010101010102E-002   1.0017775338686830        1.0000000000000000        9.6063000487589534E-006
  -2.0202472408919925E-002  -1.2346902043989563E-005   1.2121212121212121E-002   1.0017776718416012        1.0101010101010102E-002   1.0017776718416012        1.0000000000000000        1.9174351602480044E-005
  -3.0303706341259784E-002  -1.8458317621054619E-005   1.2121212121212121E-002   1.0017779011844867        1.0101010101010102E-002   1.0017779011844867        1.0000000000000000        2.8665787469073223E-005
  -4.0404937557215748E-002  -2.4495567481281450E-005   1.2121212121212121E-002   1.0017782209815085        1.0101010101010102E-002   1.0017782209815085        1.0000000000000000        3.8042766799861738E-005
  -5.0506165168220485E-002  -3.0434390529656760E-005   1.2121212121212121E-002   1.0017786299560376        1.0101010101010102E-002   1.0017786299560376        1.0000000000000000        4.7267859900834708E-005
  -6.0607388300101039E-002  -3.6250919607944956E-005   1.2121212121212121E-002   1.0017791264752833        1.0101010101010102E-002   1.0017791264752833        1.0000000000000000        5.6304214462343793E-005
  -7.0708606096568594E-002  -4.1921776382826485E-005   1.2121212121212121E-002   1.0017797085563935        1.0101010101010102E-002   1.0017797085563935        1.0000000000000000        6.5115661362469268E-005
  -8.0809817722650057E-002  -4.7424160864109209E-005   1.2121212121212121E-002   1.0017803738744087        1.0101010101010102E-002   1.0017803738744087        1.0000000000000000        7.3666979866437998E-005
  -9.0911022368017069E-002  -5.2735950122294381E-005   1.2121212121212121E-002   1.0017811197705417        1.0101010101010102E-002   1.0017811197705417        1.0000000000000000       -7.6238410086094319     
 -0.10101221925026171       -5.7835781597807544E-005   1.2121212121212121E-002   1.0017819432644544        1.0101010101010102E-002   1.0017819432644544        1.0000000000000000       -93.407482090759629     
