 # x v h rho m p cs a
   14.850999999997208     
   4.5371868817257358E-006  -2.4850870083299545E-005   1.2121212121212121E-002   1.0018026097507737        1.0101010101010102E-002   1.0018026097507737        1.0000000000000000        1.2434497875801753E-014
   1.0105525998103954E-002  -2.4608854467132902E-005   1.2121212121212121E-002   1.0018019995530838        1.0101010101010102E-002   1.0018019995530838        1.0000000000000000       -1.4210854715202004E-014
   2.0206525862967388E-002  -2.4423711673215459E-005   1.2121212121212121E-002   1.0018012114088959        1.0101010101010102E-002   1.0018012114088959        1.0000000000000000       -9.9475983006414026E-014
   3.0307531239301782E-002  -2.4175379075841251E-005   1.2121212121212121E-002   1.0018009256900757        1.0101010101010102E-002   1.0018009256900757        1.0000000000000000        6.1284310959308641E-014
   4.0408536475722998E-002  -2.3901330503104441E-005   1.2121212121212121E-002   1.0018009889442336        1.0101010101010102E-002   1.0018009889442336        1.0000000000000000        3.5527136788005009E-015
   5.0509539663093003E-002  -2.3528792613478444E-005   1.2121212121212121E-002   1.0018008514211034        1.0101010101010102E-002   1.0018008514211034        1.0000000000000000        4.4408920985006262E-015
   6.0610547592680142E-002  -2.2839200552697519E-005   1.2121212121212121E-002   1.0018004691336038        1.0101010101010102E-002   1.0018004691336038        1.0000000000000000       -8.8817841970012523E-015
   7.0711558676938277E-002  -2.1744005923133356E-005   1.2121212121212121E-002   1.0018000223678760        1.0101010101010102E-002   1.0018000223678760        1.0000000000000000       -5.1514348342607263E-014
   8.0812575163167893E-002  -2.0637982482069658E-005   1.2121212121212121E-002   1.0017993887382044        1.0101010101010102E-002   1.0017993887382044        1.0000000000000000        2.1316282072803006E-014
   9.0913599059781205E-002  -2.0055377364947715E-005   1.2121212121212121E-002   1.0017987313650083        1.0101010101010102E-002   1.0017987313650083        1.0000000000000000        7.1054273576010019E-015
  0.10101462874639953       -1.9470410241319571E-005   1.2121212121212121E-002   1.0017981925709813        1.0101010101010102E-002   1.0017981925709813        1.0000000000000000        7.1054273576010019E-015
  0.11111566343896156       -1.8652970455319366E-005   1.2121212121212121E-002   1.0017978687074425        1.0101010101010102E-002   1.0017978687074425        1.0000000000000000        3.5527136788005009E-015
  0.12121669953731980       -1.7465387540250168E-005   1.2121212121212121E-002   1.0017977614785749        1.0101010101010102E-002   1.0017977614785749        1.0000000000000000        1.9539925233402755E-014
  0.13131773609558547       -1.6253410892646003E-005   1.2121212121212121E-002   1.0017977180415167        1.0101010101010102E-002   1.0017977180415167        1.0000000000000000        8.0824236192711396E-014
  0.14141877286770826       -1.4870550410371796E-005   1.2121212121212121E-002   1.0017976071910666        1.0101010101010102E-002   1.0017976071910666        1.0000000000000000        2.2204460492503131E-014
  0.15151981135314299       -1.3481245883165786E-005   1.2121212121212121E-002   1.0017972820277166        1.0101010101010102E-002   1.0017972820277166        1.0000000000000000       -6.2172489379008766E-015
  0.16162085479376226       -1.2055664679583829E-005   1.2121212121212121E-002   1.0017968802355668        1.0101010101010102E-002   1.0017968802355668        1.0000000000000000       -6.2172489379008766E-015
  0.17172190146558658       -1.0781456055891121E-005   1.2121212121212121E-002   1.0017965639044861        1.0101010101010102E-002   1.0017965639044861        1.0000000000000000       -6.2172489379008766E-015
  0.18182295133793949       -9.6951229801350675E-006   1.2121212121212121E-002   1.0017964489281113        1.0101010101010102E-002   1.0017964489281113        1.0000000000000000       -6.2172489379008766E-015
  0.19192400028812778       -8.6861076584199981E-006   1.2121212121212121E-002   1.0017965345744573        1.0101010101010102E-002   1.0017965345744573        1.0000000000000000       -6.2172489379008766E-015
  0.20202504820027906       -7.6403147370204032E-006   1.2121212121212121E-002   1.0017966763612887        1.0101010101010102E-002   1.0017966763612887        1.0000000000000000       -6.2172489379008766E-015
  0.21212609450053332       -6.4174361670848077E-006   1.2121212121212121E-002   1.0017969497206678        1.0101010101010102E-002   1.0017969497206678        1.0000000000000000       -6.2172489379008766E-015
  0.22222713706193550       -5.1040243606879212E-006   1.2121212121212121E-002   1.0017974012851620        1.0101010101010102E-002   1.0017974012851620        1.0000000000000000       -1.7763568394002505E-015
  0.23232817463707939       -3.9491211809544217E-006   1.2121212121212121E-002   1.0017981420113191        1.0101010101010102E-002   1.0017981420113191        1.0000000000000000       -5.6843418860808015E-014
  0.24242920247814939       -3.0581029217881823E-006   1.2121212121212121E-002   1.0017991223929512        1.0101010101010102E-002   1.0017991223929512        1.0000000000000000       -1.8562928971732617E-013
  0.25253022044566920       -2.3238755303451704E-006   1.2121212121212121E-002   1.0018002142691971        1.0101010101010102E-002   1.0018002142691971        1.0000000000000000        1.8385293287792592E-013
  0.26263122691030771       -1.7393601190887399E-006   1.2121212121212121E-002   1.0018015226681871        1.0101010101010102E-002   1.0018015226681871        1.0000000000000000        5.0626169922907138E-014
  0.27273221909690726       -1.4016526239201834E-006   1.2121212121212121E-002   1.0018030990268170        1.0101010101010102E-002   1.0018030990268170        1.0000000000000000       -6.2172489379008766E-015
  0.28283319441119625       -1.2486412996121935E-006   1.2121212121212121E-002   1.0018049357541308        1.0101010101010102E-002   1.0018049357541308        1.0000000000000000       -6.2172489379008766E-015
  0.29293415010263435       -1.5407982506799177E-006   1.2121212121212121E-002   1.0018069035428043        1.0101010101010102E-002   1.0018069035428043        1.0000000000000000       -6.2172489379008766E-015
  0.30303508625289460       -1.9764099359709996E-006   1.2121212121212121E-002   1.0018088445871793        1.0101010101010102E-002   1.0018088445871793        1.0000000000000000       -6.2172489379008766E-015
  0.31313600383760815       -2.2908259236349777E-006   1.2121212121212121E-002   1.0018108991317065        1.0101010101010102E-002   1.0018108991317065        1.0000000000000000       -6.2172489379008766E-015
  0.32323689965975233       -2.2140884682646341E-006   1.2121212121212121E-002   1.0018132422288875        1.0101010101010102E-002   1.0018132422288875        1.0000000000000000       -6.2172489379008766E-015
  0.33333777113622853       -2.2335814134740550E-006   1.2121212121212121E-002   1.0018159734070369        1.0101010101010102E-002   1.0018159734070369        1.0000000000000000       -6.2172489379008766E-015
  0.34343861255394087       -2.3057923454688985E-006   1.2121212121212121E-002   1.0018188156971524        1.0101010101010102E-002   1.0018188156971524        1.0000000000000000       -6.2172489379008766E-015
  0.35353942713683251       -2.6488745542447544E-006   1.2121212121212121E-002   1.0018213135370517        1.0101010101010102E-002   1.0018213135370517        1.0000000000000000       -6.2172489379008766E-015
  0.36364021887274173       -3.0824324213833803E-006   1.2121212121212121E-002   1.0018232468702872        1.0101010101010102E-002   1.0018232468702872        1.0000000000000000       -6.2172489379008766E-015
  0.37374099531437127       -3.1398263448354352E-006   1.2121212121212121E-002   1.0018246573275396        1.0101010101010102E-002   1.0018246573275396        1.0000000000000000       -6.2172489379008766E-015
  0.38384175966144868       -2.9058001239363825E-006   1.2121212121212121E-002   1.0018258192497127        1.0101010101010102E-002   1.0018258192497127        1.0000000000000000       -6.2172489379008766E-015
  0.39394251310382755       -2.5040536958598737E-006   1.2121212121212121E-002   1.0018267347374907        1.0101010101010102E-002   1.0018267347374907        1.0000000000000000       -6.2172489379008766E-015
  0.40404325938403096       -2.2716104388230746E-006   1.2121212121212121E-002   1.0018274312043425        1.0101010101010102E-002   1.0018274312043425        1.0000000000000000       -6.2172489379008766E-015
  0.41414399939915847       -1.9868370883574416E-006   1.2121212121212121E-002   1.0018281119701624        1.0101010101010102E-002   1.0018281119701624        1.0000000000000000       -6.2172489379008766E-015
  0.42424473246586425       -1.8322208863008193E-006   1.2121212121212121E-002   1.0018289085055785        1.0101010101010102E-002   1.0018289085055785        1.0000000000000000       -6.2172489379008766E-015
  0.43434545633381733       -1.3729614917349942E-006   1.2121212121212121E-002   1.0018295955190624        1.0101010101010102E-002   1.0018295955190624        1.0000000000000000       -6.2172489379008766E-015
  0.44444617573300621       -6.1688222334552747E-007   1.2121212121212121E-002   1.0018301304496240        1.0101010101010102E-002   1.0018301304496240        1.0000000000000000       -6.2172489379008766E-015
  0.45454688964526385       -9.5290449477437932E-008   1.2121212121212121E-002   1.0018308603158126        1.0101010101010102E-002   1.0018308603158126        1.0000000000000000       -6.2172489379008766E-015
  0.46464759466923361       -2.9210781468985741E-008   1.2121212121212121E-002   1.0018318171719502        1.0101010101010102E-002   1.0018318171719502        1.0000000000000000       -6.2172489379008766E-015
  0.47474828917807921        1.2392840892685455E-007   1.2121212121212121E-002   1.0018327002663616        1.0101010101010102E-002   1.0018327002663616        1.0000000000000000        5.3290705182007514E-015
  0.48484897635751528        5.5626714673836710E-007   1.2121212121212121E-002   1.0018332690074034        1.0101010101010102E-002   1.0018332690074034        1.0000000000000000       -7.0166095156309893E-014
  0.49494965982415284        3.6779872340827080E-007   1.2121212121212121E-002   1.0018336045486758        1.0101010101010102E-002   1.0018336045486758        1.0000000000000000       -4.4941828036826337E-013
  0.50505034017661854       -3.6779853144590278E-007   1.2121212121212121E-002   1.0018336045489220        1.0101010101010102E-002   1.0018336045489220        1.0000000000000000       -6.9277916736609768E-014
  0.51515102364324961       -5.5626711589676914E-007   1.2121212121212121E-002   1.0018332690073319        1.0101010101010102E-002   1.0018332690073319        1.0000000000000000        1.5987211554602254E-014
  0.52525171082269428       -1.2392826910649554E-007   1.2121212121212121E-002   1.0018327002663177        1.0101010101010102E-002   1.0018327002663177        1.0000000000000000        1.7763568394002505E-015
  0.53535240533153272        2.9210724853096953E-008   1.2121212121212121E-002   1.0018318171722373        1.0101010101010102E-002   1.0018318171722373        1.0000000000000000        1.7763568394002505E-015
  0.54545311035550281        9.5290486281714070E-008   1.2121212121212121E-002   1.0018308603158039        1.0101010101010102E-002   1.0018308603158039        1.0000000000000000        1.7763568394002505E-015
  0.55555382426776034        6.1688243559188036E-007   1.2121212121212121E-002   1.0018301304493233        1.0101010101010102E-002   1.0018301304493233        1.0000000000000000        1.7763568394002505E-015
  0.56565454366695600        1.3729615207777935E-006   1.2121212121212121E-002   1.0018295955188974        1.0101010101010102E-002   1.0018295955188974        1.0000000000000000        1.7763568394002505E-015
  0.57575526753490591        1.8322210294127934E-006   1.2121212121212121E-002   1.0018289085057368        1.0101010101010102E-002   1.0018289085057368        1.0000000000000000        1.7763568394002505E-015
  0.58585600060161080        1.9868371353023390E-006   1.2121212121212121E-002   1.0018281119701566        1.0101010101010102E-002   1.0018281119701566        1.0000000000000000        1.7763568394002505E-015
  0.59595674061673976        2.2716106887747478E-006   1.2121212121212121E-002   1.0018274312043745        1.0101010101010102E-002   1.0018274312043745        1.0000000000000000        1.7763568394002505E-015
  0.60605748689694106        2.5040538349068507E-006   1.2121212121212121E-002   1.0018267347375471        1.0101010101010102E-002   1.0018267347375471        1.0000000000000000        1.7763568394002505E-015
  0.61615824033932054        2.9057999873805806E-006   1.2121212121212121E-002   1.0018258192496077        1.0101010101010102E-002   1.0018258192496077        1.0000000000000000        1.7763568394002505E-015
  0.62625900468640006        3.1398264223143571E-006   1.2121212121212121E-002   1.0018246573276006        1.0101010101010102E-002   1.0018246573276006        1.0000000000000000        1.7763568394002505E-015
  0.63635978112802583        3.0824325207426757E-006   1.2121212121212121E-002   1.0018232468703032        1.0101010101010102E-002   1.0018232468703032        1.0000000000000000        1.7763568394002505E-015
  0.64646057286393888        2.6488746034572928E-006   1.2121212121212121E-002   1.0018213135371916        1.0101010101010102E-002   1.0018213135371916        1.0000000000000000        1.7763568394002505E-015
  0.65656138744682346        2.3057921461172549E-006   1.2121212121212121E-002   1.0018188156971657        1.0101010101010102E-002   1.0018188156971657        1.0000000000000000        1.7763568394002505E-015
  0.66666222886454229        2.2335821026882746E-006   1.2121212121212121E-002   1.0018159734067882        1.0101010101010102E-002   1.0018159734067882        1.0000000000000000        1.7763568394002505E-015
  0.67676310034101805        2.2140882009068225E-006   1.2121212121212121E-002   1.0018132422289627        1.0101010101010102E-002   1.0018132422289627        1.0000000000000000        1.7763568394002505E-015
  0.68686399616316030        2.2908259454676716E-006   1.2121212121212121E-002   1.0018108991316559        1.0101010101010102E-002   1.0018108991316559        1.0000000000000000        1.7763568394002505E-015
  0.69696491374787684        1.9764102348577728E-006   1.2121212121212121E-002   1.0018088445870164        1.0101010101010102E-002   1.0018088445870164        1.0000000000000000        1.7763568394002505E-015
  0.70706584989813792        1.5407982163933865E-006   1.2121212121212121E-002   1.0018069035428532        1.0101010101010102E-002   1.0018069035428532        1.0000000000000000        1.7763568394002505E-015
  0.71716680558957369        1.2486414933112616E-006   1.2121212121212121E-002   1.0018049357541261        1.0101010101010102E-002   1.0018049357541261        1.0000000000000000        1.7763568394002505E-015
  0.72726778090386524        1.4016528014374564E-006   1.2121212121212121E-002   1.0018030990268207        1.0101010101010102E-002   1.0018030990268207        1.0000000000000000        1.7763568394002505E-015
  0.73736877309046245        1.7393602639684219E-006   1.2121212121212121E-002   1.0018015226683321        1.0101010101010102E-002   1.0018015226683321        1.0000000000000000        1.7763568394002505E-015
  0.74746977955509963        2.3238755488415282E-006   1.2121212121212121E-002   1.0018002142690621        1.0101010101010102E-002   1.0018002142690621        1.0000000000000000        1.7763568394002505E-015
  0.75757079752262380        3.0581028227434432E-006   1.2121212121212121E-002   1.0017991223927321        1.0101010101010102E-002   1.0017991223927321        1.0000000000000000        1.7763568394002505E-015
  0.76767182536369438        3.9491214426301710E-006   1.2121212121212121E-002   1.0017981420113775        1.0101010101010102E-002   1.0017981420113775        1.0000000000000000        1.7763568394002505E-015
  0.77777286293883641        5.1040242431176729E-006   1.2121212121212121E-002   1.0017974012854247        1.0101010101010102E-002   1.0017974012854247        1.0000000000000000        1.7763568394002505E-015
  0.78787390550023462        6.4174359700039730E-006   1.2121212121212121E-002   1.0017969497207664        1.0101010101010102E-002   1.0017969497207664        1.0000000000000000        1.7763568394002505E-015
  0.79797495180049083        7.6403151579062314E-006   1.2121212121212121E-002   1.0017966763611894        1.0101010101010102E-002   1.0017966763611894        1.0000000000000000        1.7763568394002505E-015
  0.80807599971264288        8.6861080285525878E-006   1.2121212121212121E-002   1.0017965345745443        1.0101010101010102E-002   1.0017965345745443        1.0000000000000000        1.7763568394002505E-015
  0.81817704866282781        9.6951225195223540E-006   1.2121212121212121E-002   1.0017964489279718        1.0101010101010102E-002   1.0017964489279718        1.0000000000000000        1.7763568394002505E-015
  0.82827809853518763        1.0781456387263277E-005   1.2121212121212121E-002   1.0017965639045265        1.0101010101010102E-002   1.0017965639045265        1.0000000000000000        1.7763568394002505E-015
  0.83837914520700418        1.2055665032497539E-005   1.2121212121212121E-002   1.0017968802357458        1.0101010101010102E-002   1.0017968802357458        1.0000000000000000        1.7763568394002505E-015
  0.84848018864762675        1.3481245670448870E-005   1.2121212121212121E-002   1.0017972820275494        1.0101010101010102E-002   1.0017972820275494        1.0000000000000000        1.7763568394002505E-015
  0.85858122713306251        1.4870550419512777E-005   1.2121212121212121E-002   1.0017976071910601        1.0101010101010102E-002   1.0017976071910601        1.0000000000000000        1.7763568394002505E-015
  0.86868226390518377        1.6253411048518961E-005   1.2121212121212121E-002   1.0017977180413946        1.0101010101010102E-002   1.0017977180413946        1.0000000000000000        1.7763568394002505E-015
  0.87878330046345399        1.7465387325179826E-005   1.2121212121212121E-002   1.0017977614786375        1.0101010101010102E-002   1.0017977614786375        1.0000000000000000        1.7763568394002505E-015
  0.88888433656180621        1.8652971194390887E-005   1.2121212121212121E-002   1.0017978687075442        1.0101010101010102E-002   1.0017978687075442        1.0000000000000000        1.7763568394002505E-015
  0.89898537125437139        1.9470410114124686E-005   1.2121212121212121E-002   1.0017981925706907        1.0101010101010102E-002   1.0017981925706907        1.0000000000000000        1.7763568394002505E-015
  0.90908640094099358        2.0055377307706319E-005   1.2121212121212121E-002   1.0017987313649992        1.0101010101010102E-002   1.0017987313649992        1.0000000000000000        1.7763568394002505E-015
  0.91918742483760318        2.0637982558903915E-005   1.2121212121212121E-002   1.0017993887384675        1.0101010101010102E-002   1.0017993887384675        1.0000000000000000        1.7763568394002505E-015
  0.92928844132383015        2.1744006215093101E-005   1.2121212121212121E-002   1.0018000223677677        1.0101010101010102E-002   1.0018000223677677        1.0000000000000000        1.7763568394002505E-015
  0.93938945240809346        2.2839200278088177E-005   1.2121212121212121E-002   1.0018004691333375        1.0101010101010102E-002   1.0018004691333375        1.0000000000000000        1.7763568394002505E-015
  0.94949046033768181        2.3528792886973507E-005   1.2121212121212121E-002   1.0018008514212930        1.0101010101010102E-002   1.0018008514212930        1.0000000000000000        1.7763568394002505E-015
  0.95959146352504598        2.3901330585333041E-005   1.2121212121212121E-002   1.0018009889444159        1.0101010101010102E-002   1.0018009889444159        1.0000000000000000        1.7763568394002505E-015
  0.96969246876146897        2.4175379202779432E-005   1.2121212121212121E-002   1.0018009256899847        1.0101010101010102E-002   1.0018009256899847        1.0000000000000000        8.8817841970012523E-016
  0.97979347413780404        2.4423711694609793E-005   1.2121212121212121E-002   1.0018012114088681        1.0101010101010102E-002   1.0018012114088681        1.0000000000000000       -3.2862601528904634E-014
  0.98989447400266717        2.4608854559186003E-005   1.2121212121212121E-002   1.0018019995530492        1.0101010101010102E-002   1.0018019995530492        1.0000000000000000        1.5010215292932116E-013
  0.99999546281389040        2.4850870168598755E-005   1.2121212121212121E-002   1.0018026097507335        1.0101010101010102E-002   1.0018026097507335        1.0000000000000000        1.0436096431476471E-012
   1.0100964729149005       -2.4667676816212517E-005   1.2121212121212121E-002   1.0018019995530838        1.0101010101010102E-002   1.0018016558586531        1.0000000000000000        1.4299672557172016E-013
   1.0201974830159106       -2.4454640759484019E-005   1.2121212121212121E-002   1.0018012114088959        1.0101010101010102E-002   1.0018005064634545        1.0000000000000000       -1.9677833450701065E-002
   1.0302984931169208       -2.4174042202673528E-005   1.2121212121212121E-002   1.0018009256900757        1.0101010101010102E-002   1.0018004115226273        1.0000000000000000       -1.3138325546267744     
   1.0403995032179310       -2.3893479183962505E-005   1.2121212121212121E-002   1.0018009889442336        1.0101010101010102E-002  0.99665637860081713        1.0000000000000000       -4.6453021478719450     
   1.0505005133189411       -2.3549356302740510E-005   1.2121212121212121E-002   1.0018008514211034        1.0101010101010102E-002  0.77867798353909146        1.0000000000000000        107.01218865918355     
  -1.0096472914128376E-002   2.4667676903601347E-005   1.2121212121212121E-002   1.0018019995530492        1.0101010101010102E-002   1.0018016558586544        1.0000000000000000        1.1546319456101628E-014
  -2.0197483015138479E-002   2.4454640786230074E-005   1.2121212121212121E-002   1.0018012114088681        1.0101010101010102E-002   1.0018005064634603        1.0000000000000000        1.9677833450746363E-002
  -3.0298493116148580E-002   2.4174042329249775E-005   1.2121212121212121E-002   1.0018009256899847        1.0101010101010102E-002   1.0018004115226335        1.0000000000000000        1.3138325546268277     
  -4.0399503217158683E-002   2.3893479236878995E-005   1.2121212121212121E-002   1.0018009889444159        1.0101010101010102E-002  0.99665637860082268        1.0000000000000000        4.6453021478716039     
  -5.0500513318168787E-002   2.3549356606219144E-005   1.2121212121212121E-002   1.0018008514212930        1.0101010101010102E-002  0.77867798353909445        1.0000000000000000       -107.01218865918408     
