 # x v h rho m p cs a
   24.351515151517695     
   1.5211484189381421E-014   5.6556833290718510E-013   1.2121212121212121E-002   1.0017023677810546        1.0101010101010102E-002   1.0017023677810546        1.0000000000000000        8.6097351470471040E-011
   1.0101979157255050E-002  -5.6746159322972834E-007   1.2121212121212121E-002   1.0017025652253420        1.0101010101010102E-002   1.0017025652253420        1.0000000000000000       -4.1191415721897329E-005
   2.0203954411056629E-002  -1.1327633112344559E-006   1.2121212121212121E-002   1.0017031567636414        1.0101010101010102E-002   1.0017031567636414        1.0000000000000000       -8.2216781385646698E-005
   3.0305921873717490E-002  -1.6937498732906180E-006   1.2121212121212121E-002   1.0017041400109841        1.0101010101010102E-002   1.0017041400109841        1.0000000000000000       -1.2291046714807408E-004
   4.0407877688974539E-002  -2.2482798718780564E-006   1.2121212121212121E-002   1.0017055110048554        1.0101010101010102E-002   1.0017055110048554        1.0000000000000000       -1.6310878080627589E-004
   5.0509818047510480E-002  -2.7942346671912917E-006   1.2121212121212121E-002   1.0017072642219071        1.0101010101010102E-002   1.0017072642219071        1.0000000000000000       -2.0264965440475180E-004
   6.0611739202314267E-002  -3.3295219261377561E-006   1.2121212121212121E-002   1.0017093925969294        1.0101010101010102E-002   1.0017093925969294        1.0000000000000000       -2.4137335584129005E-004
   7.0713637483826433E-002  -3.8520782384482346E-006   1.2121212121212121E-002   1.0017118875522024        1.0101010101010102E-002   1.0017118875522024        1.0000000000000000       -2.7912392690510046E-004
   8.0815509314711514E-002  -4.3598840471636660E-006   1.2121212121212121E-002   1.0017147390341152        1.0101010101010102E-002   1.0017147390341152        1.0000000000000000       -3.1574934605060889E-004
   9.0917351224272844E-002  -4.8509690127805871E-006   1.2121212121212121E-002   1.0017179355538282        1.0101010101010102E-002   1.0017179355538282        1.0000000000000000       -3.5110213878830621E-004
  0.10101915986241711       -5.3234136415086615E-006   1.2121212121212121E-002   1.0017214642310412        1.0101010101010102E-002   1.0017214642310412        1.0000000000000000       -3.8503940266210179E-004
  0.11112093201321123       -5.7753598154738381E-006   1.2121212121212121E-002   1.0017253108462096        1.0101010101010102E-002   1.0017253108462096        1.0000000000000000       -4.1742460339921905E-004
  0.12122266460781299       -6.2050143021647406E-006   1.2121212121212121E-002   1.0017294599012196        1.0101010101010102E-002   1.0017294599012196        1.0000000000000000       -4.4812752219058893E-004
  0.13132435473680978       -6.6106650687916488E-006   1.2121212121212121E-002   1.0017338946798509        1.0101010101010102E-002   1.0017338946798509        1.0000000000000000       -4.7702426681617283E-004
  0.14142599966196195       -6.9906744691433411E-006   1.2121212121212121E-002   1.0017385973134947        1.0101010101010102E-002   1.0017385973134947        1.0000000000000000       -5.0399832519332222E-004
  0.15152759682724593       -7.3434936838518815E-006   1.2121212121212121E-002   1.0017435488555915        1.0101010101010102E-002   1.0017435488555915        1.0000000000000000       -5.2894138174419680E-004
  0.16162914386911301       -7.6676686203903530E-006   1.2121212121212121E-002   1.0017487293589102        1.0101010101010102E-002   1.0017487293589102        1.0000000000000000       -5.5175306796861889E-004
  0.17173063862599811       -7.9618476212190753E-006   1.2121212121212121E-002   1.0017541179533824        1.0101010101010102E-002   1.0017541179533824        1.0000000000000000       -5.7234133740458049E-004
  0.18183207914705077       -8.2247833285547542E-006   1.2121212121212121E-002   1.0017596929313577        1.0101010101010102E-002   1.0017596929313577        1.0000000000000000       -5.9062359684070032E-004
  0.19193346369994715       -8.4553399172519127E-006   1.2121212121212121E-002   1.0017654318356632        1.0101010101010102E-002   1.0017654318356632        1.0000000000000000       -6.0652621178380883E-004
  0.20203479077787739       -8.6525010529045412E-006   1.2121212121212121E-002   1.0017713115497275        1.0101010101010102E-002   1.0017713115497275        1.0000000000000000       -6.1998543282459906E-004
  0.21213605910557856       -8.8153777330391642E-006   1.2121212121212121E-002   1.0017773083917123        1.0101010101010102E-002   1.0017773083917123        1.0000000000000000       -6.3094723342871362E-004
  0.22223726764445065       -8.9432074263238019E-006   1.2121212121212121E-002   1.0017833982082318        1.0101010101010102E-002   1.0017833982082318        1.0000000000000000       -6.3936747435899832E-004
  0.23233841559674656       -9.0353581407861102E-006   1.2121212121212121E-002   1.0017895564728787        1.0101010101010102E-002   1.0017895564728787        1.0000000000000000       -6.4521263903305481E-004
  0.24243950240872916       -9.0913408756723407E-006   1.2121212121212121E-002   1.0017957583844754        1.0101010101010102E-002   1.0017957583844754        1.0000000000000000       -6.4845915136757526E-004
  0.25254052777292585       -9.1108089850672061E-006   1.2121212121212121E-002   1.0018019789682520        1.0101010101010102E-002   1.0018019789682520        1.0000000000000000       -6.4909457271955517E-004
  0.26264149162927636       -9.0935582620488501E-006   1.2121212121212121E-002   1.0018081931753577        1.0101010101010102E-002   1.0018081931753577        1.0000000000000000       -6.4711609631729061E-004
  0.27274239416542578       -9.0395348744925697E-006   1.2121212121212121E-002   1.0018143759833806        1.0101010101010102E-002   1.0018143759833806        1.0000000000000000       -6.4253226110722039E-004
  0.28284323581588783       -8.9488350371161152E-006   1.2121212121212121E-002   1.0018205024986042        1.0101010101010102E-002   1.0018205024986042        1.0000000000000000       -6.3536155915233650E-004
  0.29294401726030700       -8.8217080576264830E-006   1.2121212121212121E-002   1.0018265480546344        1.0101010101010102E-002   1.0018265480546344        1.0000000000000000       -6.2563313765195971E-004
  0.30304473942068449       -8.6585556072707837E-006   1.2121212121212121E-002   1.0018324883125946        1.0101010101010102E-002   1.0018324883125946        1.0000000000000000       -6.1338633888041727E-004
  0.31314540345765335       -8.4599302436415298E-006   1.2121212121212121E-002   1.0018382993588510        1.0101010101010102E-002   1.0018382993588510        1.0000000000000000       -5.9867070786889798E-004
  0.32324601076577736       -8.2265417569220930E-006   1.2121212121212121E-002   1.0018439578012834        1.0101010101010102E-002   1.0018439578012834        1.0000000000000000       -5.8154564945045450E-004
  0.33334656296792481       -7.9592490315232771E-006   1.2121212121212121E-002   1.0018494408636034        1.0101010101010102E-002   1.0018494408636034        1.0000000000000000       -5.6208036154981045E-004
  0.34344706190870328       -7.6590573048463022E-006   1.2121212121212121E-002   1.0018547264763191        1.0101010101010102E-002   1.0018547264763191        1.0000000000000000       -5.4035319438572316E-004
  0.35354750964704001       -7.3271226169147791E-006   1.2121212121212121E-002   1.0018597933652942        1.0101010101010102E-002   1.0018597933652942        1.0000000000000000       -5.1645180876924712E-004
  0.36364790844787109       -6.9647401743753244E-006   1.2121212121212121E-002   1.0018646211385569        1.0101010101010102E-002   1.0018646211385569        1.0000000000000000       -4.9047263464352397E-004
  0.37374826077300227       -6.5733443755921175E-006   1.2121212121212121E-002   1.0018691903676216        1.0101010101010102E-002   1.0018691903676216        1.0000000000000000       -4.6252028251725363E-004
  0.38384856927119748       -6.1545010669560998E-006   1.2121212121212121E-002   1.0018734826648441        1.0101010101010102E-002   1.0018734826648441        1.0000000000000000       -4.3270726587163466E-004
  0.39394883676751474       -5.7099028806470447E-006   1.2121212121212121E-002   1.0018774807573043        1.0101010101010102E-002   1.0018774807573043        1.0000000000000000       -4.0115359616788027E-004
  0.40404906625193859       -5.2413638132361818E-006   1.2121212121212121E-002   1.0018811685573510        1.0101010101010102E-002   1.0018811685573510        1.0000000000000000       -3.6798647336055978E-004
  0.41414926086731935       -4.7508036576361932E-006   1.2121212121212121E-002   1.0018845312266824        1.0101010101010102E-002   1.0018845312266824        1.0000000000000000       -3.3333926339729203E-004
  0.42424942389674569       -4.2402514002210525E-006   1.2121212121212121E-002   1.0018875552354922        1.0101010101010102E-002   1.0018875552354922        1.0000000000000000       -2.9735144989029294E-004
  0.43434955875031744       -3.7118298259889235E-006   1.2121212121212121E-002   1.0018902284165347        1.0101010101010102E-002   1.0018902284165347        1.0000000000000000       -2.6016767854564193E-004
  0.44444966895145510       -3.1677430434889728E-006   1.2121212121212121E-002   1.0018925400150309        1.0101010101010102E-002   1.0018925400150309        1.0000000000000000       -2.2193778882950710E-004
  0.45454975812268134       -2.6102719907524863E-006   1.2121212121212121E-002   1.0018944807306096        1.0101010101010102E-002   1.0018944807306096        1.0000000000000000       -1.8281520290042153E-004
  0.46464982997111404       -2.0417612631653852E-006   1.2121212121212121E-002   1.0018960427559132        1.0101010101010102E-002   1.0018960427559132        1.0000000000000000       -1.4295774199446498E-004
  0.47474988827347625       -1.4646100748322421E-006   1.2121212121212121E-002   1.0018972198066234        1.0101010101010102E-002   1.0018972198066234        1.0000000000000000       -1.0252510563368844E-004
  0.48484993686100691       -8.8125548229400102E-007   1.2121212121212121E-002   1.0018980071474171        1.0101010101010102E-002   1.0018980071474171        1.0000000000000000       -6.1680538750330527E-005
  0.49494997960395659       -2.9416646118867783E-007   1.2121212121212121E-002   1.0018984016120787        1.0101010101010102E-002   1.0018984016120787        1.0000000000000000       -2.0587848909237039E-005
  0.50505002039608970        2.9416680231666844E-007   1.2121212121212121E-002   1.0018984016120747        1.0101010101010102E-002   1.0018984016120747        1.0000000000000000        2.0587845224184775E-005
  0.51515006313903999        8.8125526580002206E-007   1.2121212121212121E-002   1.0018980071476431        1.0101010101010102E-002   1.0018980071476431        1.0000000000000000        6.1680499097604979E-005
  0.52525011172656477        1.4646095821199222E-006   1.2121212121212121E-002   1.0018972198066562        1.0101010101010102E-002   1.0018972198066562        1.0000000000000000        1.0252518466380423E-004
  0.53535017002893237        2.0417619291655004E-006   1.2121212121212121E-002   1.0018960427558281        1.0101010101010102E-002   1.0018960427558281        1.0000000000000000        1.4295768720895552E-004
  0.54545024187736191        2.6102719020595542E-006   1.2121212121212121E-002   1.0018944807306809        1.0101010101010102E-002   1.0018944807306809        1.0000000000000000        1.8281522822682916E-004
  0.55555033104858909        3.1677435259506488E-006   1.2121212121212121E-002   1.0018925400148506        1.0101010101010102E-002   1.0018925400148506        1.0000000000000000        2.2193781506452126E-004
  0.56565044124972985        3.7118294691730313E-006   1.2121212121212121E-002   1.0018902284163764        1.0101010101010102E-002   1.0018902284163764        1.0000000000000000        2.6016764771874534E-004
  0.57575057610330227        4.2402517753422800E-006   1.2121212121212121E-002   1.0018875552357080        1.0101010101010102E-002   1.0018875552357080        1.0000000000000000        2.9735140179276698E-004
  0.58585073913272290        4.7508035748949911E-006   1.2121212121212121E-002   1.0018845312268563        1.0101010101010102E-002   1.0018845312268563        1.0000000000000000        3.3333931717471899E-004
  0.59595093374810593        5.2413626650757789E-006   1.2121212121212121E-002   1.0018811685574522        1.0101010101010102E-002   1.0018811685574522        1.0000000000000000        3.6798643628443983E-004
  0.60605116323252572        5.7099033528495161E-006   1.2121212121212121E-002   1.0018774807574418        1.0101010101010102E-002   1.0018774807574418        1.0000000000000000        4.0115362694859158E-004
  0.61615143072884393        6.1545013729584834E-006   1.2121212121212121E-002   1.0018734826648126        1.0101010101010102E-002   1.0018734826648126        1.0000000000000000        4.3270726948030358E-004
  0.62625173922703892        6.5733442372208652E-006   1.2121212121212121E-002   1.0018691903674646        1.0101010101010102E-002   1.0018691903674646        1.0000000000000000        4.6252030891658080E-004
  0.63635209155217354        6.9647400022659078E-006   1.2121212121212121E-002   1.0018646211383659        1.0101010101010102E-002   1.0018646211383659        1.0000000000000000        4.9047261341073067E-004
  0.64645249035300534        7.3271224849002075E-006   1.2121212121212121E-002   1.0018597933652842        1.0101010101010102E-002   1.0018597933652842        1.0000000000000000        5.1645179160697552E-004
  0.65655293809134130        7.6590575908420708E-006   1.2121212121212121E-002   1.0018547264763589        1.0101010101010102E-002   1.0018547264763589        1.0000000000000000        5.4035319807255178E-004
  0.66665343703211966        7.9592486301050664E-006   1.2121212121212121E-002   1.0018494408636087        1.0101010101010102E-002   1.0018494408636087        1.0000000000000000        5.6208036961091778E-004
  0.67675398923426688        8.2265412429733495E-006   1.2121212121212121E-002   1.0018439578011544        1.0101010101010102E-002   1.0018439578011544        1.0000000000000000        5.8154566736856594E-004
  0.68685459654239434        8.4599311125029109E-006   1.2121212121212121E-002   1.0018382993589403        1.0101010101010102E-002   1.0018382993589403        1.0000000000000000        5.9867064467944431E-004
  0.69695526057935764        8.6585554778337444E-006   1.2121212121212121E-002   1.0018324883127210        1.0101010101010102E-002   1.0018324883127210        1.0000000000000000        6.1338639314190146E-004
  0.70705598273973780        8.8217077616677062E-006   1.2121212121212121E-002   1.0018265480545820        1.0101010101010102E-002   1.0018265480545820        1.0000000000000000        6.2563312186547648E-004
  0.71715676418415575        8.9488352333109483E-006   1.2121212121212121E-002   1.0018205024985947        1.0101010101010102E-002   1.0018205024985947        1.0000000000000000        6.3536156785648501E-004
  0.72725760583461929        9.0395351063730923E-006   1.2121212121212121E-002   1.0018143759834766        1.0101010101010102E-002   1.0018143759834766        1.0000000000000000        6.4253222723031911E-004
  0.73735850837076522        9.0935584519135181E-006   1.2121212121212121E-002   1.0018081931754939        1.0101010101010102E-002   1.0018081931754939        1.0000000000000000        6.4711612166057364E-004
  0.74745947222711628        9.1108083628651786E-006   1.2121212121212121E-002   1.0018019789682833        1.0101010101010102E-002   1.0018019789682833        1.0000000000000000        6.4909456973705204E-004
  0.75756049759131183        9.0913412884586789E-006   1.2121212121212121E-002   1.0017957583844095        1.0101010101010102E-002   1.0017957583844095        1.0000000000000000        6.4845917773492801E-004
  0.76766158440329690        9.0353582079667802E-006   1.2121212121212121E-002   1.0017895564727521        1.0101010101010102E-002   1.0017895564727521        1.0000000000000000        6.4521262384520384E-004
  0.77776273235559323        8.9432068130497626E-006   1.2121212121212121E-002   1.0017833982082578        1.0101010101010102E-002   1.0017833982082578        1.0000000000000000        6.3936745654746829E-004
  0.78786394089446421        8.8153782981213537E-006   1.2121212121212121E-002   1.0017773083917898        1.0101010101010102E-002   1.0017773083917898        1.0000000000000000        6.3094724007672909E-004
  0.79796520922216463        8.6525013915035698E-006   1.2121212121212121E-002   1.0017713115496736        1.0101010101010102E-002   1.0017713115496736        1.0000000000000000        6.1998545488251011E-004
  0.80806653630009695        8.4553397931311690E-006   1.2121212121212121E-002   1.0017654318356228        1.0101010101010102E-002   1.0017654318356228        1.0000000000000000        6.0652618589429608E-004
  0.81816792085299228        8.2247833160295272E-006   1.2121212121212121E-002   1.0017596929314518        1.0101010101010102E-002   1.0017596929314518        1.0000000000000000        5.9062359618256011E-004
  0.82826936137404361        7.9618474803432948E-006   1.2121212121212121E-002   1.0017541179533431        1.0101010101010102E-002   1.0017541179533431        1.0000000000000000        5.7234136414141545E-004
  0.83837085613093121        7.6676687815184727E-006   1.2121212121212121E-002   1.0017487293589344        1.0101010101010102E-002   1.0017487293589344        1.0000000000000000        5.5175302731136355E-004
  0.84847240317279538        7.3434933947509350E-006   1.2121212121212121E-002   1.0017435488557003        1.0101010101010102E-002   1.0017435488557003        1.0000000000000000        5.2894140540615808E-004
  0.85857400033807940        6.9906746433486272E-006   1.2121212121212121E-002   1.0017385973133042        1.0101010101010102E-002   1.0017385973133042        1.0000000000000000        5.0399836675207865E-004
  0.86867564526323560        6.6106648390254035E-006   1.2121212121212121E-002   1.0017338946795462        1.0101010101010102E-002   1.0017338946795462        1.0000000000000000        4.7702424978890434E-004
  0.87877733539223524        6.2050147974073636E-006   1.2121212121212121E-002   1.0017294599012772        1.0101010101010102E-002   1.0017294599012772        1.0000000000000000        4.4812746053057850E-004
  0.88887906798683258        5.7753592498738683E-006   1.2121212121212121E-002   1.0017253108463970        1.0101010101010102E-002   1.0017253108463970        1.0000000000000000        4.1742463728411394E-004
  0.89898084013762680        5.3234136716065559E-006   1.2121212121212121E-002   1.0017214642310210        1.0101010101010102E-002   1.0017214642310210        1.0000000000000000        3.8503941149059528E-004
  0.90908264877577205        4.8509689757570124E-006   1.2121212121212121E-002   1.0017179355539461        1.0101010101010102E-002   1.0017179355539461        1.0000000000000000        3.5110210356403826E-004
  0.91918449068532981        4.3598838899945919E-006   1.2121212121212121E-002   1.0017147390342458        1.0101010101010102E-002   1.0017147390342458        1.0000000000000000        3.1574937689970994E-004
  0.92928636251621555        3.8520784932629365E-006   1.2121212121212121E-002   1.0017118875521600        1.0101010101010102E-002   1.0017118875521600        1.0000000000000000        2.7912393388440648E-004
  0.93938826079772819        3.3295222218158322E-006   1.2121212121212121E-002   1.0017093925968792        1.0101010101010102E-002   1.0017093925968792        1.0000000000000000        2.4137335029994489E-004
  0.94949018195253276        2.7942346696904188E-006   1.2121212121212121E-002   1.0017072642219984        1.0101010101010102E-002   1.0017072642219984        1.0000000000000000        2.0264962860760960E-004
  0.95959212231106572        2.2482795996726567E-006   1.2121212121212121E-002   1.0017055110048618        1.0101010101010102E-002   1.0017055110048618        1.0000000000000000        1.6310882828296513E-004
  0.96969407812632535        1.6937502435330963E-006   1.2121212121212121E-002   1.0017041400107860        1.0101010101010102E-002   1.0017041400107860        1.0000000000000000        1.2291045963230829E-004
  0.97979604558898870        1.1327632588189073E-006   1.2121212121212121E-002   1.0017031567638524        1.0101010101010102E-002   1.0017031567638524        1.0000000000000000        8.2216703884974152E-005
  0.98989802084278300        5.6746156864790651E-007   1.2121212121212121E-002   1.0017025652256335        1.0101010101010102E-002   1.0017025652256335        1.0000000000000000        4.1191470737445002E-005
   1.0000000000000238       -8.5833258642131813E-013   1.2121212121212121E-002   1.0017023677810579        1.0101010101010102E-002   1.0017023677810579        1.0000000000000000       -7.5759842843581282E-011
   1.0101019791572550       -4.6754287733834839E-007   1.2121212121212121E-002   1.0017025652253420        1.0101010101010102E-002   1.0017025652253420        1.0000000000000000       -4.1191366474180313E-005
   1.0202039544110566       -9.3332856598874070E-007   1.2121212121212121E-002   1.0017031567636414        1.0101010101010102E-002   1.0017031567636414        1.0000000000000000       -8.2216749905938968E-005
   1.0303059218737174       -1.3956035334143840E-006   1.2121212121212121E-002   1.0017041400109841        1.0101010101010102E-002   1.0017041400109841        1.0000000000000000       -1.2291046598189581E-004
   1.0404078776889745       -1.8526234708562663E-006   1.2121212121212121E-002   1.0017055110048554        1.0101010101010102E-002   1.0017055110048554        1.0000000000000000       -1.6310877994474282E-004
   1.0505098180475105       -2.3026627162610660E-006   1.2121212121212121E-002   1.0017072642219071        1.0101010101010102E-002   1.0017072642219071        1.0000000000000000       -2.0264965656213718E-004
   1.0606117392023142       -2.7440162368699722E-006   1.2121212121212121E-002   1.0017093925969294        1.0101010101010102E-002   1.0017093925969294        1.0000000000000000       -2.4137335470175714E-004
   1.0707136374838264       -3.1749990995432712E-006   1.2121212121212121E-002   1.0017118875522024        1.0101010101010102E-002   1.0017118875522024        1.0000000000000000       -2.7912392596451951E-004
   1.0808155093147116       -3.5939604531495240E-006   1.2121212121212121E-002   1.0017147390341152        1.0101010101010102E-002   1.0017147390341152        1.0000000000000000       -3.1574934771505525E-004
   1.0909173512242729       -3.9992875413082416E-006   1.2121212121212121E-002   1.0017179355538282        1.0101010101010102E-002   1.0017179355538282        1.0000000000000000        7.6195194113217894     
   1.1010191598624171       -4.3894075129769957E-006   1.2121212121212121E-002   1.0017214642310412        1.0101010101010102E-002   1.0017214642310412        1.0000000000000000        93.405078764690273     
  -1.0101979157217000E-002   4.6754272062356880E-007   1.2121212121212121E-002   1.0017025652256335        1.0101010101010102E-002   1.0017025652256335        1.0000000000000000        4.1191422473829675E-005
  -2.0203954411011305E-002   9.3332870208986888E-007   1.2121212121212121E-002   1.0017031567638524        1.0101010101010102E-002   1.0017031567638524        1.0000000000000000        8.2216671621004878E-005
  -3.0305921873674646E-002   1.3956038986216980E-006   1.2121212121212121E-002   1.0017041400107860        1.0101010101010102E-002   1.0017041400107860        1.0000000000000000        1.2291045963497282E-004
  -4.0407877688934279E-002   1.8526231079307083E-006   1.2121212121212121E-002   1.0017055110048618        1.0101010101010102E-002   1.0017055110048618        1.0000000000000000        1.6310882829539963E-004
  -5.0509818047467236E-002   2.3026627830578513E-006   1.2121212121212121E-002   1.0017072642219984        1.0101010101010102E-002   1.0017072642219984        1.0000000000000000        2.0264962859961599E-004
  -6.0611739202271808E-002   2.7440165333134967E-006   1.2121212121212121E-002   1.0017093925968792        1.0101010101010102E-002   1.0017093925968792        1.0000000000000000        2.4137335030172125E-004
  -7.0713637483784453E-002   3.1749993298905422E-006   1.2121212121212121E-002   1.0017118875521600        1.0101010101010102E-002   1.0017118875521600        1.0000000000000000        2.7912393387996559E-004
  -8.0815509314670186E-002   3.5939602357964029E-006   1.2121212121212121E-002   1.0017147390342458        1.0101010101010102E-002   1.0017147390342458        1.0000000000000000        3.1574937688816362E-004
  -9.0917351224227949E-002   3.9992875836641326E-006   1.2121212121212121E-002   1.0017179355539461        1.0101010101010102E-002   1.0017179355539461        1.0000000000000000       -7.6195194113527407     
 -0.10101915986237320        4.3894075131233605E-006   1.2121212121212121E-002   1.0017214642310210        1.0101010101010102E-002   1.0017214642310210        1.0000000000000000       -93.405078764688568     
