 # x v h rho m p cs a
   26.652121212125035     
   2.6778214295498990E-014  -1.0886322146771711E-012   1.2121212121212121E-002   1.0018806493877985        1.0101010101010102E-002   1.0018806493877985        1.0000000000000000       -4.8784087880449079E-011
   1.0100217179113649E-002  -3.6801373149814056E-006   1.2121212121212121E-002   1.0018804873228382        1.0101010101010102E-002   1.0018804873228382        1.0000000000000000        3.3800981224629822E-005
   2.0200437561054350E-002  -7.3454941184899597E-006   1.2121212121212121E-002   1.0018800017884355        1.0101010101010102E-002   1.0018800017884355        1.0000000000000000        6.7464152283314149E-005
   3.0300664335640749E-002  -1.0981351826735148E-005   1.2121212121212121E-002   1.0018791947649122        1.0101010101010102E-002   1.0018791947649122        1.0000000000000000        1.0085231147094476E-004
   4.0400900666614094E-002  -1.4573106951224236E-005   1.2121212121212121E-002   1.0018780695440161        1.0101010101010102E-002   1.0018780695440161        1.0000000000000000        1.3382915881177126E-004
   5.0501149678742932E-002  -1.8106329629408684E-005   1.2121212121212121E-002   1.0018766307150404        1.0101010101010102E-002   1.0018766307150404        1.0000000000000000        1.6626051048529433E-004
   6.0601414445106423E-002  -2.1566825814081912E-005   1.2121212121212121E-002   1.0018748841423146        1.0101010101010102E-002   1.0018748841423146        1.0000000000000000        1.9801469506219860E-004
   7.0701697974636921E-002  -2.4940693394508696E-005   1.2121212121212121E-002   1.0018728369445002        1.0101010101010102E-002   1.0018728369445002        1.0000000000000000        2.2896184921883389E-004
   8.0802003199790945E-002  -2.8214374209378248E-005   1.2121212121212121E-002   1.0018704974651009        1.0101010101010102E-002   1.0018704974651009        1.0000000000000000        2.5897642827921175E-004
   9.0902332964671054E-002  -3.1374704631526312E-005   1.2121212121212121E-002   1.0018678752329562        1.0101010101010102E-002   1.0018678752329562        1.0000000000000000        2.8793681635086443E-004
  0.10100269001349527       -3.4408977300903724E-005   1.2121212121212121E-002   1.0018649809232607        1.0101010101010102E-002   1.0018649809232607        1.0000000000000000        3.1572562604775811E-004
  0.11110307697947926       -3.7304992259238717E-005   1.2121212121212121E-002   1.0018618263152328        1.0101010101010102E-002   1.0018618263152328        1.0000000000000000        3.4222996540567152E-004
  0.12120349637413660       -4.0051095470774854E-005   1.2121212121212121E-002   1.0018584242435318        1.0101010101010102E-002   1.0018584242435318        1.0000000000000000        3.6734259364212818E-004
  0.13130395057711197       -4.2636229294926785E-005   1.2121212121212121E-002   1.0018547885400664        1.0101010101010102E-002   1.0018547885400664        1.0000000000000000        3.9096279806027923E-004
  0.14140444182664527       -4.5049985459358825E-005   1.2121212121212121E-002   1.0018509339754085        1.0101010101010102E-002   1.0018509339754085        1.0000000000000000        4.1299551184259542E-004
  0.15150497221056783       -4.7282641264326829E-005   1.2121212121212121E-002   1.0018468762034991        1.0101010101010102E-002   1.0018468762034991        1.0000000000000000        4.3335149532008899E-004
  0.16160554365783017       -4.9325194148654862E-005   1.2121212121212121E-002   1.0018426316950231        1.0101010101010102E-002   1.0018426316950231        1.0000000000000000        4.5194958901451088E-004
  0.17170615793081798       -5.1169400386303841E-005   1.2121212121212121E-002   1.0018382176626470        1.0101010101010102E-002   1.0018382176626470        1.0000000000000000        4.6871615180688053E-004
  0.18180681661838469       -5.2807816421647997E-005   1.2121212121212121E-002   1.0018336519940700        1.0101010101010102E-002   1.0018336519940700        1.0000000000000000        4.8358400324222117E-004
  0.19190752112946544       -5.4233823645986945E-005   1.2121212121212121E-002   1.0018289531810993        1.0101010101010102E-002   1.0018289531810993        1.0000000000000000        4.9649416900088283E-004
  0.20200827268750529       -5.5441651079708715E-005   1.2121212121212121E-002   1.0018241402414938        1.0101010101010102E-002   1.0018241402414938        1.0000000000000000        5.0739582480030521E-004
  0.21210907232561962       -5.6426401123561814E-005   1.2121212121212121E-002   1.0018192326363626        1.0101010101010102E-002   1.0018192326363626        1.0000000000000000        5.1624727758703415E-004
  0.22220992088266958       -5.7184076722239896E-005   1.2121212121212121E-002   1.0018142501925880        1.0101010101010102E-002   1.0018142501925880        1.0000000000000000        5.2301379382857505E-004
  0.23231081899995198       -5.7711593717105539E-005   1.2121212121212121E-002   1.0018092130283989        1.0101010101010102E-002   1.0018092130283989        1.0000000000000000        5.2766919058377937E-004
  0.24241176711871418       -5.8006790834605728E-005   1.2121212121212121E-002   1.0018041414660843        1.0101010101010102E-002   1.0018041414660843        1.0000000000000000        5.3019694679523610E-004
  0.25251276547859364       -5.8068438014410272E-005   1.2121212121212121E-002   1.0017990559456875        1.0101010101010102E-002   1.0017990559456875        1.0000000000000000        5.3058892604695984E-004
  0.26261381411685181       -5.7896249095078124E-005   1.2121212121212121E-002   1.0017939769477739        1.0101010101010102E-002   1.0017939769477739        1.0000000000000000        5.2884471343261907E-004
  0.27271491286831412       -5.7490882902455085E-005   1.2121212121212121E-002   1.0017889249118612        1.0101010101010102E-002   1.0017889249118612        1.0000000000000000        5.2497307368160051E-004
  0.28281606136622228       -5.6853933167672481E-005   1.2121212121212121E-002   1.0017839201529593        1.0101010101010102E-002   1.0017839201529593        1.0000000000000000        5.1899110018371886E-004
  0.29291725904382188       -5.5987926479292744E-005   1.2121212121212121E-002   1.0017789827763253        1.0101010101010102E-002   1.0017789827763253        1.0000000000000000        5.1092536906605091E-004
  0.30301850513691592       -5.4896317449074702E-005   1.2121212121212121E-002   1.0017741325994387        1.0101010101010102E-002   1.0017741325994387        1.0000000000000000        5.0080919566219961E-004
  0.31311979868699064       -5.3583472115559197E-005   1.2121212121212121E-002   1.0017693890783617        1.0101010101010102E-002   1.0017693890783617        1.0000000000000000        4.8868452729955436E-004
  0.32322113854520118       -5.2054651094933190E-005   1.2121212121212121E-002   1.0017647712258750        1.0101010101010102E-002   1.0017647712258750        1.0000000000000000        4.7460173741775691E-004
  0.33332252337714130       -5.0315980167843139E-005   1.2121212121212121E-002   1.0017602975344382        1.0101010101010102E-002   1.0017602975344382        1.0000000000000000        4.5861896133292390E-004
  0.34342395166835238       -4.8374440722000054E-005   1.2121212121212121E-002   1.0017559859049481        1.0101010101010102E-002   1.0017559859049481        1.0000000000000000        4.4080137684865406E-004
  0.35352542173050111       -4.6237839232540393E-005   1.2121212121212121E-002   1.0017518535799352        1.0101010101010102E-002   1.0017518535799352        1.0000000000000000        4.2122103370090258E-004
  0.36362693170819849       -4.3914765760667224E-005   1.2121212121212121E-002   1.0017479170746100        1.0101010101010102E-002   1.0017479170746100        1.0000000000000000        3.9995753206856222E-004
  0.37372847958654659       -4.1414563618227990E-005   1.2121212121212121E-002   1.0017441921085810        1.0101010101010102E-002   1.0017441921085810        1.0000000000000000        3.7709722571221960E-004
  0.38383006319932289       -3.8747298874520680E-005   1.2121212121212121E-002   1.0017406935462079        1.0101010101010102E-002   1.0017406935462079        1.0000000000000000        3.5273214732267633E-004
  0.39393168023770231       -3.5923716476043406E-005   1.2121212121212121E-002   1.0017374353425359        1.0101010101010102E-002   1.0017374353425359        1.0000000000000000        3.2695992315634470E-004
  0.40403332825949756       -3.2955194522280200E-005   1.2121212121212121E-002   1.0017344304869982        1.0101010101010102E-002   1.0017344304869982        1.0000000000000000        2.9988432277772148E-004
  0.41413500469900877       -2.9853692754903972E-005   1.2121212121212121E-002   1.0017316909515936        1.0101010101010102E-002   1.0017316909515936        1.0000000000000000        2.7161388494612027E-004
  0.42423670687728993       -2.6631715846781272E-005   1.2121212121212121E-002   1.0017292276445262        1.0101010101010102E-002   1.0017292276445262        1.0000000000000000        2.4226201185229002E-004
  0.43433843201292227       -2.3302263242366824E-005   1.2121212121212121E-002   1.0017270503718017        1.0101010101010102E-002   1.0017270503718017        1.0000000000000000        2.1194525587731050E-004
  0.44444017723302631       -1.9878763071964237E-005   1.2121212121212121E-002   1.0017251677986532        1.0101010101010102E-002   1.0017251677986532        1.0000000000000000        1.8078507994534476E-004
  0.45454193958480354       -1.6375025627141764E-005   1.2121212121212121E-002   1.0017235874131181        1.0101010101010102E-002   1.0017235874131181        1.0000000000000000        1.4890567353198492E-004
  0.46464371604728211       -1.2805188949115697E-005   1.2121212121212121E-002   1.0017223154986186        1.0101010101010102E-002   1.0017223154986186        1.0000000000000000        1.1643425944107832E-004
  0.47474550354339373       -9.1836655765434084E-006   1.2121212121212121E-002   1.0017213571116077        1.0101010101010102E-002   1.0017213571116077        1.0000000000000000        8.3499612341775276E-005
  0.48484729895216266       -5.5250725341875944E-006   1.2121212121212121E-002   1.0017207160635770        1.0101010101010102E-002   1.0017207160635770        1.0000000000000000        5.0232755833157228E-005
  0.49494909912112911       -1.8441733619926437E-006   1.2121212121212121E-002   1.0017203949025408        1.0101010101010102E-002   1.0017203949025408        1.0000000000000000        1.6766351986774453E-005
  0.50505090087892091        1.8441730831570212E-006   1.2121212121212121E-002   1.0017203949027325        1.0101010101010102E-002   1.0017203949027325        1.0000000000000000       -1.6766390785072360E-005
  0.51515270104788236        5.5250721635467655E-006   1.2121212121212121E-002   1.0017207160635229        1.0101010101010102E-002   1.0017207160635229        1.0000000000000000       -5.0232667739180670E-005
  0.52525449645665734        9.1836660719354963E-006   1.2121212121212121E-002   1.0017213571112895        1.0101010101010102E-002   1.0017213571112895        1.0000000000000000       -8.3499640362028060E-005
  0.53535628395277024        1.2805189297555958E-005   1.2121212121212121E-002   1.0017223154986314        1.0101010101010102E-002   1.0017223154986314        1.0000000000000000       -1.1643430474350680E-004
  0.54545806041524736        1.6375025382327606E-005   1.2121212121212121E-002   1.0017235874135086        1.0101010101010102E-002   1.0017235874135086        1.0000000000000000       -1.4890571302839106E-004
  0.55555982276701721        1.9878763421293797E-005   1.2121212121212121E-002   1.0017251677987682        1.0101010101010102E-002   1.0017251677987682        1.0000000000000000       -1.8078497469975474E-004
  0.56566156798712586        2.3302262375933695E-005   1.2121212121212121E-002   1.0017270503713986        1.0101010101010102E-002   1.0017270503713986        1.0000000000000000       -2.1194525268608544E-004
  0.57576329312276353        2.6631716381421452E-005   1.2121212121212121E-002   1.0017292276446790        1.0101010101010102E-002   1.0017292276446790        1.0000000000000000       -2.4226213518740991E-004
  0.58586499530103586        2.9853692863619597E-005   1.2121212121212121E-002   1.0017316909520322        1.0101010101010102E-002   1.0017316909520322        1.0000000000000000       -2.7161382170781678E-004
  0.59596667174054530        3.2955194029519013E-005   1.2121212121212121E-002   1.0017344304866718        1.0101010101010102E-002   1.0017344304866718        1.0000000000000000       -2.9988422472904119E-004
  0.60606831976235032        3.5923717115290979E-005   1.2121212121212121E-002   1.0017374353422539        1.0101010101010102E-002   1.0017374353422539        1.0000000000000000       -3.2696002322119000E-004
  0.61616993680072618        3.8747299041245109E-005   1.2121212121212121E-002   1.0017406935463820        1.0101010101010102E-002   1.0017406935463820        1.0000000000000000       -3.5273215155040560E-004
  0.62627152041350198        4.1414563408675555E-005   1.2121212121212121E-002   1.0017441921088626        1.0101010101010102E-002   1.0017441921088626        1.0000000000000000       -3.7709724713952397E-004
  0.63637306829184437        4.3914765683763389E-005   1.2121212121212121E-002   1.0017479170745980        1.0101010101010102E-002   1.0017479170745980        1.0000000000000000       -3.9995744120524535E-004
  0.64647457826954768        4.6237839225228107E-005   1.2121212121212121E-002   1.0017518535796486        1.0101010101010102E-002   1.0017518535796486        1.0000000000000000       -4.2122106984532337E-004
  0.65657604833169736        4.8374440501622363E-005   1.2121212121212121E-002   1.0017559859050309        1.0101010101010102E-002   1.0017559859050309        1.0000000000000000       -4.4080141433422426E-004
  0.66667747662290489        5.0315980315124611E-005   1.2121212121212121E-002   1.0017602975344124        1.0101010101010102E-002   1.0017602975344124        1.0000000000000000       -4.5861890814968831E-004
  0.67677886145484933        5.2054650826325402E-005   1.2121212121212121E-002   1.0017647712258464        1.0101010101010102E-002   1.0017647712258464        1.0000000000000000       -4.7460178538916153E-004
  0.68688020131305616        5.3583472423082958E-005   1.2121212121212121E-002   1.0017693890783690        1.0101010101010102E-002   1.0017693890783690        1.0000000000000000       -4.8868448949246357E-004
  0.69698149486313443        5.4896317551884715E-005   1.2121212121212121E-002   1.0017741325994549        1.0101010101010102E-002   1.0017741325994549        1.0000000000000000       -5.0080923272055600E-004
  0.70708274095622425        5.5987926850524808E-005   1.2121212121212121E-002   1.0017789827761805        1.0101010101010102E-002   1.0017789827761805        1.0000000000000000       -5.1092529888574489E-004
  0.71718393863383145        5.6853933350681145E-005   1.2121212121212121E-002   1.0017839201529413        1.0101010101010102E-002   1.0017839201529413        1.0000000000000000       -5.1899119754583722E-004
  0.72728508713173246        5.7490882567817555E-005   1.2121212121212121E-002   1.0017889249120160        1.0101010101010102E-002   1.0017889249120160        1.0000000000000000       -5.2497301220011394E-004
  0.73738618588319826        5.7896248951335237E-005   1.2121212121212121E-002   1.0017939769477846        1.0101010101010102E-002   1.0017939769477846        1.0000000000000000       -5.2884474987546781E-004
  0.74748723452145316        5.8068437816861094E-005   1.2121212121212121E-002   1.0017990559457315        1.0101010101010102E-002   1.0017990559457315        1.0000000000000000       -5.3058888702928186E-004
  0.75758823288133426        5.8006790321589300E-005   1.2121212121212121E-002   1.0018041414658008        1.0101010101010102E-002   1.0018041414658008        1.0000000000000000       -5.3019692135869434E-004
  0.76768918100010153        5.7711594120605466E-005   1.2121212121212121E-002   1.0018092130283851        1.0101010101010102E-002   1.0018092130283851        1.0000000000000000       -5.2766927443315126E-004
  0.77779007911737919        5.7184076691487965E-005   1.2121212121212121E-002   1.0018142501928613        1.0101010101010102E-002   1.0018142501928613        1.0000000000000000       -5.2301376804830824E-004
  0.78789092767442703        5.6426401313387034E-005   1.2121212121212121E-002   1.0018192326361592        1.0101010101010102E-002   1.0018192326361592        1.0000000000000000       -5.1624720507881250E-004
  0.79799172731254864        5.5441650720758161E-005   1.2121212121212121E-002   1.0018241402414141        1.0101010101010102E-002   1.0018241402414141        1.0000000000000000       -5.0739592137372114E-004
  0.80809247887058322        5.4233823452456966E-005   1.2121212121212121E-002   1.0018289531813787        1.0101010101010102E-002   1.0018289531813787        1.0000000000000000       -4.9649414996988384E-004
  0.81819318338166247        5.2807816768235298E-005   1.2121212121212121E-002   1.0018336519940265        1.0101010101010102E-002   1.0018336519940265        1.0000000000000000       -4.8358395516245878E-004
  0.82829384206923173        5.1169400535446692E-005   1.2121212121212121E-002   1.0018382176623615        1.0101010101010102E-002   1.0018382176623615        1.0000000000000000       -4.6871614333721112E-004
  0.83839445634222332        4.9325193832769930E-005   1.2121212121212121E-002   1.0018426316949038        1.0101010101010102E-002   1.0018426316949038        1.0000000000000000       -4.5194963731542970E-004
  0.84849502778948438        4.7282641660364408E-005   1.2121212121212121E-002   1.0018468762036128        1.0101010101010102E-002   1.0018468762036128        1.0000000000000000       -4.3335149391143801E-004
  0.85859555817340494        4.5049985246672619E-005   1.2121212121212121E-002   1.0018509339752195        1.0101010101010102E-002   1.0018509339752195        1.0000000000000000       -4.1299545071993293E-004
  0.86869604942294476        4.2636229516789373E-005   1.2121212121212121E-002   1.0018547885399958        1.0101010101010102E-002   1.0018547885399958        1.0000000000000000       -3.9096288311224470E-004
  0.87879650362591544        4.0051095382340040E-005   1.2121212121212121E-002   1.0018584242438189        1.0101010101010102E-002   1.0018584242438189        1.0000000000000000       -3.6734258660242602E-004
  0.88889692302057088        3.7304992504303258E-005   1.2121212121212121E-002   1.0018618263153665        1.0101010101010102E-002   1.0018618263153665        1.0000000000000000       -3.4222994010946195E-004
  0.89899730998655392        3.4408977283139037E-005   1.2121212121212121E-002   1.0018649809231019        1.0101010101010102E-002   1.0018649809231019        1.0000000000000000       -3.1572558482562130E-004
  0.90909766703538286        3.1374704456822223E-005   1.2121212121212121E-002   1.0018678752328749        1.0101010101010102E-002   1.0018678752328749        1.0000000000000000       -2.8793687622297170E-004
  0.91919799680026026        2.8214374333576592E-005   1.2121212121212121E-002   1.0018704974653267        1.0101010101010102E-002   1.0018704974653267        1.0000000000000000       -2.5897643623196132E-004
  0.92929830202541175        2.4940693501658649E-005   1.2121212121212121E-002   1.0018728369445904        1.0101010101010102E-002   1.0018728369445904        1.0000000000000000       -2.2896180991249793E-004
  0.93939858555494260        2.1566826027416660E-005   1.2121212121212121E-002   1.0018748841420548        1.0101010101010102E-002   1.0018748841420548        1.0000000000000000       -1.9801465821611686E-004
  0.94949885032131198        1.8106329556433181E-005   1.2121212121212121E-002   1.0018766307150537        1.0101010101010102E-002   1.0018766307150537        1.0000000000000000       -1.6626060942925847E-004
  0.95959909933343490        1.4573106849503826E-005   1.2121212121212121E-002   1.0018780695444045        1.0101010101010102E-002   1.0018780695444045        1.0000000000000000       -1.3382913604065294E-004
  0.96969933566440480        1.0981351948623477E-005   1.2121212121212121E-002   1.0018791947647814        1.0101010101010102E-002   1.0018791947647814        1.0000000000000000       -1.0085222783118297E-004
  0.97979956243899835        7.3454939965617726E-006   1.2121212121212121E-002   1.0018800017883629        1.0101010101010102E-002   1.0018800017883629        1.0000000000000000       -6.7464244765780279E-005
  0.98989978282093383        3.6801373237724810E-006   1.2121212121212121E-002   1.0018804873231053        1.0101010101010102E-002   1.0018804873231053        1.0000000000000000       -3.3800963016084040E-005
   1.0000000000000195        6.2075147419525303E-013   1.2121212121212121E-002   1.0018806493878019        1.0101010101010102E-002   1.0018806493878019        1.0000000000000000        8.7118756653126184E-011
   1.0101002171791136       -3.7616155611403006E-006   1.2121212121212121E-002   1.0018804873228382        1.0101010101010102E-002   1.0018804873228382        1.0000000000000000        3.3800940872907859E-005
   1.0202004375610543       -7.5081184195506207E-006   1.2121212121212121E-002   1.0018800017884355        1.0101010101010102E-002   1.0018800017884355        1.0000000000000000        6.7464126074945341E-005
   1.0303006643356407       -1.1224459112170337E-005   1.2121212121212121E-002   1.0018791947649122        1.0101010101010102E-002   1.0018791947649122        1.0000000000000000        1.0085231166456765E-004
   1.0404009006666142       -1.4895705578838254E-005   1.2121212121212121E-002   1.0018780695440161        1.0101010101010102E-002   1.0018780695440161        1.0000000000000000        1.3382915619164493E-004
   1.0505011496787429       -1.8507104579315416E-005   1.2121212121212121E-002   1.0018766307150404        1.0101010101010102E-002   1.0018766307150404        1.0000000000000000        1.6626051160884003E-004
   1.0606014144451064       -2.2044144604201339E-005   1.2121212121212121E-002   1.0018748841423146        1.0101010101010102E-002   1.0018748841423146        1.0000000000000000        1.9801469579139308E-004
   1.0707016979746369       -2.5492610397823475E-005   1.2121212121212121E-002   1.0018728369445002        1.0101010101010102E-002   1.0018728369445002        1.0000000000000000        2.2896184900389471E-004
   1.0808020031997909       -2.8838641055694785E-005   1.2121212121212121E-002   1.0018704974651009        1.0101010101010102E-002   1.0018704974651009        1.0000000000000000        2.5897642789196595E-004
   1.0909023329646710       -3.2068780000602144E-005   1.2121212121212121E-002   1.0018678752329562        1.0101010101010102E-002   1.0018678752329562        1.0000000000000000        7.6297753153227035     
   1.1010026900134953       -3.5170036889278935E-005   1.2121212121212121E-002   1.0018649809232607        1.0101010101010102E-002   1.0018649809232607        1.0000000000000000        93.410780520362522     
  -1.0100217179066173E-002   3.7616155149601291E-006   1.2121212121212121E-002   1.0018804873231053        1.0101010101010102E-002   1.0018804873231053        1.0000000000000000       -3.3800921912074955E-005
  -2.0200437561001650E-002   7.5081185181189173E-006   1.2121212121212121E-002   1.0018800017883629        1.0101010101010102E-002   1.0018800017883629        1.0000000000000000       -6.7464217457846587E-005
  -3.0300664335595195E-002   1.1224459029861603E-005   1.2121212121212121E-002   1.0018791947647814        1.0101010101010102E-002   1.0018791947647814        1.0000000000000000       -1.0085222783473569E-004
  -4.0400900666565098E-002   1.4895705429934577E-005   1.2121212121212121E-002   1.0018780695444045        1.0101010101010102E-002   1.0018780695444045        1.0000000000000000       -1.3382913604065294E-004
  -5.0501149678688018E-002   1.8507104745242683E-005   1.2121212121212121E-002   1.0018766307150537        1.0101010101010102E-002   1.0018766307150537        1.0000000000000000       -1.6626060943014664E-004
  -6.0601414445057400E-002   2.2044144722201705E-005   1.2121212121212121E-002   1.0018748841420548        1.0101010101010102E-002   1.0018748841420548        1.0000000000000000       -1.9801465820634689E-004
  -7.0701697974588251E-002   2.5492610411222696E-005   1.2121212121212121E-002   1.0018728369445904        1.0101010101010102E-002   1.0018728369445904        1.0000000000000000       -2.2896180990628068E-004
  -8.0802003199739736E-002   2.8838641193408512E-005   1.2121212121212121E-002   1.0018704974653267        1.0101010101010102E-002   1.0018704974653267        1.0000000000000000       -2.5897643622929678E-004
  -9.0902332964617139E-002   3.2068779979181501E-005   1.2121212121212121E-002   1.0018678752328749        1.0101010101010102E-002   1.0018678752328749        1.0000000000000000       -7.6297753153674108     
 -0.10100269001344608        3.5170036776606192E-005   1.2121212121212121E-002   1.0018649809231019        1.0101010101010102E-002   1.0018649809231019        1.0000000000000000       -93.410780520338591     
