 # x v h rho m p cs a
   5.2024242424240530     
   4.4265207355071167E-015  -1.7248424910576519E-013   1.2121212121212121E-002   1.0017412747088468        1.0101010101010102E-002   1.0017412747088468        1.0000000000000000       -4.3465675503284729E-011
   1.0101594581442776E-002  -5.0719903792985518E-006   1.2121212121212121E-002   1.0017413938659803        1.0101010101010102E-002   1.0017413938659803        1.0000000000000000       -2.4857316376802885E-005
   2.0203186807356114E-002  -1.0123550357555320E-005   1.2121212121212121E-002   1.0017417508549533        1.0101010101010102E-002   1.0017417508549533        1.0000000000000000       -4.9614069183689935E-005
   3.0304774331751560E-002  -1.5134332061882400E-005   1.2121212121212121E-002   1.0017423442339797        1.0101010101010102E-002   1.0017423442339797        1.0000000000000000       -7.4170485783398021E-005
   4.0406354827619395E-002  -2.0084150031169799E-005   1.2121212121212121E-002   1.0017431716071274        1.0101010101010102E-002   1.0017431716071274        1.0000000000000000       -9.8427291561620223E-005
   5.0507925996344558E-002  -2.4953066291974615E-005   1.2121212121212121E-002   1.0017442296327712        1.0101010101010102E-002   1.0017442296327712        1.0000000000000000       -1.2228642480849317E-004
   6.0609485576999425E-002  -2.9721470699787048E-005   1.2121212121212121E-002   1.0017455140376843        1.0101010101010102E-002   1.0017455140376843        1.0000000000000000       -1.4565153890355731E-004
   7.0711031355472187E-002  -3.4370155978206409E-005   1.2121212121212121E-002   1.0017470196347338        1.0101010101010102E-002   1.0017470196347338        1.0000000000000000       -1.6842829784113889E-004
   8.0812561173411027E-002  -3.8880397876306778E-005   1.2121212121212121E-002   1.0017487403447416        1.0101010101010102E-002   1.0017487403447416        1.0000000000000000       -1.9052492344773242E-004
   9.0914072936916307E-002  -4.3234030678321381E-005   1.2121212121212121E-002   1.0017506692206315        1.0101010101010102E-002   1.0017506692206315        1.0000000000000000       -2.1185209774454705E-004
  0.10101556462500695       -4.7413520574918650E-005   1.2121212121212121E-002   1.0017527984741961        1.0101010101010102E-002   1.0017527984741961        1.0000000000000000       -2.3232364765402025E-004
  0.11111703429779103       -5.1402037014491502E-005   1.2121212121212121E-002   1.0017551195097119        1.0101010101010102E-002   1.0017551195097119        1.0000000000000000       -2.5185726740328818E-004
  0.12121848010425698       -5.5183515911805237E-005   1.2121212121212121E-002   1.0017576229591829        1.0101010101010102E-002   1.0017576229591829        1.0000000000000000       -2.7037416856678931E-004
  0.13131990028974730       -5.8742729285063994E-005   1.2121212121212121E-002   1.0017602987192462        1.0101010101010102E-002   1.0017602987192462        1.0000000000000000       -2.8779973664416758E-004
  0.14142129320302319       -6.2065347301711569E-005   1.2121212121212121E-002   1.0017631359918986        1.0101010101010102E-002   1.0017631359918986        1.0000000000000000       -3.0406366626234416E-004
  0.15152265730293163       -6.5137992018594681E-005   1.2121212121212121E-002   1.0017661233288595        1.0101010101010102E-002   1.0017661233288595        1.0000000000000000       -3.1910063939388777E-004
  0.16162399116459286       -6.7948292408857673E-005   1.2121212121212121E-002   1.0017692486794600        1.0101010101010102E-002   1.0017692486794600        1.0000000000000000       -3.3285034790342394E-004
  0.17172529348511259       -7.0484934031035212E-005   1.2121212121212121E-002   1.0017724994381239        1.0101010101010102E-002   1.0017724994381239        1.0000000000000000       -3.4525737087687247E-004
  0.18182656308883499       -7.2737708375515274E-005   1.2121212121212121E-002   1.0017758624941231        1.0101010101010102E-002   1.0017758624941231        1.0000000000000000       -3.5627178261155024E-004
  0.19192779893207676       -7.4697549487281339E-005   1.2121212121212121E-002   1.0017793242868458        1.0101010101010102E-002   1.0017793242868458        1.0000000000000000       -3.6584971859987547E-004
  0.20202900010727790       -7.6356569704093212E-005   1.2121212121212121E-002   1.0017828708614533        1.0101010101010102E-002   1.0017828708614533        1.0000000000000000       -3.7395286895325341E-004
  0.21213016584663086       -7.7708093890353143E-005   1.2121212121212121E-002   1.0017864879226859        1.0101010101010102E-002   1.0017864879226859        1.0000000000000000       -3.8054859155156606E-004
  0.22223129552517926       -7.8746687900152729E-005   1.2121212121212121E-002   1.0017901608931645        1.0101010101010102E-002   1.0017901608931645        1.0000000000000000       -3.8561072734388802E-004
  0.23233238866328990       -7.9468177899143068E-005   1.2121212121212121E-002   1.0017938749739765        1.0101010101010102E-002   1.0017938749739765        1.0000000000000000       -3.8911930301743780E-004
  0.24243344492854751       -7.9869663742309762E-005   1.2121212121212121E-002   1.0017976152039483        1.0101010101010102E-002   1.0017976152039483        1.0000000000000000       -3.9106053424298182E-004
  0.25253446413705793       -7.9949536285951848E-005   1.2121212121212121E-002   1.0018013665189549        1.0101010101010102E-002   1.0018013665189549        1.0000000000000000       -3.9142679092929455E-004
  0.26263544625417212       -7.9707482647794562E-005   1.2121212121212121E-002   1.0018051138123729        1.0101010101010102E-002   1.0018051138123729        1.0000000000000000       -3.9021690791596342E-004
  0.27273639139459599       -7.9144485610726611E-005   1.2121212121212121E-002   1.0018088419972744        1.0101010101010102E-002   1.0018088419972744        1.0000000000000000       -3.8743623860959531E-004
  0.28283729982188011       -7.8262818188044704E-005   1.2121212121212121E-002   1.0018125360673436        1.0101010101010102E-002   1.0018125360673436        1.0000000000000000       -3.8309633633115681E-004
  0.29293817194732563       -7.7066037622855796E-005   1.2121212121212121E-002   1.0018161811562054        1.0101010101010102E-002   1.0018161811562054        1.0000000000000000       -3.7721490387099266E-004
  0.30303900832830394       -7.5558969875224834E-005   1.2121212121212121E-002   1.0018197625963963        1.0101010101010102E-002   1.0018197625963963        1.0000000000000000       -3.6981578351724664E-004
  0.31313980966600030       -7.3747691016110256E-005   1.2121212121212121E-002   1.0018232659794104        1.0101010101010102E-002   1.0018232659794104        1.0000000000000000       -3.6092922676100869E-004
  0.32324057680254431       -7.1639499255111749E-005   1.2121212121212121E-002   1.0018266772147395        1.0101010101010102E-002   1.0018266772147395        1.0000000000000000       -3.5059137736492829E-004
  0.33334131071758055       -6.9242886474822691E-005   1.2121212121212121E-002   1.0018299825842603        1.0101010101010102E-002   1.0018299825842603        1.0000000000000000       -3.3884382310223060E-004
  0.34344201252433482       -6.6567509652629278E-005   1.2121212121212121E-002   1.0018331687970323        1.0101010101010102E-002   1.0018331687970323        1.0000000000000000       -3.2573411121994411E-004
  0.35354268346510148       -6.3624144911691112E-005   1.2121212121212121E-002   1.0018362230439921        1.0101010101010102E-002   1.0018362230439921        1.0000000000000000       -3.1131525507621660E-004
  0.36364332490622470       -6.0424645584553030E-005   1.2121212121212121E-002   1.0018391330494316        1.0101010101010102E-002   1.0018391330494316        1.0000000000000000       -2.9564553863536958E-004
  0.37374393833256875       -5.6981895779145266E-005   1.2121212121212121E-002   1.0018418871187107        1.0101010101010102E-002   1.0018418871187107        1.0000000000000000       -2.7878788772639496E-004
  0.38384452534156110       -5.3309760547233645E-005   1.2121212121212121E-002   1.0018444741843768        1.0101010101010102E-002   1.0018444741843768        1.0000000000000000       -2.6081021088764089E-004
  0.39394508763675629       -4.9423025158903014E-005   1.2121212121212121E-002   1.0018468838524588        1.0101010101010102E-002   1.0018468838524588        1.0000000000000000       -2.4178507800698412E-004
  0.40404562702095498       -4.5337339135306023E-005   1.2121212121212121E-002   1.0018491064434814        1.0101010101010102E-002   1.0018491064434814        1.0000000000000000       -2.2178897017344212E-004
  0.41414614538896299       -4.1069150607887485E-005   1.2121212121212121E-002   1.0018511330301918        1.0101010101010102E-002   1.0018511330301918        1.0000000000000000       -2.0090227570435104E-004
  0.42424664471996648       -3.6635643988496905E-005   1.2121212121212121E-002   1.0018529554726543        1.0101010101010102E-002   1.0018529554726543        1.0000000000000000       -1.7920880547261930E-004
  0.43434712706960193       -3.2054667531497216E-005   1.2121212121212121E-002   1.0018545664522764        1.0101010101010102E-002   1.0018545664522764        1.0000000000000000       -1.5679603609708437E-004
  0.44444759456165234       -2.7344662204827019E-005   1.2121212121212121E-002   1.0018559595006635        1.0101010101010102E-002   1.0018559595006635        1.0000000000000000       -1.3375379683733257E-004
  0.45454804937955029       -2.2524587918396156E-005   1.2121212121212121E-002   1.0018571290244123        1.0101010101010102E-002   1.0018571290244123        1.0000000000000000       -1.1017472511376525E-004
  0.46464849375758899       -1.7613846530475284E-005   1.2121212121212121E-002   1.0018580703278863        1.0101010101010102E-002   1.0018580703278863        1.0000000000000000       -8.6153363366925362E-005
  0.47474892997197088       -1.2632206793053798E-005   1.2121212121212121E-002   1.0018587796315592        1.0101010101010102E-002   1.0018587796315592        1.0000000000000000       -6.1786225459492528E-005
  0.48484936033166343       -7.5997204129494013E-006   1.2121212121212121E-002   1.0018592540887499        1.0101010101010102E-002   1.0018592540887499        1.0000000000000000       -3.7171296959570554E-005
  0.49494978716910548       -2.5366438017837621E-006   1.2121212121212121E-002   1.0018594917947987        1.0101010101010102E-002   1.0018594917947987        1.0000000000000000       -1.2407021999116807E-005
  0.50505021283089402        2.5366438409343364E-006   1.2121212121212121E-002   1.0018594917947250        1.0101010101010102E-002   1.0018594917947250        1.0000000000000000        1.2407036728667720E-005
  0.51515063966833785        7.5997205976880901E-006   1.2121212121212121E-002   1.0018592540886897        1.0101010101010102E-002   1.0018592540886897        1.0000000000000000        3.7171281911163589E-005
  0.52525107002802973        1.2632206644452122E-005   1.2121212121212121E-002   1.0018587796314886        1.0101010101010102E-002   1.0018587796314886        1.0000000000000000        6.1786241561279098E-005
  0.53535150624241379        1.7613846518650972E-005   1.2121212121212121E-002   1.0018580703278683        1.0101010101010102E-002   1.0018580703278683        1.0000000000000000        8.6153334140526283E-005
  0.54545195062045082        2.2524587714455159E-005   1.2121212121212121E-002   1.0018571290245066        1.0101010101010102E-002   1.0018571290245066        1.0000000000000000        1.1017473333208017E-004
  0.55555240543834805        2.7344662446470716E-005   1.2121212121212121E-002   1.0018559595006062        1.0101010101010102E-002   1.0018559595006062        1.0000000000000000        1.3375381830460498E-004
  0.56565287293040079        3.2054667458463182E-005   1.2121212121212121E-002   1.0018545664523071        1.0101010101010102E-002   1.0018545664523071        1.0000000000000000        1.5679599822870927E-004
  0.57575335528003324        3.6635643722582763E-005   1.2121212121212121E-002   1.0018529554727540        1.0101010101010102E-002   1.0018529554727540        1.0000000000000000        1.7920882639810287E-004
  0.58585385461103756        4.1069150646717231E-005   1.2121212121212121E-002   1.0018511330302433        1.0101010101010102E-002   1.0018511330302433        1.0000000000000000        2.0090226516256138E-004
  0.59595437297904363        4.5337339289835224E-005   1.2121212121212121E-002   1.0018491064434265        1.0101010101010102E-002   1.0018491064434265        1.0000000000000000        2.2178900484970399E-004
  0.60605491236324538        4.9423025081445599E-005   1.2121212121212121E-002   1.0018468838523207        1.0101010101010102E-002   1.0018468838523207        1.0000000000000000        2.4178506110228426E-004
  0.61615547465844045        5.3309760605130149E-005   1.2121212121212121E-002   1.0018444741842798        1.0101010101010102E-002   1.0018444741842798        1.0000000000000000        2.6081022012025556E-004
  0.62625606166743486        5.6981895842453572E-005   1.2121212121212121E-002   1.0018418871186903        1.0101010101010102E-002   1.0018418871186903        1.0000000000000000        2.7878785835433462E-004
  0.63635667509377747        6.0424645508868339E-005   1.2121212121212121E-002   1.0018391330495757        1.0101010101010102E-002   1.0018391330495757        1.0000000000000000        2.9564553536864935E-004
  0.64645731653489868        6.3624144860132054E-005   1.2121212121212121E-002   1.0018362230439832        1.0101010101010102E-002   1.0018362230439832        1.0000000000000000        3.1131528872663239E-004
  0.65655798747566774        6.6567509812508169E-005   1.2121212121212121E-002   1.0018331687969633        1.0101010101010102E-002   1.0018331687969633        1.0000000000000000        3.2573409357272709E-004
  0.66665868928242100        6.9242886488224094E-005   1.2121212121212121E-002   1.0018299825841612        1.0101010101010102E-002   1.0018299825841612        1.0000000000000000        3.3884384548521496E-004
  0.67675942319746030        7.1639498927089445E-005   1.2121212121212121E-002   1.0018266772146618        1.0101010101010102E-002   1.0018266772146618        1.0000000000000000        3.5059135154913434E-004
  0.68686019033400270        7.3747691031721710E-005   1.2121212121212121E-002   1.0018232659793120        1.0101010101010102E-002   1.0018232659793120        1.0000000000000000        3.6092925846542556E-004
  0.69696099167170278        7.5558970303558974E-005   1.2121212121212121E-002   1.0018197625963947        1.0101010101010102E-002   1.0018197625963947        1.0000000000000000        3.6981572614980252E-004
  0.70706182805267792        7.7066037628227029E-005   1.2121212121212121E-002   1.0018161811565482        1.0101010101010102E-002   1.0018161811565482        1.0000000000000000        3.7721489245257089E-004
  0.71716270017811867        7.8262818006217887E-005   1.2121212121212121E-002   1.0018125360674202        1.0101010101010102E-002   1.0018125360674202        1.0000000000000000        3.8309639942735174E-004
  0.72726360860540651        7.9144485495737484E-005   1.2121212121212121E-002   1.0018088419972950        1.0101010101010102E-002   1.0018088419972950        1.0000000000000000        3.8743619175374278E-004
  0.73736455374582632        7.9707482799991786E-005   1.2121212121212121E-002   1.0018051138123871        1.0101010101010102E-002   1.0018051138123871        1.0000000000000000        3.9021695689367419E-004
  0.74746553586294395        7.9949536296769217E-005   1.2121212121212121E-002   1.0018013665188035        1.0101010101010102E-002   1.0018013665188035        1.0000000000000000        3.9142677505665802E-004
  0.75756655507145443        7.9869663821674513E-005   1.2121212121212121E-002   1.0017976152039012        1.0101010101010102E-002   1.0017976152039012        1.0000000000000000        3.9106052871495933E-004
  0.76766761133671291        7.9468177569053813E-005   1.2121212121212121E-002   1.0017938749740301        1.0101010101010102E-002   1.0017938749740301        1.0000000000000000        3.8911928569174137E-004
  0.77776870447482127        7.8746688209285941E-005   1.2121212121212121E-002   1.0017901608931141        1.0101010101010102E-002   1.0017901608931141        1.0000000000000000        3.8561076855181398E-004
  0.78786983415337297        7.7708093940504622E-005   1.2121212121212121E-002   1.0017864879225586        1.0101010101010102E-002   1.0017864879225586        1.0000000000000000        3.8054856686997596E-004
  0.79797099989272569        7.6356569500799342E-005   1.2121212121212121E-002   1.0017828708615519        1.0101010101010102E-002   1.0017828708615519        1.0000000000000000        3.7395284322272460E-004
  0.80807220106792499        7.4697549547427794E-005   1.2121212121212121E-002   1.0017793242870849        1.0101010101010102E-002   1.0017793242870849        1.0000000000000000        3.6584971451070203E-004
  0.81817343691116307        7.2737708491840559E-005   1.2121212121212121E-002   1.0017758624940551        1.0101010101010102E-002   1.0017758624940551        1.0000000000000000        3.5627185332653966E-004
  0.82827470651489077        7.0484933953582384E-005   1.2121212121212121E-002   1.0017724994378923        1.0101010101010102E-002   1.0017724994378923        1.0000000000000000        3.4525733591461716E-004
  0.83837600883541041        6.7948292312588205E-005   1.2121212121212121E-002   1.0017692486794216        1.0101010101010102E-002   1.0017692486794216        1.0000000000000000        3.3285034281416159E-004
  0.84847734269707209        6.5137992210762983E-005   1.2121212121212121E-002   1.0017661233288224        1.0101010101010102E-002   1.0017661233288224        1.0000000000000000        3.1910064151308148E-004
  0.85857870679698089        6.2065347188157614E-005   1.2121212121212121E-002   1.0017631359918939        1.0101010101010102E-002   1.0017631359918939        1.0000000000000000        3.0406365620372355E-004
  0.86868009971025673        5.8742729322532747E-005   1.2121212121212121E-002   1.0017602987193708        1.0101010101010102E-002   1.0017602987193708        1.0000000000000000        2.8779972228321071E-004
  0.87878151989574405        5.5183515663908231E-005   1.2121212121212121E-002   1.0017576229591347        1.0101010101010102E-002   1.0017576229591347        1.0000000000000000        2.7037421728071109E-004
  0.88888296570221437        5.1402037053673200E-005   1.2121212121212121E-002   1.0017551195097041        1.0101010101010102E-002   1.0017551195097041        1.0000000000000000        2.5185721199427746E-004
  0.89898443537499428        4.7413520768789381E-005   1.2121212121212121E-002   1.0017527984742642        1.0101010101010102E-002   1.0017527984742642        1.0000000000000000        2.3232368627112976E-004
  0.90908592706308744        4.3234030664306672E-005   1.2121212121212121E-002   1.0017506692206148        1.0101010101010102E-002   1.0017506692206148        1.0000000000000000        2.1185207525320493E-004
  0.91918743882659071        3.8880397695589101E-005   1.2121212121212121E-002   1.0017487403447143        1.0101010101010102E-002   1.0017487403447143        1.0000000000000000        1.9052495188720542E-004
  0.92928896864453192        3.4370156305865716E-005   1.2121212121212121E-002   1.0017470196346205        1.0101010101010102E-002   1.0017470196346205        1.0000000000000000        1.6842828502561247E-004
  0.93939051442300492        2.9721470555240164E-005   1.2121212121212121E-002   1.0017455140376808        1.0101010101010102E-002   1.0017455140376808        1.0000000000000000        1.4565153065415615E-004
  0.94949207400365943        2.4953066530348816E-005   1.2121212121212121E-002   1.0017442296327905        1.0101010101010102E-002   1.0017442296327905        1.0000000000000000        1.2228642546041613E-004
  0.95959364517238466        2.0084149854036823E-005   1.2121212121212121E-002   1.0017431716072049        1.0101010101010102E-002   1.0017431716072049        1.0000000000000000        9.8427279084489783E-005
  0.96969522566825073        1.5134331870620479E-005   1.2121212121212121E-002   1.0017423442340181        1.0101010101010102E-002   1.0017423442340181        1.0000000000000000        7.4170507411430719E-005
  0.97979681319264700        1.0123550521831629E-005   1.2121212121212121E-002   1.0017417508548589        1.0101010101010102E-002   1.0017417508548589        1.0000000000000000        4.9614075670945113E-005
  0.98989840541856167        5.0719902897161534E-006   1.2121212121212121E-002   1.0017413938659150        1.0101010101010102E-002   1.0017413938659150        1.0000000000000000        2.4857304964598370E-005
   1.0000000000000000        3.1378516996796308E-013   1.2121212121212121E-002   1.0017412747088417        1.0101010101010102E-002   1.0017412747088417        1.0000000000000000        4.1021408492269984E-011
   1.0101015945814429       -5.0111004903556379E-006   1.2121212121212121E-002   1.0017413938659803        1.0101010101010102E-002   1.0017413938659803        1.0000000000000000       -2.4857342882711464E-005
   1.0202031868073562       -1.0002016888500332E-005   1.2121212121212121E-002   1.0017417508549533        1.0101010101010102E-002   1.0017417508549533        1.0000000000000000       -4.9614087354044045E-005
   1.0303047743317515       -1.4952645705522129E-005   1.2121212121212121E-002   1.0017423442339797        1.0101010101010102E-002   1.0017423442339797        1.0000000000000000       -7.4170483218338745E-005
   1.0404063548276195       -1.9843044739032753E-005   1.2121212121212121E-002   1.0017431716071274        1.0101010101010102E-002   1.0017431716071274        1.0000000000000000       -9.8427292540392841E-005
   1.0505079259963446       -2.4653516209211603E-005   1.2121212121212121E-002   1.0017442296327712        1.0101010101010102E-002   1.0017442296327712        1.0000000000000000       -1.2228642512912558E-004
   1.0606094855769994       -2.9364685879295815E-005   1.2121212121212121E-002   1.0017455140376843        1.0101010101010102E-002   1.0017455140376843        1.0000000000000000       -1.4565153860868207E-004
   1.0707110313554722       -3.3957577606445482E-005   1.2121212121212121E-002   1.0017470196347338        1.0101010101010102E-002   1.0017470196347338        1.0000000000000000       -1.6842829858099151E-004
   1.0808125611734110       -3.8413691985726471E-005   1.2121212121212121E-002   1.0017487403447416        1.0101010101010102E-002   1.0017487403447416        1.0000000000000000       -1.9052492230642315E-004
   1.0909140729369162       -4.2715082085257557E-005   1.2121212121212121E-002   1.0017506692206315        1.0101010101010102E-002   1.0017506692206315        1.0000000000000000        7.6217581860628627     
   1.1010155646250070       -4.6844425164025569E-005   1.2121212121212121E-002   1.0017527984741961        1.0101010101010102E-002   1.0017527984741961        1.0000000000000000        93.406323933227782     
  -1.0101594581438333E-002   5.0111004344680372E-006   1.2121212121212121E-002   1.0017413938659150        1.0101010101010102E-002   1.0017413938659150        1.0000000000000000        2.4857329839811371E-005
  -2.0203186807353002E-002   1.0002017023479672E-005   1.2121212121212121E-002   1.0017417508548589        1.0101010101010102E-002   1.0017417508548589        1.0000000000000000        4.9614092404226540E-005
  -3.0304774331749273E-002   1.4952645472780660E-005   1.2121212121212121E-002   1.0017423442340181        1.0101010101010102E-002   1.0017423442340181        1.0000000000000000        7.4170507422977039E-005
  -4.0406354827615343E-002   1.9843044599024556E-005   1.2121212121212121E-002   1.0017431716072049        1.0101010101010102E-002   1.0017431716072049        1.0000000000000000        9.8427279088930675E-005
  -5.0507925996340575E-002   2.4653516432386651E-005   1.2121212121212121E-002   1.0017442296327905        1.0101010101010102E-002   1.0017442296327905        1.0000000000000000        1.2228642546219248E-004
  -6.0609485576995081E-002   2.9364685767872066E-005   1.2121212121212121E-002   1.0017455140376808        1.0101010101010102E-002   1.0017455140376808        1.0000000000000000        1.4565153066126157E-004
  -7.0711031355468079E-002   3.3957577946842884E-005   1.2121212121212121E-002   1.0017470196346205        1.0101010101010102E-002   1.0017470196346205        1.0000000000000000        1.6842828502205975E-004
  -8.0812561173409292E-002   3.8413691749472346E-005   1.2121212121212121E-002   1.0017487403447143        1.0101010101010102E-002   1.0017487403447143        1.0000000000000000        1.9052495189519902E-004
  -9.0914072936912560E-002   4.2715082128510447E-005   1.2121212121212121E-002   1.0017506692206148        1.0101010101010102E-002   1.0017506692206148        1.0000000000000000       -7.6217581860903323     
 -0.10101556462500572        4.6844425256438327E-005   1.2121212121212121E-002   1.0017527984742642        1.0101010101010102E-002   1.0017527984742642        1.0000000000000000       -93.406323933210913     
