 # x v h rho m p cs a
   9.2000000000003403     
   1.3361777355956924E-005  -3.8094389783152273E-005   1.2121212121212121E-002   1.0018042951739912        1.0101010101010102E-002   1.0018042951739912        1.0000000000000000        1.2434497875801753E-014
   1.0114332134417247E-002  -3.8006442072223962E-005   1.2121212121212121E-002   1.0018057235772762        1.0101010101010102E-002   1.0018057235772762        1.0000000000000000       -1.4210854715202004E-014
   2.0215278433057413E-002  -3.7973818137859994E-005   1.2121212121212121E-002   1.0018078869216787        1.0101010101010102E-002   1.0018078869216787        1.0000000000000000       -9.9475983006414026E-014
   3.0316204245306198E-002  -3.7686345154464578E-005   1.2121212121212121E-002   1.0018098894731149        1.0101010101010102E-002   1.0018098894731149        1.0000000000000000        6.1284310959308641E-014
   4.0417111026750434E-002  -3.7165821560816625E-005   1.2121212121212121E-002   1.0018116719861543        1.0101010101010102E-002   1.0018116719861543        1.0000000000000000        3.5527136788005009E-015
   5.0518001656689668E-002  -3.6305918995716500E-005   1.2121212121212121E-002   1.0018132587468633        1.0101010101010102E-002   1.0018132587468633        1.0000000000000000        4.4408920985006262E-015
   6.0618877071636747E-002  -3.5422626033109542E-005   1.2121212121212121E-002   1.0018146365864633        1.0101010101010102E-002   1.0018146365864633        1.0000000000000000       -8.8817841970012523E-015
   7.0719740324149780E-002  -3.4121247836230590E-005   1.2121212121212121E-002   1.0018157434092225        1.0101010101010102E-002   1.0018157434092225        1.0000000000000000       -5.1514348342607263E-014
   8.0820594367680826E-002  -3.2961516514817589E-005   1.2121212121212121E-002   1.0018168632490094        1.0101010101010102E-002   1.0018168632490094        1.0000000000000000        2.1316282072803006E-014
   9.0921435649078577E-002  -3.2140932917416903E-005   1.2121212121212121E-002   1.0018181036762817        1.0101010101010102E-002   1.0018181036762817        1.0000000000000000        7.1054273576010019E-015
  0.10102226505443442       -3.1275601333709275E-005   1.2121212121212121E-002   1.0018193980756667        1.0101010101010102E-002   1.0018193980756667        1.0000000000000000        7.1054273576010019E-015
  0.11112308073109187       -2.9660179400904231E-005   1.2121212121212121E-002   1.0018207260781078        1.0101010101010102E-002   1.0018207260781078        1.0000000000000000        3.5527136788005009E-015
  0.12122388394325680       -2.7541950484880556E-005   1.2121212121212121E-002   1.0018220978904939        1.0101010101010102E-002   1.0018220978904939        1.0000000000000000        1.9539925233402755E-014
  0.13132467221685859       -2.5501558978752976E-005   1.2121212121212121E-002   1.0018233226609254        1.0101010101010102E-002   1.0018233226609254        1.0000000000000000        8.0824236192711396E-014
  0.14142545075582100       -2.3626156522535886E-005   1.2121212121212121E-002   1.0018241229703304        1.0101010101010102E-002   1.0018241229703304        1.0000000000000000        2.2204460492503131E-014
  0.15152622335206453       -2.1930257285269314E-005   1.2121212121212121E-002   1.0018245683666125        1.0101010101010102E-002   1.0018245683666125        1.0000000000000000       -6.2172489379008766E-015
  0.16162699340900413       -2.0044073054774883E-005   1.2121212121212121E-002   1.0018248745903933        1.0101010101010102E-002   1.0018248745903933        1.0000000000000000       -6.2172489379008766E-015
  0.17172776049889138       -1.8100199796225835E-005   1.2121212121212121E-002   1.0018253740632579        1.0101010101010102E-002   1.0018253740632579        1.0000000000000000       -6.2172489379008766E-015
  0.18182852081473092       -1.6152758425160125E-005   1.2121212121212121E-002   1.0018261403028508        1.0101010101010102E-002   1.0018261403028508        1.0000000000000000       -6.2172489379008766E-015
  0.19192927223423706       -1.4054154637515064E-005   1.2121212121212121E-002   1.0018268514395268        1.0101010101010102E-002   1.0018268514395268        1.0000000000000000       -6.2172489379008766E-015
  0.20203001797649914       -1.1392038819545513E-005   1.2121212121212121E-002   1.0018271957795644        1.0101010101010102E-002   1.0018271957795644        1.0000000000000000       -6.2172489379008766E-015
  0.21213076283899476       -8.4854402037155941E-006   1.2121212121212121E-002   1.0018273039908854        1.0101010101010102E-002   1.0018273039908854        1.0000000000000000       -6.2172489379008766E-015
  0.22223150677219125       -5.9616151944513861E-006   1.2121212121212121E-002   1.0018273725569840        1.0101010101010102E-002   1.0018273725569840        1.0000000000000000       -1.7763568394002505E-015
  0.23233225021443277       -3.8619710925322452E-006   1.2121212121212121E-002   1.0018273872282923        1.0101010101010102E-002   1.0018273872282923        1.0000000000000000       -5.6843418860808015E-014
  0.24243299398350115       -1.8881122631736376E-006   1.2121212121212121E-002   1.0018274055784300        1.0101010101010102E-002   1.0018274055784300        1.0000000000000000       -1.8562928971732617E-013
  0.25253373685178071        2.5703873610990416E-007   1.2121212121212121E-002   1.0018272814814391        1.0101010101010102E-002   1.0018272814814391        1.0000000000000000        1.8385293287792592E-013
  0.26263448243732768        2.6068590794035162E-006   1.2121212121212121E-002   1.0018266619959819        1.0101010101010102E-002   1.0018266619959819        1.0000000000000000        5.0626169922907138E-014
  0.27273523793154308        4.8565548549915877E-006   1.2121212121212121E-002   1.0018258042638188        1.0101010101010102E-002   1.0018258042638188        1.0000000000000000       -6.2172489379008766E-015
  0.28283600184383784        6.9768766554219060E-006   1.2121212121212121E-002   1.0018255253370023        1.0101010101010102E-002   1.0018255253370023        1.0000000000000000       -6.2172489379008766E-015
  0.29293676309790190        9.3886834332013727E-006   1.2121212121212121E-002   1.0018259762369204        1.0101010101010102E-002   1.0018259762369204        1.0000000000000000       -6.2172489379008766E-015
  0.30303751691006087        1.1791112789581748E-005   1.2121212121212121E-002   1.0018264581082845        1.0101010101010102E-002   1.0018264581082845        1.0000000000000000       -6.2172489379008766E-015
  0.31313826798004368        1.3441485763666593E-005   1.2121212121212121E-002   1.0018265611133337        1.0101010101010102E-002   1.0018265611133337        1.0000000000000000       -6.2172489379008766E-015
  0.32323902030536833        1.4515549977167697E-005   1.2121212121212121E-002   1.0018265748518842        1.0101010101010102E-002   1.0018265748518842        1.0000000000000000       -6.2172489379008766E-015
  0.33333977132059384        1.5415723026520641E-005   1.2121212121212121E-002   1.0018266467075734        1.0101010101010102E-002   1.0018266467075734        1.0000000000000000       -6.2172489379008766E-015
  0.34344052215254323        1.6148572574227514E-005   1.2121212121212121E-002   1.0018267887116530        1.0101010101010102E-002   1.0018267887116530        1.0000000000000000       -6.2172489379008766E-015
  0.35354127121067558        1.6317428083453651E-005   1.2121212121212121E-002   1.0018275006905313        1.0101010101010102E-002   1.0018275006905313        1.0000000000000000       -6.2172489379008766E-015
  0.36364200837837457        1.6088459475612335E-005   1.2121212121212121E-002   1.0018290180415463        1.0101010101010102E-002   1.0018290180415463        1.0000000000000000       -6.2172489379008766E-015
  0.37374272671895770        1.5581966462046581E-005   1.2121212121212121E-002   1.0018309347616854        1.0101010101010102E-002   1.0018309347616854        1.0000000000000000       -6.2172489379008766E-015
  0.38384342587410519        1.4703326894103784E-005   1.2121212121212121E-002   1.0018331636621869        1.0101010101010102E-002   1.0018331636621869        1.0000000000000000       -6.2172489379008766E-015
  0.39394410077128156        1.3597814638208081E-005   1.2121212121212121E-002   1.0018360073155459        1.0101010101010102E-002   1.0018360073155459        1.0000000000000000       -6.2172489379008766E-015
  0.40404474315068356        1.2506887305162064E-005   1.2121212121212121E-002   1.0018391073991155        1.0101010101010102E-002   1.0018391073991155        1.0000000000000000       -6.2172489379008766E-015
  0.41414535574862366        1.1387053290384780E-005   1.2121212121212121E-002   1.0018418367903443        1.0101010101010102E-002   1.0018418367903443        1.0000000000000000       -6.2172489379008766E-015
  0.42424594416900080        9.7659301142979698E-006   1.2121212121212121E-002   1.0018441457238247        1.0101010101010102E-002   1.0018441457238247        1.0000000000000000       -6.2172489379008766E-015
  0.43434651155824922        7.5592810510526632E-006   1.2121212121212121E-002   1.0018462405127246        1.0101010101010102E-002   1.0018462405127246        1.0000000000000000       -6.2172489379008766E-015
  0.44444705806829798        5.3648940015442659E-006   1.2121212121212121E-002   1.0018478144699901        1.0101010101010102E-002   1.0018478144699901        1.0000000000000000       -6.2172489379008766E-015
  0.45454759375069836        3.5254662818099976E-006   1.2121212121212121E-002   1.0018485123021386        1.0101010101010102E-002   1.0018485123021386        1.0000000000000000       -6.2172489379008766E-015
  0.46464812681793716        2.3357192514065080E-006   1.2121212121212121E-002   1.0018485349269208        1.0101010101010102E-002   1.0018485349269208        1.0000000000000000       -6.2172489379008766E-015
  0.47474866275270317        1.5407565994617686E-006   1.2121212121212121E-002   1.0018483425944575        1.0101010101010102E-002   1.0018483425944575        1.0000000000000000        5.3290705182007514E-015
  0.48484920050405722        7.5944654162223447E-007   1.2121212121212121E-002   1.0018484569173731        1.0101010101010102E-002   1.0018484569173731        1.0000000000000000       -7.0166095156309893E-014
  0.49494973384574387        2.2290663710830831E-007   1.2121212121212121E-002   1.0018487006913355        1.0101010101010102E-002   1.0018487006913355        1.0000000000000000       -4.4941828036826337E-013
  0.50505026615458715       -2.2290627372251869E-007   1.2121212121212121E-002   1.0018487006910621        1.0101010101010102E-002   1.0018487006910621        1.0000000000000000       -6.9277916736609768E-014
  0.51515079949628007       -7.5944697253479332E-007   1.2121212121212121E-002   1.0018484569170460        1.0101010101010102E-002   1.0018484569170460        1.0000000000000000        1.5987211554602254E-014
  0.52525133724763517       -1.5407562563397871E-006   1.2121212121212121E-002   1.0018483425945761        1.0101010101010102E-002   1.0018483425945761        1.0000000000000000        1.7763568394002505E-015
  0.53535187318239708       -2.3357191850949312E-006   1.2121212121212121E-002   1.0018485349271053        1.0101010101010102E-002   1.0018485349271053        1.0000000000000000        1.7763568394002505E-015
  0.54545240624963598       -3.5254662977186092E-006   1.2121212121212121E-002   1.0018485123021723        1.0101010101010102E-002   1.0018485123021723        1.0000000000000000        1.7763568394002505E-015
  0.55555294193203597       -5.3648941315197649E-006   1.2121212121212121E-002   1.0018478144700498        1.0101010101010102E-002   1.0018478144700498        1.0000000000000000        1.7763568394002505E-015
  0.56565348844208341       -7.5592807186920559E-006   1.2121212121212121E-002   1.0018462405125381        1.0101010101010102E-002   1.0018462405125381        1.0000000000000000        1.7763568394002505E-015
  0.57575405583133721       -9.7659301093068350E-006   1.2121212121212121E-002   1.0018441457236107        1.0101010101010102E-002   1.0018441457236107        1.0000000000000000        1.7763568394002505E-015
  0.58585464425171396       -1.1387053203823960E-005   1.2121212121212121E-002   1.0018418367905157        1.0101010101010102E-002   1.0018418367905157        1.0000000000000000        1.7763568394002505E-015
  0.59595525684965023       -1.2506887134131291E-005   1.2121212121212121E-002   1.0018391073992412        1.0101010101010102E-002   1.0018391073992412        1.0000000000000000        1.7763568394002505E-015
  0.60605589922905356       -1.3597814899561594E-005   1.2121212121212121E-002   1.0018360073155770        1.0101010101010102E-002   1.0018360073155770        1.0000000000000000        1.7763568394002505E-015
  0.61615657412622804       -1.4703326701662256E-005   1.2121212121212121E-002   1.0018331636621616        1.0101010101010102E-002   1.0018331636621616        1.0000000000000000        1.7763568394002505E-015
  0.62625727328137804       -1.5581966253901349E-005   1.2121212121212121E-002   1.0018309347616661        1.0101010101010102E-002   1.0018309347616661        1.0000000000000000        1.7763568394002505E-015
  0.63635799162195894       -1.6088459425737114E-005   1.2121212121212121E-002   1.0018290180414797        1.0101010101010102E-002   1.0018290180414797        1.0000000000000000        1.7763568394002505E-015
  0.64645872878966149       -1.6317428147163939E-005   1.2121212121212121E-002   1.0018275006904356        1.0101010101010102E-002   1.0018275006904356        1.0000000000000000        1.7763568394002505E-015
  0.65655947784779245       -1.6148572367000352E-005   1.2121212121212121E-002   1.0018267887116781        1.0101010101010102E-002   1.0018267887116781        1.0000000000000000        1.7763568394002505E-015
  0.66666022867974262       -1.5415722924461343E-005   1.2121212121212121E-002   1.0018266467076538        1.0101010101010102E-002   1.0018266467076538        1.0000000000000000        1.7763568394002505E-015
  0.67676097969496551       -1.4515549894201443E-005   1.2121212121212121E-002   1.0018265748518760        1.0101010101010102E-002   1.0018265748518760        1.0000000000000000        1.7763568394002505E-015
  0.68686173202029299       -1.3441485600159732E-005   1.2121212121212121E-002   1.0018265611132762        1.0101010101010102E-002   1.0018265611132762        1.0000000000000000        1.7763568394002505E-015
  0.69696248309027442       -1.1791112872298816E-005   1.2121212121212121E-002   1.0018264581083298        1.0101010101010102E-002   1.0018264581083298        1.0000000000000000        1.7763568394002505E-015
  0.70706323690243333       -9.3886833684851638E-006   1.2121212121212121E-002   1.0018259762367991        1.0101010101010102E-002   1.0018259762367991        1.0000000000000000        1.7763568394002505E-015
  0.71716399815650034       -6.9768768176324974E-006   1.2121212121212121E-002   1.0018255253369819        1.0101010101010102E-002   1.0018255253369819        1.0000000000000000        1.7763568394002505E-015
  0.72726476206879287       -4.8565544539433695E-006   1.2121212121212121E-002   1.0018258042640542        1.0101010101010102E-002   1.0018258042640542        1.0000000000000000        1.7763568394002505E-015
  0.73736551756300484       -2.6068589825343275E-006   1.2121212121212121E-002   1.0018266619959382        1.0101010101010102E-002   1.0018266619959382        1.0000000000000000        1.7763568394002505E-015
  0.74746626314855658       -2.5703902162060979E-007   1.2121212121212121E-002   1.0018272814813487        1.0101010101010102E-002   1.0018272814813487        1.0000000000000000        1.7763568394002505E-015
  0.75756700601683347        1.8881124798946515E-006   1.2121212121212121E-002   1.0018274055784731        1.0101010101010102E-002   1.0018274055784731        1.0000000000000000        1.7763568394002505E-015
  0.76766774978590313        3.8619712290371858E-006   1.2121212121212121E-002   1.0018273872281991        1.0101010101010102E-002   1.0018273872281991        1.0000000000000000        1.7763568394002505E-015
  0.77776849322814556        5.9616152833928076E-006   1.2121212121212121E-002   1.0018273725569289        1.0101010101010102E-002   1.0018273725569289        1.0000000000000000        1.7763568394002505E-015
  0.78786923716134227        8.4854400908724622E-006   1.2121212121212121E-002   1.0018273039908903        1.0101010101010102E-002   1.0018273039908903        1.0000000000000000        1.7763568394002505E-015
  0.79796998202383707        1.1392039107772763E-005   1.2121212121212121E-002   1.0018271957793632        1.0101010101010102E-002   1.0018271957793632        1.0000000000000000        1.7763568394002505E-015
  0.80807072776610445        1.4054154680933767E-005   1.2121212121212121E-002   1.0018268514393955        1.0101010101010102E-002   1.0018268514393955        1.0000000000000000        1.7763568394002505E-015
  0.81817147918560829        1.6152758354822814E-005   1.2121212121212121E-002   1.0018261403030160        1.0101010101010102E-002   1.0018261403030160        1.0000000000000000        1.7763568394002505E-015
  0.82827223950144624        1.8100199988032312E-005   1.2121212121212121E-002   1.0018253740633791        1.0101010101010102E-002   1.0018253740633791        1.0000000000000000        1.7763568394002505E-015
  0.83837300659133251        2.0044073035189282E-005   1.2121212121212121E-002   1.0018248745903744        1.0101010101010102E-002   1.0018248745903744        1.0000000000000000        1.7763568394002505E-015
  0.84847377664827384        2.1930257442080012E-005   1.2121212121212121E-002   1.0018245683666578        1.0101010101010102E-002   1.0018245683666578        1.0000000000000000        1.7763568394002505E-015
  0.85857454924451471        2.3626156404236507E-005   1.2121212121212121E-002   1.0018241229704132        1.0101010101010102E-002   1.0018241229704132        1.0000000000000000        1.7763568394002505E-015
  0.86867532778347778        2.5501559182025125E-005   1.2121212121212121E-002   1.0018233226608506        1.0101010101010102E-002   1.0018233226608506        1.0000000000000000        1.7763568394002505E-015
  0.87877611605708061        2.7541950713056958E-005   1.2121212121212121E-002   1.0018220978903785        1.0101010101010102E-002   1.0018220978903785        1.0000000000000000        1.7763568394002505E-015
  0.88887691926924683        2.9660179092796098E-005   1.2121212121212121E-002   1.0018207260780077        1.0101010101010102E-002   1.0018207260780077        1.0000000000000000        1.7763568394002505E-015
  0.89897773494590527        3.1275601586473387E-005   1.2121212121212121E-002   1.0018193980757242        1.0101010101010102E-002   1.0018193980757242        1.0000000000000000        1.7763568394002505E-015
  0.90907856435125833        3.2140933011198934E-005   1.2121212121212121E-002   1.0018181036761680        1.0101010101010102E-002   1.0018181036761680        1.0000000000000000        1.7763568394002505E-015
  0.91917940563266165        3.2961516415709998E-005   1.2121212121212121E-002   1.0018168632490012        1.0101010101010102E-002   1.0018168632490012        1.0000000000000000        1.7763568394002505E-015
  0.92928025967618733        3.4121247762365861E-005   1.2121212121212121E-002   1.0018157434093364        1.0101010101010102E-002   1.0018157434093364        1.0000000000000000        1.7763568394002505E-015
  0.93938112292870291        3.5422626287148377E-005   1.2121212121212121E-002   1.0018146365863965        1.0101010101010102E-002   1.0018146365863965        1.0000000000000000        1.7763568394002505E-015
  0.94948199834364921        3.6305919199117367E-005   1.2121212121212121E-002   1.0018132587468311        1.0101010101010102E-002   1.0018132587468311        1.0000000000000000        1.7763568394002505E-015
  0.95958288897358957        3.7165821352541916E-005   1.2121212121212121E-002   1.0018116719860302        1.0101010101010102E-002   1.0018116719860302        1.0000000000000000        1.7763568394002505E-015
  0.96968379575503538        3.7686345421061672E-005   1.2121212121212121E-002   1.0018098894730472        1.0101010101010102E-002   1.0018098894730472        1.0000000000000000        8.8817841970012523E-016
  0.97978472156728436        3.7973818056958400E-005   1.2121212121212121E-002   1.0018078869218885        1.0101010101010102E-002   1.0018078869218885        1.0000000000000000       -3.2862601528904634E-014
  0.98988566786591947        3.8006442431401169E-005   1.2121212121212121E-002   1.0018057235773676        1.0101010101010102E-002   1.0018057235773676        1.0000000000000000        1.5010215292932116E-013
  0.99998663822298384        3.8094389673620972E-005   1.2121212121212121E-002   1.0018042951738635        1.0101010101010102E-002   1.0018042951738635        1.0000000000000000        1.0436096431476471E-012
   1.0100876483239940       -3.7896921131142002E-005   1.2121212121212121E-002   1.0018057235772762        1.0101010101010102E-002   1.0018023437285426        1.0000000000000000        1.4299672557172016E-013
   1.0201886584250042       -3.7860395593475370E-005   1.2121212121212121E-002   1.0018078869216787        1.0101010101010102E-002   1.0018005568626367        1.0000000000000000       -1.9677833450701065E-002
   1.0302896685260143       -3.7586861042439818E-005   1.2121212121212121E-002   1.0018098894731149        1.0101010101010102E-002   1.0018004115226273        1.0000000000000000       -1.3138325546267744     
   1.0403906786270245       -3.7079474590329582E-005   1.2121212121212121E-002   1.0018116719861543        1.0101010101010102E-002  0.99665637860081713        1.0000000000000000       -4.6453021478719450     
   1.0504916887280347       -3.6226585516325788E-005   1.2121212121212121E-002   1.0018132587468633        1.0101010101010102E-002  0.77867798353909146        1.0000000000000000        107.01218865918355     
  -1.0087648323654145E-002   3.7896921459319117E-005   1.2121212121212121E-002   1.0018057235773676        1.0101010101010102E-002   1.0018023437285601        1.0000000000000000        1.1546319456101628E-014
  -2.0188658424664246E-002   3.7860395531100290E-005   1.2121212121212121E-002   1.0018078869218885        1.0101010101010102E-002   1.0018005568626431        1.0000000000000000        1.9677833450746363E-002
  -3.0289668525674347E-002   3.7586861319866472E-005   1.2121212121212121E-002   1.0018098894730472        1.0101010101010102E-002   1.0018004115226335        1.0000000000000000        1.3138325546268277     
  -4.0390678626684454E-002   3.7079474378278787E-005   1.2121212121212121E-002   1.0018116719860302        1.0101010101010102E-002  0.99665637860082268        1.0000000000000000        4.6453021478716039     
  -5.0491688727694557E-002   3.6226585714180433E-005   1.2121212121212121E-002   1.0018132587468311        1.0101010101010102E-002  0.77867798353909445        1.0000000000000000       -107.01218865918408     
