 # x v h rho m p cs a
   27.650909090913469     
   2.7006485773335417E-014  -3.5419155823767469E-013   1.2121212121212121E-002   1.0018914709929840        1.0101010101010102E-002   1.0018914709929840        1.0000000000000000       -4.4686032651952701E-011
   1.0100110248600089E-002  -2.4149533036078654E-006   1.2121212121212121E-002   1.0018912872404611        1.0101010101010102E-002   1.0018912872404611        1.0000000000000000        3.8323505180848372E-005
   2.0200224128548001E-002  -4.8202756391253021E-006   1.2121212121212121E-002   1.0018907367292249        1.0101010101010102E-002   1.0018907367292249        1.0000000000000000        7.6491320153415643E-005
   3.0300345256494970E-002  -7.2063805641753320E-006   1.2121212121212121E-002   1.0018898216974224        1.0101010101010102E-002   1.0018898216974224        1.0000000000000000        1.1434826355394279E-004
   4.0400477219609369E-002  -9.5637521424488784E-006   1.2121212121212121E-002   1.0018885458636371        1.0101010101010102E-002   1.0018885458636371        1.0000000000000000        1.5174084733260429E-004
   5.0500623561065605E-002  -1.1882982963570710E-005   1.2121212121212121E-002   1.0018869144108054        1.0101010101010102E-002   1.0018869144108054        1.0000000000000000        1.8851728776869692E-004
   6.0600787765662675E-002  -1.4154813964117284E-005   1.2121212121212121E-002   1.0018849339667841        1.0101010101010102E-002   1.0018849339667841        1.0000000000000000        2.2452812087259133E-004
   7.0700973245660034E-002  -1.6370172041808778E-005   1.2121212121212121E-002   1.0018826125767468        1.0101010101010102E-002   1.0018826125767468        1.0000000000000000        2.5962729935091744E-004
   8.0801183326941375E-002  -1.8520204480222253E-005   1.2121212121212121E-002   1.0018799596679859        1.0101010101010102E-002   1.0018799596679859        1.0000000000000000        2.9367270615399121E-004
   9.0901421235550617E-002  -2.0596308306523097E-005   1.2121212121212121E-002   1.0018769860107537        1.0101010101010102E-002   1.0018769860107537        1.0000000000000000        3.2652645399000590E-004
  0.10100169008462592       -2.2590164891744409E-005   1.2121212121212121E-002   1.0018737036744672        1.0101010101010102E-002   1.0018737036744672        1.0000000000000000        3.5805552811662977E-004
  0.11110199286179603       -2.4493783646247859E-005   1.2121212121212121E-002   1.0018701259776690        1.0101010101010102E-002   1.0018701259776690        1.0000000000000000        3.8813244852864415E-004
  0.12120233241710206       -2.6299522931621755E-005   1.2121212121212121E-002   1.0018662674324621        1.0101010101010102E-002   1.0018662674324621        1.0000000000000000        4.1663578097228537E-004
  0.13130271145148986       -2.8000119509530195E-005   1.2121212121212121E-002   1.0018621436839088        1.0101010101010102E-002   1.0018621436839088        1.0000000000000000        4.4345067534656835E-004
  0.14140313250592784       -2.9588721579031629E-005   1.2121212121212121E-002   1.0018577714452102        1.0101010101010102E-002   1.0018577714452102        1.0000000000000000        4.6846918662613035E-004
  0.15150359795117926       -3.1058919333675172E-005   1.2121212121212121E-002   1.0018531684295779        1.0101010101010102E-002   1.0018531684295779        1.0000000000000000        4.9159064916093342E-004
  0.16160410997826011       -3.2404771717333642E-005   1.2121212121212121E-002   1.0018483532770386        1.0101010101010102E-002   1.0018483532770386        1.0000000000000000        5.1272236235888613E-004
  0.17170467058965636       -3.3620817005589775E-005   1.2121212121212121E-002   1.0018433454769060        1.0101010101010102E-002   1.0018433454769060        1.0000000000000000        5.3177982023466797E-004
  0.18180528159131448       -3.4702107709499788E-005   1.2121212121212121E-002   1.0018381652878725        1.0101010101010102E-002   1.0018381652878725        1.0000000000000000        5.4868697613397188E-004
  0.19190594458543467       -3.5644235275547857E-005   1.2121212121212121E-002   1.0018328336555518        1.0101010101010102E-002   1.0018328336555518        1.0000000000000000        5.6337647214643738E-004
  0.20200666096408820       -3.6443338614878978E-005   1.2121212121212121E-002   1.0018273721271793        1.0101010101010102E-002   1.0018273721271793        1.0000000000000000        5.7579007287067441E-004
  0.21210743190368930       -3.7096122879524452E-005   1.2121212121212121E-002   1.0018218027614048        1.0101010101010102E-002   1.0018218027614048        1.0000000000000000        5.8587919910646491E-004
  0.22220825836040595       -3.7599875758109339E-005   1.2121212121212121E-002   1.0018161480398358        1.0101010101010102E-002   1.0018161480398358        1.0000000000000000        5.9360407968434004E-004
  0.23230914106636952       -3.7952479868766012E-005   1.2121212121212121E-002   1.0018104307762548        1.0101010101010102E-002   1.0018104307762548        1.0000000000000000        5.9893502141949995E-004
  0.24241008052687907       -3.8152429120702639E-005   1.2121212121212121E-002   1.0018046740236608        1.0101010101010102E-002   1.0018046740236608        1.0000000000000000        6.0185164999815299E-004
  0.25251107701844766       -3.8198818258170174E-005   1.2121212121212121E-002   1.0017989009798842        1.0101010101010102E-002   1.0017989009798842        1.0000000000000000        6.0234397951663965E-004
  0.26261213058787425       -3.8091365007198848E-005   1.2121212121212121E-002   1.0017931348938640        1.0101010101010102E-002   1.0017931348938640        1.0000000000000000        6.0041115157627445E-004
  0.27271324105214484       -3.7830408381721481E-005   1.2121212121212121E-002   1.0017873989740793        1.0101010101010102E-002   1.0017873989740793        1.0000000000000000        5.9606229660680299E-004
  0.28281440799930296       -3.7416907936179916E-005   1.2121212121212121E-002   1.0017817162937119        1.0101010101010102E-002   1.0017817162937119        1.0000000000000000        5.8931631406711205E-004
  0.29291563079023542       -3.6852436961763185E-005   1.2121212121212121E-002   1.0017761096977917        1.0101010101010102E-002   1.0017761096977917        1.0000000000000000        5.8020174331296914E-004
  0.30301690856137675       -3.6139182521987108E-005   1.2121212121212121E-002   1.0017706017120358        1.0101010101010102E-002   1.0017706017120358        1.0000000000000000        5.6875650399668132E-004
  0.31311824022829687       -3.5279938883849551E-005   1.2121212121212121E-002   1.0017652144532003        1.0101010101010102E-002   1.0017652144532003        1.0000000000000000        5.5502781601113327E-004
  0.32321962449018088       -3.4278099673955456E-005   1.2121212121212121E-002   1.0017599695421142        1.0101010101010102E-002   1.0017599695421142        1.0000000000000000        5.3907175907941252E-004
  0.33332105983513050       -3.3137632667927424E-005   1.2121212121212121E-002   1.0017548880162683        1.0101010101010102E-002   1.0017548880162683        1.0000000000000000        5.2095383827399644E-004
  0.34342254454637772       -3.1863078022997273E-005   1.2121212121212121E-002   1.0017499902449500        1.0101010101010102E-002   1.0017499902449500        1.0000000000000000        5.0074780467390667E-004
  0.35352407670927710       -3.0459526785760257E-005   1.2121212121212121E-002   1.0017452958527646        1.0101010101010102E-002   1.0017452958527646        1.0000000000000000        4.7853517347995478E-004
  0.36362565421901005       -2.8932601126579297E-005   1.2121212121212121E-002   1.0017408236399161        1.0101010101010102E-002   1.0017408236399161        1.0000000000000000        4.5440629979243141E-004
  0.37372727478917017       -2.7288430408787875E-005   1.2121212121212121E-002   1.0017365915070306        1.0101010101010102E-002   1.0017365915070306        1.0000000000000000        4.2845843802119532E-004
  0.38382893596095846       -2.5533625479125044E-005   1.2121212121212121E-002   1.0017326163864639        1.0101010101010102E-002   1.0017326163864639        1.0000000000000000        4.0079629867761923E-004
  0.39393063511311982       -2.3675259929042804E-005   1.2121212121212121E-002   1.0017289141755210        1.0101010101010102E-002   1.0017289141755210        1.0000000000000000        3.7153104632370315E-004
  0.40403236947246668       -2.1720833809599496E-005   1.2121212121212121E-002   1.0017254996744909        1.0101010101010102E-002   1.0017254996744909        1.0000000000000000        3.4078036617657403E-004
  0.41413413612503913       -1.9678245696916385E-005   1.2121212121212121E-002   1.0017223865279639        1.0101010101010102E-002   1.0017223865279639        1.0000000000000000        3.0866769245552206E-004
  0.42423593202779386       -1.7555756581754505E-005   1.2121212121212121E-002   1.0017195871711979        1.0101010101010102E-002   1.0017195871711979        1.0000000000000000        2.7532191251111726E-004
  0.43433775402083008       -1.5361966950432638E-005   1.2121212121212121E-002   1.0017171127833540        1.0101010101010102E-002   1.0017171127833540        1.0000000000000000        2.4087621240020951E-004
  0.44443959883999890       -1.3105771123723854E-005   1.2121212121212121E-002   1.0017149732441561        1.0101010101010102E-002   1.0017149732441561        1.0000000000000000        2.0546856495329280E-004
  0.45454146312998495       -1.0796322329778777E-005   1.2121212121212121E-002   1.0017131770927394        1.0101010101010102E-002   1.0017131770927394        1.0000000000000000        1.6924073590640631E-004
  0.46464334345774577       -8.4429922266801199E-006   1.2121212121212121E-002   1.0017117314963158        1.0101010101010102E-002   1.0017117314963158        1.0000000000000000        1.3233729154737972E-004
  0.47474523632620197       -6.0553448949719329E-006   1.2121212121212121E-002   1.0017106422224811        1.0101010101010102E-002   1.0017106422224811        1.0000000000000000        9.4905740906980895E-005
  0.48484713818822950       -3.6430840644500931E-006   1.2121212121212121E-002   1.0017099136169463        1.0101010101010102E-002   1.0017099136169463        1.0000000000000000        5.7095298509501902E-005
  0.49494904546079149       -1.2160098362848296E-006   1.2121212121212121E-002   1.0017095485867569        1.0101010101010102E-002   1.0017095485867569        1.0000000000000000        1.9057044839954074E-005
  0.50505095453925730        1.2160097592110480E-006   1.2121212121212121E-002   1.0017095485866245        1.0101010101010102E-002   1.0017095485866245        1.0000000000000000       -1.9057023419755126E-005
  0.51515286181182296        3.6430835768754420E-006   1.2121212121212121E-002   1.0017099136170382        1.0101010101010102E-002   1.0017099136170382        1.0000000000000000       -5.7095358174663602E-005
  0.52525476367384394        6.0553454171773375E-006   1.2121212121212121E-002   1.0017106422222595        1.0101010101010102E-002   1.0017106422222595        1.0000000000000000       -9.4905614311358022E-005
  0.53535665654231135        8.4429923328856543E-006   1.2121212121212121E-002   1.0017117314959714        1.0101010101010102E-002   1.0017117314959714        1.0000000000000000       -1.3233739874340955E-004
  0.54545853687006940        1.0796322175462986E-005   1.2121212121212121E-002   1.0017131770931129        1.0101010101010102E-002   1.0017131770931129        1.0000000000000000       -1.6924077396129888E-004
  0.55556040116004879        1.3105771250668525E-005   1.2121212121212121E-002   1.0017149732441801        1.0101010101010102E-002   1.0017149732441801        1.0000000000000000       -2.0546845987645668E-004
  0.56566224597922421        1.5361966494667360E-005   1.2121212121212121E-002   1.0017171127832161        1.0101010101010102E-002   1.0017171127832161        1.0000000000000000       -2.4087627985824867E-004
  0.57576406797225754        1.7555756972501077E-005   1.2121212121212121E-002   1.0017195871714273        1.0101010101010102E-002   1.0017195871714273        1.0000000000000000       -2.7532192069923411E-004
  0.58586586387500950        1.9678245411885807E-005   1.2121212121212121E-002   1.0017223865279758        1.0101010101010102E-002   1.0017223865279758        1.0000000000000000       -3.0866764404269276E-004
  0.59596763052758461        2.1720834208237860E-005   1.2121212121212121E-002   1.0017254996743126        1.0101010101010102E-002   1.0017254996743126        1.0000000000000000       -3.4078036679563439E-004
  0.60606936488693253        2.3675259725978588E-005   1.2121212121212121E-002   1.0017289141752961        1.0101010101010102E-002   1.0017289141752961        1.0000000000000000       -3.7153103654752329E-004
  0.61617106403909783        2.5533625469771490E-005   1.2121212121212121E-002   1.0017326163865181        1.0101010101010102E-002   1.0017326163865181        1.0000000000000000       -4.0079637187506734E-004
  0.62627272521088118        2.7288430900630482E-005   1.2121212121212121E-002   1.0017365915073881        1.0101010101010102E-002   1.0017365915073881        1.0000000000000000       -4.2845842881256146E-004
  0.63637434578103824        2.8932601173775989E-005   1.2121212121212121E-002   1.0017408236400633        1.0101010101010102E-002   1.0017408236400633        1.0000000000000000       -4.5440626519788196E-004
  0.64647592329077153        3.0459526148007061E-005   1.2121212121212121E-002   1.0017452958527773        1.0101010101010102E-002   1.0017452958527773        1.0000000000000000       -4.7853517885609875E-004
  0.65657745545367063        3.1863078269188727E-005   1.2121212121212121E-002   1.0017499902449774        1.0101010101010102E-002   1.0017499902449774        1.0000000000000000       -5.0074779987951956E-004
  0.66667894016491691        3.3137633163426323E-005   1.2121212121212121E-002   1.0017548880159577        1.0101010101010102E-002   1.0017548880159577        1.0000000000000000       -5.2095377025995759E-004
  0.67678037550987402        3.4278099364625075E-005   1.2121212121212121E-002   1.0017599695417210        1.0101010101010102E-002   1.0017599695417210        1.0000000000000000       -5.3907181173151741E-004
  0.68688175977175936        3.5279939157617240E-005   1.2121212121212121E-002   1.0017652144533029        1.0101010101010102E-002   1.0017652144533029        1.0000000000000000       -5.5502786773686807E-004
  0.69698309143867521        3.6139182008635906E-005   1.2121212121212121E-002   1.0017706017121562        1.0101010101010102E-002   1.0017706017121562        1.0000000000000000       -5.6875645903353700E-004
  0.70708436920981821        3.6852437457957126E-005   1.2121212121212121E-002   1.0017761096977853        1.0101010101010102E-002   1.0017761096977853        1.0000000000000000       -5.8020175944140107E-004
  0.71718559200074972        3.7416907770482253E-005   1.2121212121212121E-002   1.0017817162938951        1.0101010101010102E-002   1.0017817162938951        1.0000000000000000       -5.8931633755054946E-004
  0.72728675894790495        3.7830408343330681E-005   1.2121212121212121E-002   1.0017873989743422        1.0101010101010102E-002   1.0017873989743422        1.0000000000000000       -5.9606229355679829E-004
  0.73738786941217283        3.8091364815223195E-005   1.2121212121212121E-002   1.0017931348939482        1.0101010101010102E-002   1.0017931348939482        1.0000000000000000       -6.0041111068187547E-004
  0.74748892298160019        3.8198818719262642E-005   1.2121212121212121E-002   1.0017989009796784        1.0101010101010102E-002   1.0017989009796784        1.0000000000000000       -6.0234396443803462E-004
  0.75758991947317333        3.8152428178472296E-005   1.2121212121212121E-002   1.0018046740238191        1.0101010101010102E-002   1.0018046740238191        1.0000000000000000       -6.0185173970772610E-004
  0.76769085893367417        3.7952480308098712E-005   1.2121212121212121E-002   1.0018104307762268        1.0101010101010102E-002   1.0018104307762268        1.0000000000000000       -5.9893489181472859E-004
  0.77779174163964648        3.7599875966342129E-005   1.2121212121212121E-002   1.0018161480393508        1.0101010101010102E-002   1.0018161480393508        1.0000000000000000       -5.9360411304520966E-004
  0.78789256809636554        3.7096122681295419E-005   1.2121212121212121E-002   1.0018218027613095        1.0101010101010102E-002   1.0018218027613095        1.0000000000000000       -5.8587924378183942E-004
  0.79799333903596570        3.6443338320694502E-005   1.2121212121212121E-002   1.0018273721273070        1.0101010101010102E-002   1.0018273721273070        1.0000000000000000       -5.7579008643227070E-004
  0.80809405541461743        3.5644235688425224E-005   1.2121212121212121E-002   1.0018328336557079        1.0101010101010102E-002   1.0018328336557079        1.0000000000000000       -5.6337645692039473E-004
  0.81819471840873548        3.4702107722496167E-005   1.2121212121212121E-002   1.0018381652876118        1.0101010101010102E-002   1.0018381652876118        1.0000000000000000       -5.4868690434695111E-004
  0.82829532941040196        3.3620816775719325E-005   1.2121212121212121E-002   1.0018433454768056        1.0101010101010102E-002   1.0018433454768056        1.0000000000000000       -5.3177992632313931E-004
  0.83839589002179205        3.2404771528906108E-005   1.2121212121212121E-002   1.0018483532772084        1.0101010101010102E-002   1.0018483532772084        1.0000000000000000       -5.1272231346022323E-004
  0.84849640204887444        3.1058920013921247E-005   1.2121212121212121E-002   1.0018531684293468        1.0101010101010102E-002   1.0018531684293468        1.0000000000000000       -4.9159061306713880E-004
  0.85859686749412945        2.9588721377548129E-005   1.2121212121212121E-002   1.0018577714448826        1.0101010101010102E-002   1.0018577714448826        1.0000000000000000       -4.6846919723098068E-004
  0.86869728854857120        2.8000119258964848E-005   1.2121212121212121E-002   1.0018621436840165        1.0101010101010102E-002   1.0018621436840165        1.0000000000000000       -4.4345076479235246E-004
  0.87879766758295308        2.6299523119063705E-005   1.2121212121212121E-002   1.0018662674329606        1.0101010101010102E-002   1.0018662674329606        1.0000000000000000       -4.1663577485184788E-004
  0.88889800713825362        2.4493783412143866E-005   1.2121212121212121E-002   1.0018701259776799        1.0101010101010102E-002   1.0018701259776799        1.0000000000000000       -3.8813234780121775E-004
  0.89899830991542917        2.2590165067486253E-005   1.2121212121212121E-002   1.0018737036740823        1.0101010101010102E-002   1.0018737036740823        1.0000000000000000       -3.5805554211254531E-004
  0.90909857876450806        2.0596308363728334E-005   1.2121212121212121E-002   1.0018769860107697        1.0101010101010102E-002   1.0018769860107697        1.0000000000000000       -3.2652652660836168E-004
  0.91919881667311298        1.8520204888368613E-005   1.2121212121212121E-002   1.0018799596681909        1.0101010101010102E-002   1.0018799596681909        1.0000000000000000       -2.9367267528446206E-004
  0.92929902675439369        1.6370171866140095E-005   1.2121212121212121E-002   1.0018826125766480        1.0101010101010102E-002   1.0018826125766480        1.0000000000000000       -2.5962726583994566E-004
  0.93939921223439449        1.4154813331959040E-005   1.2121212121212121E-002   1.0018849339668305        1.0101010101010102E-002   1.0018849339668305        1.0000000000000000       -2.2452818376805794E-004
  0.94949937643898741        1.1882983409875961E-005   1.2121212121212121E-002   1.0018869144111151        1.0101010101010102E-002   1.0018869144111151        1.0000000000000000       -1.8851728275759427E-004
  0.95959952278044081        9.5637522253242201E-006   1.2121212121212121E-002   1.0018885458637281        1.0101010101010102E-002   1.0018885458637281        1.0000000000000000       -1.5174080467783568E-004
  0.96969965474355624        7.2063803716204883E-006   1.2121212121212121E-002   1.0018898216972856        1.0101010101010102E-002   1.0018898216972856        1.0000000000000000       -1.1434825476630550E-004
  0.97979977587150568        4.8202755093639347E-006   1.2121212121212121E-002   1.0018907367293253        1.0101010101010102E-002   1.0018907367293253        1.0000000000000000       -7.6491383414811764E-005
  0.98989988975144927        2.4149534626798101E-006   1.2121212121212121E-002   1.0018912872408516        1.0101010101010102E-002   1.0018912872408516        1.0000000000000000       -3.8323505054727036E-005
   1.0000000000000178        4.2012757959358381E-013   1.2121212121212121E-002   1.0018914709929869        1.0101010101010102E-002   1.0018914709929869        1.0000000000000000        1.2912160229916481E-010
   1.0101001102486000       -2.5075542605181153E-006   1.2121212121212121E-002   1.0018912872404611        1.0101010101010102E-002   1.0018912872404611        1.0000000000000000        3.8323453513733341E-005
   1.0202002241285479       -5.0051014781268383E-006   1.2121212121212121E-002   1.0018907367292249        1.0101010101010102E-002   1.0018907367292249        1.0000000000000000        7.6491285969204625E-005
   1.0303003452564949       -7.4826799399043175E-006   1.2121212121212121E-002   1.0018898216974224        1.0101010101010102E-002   1.0018898216974224        1.0000000000000000        1.1434826365430695E-004
   1.0404004772196094       -9.9304027615865618E-006   1.2121212121212121E-002   1.0018885458636371        1.0101010101010102E-002   1.0018885458636371        1.0000000000000000        1.5174084717894942E-004
   1.0505006235610657       -1.2338495832039428E-005   1.2121212121212121E-002   1.0018869144108054        1.0101010101010102E-002   1.0018869144108054        1.0000000000000000        1.8851728679170066E-004
   1.0606007877656627       -1.4697338962554273E-005   1.2121212121212121E-002   1.0018849339667841        1.0101010101010102E-002   1.0018849339667841        1.0000000000000000        2.2452812079620799E-004
   1.0707009732456600       -1.6997506071207645E-005   1.2121212121212121E-002   1.0018826125767468        1.0101010101010102E-002   1.0018826125767468        1.0000000000000000        2.5962729880113500E-004
   1.0808011833269413       -1.9229800852884566E-005   1.2121212121212121E-002   1.0018799596679859        1.0101010101010102E-002   1.0018799596679859        1.0000000000000000        2.9367270762836739E-004
   1.0909014212355506       -2.1385287185988511E-005   1.2121212121212121E-002   1.0018769860107537        1.0101010101010102E-002   1.0018769860107537        1.0000000000000000        7.6303984574696528     
   1.1010016900846260       -2.3455325276964863E-005   1.2121212121212121E-002   1.0018737036744672        1.0101010101010102E-002   1.0018737036744672        1.0000000000000000        93.411126769619599     
  -1.0100110248550731E-002   2.5075544104488198E-006   1.2121212121212121E-002   1.0018912872408516        1.0101010101010102E-002   1.0018912872408516        1.0000000000000000       -3.8323452645094847E-005
  -2.0200224128494315E-002   5.0051015026156857E-006   1.2121212121212121E-002   1.0018907367293253        1.0101010101010102E-002   1.0018907367293253        1.0000000000000000       -7.6491348527163439E-005
  -3.0300345256443761E-002   7.4826797389155464E-006   1.2121212121212121E-002   1.0018898216972856        1.0101010101010102E-002   1.0018898216972856        1.0000000000000000       -1.1434825476275279E-004
  -4.0400477219559194E-002   9.9304027419801106E-006   1.2121212121212121E-002   1.0018885458637281        1.0101010101010102E-002   1.0018885458637281        1.0000000000000000       -1.5174080467872386E-004
  -5.0500623561012592E-002   1.2338496233217681E-005   1.2121212121212121E-002   1.0018869144111151        1.0101010101010102E-002   1.0018869144111151        1.0000000000000000       -1.8851728274515978E-004
  -6.0600787765605513E-002   1.4697338513667608E-005   1.2121212121212121E-002   1.0018849339668305        1.0101010101010102E-002   1.0018849339668305        1.0000000000000000       -2.2452818376361705E-004
  -7.0700973245606313E-002   1.6997505823897951E-005   1.2121212121212121E-002   1.0018826125766480        1.0101010101010102E-002   1.0018826125766480        1.0000000000000000       -2.5962726583195206E-004
  -8.0801183326887016E-002   1.9229801165412331E-005   1.2121212121212121E-002   1.0018799596681909        1.0101010101010102E-002   1.0018799596681909        1.0000000000000000       -2.9367267527913299E-004
  -9.0901421235491942E-002   2.1385287422280664E-005   1.2121212121212121E-002   1.0018769860107697        1.0101010101010102E-002   1.0018769860107697        1.0000000000000000       -7.6303984575071695     
 -0.10100169008457083        2.3455325475890856E-005   1.2121212121212121E-002   1.0018737036740823        1.0101010101010102E-002   1.0018737036740823        1.0000000000000000       -93.411126769619969     
