 # x v h rho m p cs a
   12.350999999998594     
   1.1767302191101702E-007  -7.8666167856322241E-006   1.2121212121212121E-002   1.0017996733710686        1.0101010101010102E-002   1.0017996733710686        1.0000000000000000        1.2434497875801753E-014
   1.0101148469840265E-002  -8.3173219301434727E-006   1.2121212121212121E-002   1.0017974838691086        1.0101010101010102E-002   1.0017974838691086        1.0000000000000000       -1.4210854715202004E-014
   2.0202196244505938E-002  -8.5774095344991992E-006   1.2121212121212121E-002   1.0017954937504596        1.0101010101010102E-002   1.0017954937504596        1.0000000000000000       -9.9475983006414026E-014
   3.0303265830243918E-002  -8.5796632241747207E-006   1.2121212121212121E-002   1.0017935613301445        1.0101010101010102E-002   1.0017935613301445        1.0000000000000000        6.1284310959308641E-014
   4.0404352614690546E-002  -8.8163999229565504E-006   1.2121212121212121E-002   1.0017921207507965        1.0101010101010102E-002   1.0017921207507965        1.0000000000000000        3.5527136788005009E-015
   5.0505450499501475E-002  -9.5616652366119025E-006   1.2121212121212121E-002   1.0017910781461763        1.0101010101010102E-002   1.0017910781461763        1.0000000000000000        4.4408920985006262E-015
   6.0606557084971154E-002  -1.0431378558079775E-005   1.2121212121212121E-002   1.0017899758698792        1.0101010101010102E-002   1.0017899758698792        1.0000000000000000       -8.8817841970012523E-015
   7.0707676887542439E-002  -1.1360913307535339E-005   1.2121212121212121E-002   1.0017888828375747        1.0101010101010102E-002   1.0017888828375747        1.0000000000000000       -5.1514348342607263E-014
   8.0808805698867628E-002  -1.2581277809937366E-005   1.2121212121212121E-002   1.0017881772980455        1.0101010101010102E-002   1.0017881772980455        1.0000000000000000        2.1316282072803006E-014
   9.0909939724086494E-002  -1.4027139396070282E-005   1.2121212121212121E-002   1.0017880699915589        1.0101010101010102E-002   1.0017880699915589        1.0000000000000000        7.1054273576010019E-015
  0.10101107103177327       -1.5678315235048268E-005   1.2121212121212121E-002   1.0017887742818106        1.0101010101010102E-002   1.0017887742818106        1.0000000000000000        7.1054273576010019E-015
  0.11111219084527196       -1.7395144733088678E-005   1.2121212121212121E-002   1.0017900856017370        1.0101010101010102E-002   1.0017900856017370        1.0000000000000000        3.5527136788005009E-015
  0.12121329513861735       -1.9188892349626479E-005   1.2121212121212121E-002   1.0017913349588645        1.0101010101010102E-002   1.0017913349588645        1.0000000000000000        1.9539925233402755E-014
  0.13131438974155599       -2.0948629336178626E-005   1.2121212121212121E-002   1.0017922081856450        1.0101010101010102E-002   1.0017922081856450        1.0000000000000000        8.0824236192711396E-014
  0.14141547755751660       -2.2638300345020870E-005   1.2121212121212121E-002   1.0017931379640332        1.0101010101010102E-002   1.0017931379640332        1.0000000000000000        2.2204460492503131E-014
  0.15151655411013853       -2.4359788061085682E-005   1.2121212121212121E-002   1.0017943164445851        1.0101010101010102E-002   1.0017943164445851        1.0000000000000000       -6.2172489379008766E-015
  0.16161761803269403       -2.5961199010156388E-005   1.2121212121212121E-002   1.0017954116957035        1.0101010101010102E-002   1.0017954116957035        1.0000000000000000       -6.2172489379008766E-015
  0.17171867288509388       -2.7346348023759495E-005   1.2121212121212121E-002   1.0017963752734642        1.0101010101010102E-002   1.0017963752734642        1.0000000000000000       -6.2172489379008766E-015
  0.18181971806860955       -2.8217673273148890E-005   1.2121212121212121E-002   1.0017973634014898        1.0101010101010102E-002   1.0017973634014898        1.0000000000000000       -6.2172489379008766E-015
  0.19192075315077370       -2.8730365365568069E-005   1.2121212121212121E-002   1.0017982106361767        1.0101010101010102E-002   1.0017982106361767        1.0000000000000000       -6.2172489379008766E-015
  0.20202178077681276       -2.9005512259073712E-005   1.2121212121212121E-002   1.0017984522735186        1.0101010101010102E-002   1.0017984522735186        1.0000000000000000       -6.2172489379008766E-015
  0.21212281132826161       -2.8919031449095805E-005   1.2121212121212121E-002   1.0017982454408128        1.0101010101010102E-002   1.0017982454408128        1.0000000000000000       -6.2172489379008766E-015
  0.22222384421685853       -2.8993587939823080E-005   1.2121212121212121E-002   1.0017982859234575        1.0101010101010102E-002   1.0017982859234575        1.0000000000000000       -1.7763568394002505E-015
  0.23232487424778717       -2.9021752077288124E-005   1.2121212121212121E-002   1.0017987532828558        1.0101010101010102E-002   1.0017987532828558        1.0000000000000000       -5.6843418860808015E-014
  0.24242589713049728       -2.9158079531934391E-005   1.2121212121212121E-002   1.0017992063924837        1.0101010101010102E-002   1.0017992063924837        1.0000000000000000       -1.8562928971732617E-013
  0.25252691788471276       -2.9227498149473331E-005   1.2121212121212121E-002   1.0017994723417887        1.0101010101010102E-002   1.0017994723417887        1.0000000000000000        1.8385293287792592E-013
  0.26262793650365651       -2.9326606955884109E-005   1.2121212121212121E-002   1.0018001152248561        1.0101010101010102E-002   1.0018001152248561        1.0000000000000000        5.0626169922907138E-014
  0.27272894487135113       -2.9122152612286703E-005   1.2121212121212121E-002   1.0018013318865380        1.0101010101010102E-002   1.0018013318865380        1.0000000000000000       -6.2172489379008766E-015
  0.28282993878392726       -2.8703583975992295E-005   1.2121212121212121E-002   1.0018027231900319        1.0101010101010102E-002   1.0018027231900319        1.0000000000000000       -6.2172489379008766E-015
  0.29293091894106704       -2.8439269648535925E-005   1.2121212121212121E-002   1.0018038503926707        1.0101010101010102E-002   1.0018038503926707        1.0000000000000000       -6.2172489379008766E-015
  0.30303189066123004       -2.8210467984722730E-005   1.2121212121212121E-002   1.0018047160463934        1.0101010101010102E-002   1.0018047160463934        1.0000000000000000       -6.2172489379008766E-015
  0.31313285357298065       -2.7984430901774570E-005   1.2121212121212121E-002   1.0018052467146119        1.0101010101010102E-002   1.0018052467146119        1.0000000000000000       -6.2172489379008766E-015
  0.32323381485389291       -2.7433185865737782E-005   1.2121212121212121E-002   1.0018055008286677        1.0101010101010102E-002   1.0018055008286677        1.0000000000000000       -6.2172489379008766E-015
  0.33333477351521673       -2.6398393174282757E-005   1.2121212121212121E-002   1.0018059126578596        1.0101010101010102E-002   1.0018059126578596        1.0000000000000000       -6.2172489379008766E-015
  0.34343572652205334       -2.4919555732224361E-005   1.2121212121212121E-002   1.0018064152584587        1.0101010101010102E-002   1.0018064152584587        1.0000000000000000       -6.2172489379008766E-015
  0.35353667469390732       -2.3288252233181923E-005   1.2121212121212121E-002   1.0018066892390247        1.0101010101010102E-002   1.0018066892390247        1.0000000000000000       -6.2172489379008766E-015
  0.36363762239256914       -2.1861326861645907E-005   1.2121212121212121E-002   1.0018068177942470        1.0101010101010102E-002   1.0018068177942470        1.0000000000000000       -6.2172489379008766E-015
  0.37373856903868646       -2.0473724032865450E-005   1.2121212121212121E-002   1.0018073806807661        1.0101010101010102E-002   1.0018073806807661        1.0000000000000000       -6.2172489379008766E-015
  0.38383950555308433       -1.9286914586866213E-005   1.2121212121212121E-002   1.0018083413565364        1.0101010101010102E-002   1.0018083413565364        1.0000000000000000       -6.2172489379008766E-015
  0.39394043217609942       -1.8299057296370717E-005   1.2121212121212121E-002   1.0018090880920800        1.0101010101010102E-002   1.0018090880920800        1.0000000000000000       -6.2172489379008766E-015
  0.40404135361532612       -1.7125886445776591E-005   1.2121212121212121E-002   1.0018094088609317        1.0101010101010102E-002   1.0018094088609317        1.0000000000000000       -6.2172489379008766E-015
  0.41414227435105255       -1.5484391593019800E-005   1.2121212121212121E-002   1.0018095739868575        1.0101010101010102E-002   1.0018095739868575        1.0000000000000000       -6.2172489379008766E-015
  0.42424319311617381       -1.3885776354798587E-005   1.2121212121212121E-002   1.0018099346619611        1.0101010101010102E-002   1.0018099346619611        1.0000000000000000       -6.2172489379008766E-015
  0.43434410659125683       -1.2495893237904478E-005   1.2121212121212121E-002   1.0018104179792644        1.0101010101010102E-002   1.0018104179792644        1.0000000000000000       -6.2172489379008766E-015
  0.44444501528312325       -1.0702825384677833E-005   1.2121212121212121E-002   1.0018107181519793        1.0101010101010102E-002   1.0018107181519793        1.0000000000000000       -6.2172489379008766E-015
  0.45454592280368489       -8.3630660591069365E-006   1.2121212121212121E-002   1.0018108135508419        1.0101010101010102E-002   1.0018108135508419        1.0000000000000000       -6.2172489379008766E-015
  0.46464682996805468       -6.0572813244984010E-006   1.2121212121212121E-002   1.0018109050521129        1.0101010101010102E-002   1.0018109050521129        1.0000000000000000       -6.2172489379008766E-015
  0.47474773565121420       -3.9943329474020436E-006   1.2121212121212121E-002   1.0018109876297836        1.0101010101010102E-002   1.0018109876297836        1.0000000000000000        5.3290705182007514E-015
  0.48484864105763525       -2.1265472902875394E-006   1.2121212121212121E-002   1.0018109902959922        1.0101010101010102E-002   1.0018109902959922        1.0000000000000000       -7.0166095156309893E-014
  0.49494954673510838       -6.7302373484133704E-007   1.2121212121212121E-002   1.0018109420237431        1.0101010101010102E-002   1.0018109420237431        1.0000000000000000       -4.4941828036826337E-013
  0.50505045326545384        6.7302379150573157E-007   1.2121212121212121E-002   1.0018109420236239        1.0101010101010102E-002   1.0018109420236239        1.0000000000000000       -6.9277916736609768E-014
  0.51515135894293007        2.1265474431918921E-006   1.2121212121212121E-002   1.0018109902960106        1.0101010101010102E-002   1.0018109902960106        1.0000000000000000        1.5987211554602254E-014
  0.52525226434934735        3.9943331610046412E-006   1.2121212121212121E-002   1.0018109876297965        1.0101010101010102E-002   1.0018109876297965        1.0000000000000000        1.7763568394002505E-015
  0.53535317003251026        6.0572812245390891E-006   1.2121212121212121E-002   1.0018109050520347        1.0101010101010102E-002   1.0018109050520347        1.0000000000000000        1.7763568394002505E-015
  0.54545407719687833        8.3630663916421223E-006   1.2121212121212121E-002   1.0018108135507446        1.0101010101010102E-002   1.0018108135507446        1.0000000000000000        1.7763568394002505E-015
  0.55555498471744380        1.0702825197872313E-005   1.2121212121212121E-002   1.0018107181519824        1.0101010101010102E-002   1.0018107181519824        1.0000000000000000        1.7763568394002505E-015
  0.56565589340930644        1.2495893074101235E-005   1.2121212121212121E-002   1.0018104179794229        1.0101010101010102E-002   1.0018104179794229        1.0000000000000000        1.7763568394002505E-015
  0.57575680688438968        1.3885776862758349E-005   1.2121212121212121E-002   1.0018099346620284        1.0101010101010102E-002   1.0018099346620284        1.0000000000000000        1.7763568394002505E-015
  0.58585772564950911        1.5484391527700766E-005   1.2121212121212121E-002   1.0018095739866848        1.0101010101010102E-002   1.0018095739866848        1.0000000000000000        1.7763568394002505E-015
  0.59595864638524143        1.7125886555621433E-005   1.2121212121212121E-002   1.0018094088608800        1.0101010101010102E-002   1.0018094088608800        1.0000000000000000        1.7763568394002505E-015
  0.60605956782446346        1.8299057269672520E-005   1.2121212121212121E-002   1.0018090880922681        1.0101010101010102E-002   1.0018090880922681        1.0000000000000000        1.7763568394002505E-015
  0.61616049444747900        1.9286914631391056E-005   1.2121212121212121E-002   1.0018083413566630        1.0101010101010102E-002   1.0018083413566630        1.0000000000000000        1.7763568394002505E-015
  0.62626143096187348        2.0473723863729413E-005   1.2121212121212121E-002   1.0018073806805896        1.0101010101010102E-002   1.0018073806805896        1.0000000000000000        1.7763568394002505E-015
  0.63636237760799841        2.1861327073134926E-005   1.2121212121212121E-002   1.0018068177941692        1.0101010101010102E-002   1.0018068177941692        1.0000000000000000        1.7763568394002505E-015
  0.64646332530665429        2.3288252576510157E-005   1.2121212121212121E-002   1.0018066892391222        1.0101010101010102E-002   1.0018066892391222        1.0000000000000000        1.7763568394002505E-015
  0.65656427347851154        2.4919555933480562E-005   1.2121212121212121E-002   1.0018064152583674        1.0101010101010102E-002   1.0018064152583674        1.0000000000000000        1.7763568394002505E-015
  0.66666522648534765        2.6398393175394508E-005   1.2121212121212121E-002   1.0018059126580436        1.0101010101010102E-002   1.0018059126580436        1.0000000000000000        1.7763568394002505E-015
  0.67676618514666731        2.7433186006152527E-005   1.2121212121212121E-002   1.0018055008286058        1.0101010101010102E-002   1.0018055008286058        1.0000000000000000        1.7763568394002505E-015
  0.68686714642758528        2.7984430719114212E-005   1.2121212121212121E-002   1.0018052467144696        1.0101010101010102E-002   1.0018052467144696        1.0000000000000000        1.7763568394002505E-015
  0.69696810933933362        2.8210467835333349E-005   1.2121212121212121E-002   1.0018047160464927        1.0101010101010102E-002   1.0018047160464927        1.0000000000000000        1.7763568394002505E-015
  0.70706908105949584        2.8439270067873250E-005   1.2121212121212121E-002   1.0018038503924698        1.0101010101010102E-002   1.0018038503924698        1.0000000000000000        1.7763568394002505E-015
  0.71717006121664129        2.8703583961594459E-005   1.2121212121212121E-002   1.0018027231899904        1.0101010101010102E-002   1.0018027231899904        1.0000000000000000        1.7763568394002505E-015
  0.72727105512921253        2.9122152599938870E-005   1.2121212121212121E-002   1.0018013318866523        1.0101010101010102E-002   1.0018013318866523        1.0000000000000000        1.7763568394002505E-015
  0.73737206349690931        2.9326607388802133E-005   1.2121212121212121E-002   1.0018001152248708        1.0101010101010102E-002   1.0018001152248708        1.0000000000000000        1.7763568394002505E-015
  0.74747308211585084        2.9227498039715602E-005   1.2121212121212121E-002   1.0017994723418231        1.0101010101010102E-002   1.0017994723418231        1.0000000000000000        1.7763568394002505E-015
  0.75757410287006810        2.9158079604489607E-005   1.2121212121212121E-002   1.0017992063926449        1.0101010101010102E-002   1.0017992063926449        1.0000000000000000        1.7763568394002505E-015
  0.76767512575277252        2.9021752190478261E-005   1.2121212121212121E-002   1.0017987532827588        1.0101010101010102E-002   1.0017987532827588        1.0000000000000000        1.7763568394002505E-015
  0.77777615578370918        2.8993587957917171E-005   1.2121212121212121E-002   1.0017982859233316        1.0101010101010102E-002   1.0017982859233316        1.0000000000000000        1.7763568394002505E-015
  0.78787718867230117        2.8919031492460087E-005   1.2121212121212121E-002   1.0017982454409600        1.0101010101010102E-002   1.0017982454409600        1.0000000000000000        1.7763568394002505E-015
  0.79797821922375090        2.9005512092550301E-005   1.2121212121212121E-002   1.0017984522733649        1.0101010101010102E-002   1.0017984522733649        1.0000000000000000        1.7763568394002505E-015
  0.80807924684979304        2.8730365574123793E-005   1.2121212121212121E-002   1.0017982106361860        1.0101010101010102E-002   1.0017982106361860        1.0000000000000000        1.7763568394002505E-015
  0.81818028193195369        2.8217673494364815E-005   1.2121212121212121E-002   1.0017973634015449        1.0101010101010102E-002   1.0017973634015449        1.0000000000000000        1.7763568394002505E-015
  0.82828132711547109        2.7346347938793749E-005   1.2121212121212121E-002   1.0017963752732089        1.0101010101010102E-002   1.0017963752732089        1.0000000000000000        1.7763568394002505E-015
  0.83838238196787518        2.5961199356750001E-005   1.2121212121212121E-002   1.0017954116956409        1.0101010101010102E-002   1.0017954116956409        1.0000000000000000        1.7763568394002505E-015
  0.84848344589042790        2.4359788171869481E-005   1.2121212121212121E-002   1.0017943164448515        1.0101010101010102E-002   1.0017943164448515        1.0000000000000000        1.7763568394002505E-015
  0.85858452244304651        2.2638300064433267E-005   1.2121212121212121E-002   1.0017931379641505        1.0101010101010102E-002   1.0017931379641505        1.0000000000000000        1.7763568394002505E-015
  0.86868561025900803        2.0948629229603473E-005   1.2121212121212121E-002   1.0017922081855326        1.0101010101010102E-002   1.0017922081855326        1.0000000000000000        1.7763568394002505E-015
  0.87878670486194832        1.9188892977338304E-005   1.2121212121212121E-002   1.0017913349587215        1.0101010101010102E-002   1.0017913349587215        1.0000000000000000        1.7763568394002505E-015
  0.88888780915529497        1.7395144751135115E-005   1.2121212121212121E-002   1.0017900856016548        1.0101010101010102E-002   1.0017900856016548        1.0000000000000000        1.7763568394002505E-015
  0.89898892896879445        1.5678315126957123E-005   1.2121212121212121E-002   1.0017887742820029        1.0101010101010102E-002   1.0017887742820029        1.0000000000000000        1.7763568394002505E-015
  0.90909006027647588        1.4027139555887908E-005   1.2121212121212121E-002   1.0017880699916100        1.0101010101010102E-002   1.0017880699916100        1.0000000000000000        1.7763568394002505E-015
  0.91919119430169904        1.2581277894946513E-005   1.2121212121212121E-002   1.0017881772979271        1.0101010101010102E-002   1.0017881772979271        1.0000000000000000        1.7763568394002505E-015
  0.92929232311302290        1.1360913393594813E-005   1.2121212121212121E-002   1.0017888828376320        1.0101010101010102E-002   1.0017888828376320        1.0000000000000000        1.7763568394002505E-015
  0.93939344291559412        1.0431378600388337E-005   1.2121212121212121E-002   1.0017899758699977        1.0101010101010102E-002   1.0017899758699977        1.0000000000000000        1.7763568394002505E-015
  0.94949454950106160        9.5616652101923587E-006   1.2121212121212121E-002   1.0017910781463408        1.0101010101010102E-002   1.0017910781463408        1.0000000000000000        1.7763568394002505E-015
  0.95959564738587055        8.8164000507910000E-006   1.2121212121212121E-002   1.0017921207505325        1.0101010101010102E-002   1.0017921207505325        1.0000000000000000        1.7763568394002505E-015
  0.96969673417032531        8.5796631170861544E-006   1.2121212121212121E-002   1.0017935613299689        1.0101010101010102E-002   1.0017935613299689        1.0000000000000000        8.8817841970012523E-016
  0.97979780375605918        8.5774099522676683E-006   1.2121212121212121E-002   1.0017954937506759        1.0101010101010102E-002   1.0017954937506759        1.0000000000000000       -3.2862601528904634E-014
  0.98989885153072354        8.3173217200956851E-006   1.2121212121212121E-002   1.0017974838691093        1.0101010101010102E-002   1.0017974838691093        1.0000000000000000        1.5010215292932116E-013
  0.99999988232754355        7.8666169831833755E-006   1.2121212121212121E-002   1.0017996733710068        1.0101010101010102E-002   1.0017996733710068        1.0000000000000000        1.0436096431476471E-012
   1.0101008924285537       -8.4217022243616922E-006   1.2121212121212121E-002   1.0017974838691086        1.0101010101010102E-002   1.0018007065327792        1.0000000000000000        1.4299672557172016E-013
   1.0202019025295639       -8.6876337159235667E-006   1.2121212121212121E-002   1.0017954937504596        1.0101010101010102E-002   1.0018004420579043        1.0000000000000000       -1.9677833450701065E-002
   1.0303029126305741       -8.6709800489387642E-006   1.2121212121212121E-002   1.0017935613301445        1.0101010101010102E-002   1.0018004115226273        1.0000000000000000       -1.3138325546267744     
   1.0404039227315842       -8.8749400111925762E-006   1.2121212121212121E-002   1.0017921207507965        1.0101010101010102E-002  0.99665637860081713        1.0000000000000000       -4.6453021478719450     
   1.0505049328325944       -9.6102083060244998E-006   1.2121212121212121E-002   1.0017910781461763        1.0101010101010102E-002  0.77867798353909146        1.0000000000000000        107.01218865918355     
  -1.0100892427988190E-002   8.4217019985687225E-006   1.2121212121212121E-002   1.0017974838691093        1.0101010101010102E-002   1.0018007065327779        1.0000000000000000        1.1546319456101628E-014
  -2.0201902528998294E-002   8.6876341285970004E-006   1.2121212121212121E-002   1.0017954937506759        1.0101010101010102E-002   1.0018004420579099        1.0000000000000000        1.9677833450746363E-002
  -3.0302912630008394E-002   8.6709799883068143E-006   1.2121212121212121E-002   1.0017935613299689        1.0101010101010102E-002   1.0018004115226338        1.0000000000000000        1.3138325546268277     
  -4.0403922731018498E-002   8.8749401020614831E-006   1.2121212121212121E-002   1.0017921207505325        1.0101010101010102E-002  0.99665637860082290        1.0000000000000000        4.6453021478716039     
  -5.0504932832028601E-002   9.6102082717219287E-006   1.2121212121212121E-002   1.0017910781463408        1.0101010101010102E-002  0.77867798353909445        1.0000000000000000       -107.01218865918408     
