 # x v h rho m p cs a
   31.001212121218362     
   3.0206420529849495E-014   2.6208476466501596E-013   1.2121212121212121E-002   1.0017162369885271        1.0101010101010102E-002   1.0017162369885271        1.0000000000000000        4.2514436415785894E-011
   1.0101842062559267E-002   3.2842675290315447E-006   1.2121212121212121E-002   1.0017164058857653        1.0101010101010102E-002   1.0017164058857653        1.0000000000000000       -3.5234828686725450E-005
   2.0203680786130416E-002   6.5552411809889671E-006   1.2121212121212121E-002   1.0017169119078382        1.0101010101010102E-002   1.0017169119078382        1.0000000000000000       -7.0329775728517063E-005
   3.0305512845040607E-002   9.7996920802953998E-006   1.2121212121212121E-002   1.0017177530444530        1.0101010101010102E-002   1.0017177530444530        1.0000000000000000       -1.0514511870418630E-004
   4.0407334940091633E-002   1.3004494958934178E-005   1.2121212121212121E-002   1.0017189259542225        1.0101010101010102E-002   1.0017189259542225        1.0000000000000000       -1.3954270570426530E-004
   5.0509143811669120E-002   1.6156682488842990E-005   1.2121212121212121E-002   1.0017204259774557        1.0101010101010102E-002   1.0017204259774557        1.0000000000000000       -1.7338559632040784E-004
   6.0610936252738758E-002   1.9243505167024878E-005   1.2121212121212121E-002   1.0017222471544207        1.0101010101010102E-002   1.0017222471544207        1.0000000000000000       -2.0653945220416858E-004
   7.0712709121559719E-002   2.2252487354756465E-005   1.2121212121212121E-002   1.0017243822470903        1.0101010101010102E-002   1.0017243822470903        1.0000000000000000       -2.3887179585990737E-004
   8.0814459354247442E-002   2.5171471021522008E-005   1.2121212121212121E-002   1.0017268227639424        1.0101010101010102E-002   1.0017268227639424        1.0000000000000000       -2.7025357431842423E-004
   9.0916183977018589E-002   2.7988657624435448E-005   1.2121212121212121E-002   1.0017295589989139        1.0101010101010102E-002   1.0017295589989139        1.0000000000000000       -3.0056039413750568E-004
  0.10101788011794539        3.0692673982337080E-005   1.2121212121212121E-002   1.0017325800654595        1.0101010101010102E-002   1.0017325800654595        1.0000000000000000       -3.2967034470310352E-004
  0.11111954501854272        3.3272608975349500E-005   1.2121212121212121E-002   1.0017358739344040        1.0101010101010102E-002   1.0017358739344040        1.0000000000000000       -3.5746693529858931E-004
  0.12122117604479078        3.5718062199493615E-005   1.2121212121212121E-002   1.0017394274854059        1.0101010101010102E-002   1.0017394274854059        1.0000000000000000       -3.8383896588900512E-004
  0.13132277069767340        3.8019172274818783E-005   1.2121212121212121E-002   1.0017432265566495        1.0101010101010102E-002   1.0017432265566495        1.0000000000000000       -4.0868042673292138E-004
  0.14142432662322926        4.0166674363098154E-005   1.2121212121212121E-002   1.0017472559984417        1.0101010101010102E-002   1.0017472559984417        1.0000000000000000       -4.3189123970321930E-004
  0.15152584162202762        4.2151933132996447E-005   1.2121212121212121E-002   1.0017514997307990        1.0101010101010102E-002   1.0017514997307990        1.0000000000000000       -4.5337743197304547E-004
  0.16162731365808294        4.3966971977004727E-005   1.2121212121212121E-002   1.0017559408068444        1.0101010101010102E-002   1.0017559408068444        1.0000000000000000       -4.7305216104920333E-004
  0.17172874086707138        4.5604503246092841E-005   1.2121212121212121E-002   1.0017605614798064        1.0101010101010102E-002   1.0017605614798064        1.0000000000000000       -4.9083551282613769E-004
  0.18183012156391995        4.7057965134206841E-005   1.2121212121212121E-002   1.0017653432732043        1.0101010101010102E-002   1.0017653432732043        1.0000000000000000       -5.0665524222459624E-004
  0.19193145424962291        4.8321546312643385E-005   1.2121212121212121E-002   1.0017702670489399        1.0101010101010102E-002   1.0017702670489399        1.0000000000000000       -5.2044564112563307E-004
  0.20203273761750284        4.9390205681468852E-005   1.2121212121212121E-002   1.0017753130836462        1.0101010101010102E-002   1.0017753130836462        1.0000000000000000       -5.3215044490695362E-004
  0.21213397055851430        5.0259688565771486E-005   1.2121212121212121E-002   1.0017804611516257        1.0101010101010102E-002   1.0017804611516257        1.0000000000000000       -5.4172124334606053E-004
  0.22223515216583720        5.0926547512281457E-005   1.2121212121212121E-002   1.0017856906001208        1.0101010101010102E-002   1.0017856906001208        1.0000000000000000       -5.4911752086539423E-004
  0.23233628173871723        5.1388162515804467E-005   1.2121212121212121E-002   1.0017909804299856        1.0101010101010102E-002   1.0017909804299856        1.0000000000000000       -5.5430762121222443E-004
  0.24243735878546219        5.1642736215150371E-005   1.2121212121212121E-002   1.0017963093816056        1.0101010101010102E-002   1.0017963093816056        1.0000000000000000       -5.5726900635200138E-004
  0.25253838302557569        5.1689307204850194E-005   1.2121212121212121E-002   1.0018016560213241        1.0101010101010102E-002   1.0018016560213241        1.0000000000000000       -5.5798809273355232E-004
  0.26263935439104152        5.1527753507848473E-005   1.2121212121212121E-002   1.0018069988260039        1.0101010101010102E-002   1.0018069988260039        1.0000000000000000       -5.5645992409480982E-004
  0.27274027302678722        5.1158792727675861E-005   1.2121212121212121E-002   1.0018123162669006        1.0101010101010102E-002   1.0018123162669006        1.0000000000000000       -5.5268843951683522E-004
  0.28284113929032495        5.0583977820656557E-005   1.2121212121212121E-002   1.0018175868999306        1.0101010101010102E-002   1.0018175868999306        1.0000000000000000       -5.4668747823249930E-004
  0.29294195375041215        4.9805682627621504E-005   1.2121212121212121E-002   1.0018227894522769        1.0101010101010102E-002   1.0018227894522769        1.0000000000000000       -5.3847909933057991E-004
  0.30304271718498810        4.8827099772990859E-005   1.2121212121212121E-002   1.0018279029081067        1.0101010101010102E-002   1.0018279029081067        1.0000000000000000       -5.2809499400741089E-004
  0.31314343057814237        4.7652228578587092E-005   1.2121212121212121E-002   1.0018329065939791        1.0101010101010102E-002   1.0018329065939791        1.0000000000000000       -5.1557497099263827E-004
  0.32324409511636032        4.6285847478173408E-005   1.2121212121212121E-002   1.0018377802621281        1.0101010101010102E-002   1.0018377802621281        1.0000000000000000       -5.0096816379152642E-004
  0.33334471218386058        4.4733504529123280E-005   1.2121212121212121E-002   1.0018425041777435        1.0101010101010102E-002   1.0018425041777435        1.0000000000000000       -4.8433253308211022E-004
  0.34344528335709296        4.3001484688217889E-005   1.2121212121212121E-002   1.0018470591977058        1.0101010101010102E-002   1.0018470591977058        1.0000000000000000       -4.6573364364377312E-004
  0.35354581039853494        4.1096795637733297E-005   1.2121212121212121E-002   1.0018514268473591        1.0101010101010102E-002   1.0018514268473591        1.0000000000000000       -4.4524542128332456E-004
  0.36364629524968245        3.9027131441366035E-005   1.2121212121212121E-002   1.0018555893998002        1.0101010101010102E-002   1.0018555893998002        1.0000000000000000       -4.2294995708136440E-004
  0.37374674002326819        3.6800835042213233E-005   1.2121212121212121E-002   1.0018595299504338        1.0101010101010102E-002   1.0018595299504338        1.0000000000000000       -3.9893676287583446E-004
  0.38384714699478167        3.4426879658435068E-005   1.2121212121212121E-002   1.0018632324862982        1.0101010101010102E-002   1.0018632324862982        1.0000000000000000       -3.7330233775811905E-004
  0.39394751859332100        3.1914822851219880E-005   1.2121212121212121E-002   1.0018666819509827        1.0101010101010102E-002   1.0018666819509827        1.0000000000000000       -3.4614968248547484E-004
  0.40404785739183735        2.9274768152701513E-005   1.2121212121212121E-002   1.0018698643080215        1.0101010101010102E-002   1.0018698643080215        1.0000000000000000       -3.1758852768515311E-004
  0.41414816609673716        2.6517326333363632E-005   1.2121212121212121E-002   1.0018727666027671        1.0101010101010102E-002   1.0018727666027671        1.0000000000000000       -2.8773478118360174E-004
  0.42424844753689400        2.3653573109082119E-005   1.2121212121212121E-002   1.0018753770159765        1.0101010101010102E-002   1.0018753770159765        1.0000000000000000       -2.5670933680199681E-004
  0.43434870465219821        2.0695005222965212E-005   1.2121212121212121E-002   1.0018776849111195        1.0101010101010102E-002   1.0018776849111195        1.0000000000000000       -2.2463791246085663E-004
  0.44444894048164318        1.7653495488935474E-005   1.2121212121212121E-002   1.0018796808795722        1.0101010101010102E-002   1.0018796808795722        1.0000000000000000       -1.9165081519112448E-004
  0.45454915815098207        1.4541240106469838E-005   1.2121212121212121E-002   1.0018813567825744        1.0101010101010102E-002   1.0018813567825744        1.0000000000000000       -1.5788253988358036E-004
  0.46464936085997971        1.1370717661971745E-005   1.2121212121212121E-002   1.0018827057857176        1.0101010101010102E-002   1.0018827057857176        1.0000000000000000       -1.2347056574402160E-004
  0.47474955186938800        8.1546380354351122E-006   1.2121212121212121E-002   1.0018837223852288        1.0101010101010102E-002   1.0018837223852288        1.0000000000000000       -8.8554824740683102E-005
  0.48484973448768931        4.9058869866952556E-006   1.2121212121212121E-002   1.0018844024313796        1.0101010101010102E-002   1.0018844024313796        1.0000000000000000       -5.3277686007824343E-005
  0.49494991205761113        1.6374826856256672E-006   1.2121212121212121E-002   1.0018847431491791        1.0101010101010102E-002   1.0018847431491791        1.0000000000000000       -1.7783393308157258E-005
  0.50505008794244743       -1.6374827942314003E-006   1.2121212121212121E-002   1.0018847431488664        1.0101010101010102E-002   1.0018847431488664        1.0000000000000000        1.7783464758558409E-005
  0.51515026551237619       -4.9058873764594026E-006   1.2121212121212121E-002   1.0018844024309148        1.0101010101010102E-002   1.0018844024309148        1.0000000000000000        5.3277644119553713E-005
  0.52525044813068122       -8.1546375572370934E-006   1.2121212121212121E-002   1.0018837223854349        1.0101010101010102E-002   1.0018837223854349        1.0000000000000000        8.8554720227840278E-005
  0.53535063914008063       -1.1370717629686339E-005   1.2121212121212121E-002   1.0018827057859891        1.0101010101010102E-002   1.0018827057859891        1.0000000000000000        1.2347065620499365E-004
  0.54545084184908066       -1.4541240518798736E-005   1.2121212121212121E-002   1.0018813567822829        1.0101010101010102E-002   1.0018813567822829        1.0000000000000000        1.5788257058080291E-004
  0.55555105951842432       -1.7653495021921917E-005   1.2121212121212121E-002   1.0018796808794717        1.0101010101010102E-002   1.0018796808794717        1.0000000000000000        1.9165074738847210E-004
  0.56565129534786673       -2.0695005714701276E-005   1.2121212121212121E-002   1.0018776849113729        1.0101010101010102E-002   1.0018776849113729        1.0000000000000000        2.2463789736271167E-004
  0.57575155246316767       -2.3653572607987236E-005   1.2121212121212121E-002   1.0018753770160873        1.0101010101010102E-002   1.0018753770160873        1.0000000000000000        2.5670938687394340E-004
  0.58585183390332485       -2.6517326760614593E-005   1.2121212121212121E-002   1.0018727666023339        1.0101010101010102E-002   1.0018727666023339        1.0000000000000000        2.8773484746480449E-004
  0.59595214260823426       -2.9274768074346740E-005   1.2121212121212121E-002   1.0018698643078001        1.0101010101010102E-002   1.0018698643078001        1.0000000000000000        3.1758841619922151E-004
  0.60605248140674561       -3.1914822447560434E-005   1.2121212121212121E-002   1.0018666819511142        1.0101010101010102E-002   1.0018666819511142        1.0000000000000000        3.4614971832258590E-004
  0.61615285300528611       -3.4426879530483863E-005   1.2121212121212121E-002   1.0018632324861221        1.0101010101010102E-002   1.0018632324861221        1.0000000000000000        3.7330236928401206E-004
  0.62625325997680248       -3.6800835858121555E-005   1.2121212121212121E-002   1.0018595299502835        1.0101010101010102E-002   1.0018595299502835        1.0000000000000000        3.9893672277546699E-004
  0.63635370475038966       -3.9027130642079156E-005   1.2121212121212121E-002   1.0018555894003918        1.0101010101010102E-002   1.0018555894003918        1.0000000000000000        4.2294983807789066E-004
  0.64645418960152234       -4.1096795559804280E-005   1.2121212121212121E-002   1.0018514268477450        1.0101010101010102E-002   1.0018514268477450        1.0000000000000000        4.4524558613368015E-004
  0.65655471664297049       -4.3001484794288959E-005   1.2121212121212121E-002   1.0018470591973236        1.0101010101010102E-002   1.0018470591973236        1.0000000000000000        4.6573364077762136E-004
  0.66665528781620642       -4.4733504391263267E-005   1.2121212121212121E-002   1.0018425041777415        1.0101010101010102E-002   1.0018425041777415        1.0000000000000000        4.8433246332102442E-004
  0.67675590488370252       -4.6285847993521920E-005   1.2121212121212121E-002   1.0018377802622314        1.0101010101010102E-002   1.0018377802622314        1.0000000000000000        5.0096820205336456E-004
  0.68685656942192230       -4.7652227769093974E-005   1.2121212121212121E-002   1.0018329065940048        1.0101010101010102E-002   1.0018329065940048        1.0000000000000000        5.1557494775256174E-004
  0.69695728281507452       -4.8827100018544003E-005   1.2121212121212121E-002   1.0018279029081638        1.0101010101010102E-002   1.0018279029081638        1.0000000000000000        5.2809501865525021E-004
  0.70705804624965063       -4.9805682818971092E-005   1.2121212121212121E-002   1.0018227894520002        1.0101010101010102E-002   1.0018227894520002        1.0000000000000000        5.3847914072147063E-004
  0.71715886070974422       -5.0583977554991687E-005   1.2121212121212121E-002   1.0018175868998944        1.0101010101010102E-002   1.0018175868998944        1.0000000000000000        5.4668738703878006E-004
  0.72725972697327623       -5.1158793131888603E-005   1.2121212121212121E-002   1.0018123162670884        1.0101010101010102E-002   1.0018123162670884        1.0000000000000000        5.5268848347456156E-004
  0.73736064560902304       -5.1527753523426513E-005   1.2121212121212121E-002   1.0018069988259419        1.0101010101010102E-002   1.0018069988259419        1.0000000000000000        5.5645992994524107E-004
  0.74746161697448976       -5.1689307493085030E-005   1.2121212121212121E-002   1.0018016560214014        1.0101010101010102E-002   1.0018016560214014        1.0000000000000000        5.5798806103712906E-004
  0.75756264121460071       -5.1642736179018311E-005   1.2121212121212121E-002   1.0017963093817603        1.0101010101010102E-002   1.0017963093817603        1.0000000000000000        5.5726901975727827E-004
  0.76766371826134472       -5.1388162419709358E-005   1.2121212121212121E-002   1.0017909804299743        1.0101010101010102E-002   1.0017909804299743        1.0000000000000000        5.5430764314490233E-004
  0.77776484783422617       -5.0926547477737461E-005   1.2121212121212121E-002   1.0017856906000702        1.0101010101010102E-002   1.0017856906000702        1.0000000000000000        5.4911751044794954E-004
  0.78786602944154882       -5.0259688254797515E-005   1.2121212121212121E-002   1.0017804611516532        1.0101010101010102E-002   1.0017804611516532        1.0000000000000000        5.4172123243390047E-004
  0.79796726238256022       -4.9390206015653436E-005   1.2121212121212121E-002   1.0017753130838600        1.0101010101010102E-002   1.0017753130838600        1.0000000000000000        5.3215041893661663E-004
  0.80806854575043519       -4.8321546227644801E-005   1.2121212121212121E-002   1.0017702670489210        1.0101010101010102E-002   1.0017702670489210        1.0000000000000000        5.2044571436926645E-004
  0.81816987843614386       -4.7057964979213988E-005   1.2121212121212121E-002   1.0017653432731362        1.0101010101010102E-002   1.0017653432731362        1.0000000000000000        5.0665518084169747E-004
  0.82827125913298827       -4.5604503630286779E-005   1.2121212121212121E-002   1.0017605614797993        1.0101010101010102E-002   1.0017605614797993        1.0000000000000000        4.9083556330575817E-004
  0.83837268634198048       -4.3966971539040189E-005   1.2121212121212121E-002   1.0017559408066341        1.0101010101010102E-002   1.0017559408066341        1.0000000000000000        4.7305215231130404E-004
  0.84847415837803675       -4.2151933296984946E-005   1.2121212121212121E-002   1.0017514997306911        1.0101010101010102E-002   1.0017514997306911        1.0000000000000000        4.5337742047113494E-004
  0.85857567337683660       -4.0166674367036010E-005   1.2121212121212121E-002   1.0017472559986293        1.0101010101010102E-002   1.0017472559986293        1.0000000000000000        4.3189118230202439E-004
  0.86867722930238700       -3.8019172148684396E-005   1.2121212121212121E-002   1.0017432265569435        1.0101010101010102E-002   1.0017432265569435        1.0000000000000000        4.0868046495035060E-004
  0.87877882395526818       -3.5718061752532442E-005   1.2121212121212121E-002   1.0017394274852141        1.0101010101010102E-002   1.0017394274852141        1.0000000000000000        3.8383903177230394E-004
  0.88888045498152224       -3.3272609183165686E-005   1.2121212121212121E-002   1.0017358739341498        1.0101010101010102E-002   1.0017358739341498        1.0000000000000000        3.5746688579418873E-004
  0.89898211988211929       -3.0692674055028811E-005   1.2121212121212121E-002   1.0017325800655523        1.0101010101010102E-002   1.0017325800655523        1.0000000000000000        3.2967031678410308E-004
  0.90908381602304411       -2.7988658239331416E-005   1.2121212121212121E-002   1.0017295589991184        1.0101010101010102E-002   1.0017295589991184        1.0000000000000000        3.0056039558878922E-004
  0.91918554064581270       -2.5171470392297874E-005   1.2121212121212121E-002   1.0017268227639506        1.0101010101010102E-002   1.0017268227639506        1.0000000000000000        2.7025362056232183E-004
  0.92928729087850281       -2.2252487457374971E-005   1.2121212121212121E-002   1.0017243822469304        1.0101010101010102E-002   1.0017243822469304        1.0000000000000000        2.3887177905379531E-004
  0.93938906374732567       -1.9243505188747279E-005   1.2121212121212121E-002   1.0017222471546599        1.0101010101010102E-002   1.0017222471546599        1.0000000000000000        2.0653938880421663E-004
  0.94949085618838724       -1.6156682678176277E-005   1.2121212121212121E-002   1.0017204259773296        1.0101010101010102E-002   1.0017204259773296        1.0000000000000000        1.7338573799374757E-004
  0.95959266505997531       -1.3004494628896470E-005   1.2121212121212121E-002   1.0017189259537636        1.0101010101010102E-002   1.0017189259537636        1.0000000000000000        1.3954263070825590E-004
  0.96969448715502671       -9.7996916757123470E-006   1.2121212121212121E-002   1.0017177530446546        1.0101010101010102E-002   1.0017177530446546        1.0000000000000000        1.0514505958170162E-004
  0.97979631921393096       -6.5552415139547345E-006   1.2121212121212121E-002   1.0017169119078912        1.0101010101010102E-002   1.0017169119078912        1.0000000000000000        7.0329857813966612E-005
  0.98989815793750702       -3.2842674963145515E-006   1.2121212121212121E-002   1.0017164058856289        1.0101010101010102E-002   1.0017164058856289        1.0000000000000000        3.5234793005933795E-005
   1.0000000000000344       -8.5020117841647487E-013   1.2121212121212121E-002   1.0017162369885231        1.0101010101010102E-002   1.0017162369885231        1.0000000000000000       -3.6636471634210466E-011
   1.0101018420625594        3.3692678493072411E-006   1.2121212121212121E-002   1.0017164058857653        1.0101010101010102E-002   1.0017164058857653        1.0000000000000000       -3.5234806919248740E-005
   1.0202036807861303        6.7249046767873021E-006   1.2121212121212121E-002   1.0017169119078382        1.0101010101010102E-002   1.0017169119078382        1.0000000000000000       -7.0329756759690554E-005
   1.0303055128450407        1.0053344234432986E-005   1.2121212121212121E-002   1.0017177530444530        1.0101010101010102E-002   1.0017177530444530        1.0000000000000000       -1.0514511942361082E-004
   1.0404073349400917        1.3341127976593720E-005   1.2121212121212121E-002   1.0017189259542225        1.0101010101010102E-002   1.0017189259542225        1.0000000000000000       -1.3954270766181054E-004
   1.0505091438116692        1.6574958494032679E-005   1.2121212121212121E-002   1.0017204259774557        1.0101010101010102E-002   1.0017204259774557        1.0000000000000000       -1.7338559596069558E-004
   1.0606109362527387        1.9741762326651491E-005   1.2121212121212121E-002   1.0017222471544207        1.0101010101010102E-002   1.0017222471544207        1.0000000000000000       -2.0653945034965204E-004
   1.0707127091215598        2.2828744084134032E-005   1.2121212121212121E-002   1.0017243822470903        1.0101010101010102E-002   1.0017243822470903        1.0000000000000000       -2.3887179767356770E-004
   1.0808144593542475        2.5823434295899170E-005   1.2121212121212121E-002   1.0017268227639424        1.0101010101010102E-002   1.0017268227639424        1.0000000000000000       -2.7025357518351001E-004
   1.0909161839770185        2.8713734698931732E-005   1.2121212121212121E-002   1.0017295589989139        1.0101010101010102E-002   1.0017295589989139        1.0000000000000000        7.6203147548225303     
   1.1010178801179453        3.1487977940825188E-005   1.2121212121212121E-002   1.0017325800654595        1.0101010101010102E-002   1.0017325800654595        1.0000000000000000        93.405521113717057     
  -1.0101842062492983E-002  -3.3692677492178775E-006   1.2121212121212121E-002   1.0017164058856289        1.0101010101010102E-002   1.0017164058856289        1.0000000000000000        3.5234768940739514E-005
  -2.0203680786069045E-002  -6.7249051801239924E-006   1.2121212121212121E-002   1.0017169119078912        1.0101010101010102E-002   1.0017169119078912        1.0000000000000000        7.0329841929783754E-005
  -3.0305512844973292E-002  -1.0053343709646558E-005   1.2121212121212121E-002   1.0017177530446546        1.0101010101010102E-002   1.0017177530446546        1.0000000000000000        1.0514505957903708E-004
  -4.0407334940024686E-002  -1.3341127483664091E-005   1.2121212121212121E-002   1.0017189259537636        1.0101010101010102E-002   1.0017189259537636        1.0000000000000000        1.3954263070026229E-004
  -5.0509143811612756E-002  -1.6574958999108546E-005   1.2121212121212121E-002   1.0017204259773296        1.0101010101010102E-002   1.0017204259773296        1.0000000000000000        1.7338573798753032E-004
  -6.0610936252674330E-002  -1.9741762198834788E-005   1.2121212121212121E-002   1.0017222471546599        1.0101010101010102E-002   1.0017222471546599        1.0000000000000000        2.0653938879267031E-004
  -7.0712709121497186E-002  -2.2828744138691858E-005   1.2121212121212121E-002   1.0017243822469304        1.0101010101010102E-002   1.0017243822469304        1.0000000000000000        2.3887177905912438E-004
  -8.0814459354187296E-002  -2.5823433815760898E-005   1.2121212121212121E-002   1.0017268227639506        1.0101010101010102E-002   1.0017268227639506        1.0000000000000000        2.7025362055965729E-004
  -9.0916183976955889E-002  -2.8713735281404347E-005   1.2121212121212121E-002   1.0017295589991184        1.0101010101010102E-002   1.0017295589991184        1.0000000000000000       -7.6203147548285415     
 -0.10101788011788071       -3.1487977951938701E-005   1.2121212121212121E-002   1.0017325800655523        1.0101010101010102E-002   1.0017325800655523        1.0000000000000000       -93.405521113732007     
