 # x v h rho m p cs a
   10.501818181817056     
   2.1063853446789872E-015  -2.8400716122302200E-013   1.2121212121212121E-002   1.0018604486840197        1.0101010101010102E-002   1.0018604486840197        1.0000000000000000        3.9564795883961779E-011
   1.0100416794040811E-002   5.0240132120174122E-006   1.2121212121212121E-002   1.0018603280076819        1.0101010101010102E-002   1.0018603280076819        1.0000000000000000        2.5169343870423688E-005
   2.0200835973056275E-002   1.0027808742608456E-005   1.2121212121212121E-002   1.0018599664625434        1.0101010101010102E-002   1.0018599664625434        1.0000000000000000        5.0237874095415691E-005
   3.0301259912473209E-002   1.4991251602682024E-005   1.2121212121212121E-002   1.0018593654954335        1.0101010101010102E-002   1.0018593654954335        1.0000000000000000        7.5105508811290633E-005
   4.0401690968679321E-002   1.9894369379784446E-005   1.2121212121212121E-002   1.0018585275098708        1.0101010101010102E-002   1.0018585275098708        1.0000000000000000        9.9672896363145469E-005
   5.0502131469618787E-002   2.4717429978753724E-005   1.2121212121212121E-002   1.0018574558588003        1.0101010101010102E-002   1.0018574558588003        1.0000000000000000        1.2384141543098082E-004
   6.0602583705437731E-002   2.9441023163858427E-005   1.2121212121212121E-002   1.0018561548316665        1.0101010101010102E-002   1.0018561548316665        1.0000000000000000        1.4751439766857999E-004
   7.0703049919332600E-002   3.4046138565220874E-005   1.2121212121212121E-002   1.0018546296357000        1.0101010101010102E-002   1.0018546296357000        1.0000000000000000        1.7059713893718964E-004
   8.0803532298571804E-002   3.8514243850890697E-005   1.2121212121212121E-002   1.0018528863753482        1.0101010101010102E-002   1.0018528863753482        1.0000000000000000        1.9299727846622261E-004
   9.0904032965748505E-002   4.2827353722032237E-005   1.2121212121212121E-002   1.0018509320294424        1.0101010101010102E-002   1.0018509320294424        1.0000000000000000        2.1462481422762636E-004
  0.10100455397025190        4.6968106501447338E-005   1.2121212121212121E-002   1.0018487744252043        1.0101010101010102E-002   1.0018487744252043        1.0000000000000000        2.3539282339068990E-004
  0.11110509728002370        5.0919833770078463E-005   1.2121212121212121E-002   1.0018464222046100        1.0101010101010102E-002   1.0018464222046100        1.0000000000000000        2.5521831530195271E-004
  0.12120566477370624        5.4666628365979985E-005   1.2121212121212121E-002   1.0018438847901716        1.0101010101010102E-002   1.0018438847901716        1.0000000000000000        2.7402150515154489E-004
  0.13130625823307387        5.8193403039189049E-005   1.2121212121212121E-002   1.0018411723501990        1.0101010101010102E-002   1.0018411723501990        1.0000000000000000        2.9172662945597949E-004
  0.14140687933585588        6.1485956076710977E-005   1.2121212121212121E-002   1.0018382957579188        1.0101010101010102E-002   1.0018382957579188        1.0000000000000000        3.0826238626158187E-004
  0.15150752964898156        6.4531027289713765E-005   1.2121212121212121E-002   1.0018352665478614        1.0101010101010102E-002   1.0018352665478614        1.0000000000000000        3.2356215072759653E-004
  0.16160821062226211        6.7316354773684270E-005   1.2121212121212121E-002   1.0018320968692216        1.0101010101010102E-002   1.0018320968692216        1.0000000000000000        3.3756432921183688E-004
  0.17170892358256179        6.9830715570643091E-005   1.2121212121212121E-002   1.0018287994391337        1.0101010101010102E-002   1.0018287994391337        1.0000000000000000        3.5021201193785600E-004
  0.18180966972839768        7.2063978368416587E-005   1.2121212121212121E-002   1.0018253874933811        1.0101010101010102E-002   1.0018253874933811        1.0000000000000000        3.6145388097352793E-004
  0.19191045012507779        7.4007143093704418E-005   1.2121212121212121E-002   1.0018218747314840        1.0101010101010102E-002   1.0018218747314840        1.0000000000000000        3.7124448050462888E-004
  0.20201126570039526        7.5652377104125907E-005   1.2121212121212121E-002   1.0018182752618361        1.0101010101010102E-002   1.0018182752618361        1.0000000000000000        3.7954395005979080E-004
  0.21211211724085000        7.6993044755198923E-005   1.2121212121212121E-002   1.0018146035473405        1.0101010101010102E-002   1.0018146035473405        1.0000000000000000        3.8631812474321237E-004
  0.22221300538841104        7.8023735345202761E-005   1.2121212121212121E-002   1.0018108743483942        1.0101010101010102E-002   1.0018108743483942        1.0000000000000000        3.9153904428523845E-004
  0.23231393063785985        7.8740287686602278E-005   1.2121212121212121E-002   1.0018071026611746        1.0101010101010102E-002   1.0018071026611746        1.0000000000000000        3.9518541841765398E-004
  0.24241489333478403        7.9139803204458580E-005   1.2121212121212121E-002   1.0018033036579688        1.0101010101010102E-002   1.0018033036579688        1.0000000000000000        3.9724174678656965E-004
  0.25251589367409588        7.9220661903544633E-005   1.2121212121212121E-002   1.0017994926280500        1.0101010101010102E-002   1.0017994926280500        1.0000000000000000        3.9769904181596871E-004
  0.26261693169918887        7.8982522770714721E-005   1.2121212121212121E-002   1.0017956849160654        1.0101010101010102E-002   1.0017956849160654        1.0000000000000000        3.9655463643661903E-004
  0.27271800730167617        7.8426332521378052E-005   1.2121212121212121E-002   1.0017918958592984        1.0101010101010102E-002   1.0017918958592984        1.0000000000000000        3.9381268033178429E-004
  0.28281912022178735        7.7554317963438114E-005   1.2121212121212121E-002   1.0017881407247013        1.0101010101010102E-002   1.0017881407247013        1.0000000000000000        3.8948360320745223E-004
  0.29292027004935983        7.6369978647566848E-005   1.2121212121212121E-002   1.0017844346498936        1.0101010101010102E-002   1.0017844346498936        1.0000000000000000        3.8358389227699519E-004
  0.30302145622538729        7.4878070601502953E-005   1.2121212121212121E-002   1.0017807925808144        1.0101010101010102E-002   1.0017807925808144        1.0000000000000000        3.7613694384219798E-004
  0.31312267804425314        7.3084591242582149E-005   1.2121212121212121E-002   1.0017772292108007        1.0101010101010102E-002   1.0017772292108007        1.0000000000000000        3.6717199184721494E-004
  0.32322393465648247        7.0996751726917689E-005   1.2121212121212121E-002   1.0017737589210409        1.0101010101010102E-002   1.0017737589210409        1.0000000000000000        3.5672486567328576E-004
  0.33332522507215201        6.8622951274658771E-005   1.2121212121212121E-002   1.0017703957221238        1.0101010101010102E-002   1.0017703957221238        1.0000000000000000        3.4483696043263734E-004
  0.34342654816480167        6.5972740857298331E-005   1.2121212121212121E-002   1.0017671531983625        1.0101010101010102E-002   1.0017671531983625        1.0000000000000000        3.3155576297705380E-004
  0.35352790267593642        6.3056785225559705E-005   1.2121212121212121E-002   1.0017640444504567        1.0101010101010102E-002   1.0017640444504567        1.0000000000000000        3.1693460700843445E-004
  0.36362928722008381        5.9886822293606276E-005   1.2121212121212121E-002   1.0017610820426153        1.0101010101010102E-002   1.0017610820426153        1.0000000000000000        3.0103206011489192E-004
  0.37373070029033600        5.6475613682990157E-005   1.2121212121212121E-002   1.0017582779516077        1.0101010101010102E-002   1.0017582779516077        1.0000000000000000        2.8391204790345625E-004
  0.38383214026441759        5.2836895023560542E-005   1.2121212121212121E-002   1.0017556435185428        1.0101010101010102E-002   1.0017556435185428        1.0000000000000000        2.6564322241373617E-004
  0.39393360541117672        4.8985316105019838E-005   1.2121212121212121E-002   1.0017531894010316        1.0101010101010102E-002   1.0017531894010316        1.0000000000000000        2.4629951081500678E-004
  0.40403509389760517        4.4936390176025771E-005   1.2121212121212121E-002   1.0017509255289763        1.0101010101010102E-002   1.0017509255289763        1.0000000000000000        2.2595878088438326E-004
  0.41413660379620815        4.0706424888787239E-005   1.2121212121212121E-002   1.0017488610659107        1.0101010101010102E-002   1.0017488610659107        1.0000000000000000        2.0470305232667130E-004
  0.42423813309277780        3.6312457836912222E-005   1.2121212121212121E-002   1.0017470043699697        1.0101010101010102E-002   1.0017470043699697        1.0000000000000000        1.8261831450061550E-004
  0.43433967969454534        3.1772188284425554E-005   1.2121212121212121E-002   1.0017453629594351        1.0101010101010102E-002   1.0017453629594351        1.0000000000000000        1.5979380527308962E-004
  0.44444124143863478        2.7103906679472008E-005   1.2121212121212121E-002   1.0017439434822883        1.0101010101010102E-002   1.0017439434822883        1.0000000000000000        1.3632188360901409E-004
  0.45454281610081432        2.2326421521871708E-005   1.2121212121212121E-002   1.0017427516880797        1.0101010101010102E-002   1.0017427516880797        1.0000000000000000        1.1229763314180019E-004
  0.46464440140451368        1.7458979562658829E-005   1.2121212121212121E-002   1.0017417924054564        1.0101010101010102E-002   1.0017417924054564        1.0000000000000000        8.7818128162275855E-005
  0.47474599503001286        1.2521190925164565E-005   1.2121212121212121E-002   1.0017410695215576        1.0101010101010102E-002   1.0017410695215576        1.0000000000000000        6.2982748685769252E-005
  0.48484759462387100        7.5329520511706928E-006   1.2121212121212121E-002   1.0017405859652440        1.0101010101010102E-002   1.0017405859652440        1.0000000000000000        3.7892078721846190E-005
  0.49494919780845059        2.5143611485844444E-006   1.2121212121212121E-002   1.0017403436960217        1.0101010101010102E-002   1.0017403436960217        1.0000000000000000        1.2647806859611421E-005
  0.50505080219156084       -2.5143611952265249E-006   1.2121212121212121E-002   1.0017403436961059        1.0101010101010102E-002   1.0017403436961059        1.0000000000000000       -1.2647824834566279E-005
  0.51515240537613838       -7.5329520655852419E-006   1.2121212121212121E-002   1.0017405859652819        1.0101010101010102E-002   1.0017405859652819        1.0000000000000000       -3.7892050490206941E-005
  0.52525400496999763       -1.2521191240483298E-005   1.2121212121212121E-002   1.0017410695214504        1.0101010101010102E-002   1.0017410695214504        1.0000000000000000       -6.2982748050721682E-005
  0.53535559859549842       -1.7458979164936017E-005   1.2121212121212121E-002   1.0017417924055088        1.0101010101010102E-002   1.0017417924055088        1.0000000000000000       -8.7818159284935859E-005
  0.54545718389919462       -2.2326421486389847E-005   1.2121212121212121E-002   1.0017427516880335        1.0101010101010102E-002   1.0017427516880335        1.0000000000000000       -1.1229758309916349E-004
  0.55555875856137837       -2.7103906590354039E-005   1.2121212121212121E-002   1.0017439434822157        1.0101010101010102E-002   1.0017439434822157        1.0000000000000000       -1.3632192948342947E-004
  0.56566032030546542       -3.1772188320794173E-005   1.2121212121212121E-002   1.0017453629595359        1.0101010101010102E-002   1.0017453629595359        1.0000000000000000       -1.5979379177899489E-004
  0.57576186690723263       -3.6312457974942861E-005   1.2121212121212121E-002   1.0017470043698822        1.0101010101010102E-002   1.0017470043698822        1.0000000000000000       -1.8261829275001418E-004
  0.58586339620380501       -4.0706425003402357E-005   1.2121212121212121E-002   1.0017488610659657        1.0101010101010102E-002   1.0017488610659657        1.0000000000000000       -2.0470310102282951E-004
  0.59596490610240405       -4.4936389949544658E-005   1.2121212121212121E-002   1.0017509255291159        1.0101010101010102E-002   1.0017509255291159        1.0000000000000000       -2.2595875202924276E-004
  0.60606639458883338       -4.8985316126673680E-005   1.2121212121212121E-002   1.0017531894010974        1.0101010101010102E-002   1.0017531894010974        1.0000000000000000       -2.4629952694699142E-004
  0.61616785973559052       -5.2836894762406278E-005   1.2121212121212121E-002   1.0017556435185984        1.0101010101010102E-002   1.0017556435185984        1.0000000000000000       -2.6564319729338592E-004
  0.62626929970967238       -5.6475613930284028E-005   1.2121212121212121E-002   1.0017582779513583        1.0101010101010102E-002   1.0017582779513583        1.0000000000000000       -2.8391201285415946E-004
  0.63637071277993018       -5.9886822403426971E-005   1.2121212121212121E-002   1.0017610820425651        1.0101010101010102E-002   1.0017610820425651        1.0000000000000000       -3.0103213511445404E-004
  0.64647209732407274       -6.3056785027503236E-005   1.2121212121212121E-002   1.0017640444505085        1.0101010101010102E-002   1.0017640444505085        1.0000000000000000       -3.1693455431547335E-004
  0.65657345183521076       -6.5972740774049521E-005   1.2121212121212121E-002   1.0017671531982437        1.0101010101010102E-002   1.0017671531982437        1.0000000000000000       -3.3155578204624447E-004
  0.66667477492786020       -6.8622951292328190E-005   1.2121212121212121E-002   1.0017703957221891        1.0101010101010102E-002   1.0017703957221891        1.0000000000000000       -3.4483697471276997E-004
  0.67677606534352830       -7.0996751987738215E-005   1.2121212121212121E-002   1.0017737589211260        1.0101010101010102E-002   1.0017737589211260        1.0000000000000000       -3.5672486252913416E-004
  0.68687732195575768       -7.3084590929286508E-005   1.2121212121212121E-002   1.0017772292110259        1.0101010101010102E-002   1.0017772292110259        1.0000000000000000       -3.6717202149016970E-004
  0.69697854377461843       -7.4878070772471769E-005   1.2121212121212121E-002   1.0017807925808506        1.0101010101010102E-002   1.0017807925808506        1.0000000000000000       -3.7613687356152781E-004
  0.70707972995065027       -7.6369978633545959E-005   1.2121212121212121E-002   1.0017844346497391        1.0101010101010102E-002   1.0017844346497391        1.0000000000000000       -3.8358392281256926E-004
  0.71718087977822209       -7.7554318044798339E-005   1.2121212121212121E-002   1.0017881407247118        1.0101010101010102E-002   1.0017881407247118        1.0000000000000000       -3.8948360491275480E-004
  0.72728199269833327       -7.8426332096719073E-005   1.2121212121212121E-002   1.0017918958592589        1.0101010101010102E-002   1.0017918958592589        1.0000000000000000       -3.9381267319971158E-004
  0.73738306830082156       -7.8982523250019929E-005   1.2121212121212121E-002   1.0017956849160641        1.0101010101010102E-002   1.0017956849160641        1.0000000000000000       -3.9655464731858103E-004
  0.74748410632591333       -7.9220661762367632E-005   1.2121212121212121E-002   1.0017994926279727        1.0101010101010102E-002   1.0017994926279727        1.0000000000000000       -3.9769901676045549E-004
  0.75758510666522827       -7.9139803712150939E-005   1.2121212121212121E-002   1.0018033036579930        1.0101010101010102E-002   1.0018033036579930        1.0000000000000000       -3.9724179446753993E-004
  0.76768606936214889       -7.8740287042165327E-005   1.2121212121212121E-002   1.0018071026612876        1.0101010101010102E-002   1.0018071026612876        1.0000000000000000       -3.9518538785099366E-004
  0.77778699461159839       -7.8023735823869495E-005   1.2121212121212121E-002   1.0018108743482645        1.0101010101010102E-002   1.0018108743482645        1.0000000000000000       -3.9153902404365226E-004
  0.78788788275916177       -7.6993044536059004E-005   1.2121212121212121E-002   1.0018146035472153        1.0101010101010102E-002   1.0018146035472153        1.0000000000000000       -3.8631814494483052E-004
  0.79798873429961692       -7.5652376960831121E-005   1.2121212121212121E-002   1.0018182752618747        1.0101010101010102E-002   1.0018182752618747        1.0000000000000000       -3.7954396320927231E-004
  0.80808954987493276       -7.4007143156406852E-005   1.2121212121212121E-002   1.0018218747314638        1.0101010101010102E-002   1.0018218747314638        1.0000000000000000       -3.7124445838898623E-004
  0.81819033027161536       -7.2063978515775871E-005   1.2121212121212121E-002   1.0018253874935321        1.0101010101010102E-002   1.0018253874935321        1.0000000000000000       -3.6145393980469009E-004
  0.82829107641744559       -6.9830715252192503E-005   1.2121212121212121E-002   1.0018287994393338        1.0101010101010102E-002   1.0018287994393338        1.0000000000000000       -3.5021195987816611E-004
  0.83839178937774617       -6.7316354810235992E-005   1.2121212121212121E-002   1.0018320968690502        1.0101010101010102E-002   1.0018320968690502        1.0000000000000000       -3.3756430612275068E-004
  0.84849247035103026       -6.4531027483684730E-005   1.2121212121212121E-002   1.0018352665478647        1.0101010101010102E-002   1.0018352665478647        1.0000000000000000       -3.2356220684803816E-004
  0.85859312066415205       -6.1485955880265876E-005   1.2121212121212121E-002   1.0018382957579788        1.0101010101010102E-002   1.0018382957579788        1.0000000000000000       -3.0826234455005874E-004
  0.86869374176693637       -5.8193402798770179E-005   1.2121212121212121E-002   1.0018411723501004        1.0101010101010102E-002   1.0018411723501004        1.0000000000000000       -2.9172663991605674E-004
  0.87879433522630412       -5.4666628398227247E-005   1.2121212121212121E-002   1.0018438847901447        1.0101010101010102E-002   1.0018438847901447        1.0000000000000000       -2.7402150329436381E-004
  0.88889490271998661       -5.0919834075882320E-005   1.2121212121212121E-002   1.0018464222044570        1.0101010101010102E-002   1.0018464222044570        1.0000000000000000       -2.5521829598496026E-004
  0.89899544602976222       -4.6968106643739875E-005   1.2121212121212121E-002   1.0018487744253071        1.0101010101010102E-002   1.0018487744253071        1.0000000000000000       -2.3539289485885462E-004
  0.90909596703425943       -4.2827353797736267E-005   1.2121212121212121E-002   1.0018509320296198        1.0101010101010102E-002   1.0018509320296198        1.0000000000000000       -2.1462475886213639E-004
  0.91919646770143837       -3.8514243655410312E-005   1.2121212121212121E-002   1.0018528863753615        1.0101010101010102E-002   1.0018528863753615        1.0000000000000000       -1.9299730183952590E-004
  0.92929695008067570       -3.4046138411135322E-005   1.2121212121212121E-002   1.0018546296358519        1.0101010101010102E-002   1.0018546296358519        1.0000000000000000       -1.7059714058209607E-004
  0.93939741629456885       -2.9441023042767982E-005   1.2121212121212121E-002   1.0018561548316578        1.0101010101010102E-002   1.0018561548316578        1.0000000000000000       -1.4751436341509105E-004
  0.94949786853038975       -2.4717430237690432E-005   1.2121212121212121E-002   1.0018574558586724        1.0101010101010102E-002   1.0018574558586724        1.0000000000000000       -1.2384142464316739E-004
  0.95959830903133037       -1.9894369471107452E-005   1.2121212121212121E-002   1.0018585275099356        1.0101010101010102E-002   1.0018585275099356        1.0000000000000000       -9.9672927207805628E-005
  0.96969874008753365       -1.4991251425061347E-005   1.2121212121212121E-002   1.0018593654954819        1.0101010101010102E-002   1.0018593654954819        1.0000000000000000       -7.5105476403436455E-005
  0.97979916402695233       -1.0027808809569681E-005   1.2121212121212121E-002   1.0018599664624936        1.0101010101010102E-002   1.0018599664624936        1.0000000000000000       -5.0237884644310782E-005
  0.98989958320596727       -5.0240129756921833E-006   1.2121212121212121E-002   1.0018603280076606        1.0101010101010102E-002   1.0018603280076606        1.0000000000000000       -2.5169338365493843E-005
   1.0000000000000069       -2.9670884227750516E-013   1.2121212121212121E-002   1.0018604486840184        1.0101010101010102E-002   1.0018604486840184        1.0000000000000000       -5.0226489634042082E-011
   1.0101004167940408        4.9623734285689485E-006   1.2121212121212121E-002   1.0018603280076819        1.0101010101010102E-002   1.0018603280076819        1.0000000000000000        2.5169370979405414E-005
   1.0202008359730563        9.9047761156055179E-006   1.2121212121212121E-002   1.0018599664625434        1.0101010101010102E-002   1.0018599664625434        1.0000000000000000        5.0237891227489229E-005
   1.0303012599124732        1.4807318162889832E-005   1.2121212121212121E-002   1.0018593654954335        1.0101010101010102E-002   1.0018593654954335        1.0000000000000000        7.5105508607009597E-005
   1.0404016909686793        1.9650270429697180E-005   1.2121212121212121E-002   1.0018585275098708        1.0101010101010102E-002   1.0018585275098708        1.0000000000000000        9.9672897527547377E-005
   1.0505021314696188        2.4414142375845756E-005   1.2121212121212121E-002   1.0018574558588003        1.0101010101010102E-002   1.0018574558588003        1.0000000000000000        1.2384141582533204E-004
   1.0606025837054378        2.9079760547977495E-005   1.2121212121212121E-002   1.0018561548316665        1.0101010101010102E-002   1.0018561548316665        1.0000000000000000        1.4751439653704068E-004
   1.0707030499193326        3.3628346541076051E-005   1.2121212121212121E-002   1.0018546296357000        1.0101010101010102E-002   1.0018546296357000        1.0000000000000000        1.7059713882172645E-004
   1.0808035322985718        3.8041594113930995E-005   1.2121212121212121E-002   1.0018528863753482        1.0101010101010102E-002   1.0018528863753482        1.0000000000000000        1.9299727816513013E-004
   1.0909040329657484        4.2301738457496575E-005   1.2121212121212121E-002   1.0018509320294424        1.0101010101010102E-002   1.0018509320294424        1.0000000000000000        7.6286159408840888     
   1.1010045539702520        4.6391630781809235E-005   1.2121212121212121E-002   1.0018487744252043        1.0101010101010102E-002   1.0018487744252043        1.0000000000000000        93.410136310337506     
  -1.0100416794032729E-002  -4.9623732259385175E-006   1.2121212121212121E-002   1.0018603280076606        1.0101010101010102E-002   1.0018603280076606        1.0000000000000000       -2.5169365381216835E-005
  -2.0200835973047671E-002  -9.9047761522276430E-006   1.2121212121212121E-002   1.0018599664624936        1.0101010101010102E-002   1.0018599664624936        1.0000000000000000       -5.0237902682326308E-005
  -3.0301259912466350E-002  -1.4807318070809888E-005   1.2121212121212121E-002   1.0018593654954819        1.0101010101010102E-002   1.0018593654954819        1.0000000000000000       -7.5105476393666493E-005
  -4.0401690968669635E-002  -1.9650270447303529E-005   1.2121212121212121E-002   1.0018585275099356        1.0101010101010102E-002   1.0018585275099356        1.0000000000000000       -9.9672927210470164E-005
  -5.0502131469610245E-002  -2.4414142599373750E-005   1.2121212121212121E-002   1.0018574558586724        1.0101010101010102E-002   1.0018574558586724        1.0000000000000000       -1.2384142463783832E-004
  -6.0602583705431146E-002  -2.9079760511879807E-005   1.2121212121212121E-002   1.0018561548316578        1.0101010101010102E-002   1.0018561548316578        1.0000000000000000       -1.4751436341775559E-004
  -7.0703049919324301E-002  -3.3628346388505251E-005   1.2121212121212121E-002   1.0018546296358519        1.0101010101010102E-002   1.0018546296358519        1.0000000000000000       -1.7059714058742514E-004
  -8.0803532298561631E-002  -3.8041593870027120E-005   1.2121212121212121E-002   1.0018528863753615        1.0101010101010102E-002   1.0018528863753615        1.0000000000000000       -1.9299730184396680E-004
  -9.0904032965740567E-002  -4.2301738659679375E-005   1.2121212121212121E-002   1.0018509320296198        1.0101010101010102E-002   1.0018509320296198        1.0000000000000000       -7.6286159408360135     
 -0.10100455397023778       -4.6391630755214379E-005   1.2121212121212121E-002   1.0018487744253071        1.0101010101010102E-002   1.0018487744253071        1.0000000000000000       -93.410136310375947     
