 # x v h rho m p cs a
   23.452121212123256     
   2.3664833953259569E-014   5.1879308929611609E-013   1.2121212121212121E-002   1.0017145022123650        1.0101010101010102E-002   1.0017145022123650        1.0000000000000000       -4.9660719980693102E-011
   1.0101859211602128E-002  -3.0987836128701380E-006   1.2121212121212121E-002   1.0017146755538151        1.0101010101010102E-002   1.0017146755538151        1.0000000000000000       -3.6162327669231331E-005
   2.0203714996335137E-002  -6.1851559491766943E-006   1.2121212121212121E-002   1.0017151948727081        1.0101010101010102E-002   1.0017151948727081        1.0000000000000000       -7.2177530569206283E-005
   3.0305563941324772E-002  -9.2467561365672108E-006   1.2121212121212121E-002   1.0017160580603930        1.0101010101010102E-002   1.0017160580603930        1.0000000000000000       -1.0789972657310187E-004
   4.0407402661437608E-002  -1.2271323631169238E-005   1.2121212121212121E-002   1.0017172616130932        1.0101010101010102E-002   1.0017172616130932        1.0000000000000000       -1.4318368500898515E-004
   5.0509227813073744E-002  -1.5246738960484106E-005   1.2121212121212121E-002   1.0017188006436708        1.0101010101010102E-002   1.0017188006436708        1.0000000000000000       -1.7788592203960008E-004
   6.0611036107766872E-002  -1.8161076530706995E-005   1.2121212121212121E-002   1.0017206689032563        1.0101010101010102E-002   1.0017206689032563        1.0000000000000000       -2.1186570286335638E-004
   7.0712824325516177E-002  -2.1002653863640864E-005   1.2121212121212121E-002   1.0017228588084104        1.0101010101010102E-002   1.0017228588084104        1.0000000000000000       -2.4498527729921449E-004
   8.0814589327848518E-002  -2.3760076345197131E-005   1.2121212121212121E-002   1.0017253614732899        1.0101010101010102E-002   1.0017253614732899        1.0000000000000000       -2.7711063439550543E-004
   9.0916328070509575E-002  -2.6422279189847272E-005   1.2121212121212121E-002   1.0017281667448750        1.0101010101010102E-002   1.0017281667448750        1.0000000000000000       -3.0811133344155195E-004
  0.10101803761582999       -2.8978572975668088E-005   1.2121212121212121E-002   1.0017312632427540        1.0101010101010102E-002   1.0017312632427540        1.0000000000000000       -3.3786169080318729E-004
  0.11111971514464083       -3.1418689180289405E-005   1.2121212121212121E-002   1.0017346384099197        1.0101010101010102E-002   1.0017346384099197        1.0000000000000000       -3.6624191127110350E-004
  0.12122135796761932       -3.3732818407547815E-005   1.2121212121212121E-002   1.0017382785665039        1.0101010101010102E-002   1.0017382785665039        1.0000000000000000       -3.9313754341918639E-004
  0.13132296353613171       -3.5911649962912019E-005   1.2121212121212121E-002   1.0017421689618462        1.0101010101010102E-002   1.0017421689618462        1.0000000000000000       -4.1843965781485082E-004
  0.14142452945256706       -3.7946407449421735E-005   1.2121212121212121E-002   1.0017462938352328        1.0101010101010102E-002   1.0017462938352328        1.0000000000000000       -4.4204643446565939E-004
  0.15152605347997308       -3.9828887300774283E-005   1.2121212121212121E-002   1.0017506364835096        1.0101010101010102E-002   1.0017506364835096        1.0000000000000000       -4.6386317045943315E-004
  0.16162753355104695       -4.1551492607112710E-005   1.2121212121212121E-002   1.0017551793320709        1.0101010101010102E-002   1.0017551793320709        1.0000000000000000       -4.8380283236770794E-004
  0.17172896777635127       -4.3107260295404418E-005   1.2121212121212121E-002   1.0017599040017902        1.0101010101010102E-002   1.0017599040017902        1.0000000000000000       -5.0178467736117227E-004
  0.18183035445200355       -4.4489891107248646E-005   1.2121212121212121E-002   1.0017647913844845        1.0101010101010102E-002   1.0017647913844845        1.0000000000000000       -5.1773743621641444E-004
  0.19193169206639815       -4.5693775171181846E-005   1.2121212121212121E-002   1.0017698217265216        1.0101010101010102E-002   1.0017698217265216        1.0000000000000000       -5.3159783673972782E-004
  0.20203297930621647       -4.6714018801253706E-005   1.2121212121212121E-002   1.0017749747070281        1.0101010101010102E-002   1.0017749747070281        1.0000000000000000       -5.4331098859350391E-004
  0.21213421506161773       -4.7546460948489348E-005   1.2121212121212121E-002   1.0017802295186438        1.0101010101010102E-002   1.0017802295186438        1.0000000000000000       -5.5283038229880788E-004
  0.22223539843065246       -4.8187690213482524E-005   1.2121212121212121E-002   1.0017855649521854        1.0101010101010102E-002   1.0017855649521854        1.0000000000000000       -5.6011883600071144E-004
  0.23233652872278110       -4.8635062519806414E-005   1.2121212121212121E-002   1.0017909594859014        1.0101010101010102E-002   1.0017909594859014        1.0000000000000000       -5.6514848699329434E-004
  0.24243760546151080       -4.8886711894465326E-005   1.2121212121212121E-002   1.0017963913728298        1.0101010101010102E-002   1.0017963913728298        1.0000000000000000       -5.6790042259002860E-004
  0.25253862838618901       -4.8941560670309507E-005   1.2121212121212121E-002   1.0018018387268799        1.0101010101010102E-002   1.0018018387268799        1.0000000000000000       -5.6836465595200281E-004
  0.26263959745293891       -4.8799318589450460E-005   1.2121212121212121E-002   1.0018072796086044        1.0101010101010102E-002   1.0018072796086044        1.0000000000000000       -5.6654019183621784E-004
  0.27274051283477185       -4.8460491140202306E-005   1.2121212121212121E-002   1.0018126921177692        1.0101010101010102E-002   1.0018126921177692        1.0000000000000000       -5.6243638813491259E-004
  0.28284137492067596       -4.7926377690391842E-005   1.2121212121212121E-002   1.0018180544829709        1.0101010101010102E-002   1.0018180544829709        1.0000000000000000       -5.5607092291332094E-004
  0.29294218431394897       -4.7199068544060659E-005   1.2121212121212121E-002   1.0018233451436125        1.0101010101010102E-002   1.0018233451436125        1.0000000000000000       -5.4747027066870402E-004
  0.30304294182969455       -4.6281430057092517E-005   1.2121212121212121E-002   1.0018285428382105        1.0101010101010102E-002   1.0018285428382105        1.0000000000000000       -5.3667043411032012E-004
  0.31314364849139276       -4.5177103586418792E-005   1.2121212121212121E-002   1.0018336266902648        1.0101010101010102E-002   1.0018336266902648        1.0000000000000000       -5.2371589337152358E-004
  0.32324430552670524       -4.3890484713352939E-005   1.2121212121212121E-002   1.0018385762928690        1.0101010101010102E-002   1.0018385762928690        1.0000000000000000       -5.0866027537121994E-004
  0.33334491436236674       -4.2426713416341515E-005   1.2121212121212121E-002   1.0018433717876498        1.0101010101010102E-002   1.0018433717876498        1.0000000000000000       -4.9156444205156191E-004
  0.34344547661843555       -4.0791646772134977E-005   1.2121212121212121E-002   1.0018479939405955        1.0101010101010102E-002   1.0018479939405955        1.0000000000000000       -4.7249787718328662E-004
  0.35354599410170762       -3.8991837232394734E-005   1.2121212121212121E-002   1.0018524242242040        1.0101010101010102E-002   1.0018524242242040        1.0000000000000000       -4.5153852946100415E-004
  0.36364646879831442       -3.7034510587148135E-005   1.2121212121212121E-002   1.0018566448896331        1.0101010101010102E-002   1.0018566448896331        1.0000000000000000       -4.2877098484606080E-004
  0.37374690286572448       -3.4927537902223204E-005   1.2121212121212121E-002   1.0018606390338498        1.0101010101010102E-002   1.0018606390338498        1.0000000000000000       -4.0428710127926593E-004
  0.38384729862402339       -3.2679398025858763E-005   1.2121212121212121E-002   1.0018643906660529        1.0101010101010102E-002   1.0018643906660529        1.0000000000000000       -3.7818528993938116E-004
  0.39394765854660418       -3.0299143281242464E-005   1.2121212121212121E-002   1.0018678847729556        1.0101010101010102E-002   1.0018678847729556        1.0000000000000000       -3.5057108003311299E-004
  0.40404798525015484       -2.7796372932291960E-005   1.2121212121212121E-002   1.0018711073794668        1.0101010101010102E-002   1.0018711073794668        1.0000000000000000       -3.2155548090972985E-004
  0.41414828148414029       -2.5181185485378662E-005   1.2121212121212121E-002   1.0018740455989037        1.0101010101010102E-002   1.0018740455989037        1.0000000000000000       -2.9125448094813322E-004
  0.42424855011982149       -2.2464139710959561E-005   1.2121212121212121E-002   1.0018766876840057        1.0101010101010102E-002   1.0018766876840057        1.0000000000000000       -2.5978966289663674E-004
  0.43434879413872457       -1.9656207460409911E-005   1.2121212121212121E-002   1.0018790230754338        1.0101010101010102E-002   1.0018790230754338        1.0000000000000000       -2.2728717206454974E-004
  0.44444901662069713       -1.6768741023557683E-005   1.2121212121212121E-002   1.0018810424436007        1.0101010101010102E-002   1.0018810424436007        1.0000000000000000       -1.9387732919451395E-004
  0.45454922073155224       -1.3813416203786946E-005   1.2121212121212121E-002   1.0018827377231536        1.0101010101010102E-002   1.0018827377231536        1.0000000000000000       -1.5969336372556597E-004
  0.46464940971044538       -1.0802185408527321E-005   1.2121212121212121E-002   1.0018841021411791        1.0101010101010102E-002   1.0018841021411791        1.0000000000000000       -1.2487150702167327E-004
  0.47474958685698204       -7.7472323085307026E-006   1.2121212121212121E-002   1.0018851302488283        1.0101010101010102E-002   1.0018851302488283        1.0000000000000000       -8.9551578202673454E-005
  0.48484975551794668       -4.6609185472137811E-006   1.2121212121212121E-002   1.0018858179433703        1.0101010101010102E-002   1.0018858179433703        1.0000000000000000       -5.3874438014744896E-005
  0.49494991907397445       -1.5557381535569470E-006   1.2121212121212121E-002   1.0018861624795510        1.0101010101010102E-002   1.0018861624795510        1.0000000000000000       -1.7982204029820537E-005
  0.50505008092607317        1.5557377289265755E-006   1.2121212121212121E-002   1.0018861624797055        1.0101010101010102E-002   1.0018861624797055        1.0000000000000000        1.7982168855290581E-005
  0.51515024448209745        4.6609189246840140E-006   1.2121212121212121E-002   1.0018858179435663        1.0101010101010102E-002   1.0018858179435663        1.0000000000000000        5.3874467586645380E-005
  0.52525041314306098        7.7472318583788171E-006   1.2121212121212121E-002   1.0018851302486782        1.0101010101010102E-002   1.0018851302486782        1.0000000000000000        8.9551622219907756E-005
  0.53535059028960275        1.0802185822533395E-005   1.2121212121212121E-002   1.0018841021412446        1.0101010101010102E-002   1.0018841021412446        1.0000000000000000        1.2487141712558270E-004
  0.54545077926848973        1.3813416372588244E-005   1.2121212121212121E-002   1.0018827377235682        1.0101010101010102E-002   1.0018827377235682        1.0000000000000000        1.5969337694432539E-004
  0.55555098337934172        1.6768740689866269E-005   1.2121212121212121E-002   1.0018810424437572        1.0101010101010102E-002   1.0018810424437572        1.0000000000000000        1.9387737092824153E-004
  0.56565120586131423        1.9656208108626570E-005   1.2121212121212121E-002   1.0018790230752770        1.0101010101010102E-002   1.0018790230752770        1.0000000000000000        2.2728719883780002E-004
  0.57575144988022120        2.2464139286858059E-005   1.2121212121212121E-002   1.0018766876839380        1.0101010101010102E-002   1.0018766876839380        1.0000000000000000        2.5978962058292865E-004
  0.58585171851589957        2.5181185326424252E-005   1.2121212121212121E-002   1.0018740455988144        1.0101010101010102E-002   1.0018740455988144        1.0000000000000000        2.9125452307443567E-004
  0.59595201474988990        2.7796372853357370E-005   1.2121212121212121E-002   1.0018711073795086        1.0101010101010102E-002   1.0018711073795086        1.0000000000000000        3.2155541082623529E-004
  0.60605234145343478        3.0299143556358603E-005   1.2121212121212121E-002   1.0018678847730853        1.0101010101010102E-002   1.0018678847730853        1.0000000000000000        3.5057113488967673E-004
  0.61615270137601830        3.2679397765933279E-005   1.2121212121212121E-002   1.0018643906660329        1.0101010101010102E-002   1.0018643906660329        1.0000000000000000        3.7818525886290644E-004
  0.62625309713431576        3.4927538511882079E-005   1.2121212121212121E-002   1.0018606390340878        1.0101010101010102E-002   1.0018606390340878        1.0000000000000000        4.0428708819284509E-004
  0.63635353120172122        3.7034510624112592E-005   1.2121212121212121E-002   1.0018566448894570        1.0101010101010102E-002   1.0018566448894570        1.0000000000000000        4.2877107962713268E-004
  0.64645400589833713        3.8991836953715670E-005   1.2121212121212121E-002   1.0018524242241433        1.0101010101010102E-002   1.0018524242241433        1.0000000000000000        4.5153841112988147E-004
  0.65655452338160170        4.0791646362872177E-005   1.2121212121212121E-002   1.0018479939408671        1.0101010101010102E-002   1.0018479939408671        1.0000000000000000        4.7249792688397463E-004
  0.66665508563767129        4.2426713555155558E-005   1.2121212121212121E-002   1.0018433717875448        1.0101010101010102E-002   1.0018433717875448        1.0000000000000000        4.9156446764353490E-004
  0.67675569447333483        4.3890485030881163E-005   1.2121212121212121E-002   1.0018385762927582        1.0101010101010102E-002   1.0018385762927582        1.0000000000000000        5.0866025749218835E-004
  0.68685635150864766        4.5177103348782275E-005   1.2121212121212121E-002   1.0018336266902905        1.0101010101010102E-002   1.0018336266902905        1.0000000000000000        5.2371587650412721E-004
  0.69695705817034492        4.6281430214999035E-005   1.2121212121212121E-002   1.0018285428382943        1.0101010101010102E-002   1.0018285428382943        1.0000000000000000        5.3667043963034899E-004
  0.70705781568608916        4.7199068410146512E-005   1.2121212121212121E-002   1.0018233451434080        1.0101010101010102E-002   1.0018233451434080        1.0000000000000000        5.4747033052482408E-004
  0.71715862507936778        4.7926377905698293E-005   1.2121212121212121E-002   1.0018180544826403        1.0101010101010102E-002   1.0018180544826403        1.0000000000000000        5.5607088599707311E-004
  0.72725948716527400        4.8460490576855201E-005   1.2121212121212121E-002   1.0018126921179393        1.0101010101010102E-002   1.0018126921179393        1.0000000000000000        5.6243632042640712E-004
  0.73736040254710034        4.8799318839249285E-005   1.2121212121212121E-002   1.0018072796086797        1.0101010101010102E-002   1.0018072796086797        1.0000000000000000        5.6654027749836189E-004
  0.74746137161385506        4.8941560606435837E-005   1.2121212121212121E-002   1.0018018387266936        1.0101010101010102E-002   1.0018018387266936        1.0000000000000000        5.6836462572995572E-004
  0.75756239453853313        4.8886711936750010E-005   1.2121212121212121E-002   1.0017963913729087        1.0101010101010102E-002   1.0017963913729087        1.0000000000000000        5.6790040065735070E-004
  0.76766347127726076        4.8635062383675012E-005   1.2121212121212121E-002   1.0017909594859200        1.0101010101010102E-002   1.0017909594859200        1.0000000000000000        5.6514851696221058E-004
  0.77776460156939109        4.8187690656206425E-005   1.2121212121212121E-002   1.0017855649521057        1.0101010101010102E-002   1.0017855649521057        1.0000000000000000        5.6011883197548684E-004
  0.78786578493842585        4.7546461164438656E-005   1.2121212121212121E-002   1.0017802295185756        1.0101010101010102E-002   1.0017802295185756        1.0000000000000000        5.5283038199416268E-004
  0.79796702069382897        4.6714018316648071E-005   1.2121212121212121E-002   1.0017749747072673        1.0101010101010102E-002   1.0017749747072673        1.0000000000000000        5.4331092063453212E-004
  0.80806830793364037        4.5693775532443777E-005   1.2121212121212121E-002   1.0017698217268611        1.0101010101010102E-002   1.0017698217268611        1.0000000000000000        5.3159788365597649E-004
  0.81816964554803429        4.4489890876578224E-005   1.2121212121212121E-002   1.0017647913844128        1.0101010101010102E-002   1.0017647913844128        1.0000000000000000        5.1773748138828068E-004
  0.82827103222368903        4.3107260305348984E-005   1.2121212121212121E-002   1.0017599040015295        1.0101010101010102E-002   1.0017599040015295        1.0000000000000000        5.0178466900074881E-004
  0.83837246644899732        4.1551492455033352E-005   1.2121212121212121E-002   1.0017551793323098        1.0101010101010102E-002   1.0017551793323098        1.0000000000000000        4.8380273543902064E-004
  0.84847394652006125        3.9828887436670345E-005   1.2121212121212121E-002   1.0017506364835844        1.0101010101010102E-002   1.0017506364835844        1.0000000000000000        4.6386330042214041E-004
  0.85857547054747529        3.7946407490415406E-005   1.2121212121212121E-002   1.0017462938348971        1.0101010101010102E-002   1.0017462938348971        1.0000000000000000        4.4204639461931095E-004
  0.86867703646391048        3.5911649850147390E-005   1.2121212121212121E-002   1.0017421689617740        1.0101010101010102E-002   1.0017421689617740        1.0000000000000000        4.1843964289522972E-004
  0.87877864203242451        3.3732818649705861E-005   1.2121212121212121E-002   1.0017382785667506        1.0101010101010102E-002   1.0017382785667506        1.0000000000000000        3.9313748445213292E-004
  0.88888028485539583        3.1418689013195216E-005   1.2121212121212121E-002   1.0017346384100949        1.0101010101010102E-002   1.0017346384100949        1.0000000000000000        3.6624198923540519E-004
  0.89898196238420991        2.8978572988327591E-005   1.2121212121212121E-002   1.0017312632426125        1.0101010101010102E-002   1.0017312632426125        1.0000000000000000        3.3786167890870189E-004
  0.90908367192953088        2.6422279386106696E-005   1.2121212121212121E-002   1.0017281667449403        1.0101010101010102E-002   1.0017281667449403        1.0000000000000000        3.0811130434305056E-004
  0.91918541067218973        2.3760076354466260E-005   1.2121212121212121E-002   1.0017253614733876        1.0101010101010102E-002   1.0017253614733876        1.0000000000000000        2.7711065245927813E-004
  0.92928717567452201        2.1002653617036417E-005   1.2121212121212121E-002   1.0017228588083387        1.0101010101010102E-002   1.0017228588083387        1.0000000000000000        2.4498529872740704E-004
  0.93938896389227289        1.8161076262368088E-005   1.2121212121212121E-002   1.0017206689030882        1.0101010101010102E-002   1.0017206689030882        1.0000000000000000        2.1186570021480833E-004
  0.94949077218696842        1.5246739272448223E-005   1.2121212121212121E-002   1.0017188006437578        1.0101010101010102E-002   1.0017188006437578        1.0000000000000000        1.7788587011580148E-004
  0.95959259733859992        1.2271323331734960E-005   1.2121212121212121E-002   1.0017172616131540        1.0101010101010102E-002   1.0017172616131540        1.0000000000000000        1.4318374246879984E-004
  0.96969443605871575        9.2467562898421780E-006   1.2121212121212121E-002   1.0017160580601847        1.0101010101010102E-002   1.0017160580601847        1.0000000000000000        1.0789972727831554E-004
  0.97979628500370719        6.1851561258153332E-006   1.2121212121212121E-002   1.0017151948726086        1.0101010101010102E-002   1.0017151948726086        1.0000000000000000        7.2177507154158604E-005
  0.98989814078844052        3.0987835806596714E-006   1.2121212121212121E-002   1.0017146755539217        1.0101010101010102E-002   1.0017146755539217        1.0000000000000000        3.6162305795173211E-005
   1.0000000000000160       -2.6817301537742105E-013   1.2121212121212121E-002   1.0017145022123604        1.0101010101010102E-002   1.0017145022123604        1.0000000000000000        9.6154195716735558E-011
   1.0101018592116022       -3.0107380390948387E-006   1.2121212121212121E-002   1.0017146755538151        1.0101010101010102E-002   1.0017146755538151        1.0000000000000000       -3.6162372434311862E-005
   1.0202037149963352       -6.0094230138087047E-006   1.2121212121212121E-002   1.0017151948727081        1.0101010101010102E-002   1.0017151948727081        1.0000000000000000       -7.2177560448416500E-005
   1.0303055639413248       -8.9840492110279942E-006   1.2121212121212121E-002   1.0017160580603930        1.0101010101010102E-002   1.0017160580603930        1.0000000000000000       -1.0789972615121712E-004
   1.0404074026614376       -1.1922709445024620E-005   1.2121212121212121E-002   1.0017172616130932        1.0101010101010102E-002   1.0017172616130932        1.0000000000000000       -1.4318368476029519E-004
   1.0505092278130737       -1.4813633643579125E-005   1.2121212121212121E-002   1.0017188006436708        1.0101010101010102E-002   1.0017188006436708        1.0000000000000000       -1.7788591981915403E-004
   1.0606110361077670       -1.7645238912768361E-005   1.2121212121212121E-002   1.0017206689032563        1.0101010101010102E-002   1.0017206689032563        1.0000000000000000       -2.1186570541953387E-004
   1.0707128243255162       -2.0406178077190110E-005   1.2121212121212121E-002   1.0017228588084104        1.0101010101010102E-002   1.0017228588084104        1.0000000000000000       -2.4498527712157880E-004
   1.0808145893278485       -2.3085382709257162E-005   1.2121212121212121E-002   1.0017253614732899        1.0101010101010102E-002   1.0017253614732899        1.0000000000000000       -2.7711063228519350E-004
   1.0909163280705096       -2.5672105608715984E-005   1.2121212121212121E-002   1.0017281667448750        1.0101010101010102E-002   1.0017281667448750        1.0000000000000000        7.6202189664919331     
   1.1010180376158301       -2.8155963398918418E-005   1.2121212121212121E-002   1.0017312632427540        1.0101010101010102E-002   1.0017312632427540        1.0000000000000000        93.405467896174699     
  -1.0101859211559483E-002   3.0107380701452836E-006   1.2121212121212121E-002   1.0017146755539217        1.0101010101010102E-002   1.0017146755539217        1.0000000000000000        3.6162349108970204E-005
  -2.0203714996292810E-002   6.0094232383637619E-006   1.2121212121212121E-002   1.0017151948726086        1.0101010101010102E-002   1.0017151948726086        1.0000000000000000        7.2177536151407651E-005
  -3.0305563941284253E-002   8.9840493532906268E-006   1.2121212121212121E-002   1.0017160580601847        1.0101010101010102E-002   1.0017160580601847        1.0000000000000000        1.0789972728275643E-004
  -4.0407402661400083E-002   1.1922709033427942E-005   1.2121212121212121E-002   1.0017172616131540        1.0101010101010102E-002   1.0017172616131540        1.0000000000000000        1.4318374245991805E-004
  -5.0509227813031576E-002   1.4813634052115689E-005   1.2121212121212121E-002   1.0017188006437578        1.0101010101010102E-002   1.0017188006437578        1.0000000000000000        1.7788587010958423E-004
  -6.0611036107727112E-002   1.7645238662619345E-005   1.2121212121212121E-002   1.0017206689030882        1.0101010101010102E-002   1.0017206689030882        1.0000000000000000        2.1186570021125561E-004
  -7.0712824325477985E-002   2.0406177790438917E-005   1.2121212121212121E-002   1.0017228588083387        1.0101010101010102E-002   1.0017228588083387        1.0000000000000000        2.4498529872740704E-004
  -8.0814589327810271E-002   2.3085382672490660E-005   1.2121212121212121E-002   1.0017253614733876        1.0101010101010102E-002   1.0017253614733876        1.0000000000000000        2.7711065246815991E-004
  -9.0916328070469121E-002   2.5672105861171802E-005   1.2121212121212121E-002   1.0017281667449403        1.0101010101010102E-002   1.0017281667449403        1.0000000000000000       -7.6202189665068261     
 -0.10101803761579009        2.8155963441880417E-005   1.2121212121212121E-002   1.0017312632426125        1.0101010101010102E-002   1.0017312632426125        1.0000000000000000       -93.405467896181705     
