 # x v h rho m p cs a
   13.350999999998040     
  -8.6071751216696467E-006   2.6392790987339579E-005   1.2121212121212121E-002   1.0017974831681979        1.0101010101010102E-002   1.0017974831681979        1.0000000000000000        1.2434497875801753E-014
   1.0092435539111716E-002   2.6246915419404215E-005   1.2121212121212121E-002   1.0017964930122196        1.0101010101010102E-002   1.0017964930122196        1.0000000000000000       -1.4210854715202004E-014
   2.0193490119274751E-002   2.6382517742341871E-005   1.2121212121212121E-002   1.0017953833961002        1.0101010101010102E-002   1.0017953833961002        1.0000000000000000       -9.9475983006414026E-014
   3.0294555436920979E-002   2.6611521338905182E-005   1.2121212121212121E-002   1.0017944625213258        1.0101010101010102E-002   1.0017944625213258        1.0000000000000000        6.1284310959308641E-014
   4.0395628113010118E-002   2.6199273765923503E-005   1.2121212121212121E-002   1.0017936920223227        1.0101010101010102E-002   1.0017936920223227        1.0000000000000000        3.5527136788005009E-015
   5.0496708352467307E-002   2.5323454509023135E-005   1.2121212121212121E-002   1.0017929027492385        1.0101010101010102E-002   1.0017929027492385        1.0000000000000000        4.4408920985006262E-015
   6.0597796795670907E-002   2.4426141312972147E-005   1.2121212121212121E-002   1.0017921776154974        1.0101010101010102E-002   1.0017921776154974        1.0000000000000000       -8.8817841970012523E-015
   7.0698891382178719E-002   2.3747442615513625E-005   1.2121212121212121E-002   1.0017915072800534        1.0101010101010102E-002   1.0017915072800534        1.0000000000000000       -5.1514348342607263E-014
   8.0799992510129079E-002   2.2955587524989573E-005   1.2121212121212121E-002   1.0017905790479793        1.0101010101010102E-002   1.0017905790479793        1.0000000000000000        2.1316282072803006E-014
   9.0901105555783387E-002   2.2004433461307641E-005   1.2121212121212121E-002   1.0017894619178807        1.0101010101010102E-002   1.0017894619178807        1.0000000000000000        7.1054273576010019E-015
  0.10100222936627469        2.1210581722806239E-005   1.2121212121212121E-002   1.0017885186922564        1.0101010101010102E-002   1.0017885186922564        1.0000000000000000        7.1054273576010019E-015
  0.11110336126469013        2.0433189101423531E-005   1.2121212121212121E-002   1.0017879056814210        1.0101010101010102E-002   1.0017879056814210        1.0000000000000000        3.5527136788005009E-015
  0.12120449725803083        1.9325508703406217E-005   1.2121212121212121E-002   1.0017876657497302        1.0101010101010102E-002   1.0017876657497302        1.0000000000000000        1.9539925233402755E-014
  0.13130563374777346        1.8073683157777254E-005   1.2121212121212121E-002   1.0017876784340356        1.0101010101010102E-002   1.0017876784340356        1.0000000000000000        8.0824236192711396E-014
  0.14140676872606631        1.6843146327672162E-005   1.2121212121212121E-002   1.0017874637698219        1.0101010101010102E-002   1.0017874637698219        1.0000000000000000        2.2204460492503131E-014
  0.15150790872370123        1.5446254914466381E-005   1.2121212121212121E-002   1.0017866087547720        1.0101010101010102E-002   1.0017866087547720        1.0000000000000000       -6.2172489379008766E-015
  0.16160906145877235        1.3640812065597172E-005   1.2121212121212121E-002   1.0017856233707638        1.0101010101010102E-002   1.0017856233707638        1.0000000000000000       -6.2172489379008766E-015
  0.17171022204833086        1.1993488861530948E-005   1.2121212121212121E-002   1.0017851715426267        1.0101010101010102E-002   1.0017851715426267        1.0000000000000000       -6.2172489379008766E-015
  0.18181138336465691        1.0573653599817840E-005   1.2121212121212121E-002   1.0017850778647881        1.0101010101010102E-002   1.0017850778647881        1.0000000000000000       -6.2172489379008766E-015
  0.19191254512398928        9.2590635817145688E-006   1.2121212121212121E-002   1.0017849337181766        1.0101010101010102E-002   1.0017849337181766        1.0000000000000000       -6.2172489379008766E-015
  0.20201370922748005        7.8709505913610848E-006   1.2121212121212121E-002   1.0017847002709093        1.0101010101010102E-002   1.0017847002709093        1.0000000000000000       -6.2172489379008766E-015
  0.21211487620292596        6.3359694573425033E-006   1.2121212121212121E-002   1.0017847176406596        1.0101010101010102E-002   1.0017847176406596        1.0000000000000000       -6.2172489379008766E-015
  0.22221603995967767        4.6064891711990634E-006   1.2121212121212121E-002   1.0017849988954062        1.0101010101010102E-002   1.0017849988954062        1.0000000000000000       -1.7763568394002505E-015
  0.23231720107197157        2.8020174982417104E-006   1.2121212121212121E-002   1.0017853453902250        1.0101010101010102E-002   1.0017853453902250        1.0000000000000000       -5.6843418860808015E-014
  0.24241835749650020        1.2375632872235463E-006   1.2121212121212121E-002   1.0017854428386854        1.0101010101010102E-002   1.0017854428386854        1.0000000000000000       -1.8562928971732617E-013
  0.25251951623875557       -1.4944032019208673E-007   1.2121212121212121E-002   1.0017850547966778        1.0101010101010102E-002   1.0017850547966778        1.0000000000000000        1.8385293287792592E-013
  0.26262068114456200       -1.7963747133563744E-006   1.2121212121212121E-002   1.0017846427636159        1.0101010101010102E-002   1.0017846427636159        1.0000000000000000        5.0626169922907138E-014
  0.27272184844083730       -3.4779551185399585E-006   1.2121212121212121E-002   1.0017844751386957        1.0101010101010102E-002   1.0017844751386957        1.0000000000000000       -6.2172489379008766E-015
  0.28282301651310765       -5.0400371516030678E-006   1.2121212121212121E-002   1.0017844733421362        1.0101010101010102E-002   1.0017844733421362        1.0000000000000000       -6.2172489379008766E-015
  0.29292418352152139       -6.4488536183427649E-006   1.2121212121212121E-002   1.0017844588590950        1.0101010101010102E-002   1.0017844588590950        1.0000000000000000       -6.2172489379008766E-015
  0.30302535213668508       -7.8424895909568826E-006   1.2121212121212121E-002   1.0017845554272595        1.0101010101010102E-002   1.0017845554272595        1.0000000000000000       -6.2172489379008766E-015
  0.31312651711703704       -8.5908822829228840E-006   1.2121212121212121E-002   1.0017846790015776        1.0101010101010102E-002   1.0017846790015776        1.0000000000000000       -6.2172489379008766E-015
  0.32322768272108615       -8.9369114940520759E-006   1.2121212121212121E-002   1.0017845017959350        1.0101010101010102E-002   1.0017845017959350        1.0000000000000000       -6.2172489379008766E-015
  0.33332885125041739       -9.2645870483550938E-006   1.2121212121212121E-002   1.0017840150505335        1.0101010101010102E-002   1.0017840150505335        1.0000000000000000       -6.2172489379008766E-015
  0.34343002633666697       -9.5719985240591442E-006   1.2121212121212121E-002   1.0017831455670900        1.0101010101010102E-002   1.0017831455670900        1.0000000000000000       -6.2172489379008766E-015
  0.35353121208556626       -9.8506197706758295E-006   1.2121212121212121E-002   1.0017819246640529        1.0101010101010102E-002   1.0017819246640529        1.0000000000000000       -6.2172489379008766E-015
  0.36363241162395132       -1.0018998058461985E-005   1.2121212121212121E-002   1.0017805460201288        1.0101010101010102E-002   1.0017805460201288        1.0000000000000000       -6.2172489379008766E-015
  0.37373362473254862       -1.0101250205985651E-005   1.2121212121212121E-002   1.0017790636271566        1.0101010101010102E-002   1.0017790636271566        1.0000000000000000       -6.2172489379008766E-015
  0.38383485299014108       -9.7045733835632828E-006   1.2121212121212121E-002   1.0017771694494022        1.0101010101010102E-002   1.0017771694494022        1.0000000000000000       -6.2172489379008766E-015
  0.39393610378307253       -8.7869441831626087E-006   1.2121212121212121E-002   1.0017750282423865        1.0101010101010102E-002   1.0017750282423865        1.0000000000000000       -6.2172489379008766E-015
  0.40403737532515904       -7.6230878942299731E-006   1.2121212121212121E-002   1.0017732075598607        1.0101010101010102E-002   1.0017732075598607        1.0000000000000000       -6.2172489379008766E-015
  0.41413866211530814       -6.4506560741281311E-006   1.2121212121212121E-002   1.0017717266451227        1.0101010101010102E-002   1.0017717266451227        1.0000000000000000       -6.2172489379008766E-015
  0.42423996211698045       -5.3614579257532469E-006   1.2121212121212121E-002   1.0017701378783628        1.0101010101010102E-002   1.0017701378783628        1.0000000000000000       -6.2172489379008766E-015
  0.43434128049417414       -4.1387197313165129E-006   1.2121212121212121E-002   1.0017685693143379        1.0101010101010102E-002   1.0017685693143379        1.0000000000000000       -6.2172489379008766E-015
  0.44444261267445800       -2.9131190084027443E-006   1.2121212121212121E-002   1.0017676971234779        1.0101010101010102E-002   1.0017676971234779        1.0000000000000000       -6.2172489379008766E-015
  0.45454394815563381       -1.7649958992779855E-006   1.2121212121212121E-002   1.0017674508964751        1.0101010101010102E-002   1.0017674508964751        1.0000000000000000       -6.2172489379008766E-015
  0.46464528410795219       -7.2531111148757962E-007   1.2121212121212121E-002   1.0017671806851607        1.0101010101010102E-002   1.0017671806851607        1.0000000000000000       -6.2172489379008766E-015
  0.47474662452437683       -2.1546410760999869E-007   1.2121212121212121E-002   1.0017666276848920        1.0101010101010102E-002   1.0017666276848920        1.0000000000000000        5.3290705182007514E-015
  0.48484797193551432       -1.3265186117698908E-007   1.2121212121212121E-002   1.0017660907006725        1.0101010101010102E-002   1.0017660907006725        1.0000000000000000       -7.0166095156309893E-014
  0.49494932329856511       -8.5344129088906594E-008   1.2121212121212121E-002   1.0017657914255518        1.0101010101010102E-002   1.0017657914255518        1.0000000000000000       -4.4941828036826337E-013
  0.50505067670207626        8.5344380914508242E-008   1.2121212121212121E-002   1.0017657914255707        1.0101010101010102E-002   1.0017657914255707        1.0000000000000000       -6.9277916736609768E-014
  0.51515202806512650        1.3265174004236147E-007   1.2121212121212121E-002   1.0017660907006511        1.0101010101010102E-002   1.0017660907006511        1.0000000000000000        1.5987211554602254E-014
  0.52525337547626527        2.1546396113197382E-007   1.2121212121212121E-002   1.0017666276849673        1.0101010101010102E-002   1.0017666276849673        1.0000000000000000        1.7763568394002505E-015
  0.53535471589268668        7.2531132756740267E-007   1.2121212121212121E-002   1.0017671806850890        1.0101010101010102E-002   1.0017671806850890        1.0000000000000000        1.7763568394002505E-015
  0.54545605184500978        1.7649962390625814E-006   1.2121212121212121E-002   1.0017674508963232        1.0101010101010102E-002   1.0017674508963232        1.0000000000000000        1.7763568394002505E-015
  0.55555738732618476        2.9131191296337407E-006   1.2121212121212121E-002   1.0017676971236822        1.0101010101010102E-002   1.0017676971236822        1.0000000000000000        1.7763568394002505E-015
  0.56565871950646396        4.1387196139906776E-006   1.2121212121212121E-002   1.0017685693141491        1.0101010101010102E-002   1.0017685693141491        1.0000000000000000        1.7763568394002505E-015
  0.57576003788366681        5.3614580419640886E-006   1.2121212121212121E-002   1.0017701378781678        1.0101010101010102E-002   1.0017701378781678        1.0000000000000000        1.7763568394002505E-015
  0.58586133788533423        6.4506562333737870E-006   1.2121212121212121E-002   1.0017717266451960        1.0101010101010102E-002   1.0017717266451960        1.0000000000000000        1.7763568394002505E-015
  0.59596262467548666        7.6230878043366178E-006   1.2121212121212121E-002   1.0017732075601293        1.0101010101010102E-002   1.0017732075601293        1.0000000000000000        1.7763568394002505E-015
  0.60606389621756385        8.7869442744794757E-006   1.2121212121212121E-002   1.0017750282424427        1.0101010101010102E-002   1.0017750282424427        1.0000000000000000        1.7763568394002505E-015
  0.61616514701050329        9.7045737411755685E-006   1.2121212121212121E-002   1.0017771694491564        1.0101010101010102E-002   1.0017771694491564        1.0000000000000000        1.7763568394002505E-015
  0.62626637526809403        1.0101249989362361E-005   1.2121212121212121E-002   1.0017790636273436        1.0101010101010102E-002   1.0017790636273436        1.0000000000000000        1.7763568394002505E-015
  0.63636758837668816        1.0018998180866303E-005   1.2121212121212121E-002   1.0017805460201505        1.0101010101010102E-002   1.0017805460201505        1.0000000000000000        1.7763568394002505E-015
  0.64646878791507612        9.8506202169972896E-006   1.2121212121212121E-002   1.0017819246639481        1.0101010101010102E-002   1.0017819246639481        1.0000000000000000        1.7763568394002505E-015
  0.65656997366397485        9.5719986396017481E-006   1.2121212121212121E-002   1.0017831455669981        1.0101010101010102E-002   1.0017831455669981        1.0000000000000000        1.7763568394002505E-015
  0.66667114875022648        9.2645867870745269E-006   1.2121212121212121E-002   1.0017840150503270        1.0101010101010102E-002   1.0017840150503270        1.0000000000000000        1.7763568394002505E-015
  0.67677231727956055        8.9369118586133149E-006   1.2121212121212121E-002   1.0017845017960365        1.0101010101010102E-002   1.0017845017960365        1.0000000000000000        1.7763568394002505E-015
  0.68687348288360450        8.5908820428829896E-006   1.2121212121212121E-002   1.0017846790017988        1.0101010101010102E-002   1.0017846790017988        1.0000000000000000        1.7763568394002505E-015
  0.69697464786395646        7.8424898920132866E-006   1.2121212121212121E-002   1.0017845554271734        1.0101010101010102E-002   1.0017845554271734        1.0000000000000000        1.7763568394002505E-015
  0.70707581647912265        6.4488536024200684E-006   1.2121212121212121E-002   1.0017844588591100        1.0101010101010102E-002   1.0017844588591100        1.0000000000000000        1.7763568394002505E-015
  0.71717698348753356        5.0400371521565386E-006   1.2121212121212121E-002   1.0017844733422367        1.0101010101010102E-002   1.0017844733422367        1.0000000000000000        1.7763568394002505E-015
  0.72727815155980402        3.4779551760971115E-006   1.2121212121212121E-002   1.0017844751385121        1.0101010101010102E-002   1.0017844751385121        1.0000000000000000        1.7763568394002505E-015
  0.73737931885608377        1.7963749195233072E-006   1.2121212121212121E-002   1.0017846427636234        1.0101010101010102E-002   1.0017846427636234        1.0000000000000000        1.7763568394002505E-015
  0.74748048376188536        1.4944073587438672E-007   1.2121212121212121E-002   1.0017850547967804        1.0101010101010102E-002   1.0017850547967804        1.0000000000000000        1.7763568394002505E-015
  0.75758164250414339       -1.2375636226261604E-006   1.2121212121212121E-002   1.0017854428387871        1.0101010101010102E-002   1.0017854428387871        1.0000000000000000        1.7763568394002505E-015
  0.76768279892866731       -2.8020173103039285E-006   1.2121212121212121E-002   1.0017853453902679        1.0101010101010102E-002   1.0017853453902679        1.0000000000000000        1.7763568394002505E-015
  0.77778396004096451       -4.6064890788821156E-006   1.2121212121212121E-002   1.0017849988951015        1.0101010101010102E-002   1.0017849988951015        1.0000000000000000        1.7763568394002505E-015
  0.78788512379771969       -6.3359696500527716E-006   1.2121212121212121E-002   1.0017847176404286        1.0101010101010102E-002   1.0017847176404286        1.0000000000000000        1.7763568394002505E-015
  0.79798629077316718       -7.8709501614547166E-006   1.2121212121212121E-002   1.0017847002710309        1.0101010101010102E-002   1.0017847002710309        1.0000000000000000        1.7763568394002505E-015
  0.80808745487665323       -9.2590634777415489E-006   1.2121212121212121E-002   1.0017849337182405        1.0101010101010102E-002   1.0017849337182405        1.0000000000000000        1.7763568394002505E-015
  0.81818861663598874       -1.0573653656752325E-005   1.2121212121212121E-002   1.0017850778646242        1.0101010101010102E-002   1.0017850778646242        1.0000000000000000        1.7763568394002505E-015
  0.82828977795231584       -1.1993488880192813E-005   1.2121212121212121E-002   1.0017851715427306        1.0101010101010102E-002   1.0017851715427306        1.0000000000000000        1.7763568394002505E-015
  0.83839093854187063       -1.3640811685415314E-005   1.2121212121212121E-002   1.0017856233708231        1.0101010101010102E-002   1.0017856233708231        1.0000000000000000        1.7763568394002505E-015
  0.84849209127694403       -1.5446255075796010E-005   1.2121212121212121E-002   1.0017866087546377        1.0101010101010102E-002   1.0017866087546377        1.0000000000000000        1.7763568394002505E-015
  0.85859323127458009       -1.6843146309204912E-005   1.2121212121212121E-002   1.0017874637698805        1.0101010101010102E-002   1.0017874637698805        1.0000000000000000        1.7763568394002505E-015
  0.86869436625287000       -1.8073683099071036E-005   1.2121212121212121E-002   1.0017876784339814        1.0101010101010102E-002   1.0017876784339814        1.0000000000000000        1.7763568394002505E-015
  0.87879550274261709       -1.9325508517799875E-005   1.2121212121212121E-002   1.0017876657497864        1.0101010101010102E-002   1.0017876657497864        1.0000000000000000        1.7763568394002505E-015
  0.88889663873595226       -2.0433188999458545E-005   1.2121212121212121E-002   1.0017879056815875        1.0101010101010102E-002   1.0017879056815875        1.0000000000000000        1.7763568394002505E-015
  0.89899777063436903       -2.1210581848486928E-005   1.2121212121212121E-002   1.0017885186920754        1.0101010101010102E-002   1.0017885186920754        1.0000000000000000        1.7763568394002505E-015
  0.90909889444486358       -2.2004433192808093E-005   1.2121212121212121E-002   1.0017894619178656        1.0101010101010102E-002   1.0017894619178656        1.0000000000000000        1.7763568394002505E-015
  0.91920000749051467       -2.2955587338516028E-005   1.2121212121212121E-002   1.0017905790480273        1.0101010101010102E-002   1.0017905790480273        1.0000000000000000        1.7763568394002505E-015
  0.92930110861846726       -2.3747442742595425E-005   1.2121212121212121E-002   1.0017915072801251        1.0101010101010102E-002   1.0017915072801251        1.0000000000000000        1.7763568394002505E-015
  0.93940220320497136       -2.4426140941136579E-005   1.2121212121212121E-002   1.0017921776155294        1.0101010101010102E-002   1.0017921776155294        1.0000000000000000        1.7763568394002505E-015
  0.94950329164817759       -2.5323454606285651E-005   1.2121212121212121E-002   1.0017929027490089        1.0101010101010102E-002   1.0017929027490089        1.0000000000000000        1.7763568394002505E-015
  0.95960437188763748       -2.6199273787200157E-005   1.2121212121212121E-002   1.0017936920222352        1.0101010101010102E-002   1.0017936920222352        1.0000000000000000        1.7763568394002505E-015
  0.96970544456372532       -2.6611521459000339E-005   1.2121212121212121E-002   1.0017944625212329        1.0101010101010102E-002   1.0017944625212329        1.0000000000000000        8.8817841970012523E-016
  0.97980650988137474       -2.6382517092552895E-005   1.2121212121212121E-002   1.0017953833960507        1.0101010101010102E-002   1.0017953833960507        1.0000000000000000       -3.2862601528904634E-014
  0.98990756446153605       -2.6246915635569812E-005   1.2121212121212121E-002   1.0017964930124643        1.0101010101010102E-002   1.0017964930124643        1.0000000000000000        1.5010215292932116E-013
   1.0000086071757657       -2.6392790923157769E-005   1.2121212121212121E-002   1.0017974831683818        1.0101010101010102E-002   1.0017974831683818        1.0000000000000000        1.0436096431476471E-012
   1.0101096172767758        2.6190129359454804E-005   1.2121212121212121E-002   1.0017964930122196        1.0101010101010102E-002   1.0017990543988056        1.0000000000000000        1.4299672557172016E-013
   1.0202106273777860        2.6325994521799145E-005   1.2121212121212121E-002   1.0017953833961002        1.0101010101010102E-002   1.0018003109058373        1.0000000000000000       -1.9677833450701065E-002
   1.0303116374787962        2.6571418851150636E-005   1.2121212121212121E-002   1.0017944625213258        1.0101010101010102E-002   1.0018004115226273        1.0000000000000000       -1.3138325546267744     
   1.0404126475798063        2.6159437308655042E-005   1.2121212121212121E-002   1.0017936920223227        1.0101010101010102E-002  0.99665637860081713        1.0000000000000000       -4.6453021478719450     
   1.0505136576808165        2.5281442027607135E-005   1.2121212121212121E-002   1.0017929027492385        1.0101010101010102E-002  0.77867798353909146        1.0000000000000000        107.01218865918355     
  -1.0109617276131772E-002  -2.6190129565212727E-005   1.2121212121212121E-002   1.0017964930124643        1.0101010101010102E-002   1.0017990543987929        1.0000000000000000        1.1546319456101628E-014
  -2.0210627377141872E-002  -2.6325993851792120E-005   1.2121212121212121E-002   1.0017953833960507        1.0101010101010102E-002   1.0018003109058438        1.0000000000000000        1.9677833450746363E-002
  -3.0311637478151972E-002  -2.6571418985841231E-005   1.2121212121212121E-002   1.0017944625212329        1.0101010101010102E-002   1.0018004115226335        1.0000000000000000        1.3138325546268277     
  -4.0412647579162075E-002  -2.6159437314938356E-005   1.2121212121212121E-002   1.0017936920222352        1.0101010101010102E-002  0.99665637860082268        1.0000000000000000        4.6453021478716039     
  -5.0513657680172179E-002  -2.5281442126881822E-005   1.2121212121212121E-002   1.0017929027490089        1.0101010101010102E-002  0.77867798353909445        1.0000000000000000       -107.01218865918408     
