 # x v h rho m p cs a
   2.3006060606060732     
  -1.8103689346526540E-015  -5.8587478303128795E-014   1.2121212121212121E-002   1.0017361692596767        1.0101010101010102E-002   1.0017361692596767        1.0000000000000000        5.3868909333232295E-011
   1.0101645044486376E-002  -4.8064130584740919E-006   1.2121212121212121E-002   1.0017362986396665        1.0101010101010102E-002   1.0017362986396665        1.0000000000000000       -2.6990180141517328E-005
   2.0203287531328877E-002  -9.5934706044870365E-006   1.2121212121212121E-002   1.0017366862588284        1.0101010101010102E-002   1.0017366862588284        1.0000000000000000       -5.3871549392070506E-005
   3.0304924913194465E-002  -1.4341894406262325E-005   1.2121212121212121E-002   1.0017373305543571        1.0101010101010102E-002   1.0017373305543571        1.0000000000000000       -8.0535658631752938E-005
   4.0406554663338992E-002  -1.9032562306480828E-005   1.2121212121212121E-002   1.0017382289287273        1.0101010101010102E-002   1.0017382289287273        1.0000000000000000       -1.0687497812877922E-004
   5.0508174285800768E-002  -2.3646584219340514E-005   1.2121212121212121E-002   1.0017393777607739        1.0101010101010102E-002   1.0017393777607739        1.0000000000000000       -1.3278345392553348E-004
   6.0609781325447566E-002  -2.8165380192219387E-005   1.2121212121212121E-002   1.0017407724203244        1.0101010101010102E-002   1.0017407724203244        1.0000000000000000       -1.5815658672657662E-004
   7.0711373377879888E-002  -3.2570752765441467E-005   1.2121212121212121E-002   1.0017424072854004        1.0101010101010102E-002   1.0017424072854004        1.0000000000000000       -1.8289191791520665E-004
   8.0812948099144577E-002  -3.6844961533271639E-005   1.2121212121212121E-002   1.0017442757657806        1.0101010101010102E-002   1.0017442757657806        1.0000000000000000       -2.0688987137340575E-004
   9.0914503215167725E-002  -4.0970794129395227E-005   1.2121212121212121E-002   1.0017463703308527        1.0101010101010102E-002   1.0017463703308527        1.0000000000000000       -2.3005382072582847E-004
  0.10101603653091225       -4.4931636537591727E-005   1.2121212121212121E-002   1.0017486825390691        1.0101010101010102E-002   1.0017486825390691        1.0000000000000000       -2.5229033845874937E-004
  0.11111754593923165       -4.8711539946900621E-005   1.2121212121212121E-002   1.0017512030711893        1.0101010101010102E-002   1.0017512030711893        1.0000000000000000       -2.7350972224837733E-004
  0.12121902942937178       -5.2295282561172627E-005   1.2121212121212121E-002   1.0017539217686475        1.0101010101010102E-002   1.0017539217686475        1.0000000000000000       -2.9362657186382535E-004
  0.13132048509506283       -5.5668433651057632E-005   1.2121212121212121E-002   1.0017568276756310        1.0101010101010102E-002   1.0017568276756310        1.0000000000000000       -3.1255998911294824E-004
  0.14142191114218458       -5.8817410924692564E-005   1.2121212121212121E-002   1.0017599090826870        1.0101010101010102E-002   1.0017599090826870        1.0000000000000000       -3.3023366503748264E-004
  0.15152330589599666       -6.1729535604116348E-005   1.2121212121212121E-002   1.0017631535726688        1.0101010101010102E-002   1.0017631535726688        1.0000000000000000       -3.4657628529544127E-004
  0.16162466780789977       -6.4393081485134658E-005   1.2121212121212121E-002   1.0017665480718629        1.0101010101010102E-002   1.0017665480718629        1.0000000000000000       -3.6152223046226339E-004
  0.17172599546165060       -6.6797323812810513E-005   1.2121212121212121E-002   1.0017700789041313        1.0101010101010102E-002   1.0017700789041313        1.0000000000000000       -3.7501150109431336E-004
  0.18182728757904598       -6.8932583306594944E-005   1.2121212121212121E-002   1.0017737318447779        1.0101010101010102E-002   1.0017737318447779        1.0000000000000000       -3.8698971474815380E-004
  0.19192854302507734       -7.0790263461284166E-005   1.2121212121212121E-002   1.0017774921769356        1.0101010101010102E-002   1.0017774921769356        1.0000000000000000       -3.9740862773474106E-004
  0.20202976081250251       -7.2362884974216951E-005   1.2121212121212121E-002   1.0017813447521995        1.0101010101010102E-002   1.0017813447521995        1.0000000000000000       -4.0622652556443484E-004
  0.21213094010579578       -7.3644117205693449E-005   1.2121212121212121E-002   1.0017852740525492        1.0101010101010102E-002   1.0017852740525492        1.0000000000000000       -4.1340810942980255E-004
  0.22223208022449273       -7.4628803019751081E-005   1.2121212121212121E-002   1.0017892642520414        1.0101010101010102E-002   1.0017892642520414        1.0000000000000000       -4.1892452174163708E-004
  0.23233318064592245       -7.5312979458463282E-005   1.2121212121212121E-002   1.0017932992794745        1.0101010101010102E-002   1.0017932992794745        1.0000000000000000       -4.2275352407461497E-004
  0.24243424100731695       -7.5693893849885041E-005   1.2121212121212121E-002   1.0017973628839751        1.0101010101010102E-002   1.0017973628839751        1.0000000000000000       -4.2487996520534921E-004
  0.25253526110724445       -7.5770013802876812E-005   1.2121212121212121E-002   1.0018014387020304        1.0101010101010102E-002   1.0018014387020304        1.0000000000000000       -4.2529559753745616E-004
  0.26263624090638688       -7.5541034918869202E-005   1.2121212121212121E-002   1.0018055103220844        1.0101010101010102E-002   1.0018055103220844        1.0000000000000000       -4.2399874391474413E-004
  0.27273718052770202       -7.5007882013973816E-005   1.2121212121212121E-002   1.0018095613495963        1.0101010101010102E-002   1.0018095613495963        1.0000000000000000       -4.2099470430922992E-004
  0.28283808025591761       -7.4172703830485342E-005   1.2121212121212121E-002   1.0018135754739019        1.0101010101010102E-002   1.0018135754739019        1.0000000000000000       -4.1629575541080044E-004
  0.29293894053636882       -7.3038864753015222E-005   1.2121212121212121E-002   1.0018175365348150        1.0101010101010102E-002   1.0018175365348150        1.0000000000000000       -4.0992111491089389E-004
  0.30303976197317450       -7.1610932046314396E-005   1.2121212121212121E-002   1.0018214285875011        1.0101010101010102E-002   1.0018214285875011        1.0000000000000000       -4.0189656910971649E-004
  0.31314054532679164       -6.9894658167302226E-005   1.2121212121212121E-002   1.0018252359649280        1.0101010101010102E-002   1.0018252359649280        1.0000000000000000       -3.9225434233092216E-004
  0.32324129151096437       -6.7896955244033100E-005   1.2121212121212121E-002   1.0018289433412242        1.0101010101010102E-002   1.0018289433412242        1.0000000000000000       -3.8103343579276583E-004
  0.33334200158902588       -6.5625868038757989E-005   1.2121212121212121E-002   1.0018325357951601        1.0101010101010102E-002   1.0018325357951601        1.0000000000000000       -3.6827933089522702E-004
  0.34344267676958684       -6.3090542940385990E-005   1.2121212121212121E-002   1.0018359988696361        1.0101010101010102E-002   1.0018359988696361        1.0000000000000000       -3.5404341935052486E-004
  0.35354331840166381       -6.0301189712039919E-005   1.2121212121212121E-002   1.0018393186277752        1.0101010101010102E-002   1.0018393186277752        1.0000000000000000       -3.3838285347975727E-004
  0.36364392796926787       -5.7269041097389377E-005   1.2121212121212121E-002   1.0018424817097242        1.0101010101010102E-002   1.0018424817097242        1.0000000000000000       -3.2136087047529571E-004
  0.37374450708540818       -5.4006306578251221E-005   1.2121212121212121E-002   1.0018454753880877        1.0101010101010102E-002   1.0018454753880877        1.0000000000000000       -3.0304619167065283E-004
  0.38384505748557951       -5.0526123797046972E-005   1.2121212121212121E-002   1.0018482876180270        1.0101010101010102E-002   1.0018482876180270        1.0000000000000000       -2.8351249770786069E-004
  0.39394558102078187       -4.6842507044431049E-005   1.2121212121212121E-002   1.0018509070844914        1.0101010101010102E-002   1.0018509070844914        1.0000000000000000       -2.6283831339579677E-004
  0.40404607965007783       -4.2970288092659629E-005   1.2121212121212121E-002   1.0018533232477922        1.0101010101010102E-002   1.0018533232477922        1.0000000000000000       -2.4110683220346374E-004
  0.41414655543271361       -3.8925058165736243E-005   1.2121212121212121E-002   1.0018555263876350        1.0101010101010102E-002   1.0018555263876350        1.0000000000000000       -2.1840577250031856E-004
  0.42424701051980113       -3.4723105207049845E-005   1.2121212121212121E-002   1.0018575076419240        1.0101010101010102E-002   1.0018575076419240        1.0000000000000000       -1.9482640120838113E-004
  0.43434744714567325       -3.0381348098386869E-005   1.2121212121212121E-002   1.0018592590402358        1.0101010101010102E-002   1.0018592590402358        1.0000000000000000       -1.7046339164128455E-004
  0.44444786761891375       -2.5917268316361672E-005   1.2121212121212121E-002   1.0018607735363720        1.0101010101010102E-002   1.0018607735363720        1.0000000000000000       -1.4541478944618547E-004
  0.45454827431306738       -2.1348839111900118E-005   1.2121212121212121E-002   1.0018620450383671        1.0101010101010102E-002   1.0018620450383671        1.0000000000000000       -1.1978154882896774E-004
  0.46464866965707224       -1.6694454896902451E-005   1.2121212121212121E-002   1.0018630684325884        1.0101010101010102E-002   1.0018630684325884        1.0000000000000000       -9.3666724379382060E-005
  0.47474905612549517       -1.1972854552805940E-005   1.2121212121212121E-002   1.0018638396023463        1.0101010101010102E-002   1.0018638396023463        1.0000000000000000       -6.7175127136387403E-005
  0.48484943622860427       -7.2030493676204706E-006   1.2121212121212121E-002   1.0018643554449351        1.0101010101010102E-002   1.0018643554449351        1.0000000000000000       -4.0413360921753849E-005
  0.49494981250226544       -2.4042434732314067E-006   1.2121212121212121E-002   1.0018646138856206        1.0101010101010102E-002   1.0018646138856206        1.0000000000000000       -1.3489170592073663E-005
  0.50505018749773378        2.4042430903518927E-006   1.2121212121212121E-002   1.0018646138855634        1.0101010101010102E-002   1.0018646138855634        1.0000000000000000        1.3489181658776772E-005
  0.51515056377139645        7.2030497128459608E-006   1.2121212121212121E-002   1.0018643554449504        1.0101010101010102E-002   1.0018643554449504        1.0000000000000000        4.0413336619415929E-005
  0.52525094387450366        1.1972854738854830E-005   1.2121212121212121E-002   1.0018638396023987        1.0101010101010102E-002   1.0018638396023987        1.0000000000000000        6.7175141657216386E-005
  0.53535133034292737        1.6694454675382962E-005   1.2121212121212121E-002   1.0018630684326228        1.0101010101010102E-002   1.0018630684326228        1.0000000000000000        9.3666714104045923E-005
  0.54545172568693068        2.1348839330593173E-005   1.2121212121212121E-002   1.0018620450383262        1.0101010101010102E-002   1.0018620450383262        1.0000000000000000        1.1978157631276076E-004
  0.55555213238108669        2.5917268244120963E-005   1.2121212121212121E-002   1.0018607735362783        1.0101010101010102E-002   1.0018607735362783        1.0000000000000000        1.4541477296781125E-004
  0.56565255285432692        3.0381348043950691E-005   1.2121212121212121E-002   1.0018592590402362        1.0101010101010102E-002   1.0018592590402362        1.0000000000000000        1.7046338785675630E-004
  0.57575298948019926        3.4723105168380189E-005   1.2121212121212121E-002   1.0018575076419971        1.0101010101010102E-002   1.0018575076419971        1.0000000000000000        1.9482638752510439E-004
  0.58585344456728494        3.8925058039669612E-005   1.2121212121212121E-002   1.0018555263876729        1.0101010101010102E-002   1.0018555263876729        1.0000000000000000        2.1840579600684862E-004
  0.59595392034992156        4.2970288174486224E-005   1.2121212121212121E-002   1.0018533232476727        1.0101010101010102E-002   1.0018533232476727        1.0000000000000000        2.4110684137568228E-004
  0.60605441897921952        4.6842506899004755E-005   1.2121212121212121E-002   1.0018509070844690        1.0101010101010102E-002   1.0018509070844690        1.0000000000000000        2.6283828458417702E-004
  0.61615494251442027        5.0526123887166378E-005   1.2121212121212121E-002   1.0018482876180790        1.0101010101010102E-002   1.0018482876180790        1.0000000000000000        2.8351250951175189E-004
  0.62625549291459193        5.4006306742807476E-005   1.2121212121212121E-002   1.0018454753880748        1.0101010101010102E-002   1.0018454753880748        1.0000000000000000        3.0304619356069651E-004
  0.63635607203073230        5.7269041045580255E-005   1.2121212121212121E-002   1.0018424817097140        1.0101010101010102E-002   1.0018424817097140        1.0000000000000000        3.2136086889167359E-004
  0.64645668159833658        6.0301189755117290E-005   1.2121212121212121E-002   1.0018393186278125        1.0101010101010102E-002   1.0018393186278125        1.0000000000000000        3.3838284415388387E-004
  0.65655732323041249        6.3090542742469871E-005   1.2121212121212121E-002   1.0018359988696641        1.0101010101010102E-002   1.0018359988696641        1.0000000000000000        3.5404343091727242E-004
  0.66665799841097384        6.5625868050908331E-005   1.2121212121212121E-002   1.0018325357951168        1.0101010101010102E-002   1.0018325357951168        1.0000000000000000        3.6827933451100137E-004
  0.67675870848903596        6.7896955316435335E-005   1.2121212121212121E-002   1.0018289433411858        1.0101010101010102E-002   1.0018289433411858        1.0000000000000000        3.8103343211659535E-004
  0.68685945467320886        6.9894658155196011E-005   1.2121212121212121E-002   1.0018252359649138        1.0101010101010102E-002   1.0018252359649138        1.0000000000000000        3.9225433901624029E-004
  0.69696023802682616        7.1610932190129423E-005   1.2121212121212121E-002   1.0018214285875309        1.0101010101010102E-002   1.0018214285875309        1.0000000000000000        4.0189656419986619E-004
  0.70706105946363085        7.3038864529059657E-005   1.2121212121212121E-002   1.0018175365347610        1.0101010101010102E-002   1.0018175365347610        1.0000000000000000        4.0992113831084254E-004
  0.71716191974408428        7.4172703943599721E-005   1.2121212121212121E-002   1.0018135754738586        1.0101010101010102E-002   1.0018135754738586        1.0000000000000000        4.1629572777335255E-004
  0.72726281947229887        7.5007882122446915E-005   1.2121212121212121E-002   1.0018095613497471        1.0101010101010102E-002   1.0018095613497471        1.0000000000000000        4.2099469267409262E-004
  0.73736375909361140        7.5541034966558499E-005   1.2121212121212121E-002   1.0018055103220984        1.0101010101010102E-002   1.0018055103220984        1.0000000000000000        4.2399878261445423E-004
  0.74746473889275633        7.5770013663513722E-005   1.2121212121212121E-002   1.0018014387019825        1.0101010101010102E-002   1.0018014387019825        1.0000000000000000        4.2529557372272819E-004
  0.75756575899268253        7.5693893882854138E-005   1.2121212121212121E-002   1.0017973628840051        1.0101010101010102E-002   1.0017973628840051        1.0000000000000000        4.2487997222639962E-004
  0.76766681935407755        7.5312979471348741E-005   1.2121212121212121E-002   1.0017932992794882        1.0101010101010102E-002   1.0017932992794882        1.0000000000000000        4.2275351946408080E-004
  0.77776791977550641        7.4628803026738968E-005   1.2121212121212121E-002   1.0017892642520023        1.0101010101010102E-002   1.0017892642520023        1.0000000000000000        4.1892453909930794E-004
  0.78786905989420508        7.3644117074038413E-005   1.2121212121212121E-002   1.0017852740525128        1.0101010101010102E-002   1.0017852740525128        1.0000000000000000        4.1340809010925739E-004
  0.79797023918749754        7.2362885196669568E-005   1.2121212121212121E-002   1.0017813447522661        1.0101010101010102E-002   1.0017813447522661        1.0000000000000000        4.0622652324096009E-004
  0.80807145697492189        7.0790263326357984E-005   1.2121212121212121E-002   1.0017774921769294        1.0101010101010102E-002   1.0017774921769294        1.0000000000000000        3.9740864639092877E-004
  0.81817271242095413        6.8932583318090469E-005   1.2121212121212121E-002   1.0017737318446653        1.0101010101010102E-002   1.0017737318446653        1.0000000000000000        3.8698971787898273E-004
  0.82827400453835132        6.6797323696110041E-005   1.2121212121212121E-002   1.0017700789041621        1.0101010101010102E-002   1.0017700789041621        1.0000000000000000        3.7501146809137964E-004
  0.83837533219209948        6.4393081557088589E-005   1.2121212121212121E-002   1.0017665480719062        1.0101010101010102E-002   1.0017665480719062        1.0000000000000000        3.6152225981567199E-004
  0.84847669410400417        6.1729535741386561E-005   1.2121212121212121E-002   1.0017631535725935        1.0101010101010102E-002   1.0017631535725935        1.0000000000000000        3.4657628161216536E-004
  0.85857808885781639        5.8817410789361724E-005   1.2121212121212121E-002   1.0017599090826173        1.0101010101010102E-002   1.0017599090826173        1.0000000000000000        3.3023366955742262E-004
  0.86867951490493944        5.5668433765730938E-005   1.2121212121212121E-002   1.0017568276756208        1.0101010101010102E-002   1.0017568276756208        1.0000000000000000        3.1255996919998807E-004
  0.87878097057062954        5.2295282363892237E-005   1.2121212121212121E-002   1.0017539217687657        1.0101010101010102E-002   1.0017539217687657        1.0000000000000000        2.9362656493869821E-004
  0.88888245406076793        4.8711539954915071E-005   1.2121212121212121E-002   1.0017512030712394        1.0101010101010102E-002   1.0017512030712394        1.0000000000000000        2.7350974278927964E-004
  0.89898396346908804        4.4931636724904085E-005   1.2121212121212121E-002   1.0017486825390167        1.0101010101010102E-002   1.0017486825390167        1.0000000000000000        2.5229034174056864E-004
  0.90908549678483297        4.0970793975577961E-005   1.2121212121212121E-002   1.0017463703307501        1.0101010101010102E-002   1.0017463703307501        1.0000000000000000        2.3005382840235455E-004
  0.91918705190085792        3.6844961471864854E-005   1.2121212121212121E-002   1.0017442757657367        1.0101010101010102E-002   1.0017442757657367        1.0000000000000000        2.0688985048344932E-004
  0.92928862662212175        3.2570752980012551E-005   1.2121212121212121E-002   1.0017424072854584        1.0101010101010102E-002   1.0017424072854584        1.0000000000000000        1.8289191624809575E-004
  0.93939021867455363        2.8165380266093318E-005   1.2121212121212121E-002   1.0017407724203966        1.0101010101010102E-002   1.0017407724203966        1.0000000000000000        1.5815658494844342E-004
  0.94949182571419932        2.3646584146197722E-005   1.2121212121212121E-002   1.0017393777607826        1.0101010101010102E-002   1.0017393777607826        1.0000000000000000        1.3278347075651453E-004
  0.95959344533666202        1.9032562263240978E-005   1.2121212121212121E-002   1.0017382289286652        1.0101010101010102E-002   1.0017382289286652        1.0000000000000000        1.0687497568007132E-004
  0.96969507508680708        1.4341894431415507E-005   1.2121212121212121E-002   1.0017373305543418        1.0101010101010102E-002   1.0017373305543418        1.0000000000000000        8.0535652386082290E-005
  0.97979671246867228        9.5934705338998559E-006   1.2121212121212121E-002   1.0017366862587846        1.0101010101010102E-002   1.0017366862587846        1.0000000000000000        5.3871560091955928E-005
  0.98989835495551615        4.8064130949893537E-006   1.2121212121212121E-002   1.0017362986396472        1.0101010101010102E-002   1.0017362986396472        1.0000000000000000        2.6990165048701442E-005
   1.0000000000000033        1.1680980465643185E-013   1.2121212121212121E-002   1.0017361692596753        1.0101010101010102E-002   1.0017361692596753        1.0000000000000000       -4.2776449049597431E-011
   1.0101016450444864       -4.7403862306504457E-006   1.2121212121212121E-002   1.0017362986396665        1.0101010101010102E-002   1.0017362986396665        1.0000000000000000       -2.6990151572370280E-005
   1.0202032875313289       -9.4616831167640759E-006   1.2121212121212121E-002   1.0017366862588284        1.0101010101010102E-002   1.0017366862588284        1.0000000000000000       -5.3871531543236983E-005
   1.0303049249131944       -1.4144877745457977E-005   1.2121212121212121E-002   1.0017373305543571        1.0101010101010102E-002   1.0017373305543571        1.0000000000000000       -8.0535656731051120E-005
   1.0404065546633390       -1.8771110994749284E-005   1.2121212121212121E-002   1.0017382289287273        1.0101010101010102E-002   1.0017382289287273        1.0000000000000000       -1.0687497859596107E-004
   1.0505081742858007       -2.3321752268824530E-005   1.2121212121212121E-002   1.0017393777607739        1.0101010101010102E-002   1.0017393777607739        1.0000000000000000       -1.3278345248313173E-004
   1.0606097813254476       -2.7778477196212565E-005   1.2121212121212121E-002   1.0017407724203244        1.0101010101010102E-002   1.0017407724203244        1.0000000000000000       -1.5815658732076798E-004
   1.0707113733778799       -3.2123338966483148E-005   1.2121212121212121E-002   1.0017424072854004        1.0101010101010102E-002   1.0017424072854004        1.0000000000000000       -1.8289191844367281E-004
   1.0808129480991446       -3.6338840777467576E-005   1.2121212121212121E-002   1.0017442757657806        1.0101010101010102E-002   1.0017442757657806        1.0000000000000000       -2.0688987217987176E-004
   1.0909145032151677       -4.0408006675690650E-005   1.2121212121212121E-002   1.0017463703308527        1.0101010101010102E-002   1.0017463703308527        1.0000000000000000        7.6214641953381204     
   1.1010160365309123       -4.4314451180514773E-005   1.2121212121212121E-002   1.0017486825390691        1.0101010101010102E-002   1.0017486825390691        1.0000000000000000        93.406160433763489     
  -1.0101645044483853E-002   4.7403863022471397E-006   1.2121212121212121E-002   1.0017362986396472        1.0101010101010102E-002   1.0017362986396472        1.0000000000000000        2.6990135908455670E-005
  -2.0203287531327718E-002   9.4616830243352427E-006   1.2121212121212121E-002   1.0017366862587846        1.0101010101010102E-002   1.0017366862587846        1.0000000000000000        5.3871540691474706E-005
  -3.0304924913192921E-002   1.4144877783103792E-005   1.2121212121212121E-002   1.0017373305543418        1.0101010101010102E-002   1.0017373305543418        1.0000000000000000        8.0535652391411361E-005
  -4.0406554663337979E-002   1.8771110957124877E-005   1.2121212121212121E-002   1.0017382289286652        1.0101010101010102E-002   1.0017382289286652        1.0000000000000000        1.0687497568184767E-004
  -5.0508174285800678E-002   2.3321752160646598E-005   1.2121212121212121E-002   1.0017393777607826        1.0101010101010102E-002   1.0017393777607826        1.0000000000000000        1.3278347076628449E-004
  -6.0609781325446366E-002   2.7778477273812544E-005   1.2121212121212121E-002   1.0017407724203966        1.0101010101010102E-002   1.0017407724203966        1.0000000000000000        1.5815658495021978E-004
  -7.0711373377878251E-002   3.2123339174180275E-005   1.2121212121212121E-002   1.0017424072854584        1.0101010101010102E-002   1.0017424072854584        1.0000000000000000        1.8289191625431300E-004
  -8.0812948099142079E-002   3.6338840770329033E-005   1.2121212121212121E-002   1.0017442757657367        1.0101010101010102E-002   1.0017442757657367        1.0000000000000000        2.0688985048256114E-004
  -9.0914503215167031E-002   4.0408006515514023E-005   1.2121212121212121E-002   1.0017463703307501        1.0101010101010102E-002   1.0017463703307501        1.0000000000000000       -7.6214641953254301     
 -0.10101603653091196        4.4314451346385962E-005   1.2121212121212121E-002   1.0017486825390167        1.0101010101010102E-002   1.0017486825390167        1.0000000000000000       -93.406160433760206     
