 # x v h rho m p cs a
   12.501818181816702     
   5.6068568418720288E-015  -2.3473748197747478E-013   1.2121212121212121E-002   1.0018185128438459        1.0101010101010102E-002   1.0018185128438459        1.0000000000000000        7.5539574595495651E-012
   1.0100831210262185E-002   6.2291516025841021E-006   1.2121212121212121E-002   1.0018184764957443        1.0101010101010102E-002   1.0018184764957443        1.0000000000000000        7.5815798119549527E-006
   2.0201663138939820E-002   1.2433279970559802E-005   1.2121212121212121E-002   1.0018183675954919        1.0101010101010102E-002   1.0018183675954919        1.0000000000000000        1.5133143363321722E-005
   3.0302496501617936E-002   1.8587461022667142E-005   1.2121212121212121E-002   1.0018181865761717        1.0101010101010102E-002   1.0018181865761717        1.0000000000000000        2.2624403417381700E-005
   4.0403332008160771E-002   2.4666971629070353E-005   1.2121212121212121E-002   1.0018179341599009        1.0101010101010102E-002   1.0018179341599009        1.0000000000000000        3.0025357419027898E-005
   5.0504170359873729E-002   3.0647385401437550E-005   1.2121212121212121E-002   1.0018176113534212        1.0101010101010102E-002   1.0018176113534212        1.0000000000000000        3.7306625091382273E-005
   6.0605012246723863E-002   3.6504670751046572E-005   1.2121212121212121E-002   1.0018172194433554        1.0101010101010102E-002   1.0018172194433554        1.0000000000000000        4.4439256770445468E-005
   7.0705858344588243E-002   4.2215287604178173E-005   1.2121212121212121E-002   1.0018167599909009        1.0101010101010102E-002   1.0018167599909009        1.0000000000000000        5.1394924156511479E-005
   8.0806709312586100E-002   4.7756282481299577E-005   1.2121212121212121E-002   1.0018162348290405        1.0101010101010102E-002   1.0018162348290405        1.0000000000000000        5.8145252999963759E-005
   9.0907565790367420E-002   5.3105379277573704E-005   1.2121212121212121E-002   1.0018156460543575        1.0101010101010102E-002   1.0018156460543575        1.0000000000000000        6.4663631726524784E-005
  0.10100842839561035        5.8241065575680628E-005   1.2121212121212121E-002   1.0018149960154874        1.0101010101010102E-002   1.0018149960154874        1.0000000000000000        7.0924123751758827E-005
  0.11110929772155201        6.3142683241526276E-005   1.2121212121212121E-002   1.0018142873059888        1.0101010101010102E-002   1.0018142873059888        1.0000000000000000        7.6901591580025297E-005
  0.12121017433461841        6.7790509912104633E-005   1.2121212121212121E-002   1.0018135227571414        1.0101010101010102E-002   1.0018135227571414        1.0000000000000000        8.2571557058486178E-005
  0.13131105877208746        7.2165838049489543E-005   1.2121212121212121E-002   1.0018127054249091        1.0101010101010102E-002   1.0018127054249091        1.0000000000000000        8.7911632671300310E-005
  0.14141195153998357        7.6251046739826635E-005   1.2121212121212121E-002   1.0018118385752406        1.0101010101010102E-002   1.0018118385752406        1.0000000000000000        9.2900422849595543E-005
  0.15151285311104240        8.0029679959939905E-005   1.2121212121212121E-002   1.0018109256739116        1.0101010101010102E-002   1.0018109256739116        1.0000000000000000        9.7517658598000878E-005
  0.16161376392279356        8.3486505558231353E-005   1.2121212121212121E-002   1.0018099703742851        1.0101010101010102E-002   1.0018099703742851        1.0000000000000000        1.0174443981547654E-004
  0.17171468437576590        8.6607581822323968E-005   1.2121212121212121E-002   1.0018089765017926        1.0101010101010102E-002   1.0018089765017926        1.0000000000000000        1.0556378474646522E-004
  0.18181561483187861        8.9380311739285808E-005   1.2121212121212121E-002   1.0018079480366553        1.0101010101010102E-002   1.0018079480366553        1.0000000000000000        1.0896038669017116E-004
  0.19191655561299864        9.1793493659019824E-005   1.2121212121212121E-002   1.0018068891004919        1.0101010101010102E-002   1.0018068891004919        1.0000000000000000        1.1192007113880464E-004
  0.20201750699958412        9.3837369974623003E-005   1.2121212121212121E-002   1.0018058039404623        1.0101010101010102E-002   1.0018058039404623        1.0000000000000000        1.1443080113604509E-004
  0.21211846922955685        9.5503663865040113E-005   1.2121212121212121E-002   1.0018046969115848        1.0101010101010102E-002   1.0018046969115848        1.0000000000000000        1.1648209632753037E-004
  0.22221944249729864        9.6785614207008132E-005   1.2121212121212121E-002   1.0018035724592218        1.0101010101010102E-002   1.0018035724592218        1.0000000000000000        1.1806561245908398E-004
  0.23232042695286681        9.7678004130561164E-005   1.2121212121212121E-002   1.0018024351005399        1.0101010101010102E-002   1.0018024351005399        1.0000000000000000        1.1917470553868270E-004
  0.24242142270136399        9.8177184314353011E-005   1.2121212121212121E-002   1.0018012894084434        1.0101010101010102E-002   1.0018012894084434        1.0000000000000000        1.1980437874914429E-004
  0.25252242980246248        9.8281084981606580E-005   1.2121212121212121E-002   1.0018001399934475        1.0101010101010102E-002   1.0018001399934475        1.0000000000000000        1.1995176379464567E-004
  0.26262344827013145        9.7989229184705420E-005   1.2121212121212121E-002   1.0017989914830441        1.0101010101010102E-002   1.0017989914830441        1.0000000000000000        1.1961619015288250E-004
  0.27272447807257721        9.7302731358603478E-005   1.2121212121212121E-002   1.0017978485031305        1.0101010101010102E-002   1.0017978485031305        1.0000000000000000        1.1879867017849932E-004
  0.28282551913233678        9.6224297990576895E-005   1.2121212121212121E-002   1.0017967156613057        1.0101010101010102E-002   1.0017967156613057        1.0000000000000000        1.1750197931981177E-004
  0.29292657132654226        9.4758215726885265E-005   1.2121212121212121E-002   1.0017955975284791        1.0101010101010102E-002   1.0017955975284791        1.0000000000000000        1.1573098843165042E-004
  0.30302763448737524        9.2910335801797762E-005   1.2121212121212121E-002   1.0017944986176628        1.0101010101010102E-002   1.0017944986176628        1.0000000000000000        1.1349289208695268E-004
  0.31312870840276352        9.0688047374394998E-005   1.2121212121212121E-002   1.0017934233669044        1.0101010101010102E-002   1.0017934233669044        1.0000000000000000        1.1079614421305450E-004
  0.32322979281716402        8.8100255596738612E-005   1.2121212121212121E-002   1.0017923761220098        1.0101010101010102E-002   1.0017923761220098        1.0000000000000000        1.0765152167024894E-004
  0.33333088743259975        8.5157341640724741E-005   1.2121212121212121E-002   1.0017913611181657        1.0101010101010102E-002   1.0017913611181657        1.0000000000000000        1.0407129131007054E-004
  0.34343199190981127        8.1871121866335006E-005   1.2121212121212121E-002   1.0017903824630801        1.0101010101010102E-002   1.0017903824630801        1.0000000000000000        1.0006979715715403E-004
  0.35353310586961989        7.8254801894895240E-005   1.2121212121212121E-002   1.0017894441184905        1.0101010101010102E-002   1.0017894441184905        1.0000000000000000        9.5663124491274232E-005
  0.36363422889445551        7.4322923412773679E-005   1.2121212121212121E-002   1.0017885498854215        1.0101010101010102E-002   1.0017885498854215        1.0000000000000000        9.0868729087034694E-005
  0.37373536053000145        7.0091307665082176E-005   1.2121212121212121E-002   1.0017877033883678        1.0101010101010102E-002   1.0017877033883678        1.0000000000000000        8.5705948635883544E-005
  0.38383650028703969        6.5576988056045439E-005   1.2121212121212121E-002   1.0017869080604651        1.0101010101010102E-002   1.0017869080604651        1.0000000000000000        8.0195367593738354E-005
  0.39393764764338507        6.0798144845476382E-005   1.2121212121212121E-002   1.0017861671280197        1.0101010101010102E-002   1.0017861671280197        1.0000000000000000        7.4359558145609128E-005
  0.40403880204604198        5.5774030288189232E-005   1.2121212121212121E-002   1.0017854835974696        1.0101010101010102E-002   1.0017854835974696        1.0000000000000000        6.8221798906975550E-005
  0.41413996291339727        5.0524894019540411E-005   1.2121212121212121E-002   1.0017848602450485        1.0101010101010102E-002   1.0017848602450485        1.0000000000000000        6.1806834377620135E-005
  0.42424112963756966        4.5071896784362010E-005   1.2121212121212121E-002   1.0017842996030941        1.0101010101010102E-002   1.0017842996030941        1.0000000000000000        5.5140783255858139E-005
  0.43434230158688475        3.9437026394316205E-005   1.2121212121212121E-002   1.0017838039489773        1.0101010101010102E-002   1.0017838039489773        1.0000000000000000        4.8250739757449423E-005
  0.44444347810844270        3.3643009893623338E-005   1.2121212121212121E-002   1.0017833752967384        1.0101010101010102E-002   1.0017833752967384        1.0000000000000000        4.1164536100701810E-005
  0.45454465853075610        2.7713222635136689E-005   1.2121212121212121E-002   1.0017830153897389        1.0101010101010102E-002   1.0017830153897389        1.0000000000000000        3.3910790642188715E-005
  0.46464584216645882        2.1671589380234988E-005   1.2121212121212121E-002   1.0017827256921332        1.0101010101010102E-002   1.0017827256921332        1.0000000000000000        2.6519135203351141E-005
  0.47474702831511661        1.5542489802914507E-005   1.2121212121212121E-002   1.0017825073815110        1.0101010101010102E-002   1.0017825073815110        1.0000000000000000        1.9019728861202623E-005
  0.48484821626608648        9.3506571708615218E-006   1.2121212121212121E-002   1.0017823613454711        1.0101010101010102E-002   1.0017823613454711        1.0000000000000000        1.1442914987114250E-005
  0.49494940530138815        3.1210847412773119E-006   1.2121212121212121E-002   1.0017822881784664        1.0101010101010102E-002   1.0017822881784664        1.0000000000000000        3.8194909395272703E-006
  0.50505059469862545       -3.1210847700255576E-006   1.2121212121212121E-002   1.0017822881785050        1.0101010101010102E-002   1.0017822881785050        1.0000000000000000       -3.8195007494579158E-006
  0.51515178373392612       -9.3506575834674403E-006   1.2121212121212121E-002   1.0017823613454402        1.0101010101010102E-002   1.0017823613454402        1.0000000000000000       -1.1442886500567795E-005
  0.52525297168489715       -1.5542489029022939E-005   1.2121212121212121E-002   1.0017825073811999        1.0101010101010102E-002   1.0017825073811999        1.0000000000000000       -1.9019699712075067E-005
  0.53535415783356100       -2.1671589498593402E-005   1.2121212121212121E-002   1.0017827256921232        1.0101010101010102E-002   1.0017827256921232        1.0000000000000000       -2.6519228115695626E-005
  0.54545534146925778       -2.7713222632975017E-005   1.2121212121212121E-002   1.0017830153899931        1.0101010101010102E-002   1.0017830153899931        1.0000000000000000       -3.3910756798150032E-005
  0.55555652189157123       -3.3643010164400567E-005   1.2121212121212121E-002   1.0017833752967680        1.0101010101010102E-002   1.0017833752967680        1.0000000000000000       -4.1164521990211256E-005
  0.56565769841312863       -3.9437026552612867E-005   1.2121212121212121E-002   1.0017838039488074        1.0101010101010102E-002   1.0017838039488074        1.0000000000000000       -4.8250707152419636E-005
  0.57575887036244799       -4.5071896303204124E-005   1.2121212121212121E-002   1.0017842996029460        1.0101010101010102E-002   1.0017842996029460        1.0000000000000000       -5.5140822052379690E-005
  0.58586003708661927       -5.0524894133206026E-005   1.2121212121212121E-002   1.0017848602450594        1.0101010101010102E-002   1.0017848602450594        1.0000000000000000       -6.1806830742305863E-005
  0.59596119795397517       -5.5774030514472552E-005   1.2121212121212121E-002   1.0017854835974813        1.0101010101010102E-002   1.0017854835974813        1.0000000000000000       -6.8221802317580682E-005
  0.60606235235663108       -6.0798144558742888E-005   1.2121212121212121E-002   1.0017861671279469        1.0101010101010102E-002   1.0017861671279469        1.0000000000000000       -7.4359536140100602E-005
  0.61616349971297923       -6.5576988068577352E-005   1.2121212121212121E-002   1.0017869080604911        1.0101010101010102E-002   1.0017869080604911        1.0000000000000000       -8.0195410598449257E-005
  0.62626463947001421       -7.0091307692639668E-005   1.2121212121212121E-002   1.0017877033885005        1.0101010101010102E-002   1.0017877033885005        1.0000000000000000       -8.5705927136636717E-005
  0.63636577110556047       -7.4322923599248931E-005   1.2121212121212121E-002   1.0017885498855028        1.0101010101010102E-002   1.0017885498855028        1.0000000000000000       -9.0868743061633950E-005
  0.64646689413039460       -7.8254801919785377E-005   1.2121212121212121E-002   1.0017894441187349        1.0101010101010102E-002   1.0017894441187349        1.0000000000000000       -9.5663144028534930E-005
  0.65656800809019944       -8.1871121912099139E-005   1.2121212121212121E-002   1.0017903824632368        1.0101010101010102E-002   1.0017903824632368        1.0000000000000000       -1.0006975970444643E-004
  0.66666911256741124       -8.5157341469077513E-005   1.2121212121212121E-002   1.0017913611179987        1.0101010101010102E-002   1.0017913611179987        1.0000000000000000       -1.0407125545608409E-004
  0.67677020718285030       -8.8100255720690432E-005   1.2121212121212121E-002   1.0017923761217193        1.0101010101010102E-002   1.0017923761217193        1.0000000000000000       -1.0765153398484273E-004
  0.68687129159725413       -9.0688047404778097E-005   1.2121212121212121E-002   1.0017934233669896        1.0101010101010102E-002   1.0017934233669896        1.0000000000000000       -1.1079621078646795E-004
  0.69697236551263664       -9.2910335457553096E-005   1.2121212121212121E-002   1.0017944986177323        1.0101010101010102E-002   1.0017944986177323        1.0000000000000000       -1.1349282637773683E-004
  0.70707342867347389       -9.4758215936903019E-005   1.2121212121212121E-002   1.0017955975284329        1.0101010101010102E-002   1.0017955975284329        1.0000000000000000       -1.1573102590034523E-004
  0.71717448086767621       -9.6224298089249308E-005   1.2121212121212121E-002   1.0017967156612579        1.0101010101010102E-002   1.0017967156612579        1.0000000000000000       -1.1750194137594150E-004
  0.72727552192744005       -9.7302731136640906E-005   1.2121212121212121E-002   1.0017978485031847        1.0101010101010102E-002   1.0017978485031847        1.0000000000000000       -1.1879873078246561E-004
  0.73737655172988037       -9.7989228932257984E-005   1.2121212121212121E-002   1.0017989914831482        1.0101010101010102E-002   1.0017989914831482        1.0000000000000000       -1.1961614129152309E-004
  0.74747757019755257       -9.8281085263979880E-005   1.2121212121212121E-002   1.0018001399934966        1.0101010101010102E-002   1.0018001399934966        1.0000000000000000       -1.1995180043733455E-004
  0.75757857729864675       -9.8177184404881493E-005   1.2121212121212121E-002   1.0018012894083645        1.0101010101010102E-002   1.0018012894083645        1.0000000000000000       -1.1980431137548209E-004
  0.76767957304714984       -9.7678004044718522E-005   1.2121212121212121E-002   1.0018024351003949        1.0101010101010102E-002   1.0018024351003949        1.0000000000000000       -1.1917476333866972E-004
  0.77778055750271569       -9.6785614122177959E-005   1.2121212121212121E-002   1.0018035724593775        1.0101010101010102E-002   1.0018035724593775        1.0000000000000000       -1.1806561596738874E-004
  0.78788153077045586       -9.5503663687877222E-005   1.2121212121212121E-002   1.0018046969115839        1.0101010101010102E-002   1.0018046969115839        1.0000000000000000       -1.1648206124981186E-004
  0.79798249300043023       -9.3837370075203734E-005   1.2121212121212121E-002   1.0018058039403006        1.0101010101010102E-002   1.0018058039403006        1.0000000000000000       -1.1443080217610202E-004
  0.80808344438701796       -9.1793493857634969E-005   1.2121212121212121E-002   1.0018068891005341        1.0101010101010102E-002   1.0018068891005341        1.0000000000000000       -1.1192011057836737E-004
  0.81818438516813430       -8.9380311499011875E-005   1.2121212121212121E-002   1.0018079480365942        1.0101010101010102E-002   1.0018079480365942        1.0000000000000000       -1.0896032707030656E-004
  0.82828531562425201       -8.6607582092652799E-005   1.2121212121212121E-002   1.0018089765016851        1.0101010101010102E-002   1.0018089765016851        1.0000000000000000       -1.0556383633542055E-004
  0.83838623607722207       -8.3486505864430836E-005   1.2121212121212121E-002   1.0018099703744396        1.0101010101010102E-002   1.0018099703744396        1.0000000000000000       -1.0174444032262642E-004
  0.84848714688897164       -8.0029679463896350E-005   1.2121212121212121E-002   1.0018109256739118        1.0101010101010102E-002   1.0018109256739118        1.0000000000000000       -9.7517628671717205E-005
  0.85858804846003234       -7.6251047367109311E-005   1.2121212121212121E-002   1.0018118385752190        1.0101010101010102E-002   1.0018118385752190        1.0000000000000000       -9.2900445944898991E-005
  0.86868894122792728       -7.2165837542984021E-005   1.2121212121212121E-002   1.0018127054250141        1.0101010101010102E-002   1.0018127054250141        1.0000000000000000       -8.7911636062365517E-005
  0.87878982566539510       -6.7790510014848238E-005   1.2121212121212121E-002   1.0018135227572080        1.0101010101010102E-002   1.0018135227572080        1.0000000000000000       -8.2571548758458846E-005
  0.88889070227846156       -6.3142683278700926E-005   1.2121212121212121E-002   1.0018142873060729        1.0101010101010102E-002   1.0018142873060729        1.0000000000000000       -7.6901600753132016E-005
  0.89899157160440124       -5.8241065761992511E-005   1.2121212121212121E-002   1.0018149960154550        1.0101010101010102E-002   1.0018149960154550        1.0000000000000000       -7.0924089373924915E-005
  0.90909243420964692       -5.3105378884059015E-005   1.2121212121212121E-002   1.0018156460542889        1.0101010101010102E-002   1.0018156460542889        1.0000000000000000       -6.4663661707875519E-005
  0.91919329068742728       -4.7756282594815822E-005   1.2121212121212121E-002   1.0018162348291471        1.0101010101010102E-002   1.0018162348291471        1.0000000000000000       -5.8145255260377837E-005
  0.92929414165542312       -4.2215287569417431E-005   1.2121212121212121E-002   1.0018167599907499        1.0101010101010102E-002   1.0018167599907499        1.0000000000000000       -5.1394870815180127E-005
  0.93939498775329322       -3.6504670874577762E-005   1.2121212121212121E-002   1.0018172194433270        1.0101010101010102E-002   1.0018172194433270        1.0000000000000000       -4.4439335792567647E-005
  0.94949582964013846       -3.0647384996524935E-005   1.2121212121212121E-002   1.0018176113536483        1.0101010101010102E-002   1.0018176113536483        1.0000000000000000       -3.7306598721364992E-005
  0.95959666799185084       -2.4666971948922158E-005   1.2121212121212121E-002   1.0018179341598630        1.0101010101010102E-002   1.0018179341598630        1.0000000000000000       -3.0025330925553817E-005
  0.96969750349839556       -1.8587461456026057E-005   1.2121212121212121E-002   1.0018181865761453        1.0101010101010102E-002   1.0018181865761453        1.0000000000000000       -2.2624428249962136E-005
  0.97979833686107243       -1.2433279821721634E-005   1.2121212121212121E-002   1.0018183675955548        1.0101010101010102E-002   1.0018183675955548        1.0000000000000000       -1.5133139013023822E-005
  0.98989916878974982       -6.2291513858558638E-006   1.2121212121212121E-002   1.0018184764957587        1.0101010101010102E-002   1.0018184764957587        1.0000000000000000       -7.5815752209607012E-006
   1.0000000000000064        3.8213507482847333E-013   1.2121212121212121E-002   1.0018185128438462        1.0101010101010102E-002   1.0018185128438462        1.0000000000000000       -7.9705131383889238E-012
   1.0101008312102622        6.2099971609354155E-006   1.2121212121212121E-002   1.0018184764957443        1.0101010101010102E-002   1.0018184764957443        1.0000000000000000        7.5815849438498617E-006
   1.0202016631389399        1.2395046951588428E-005   1.2121212121212121E-002   1.0018183675954919        1.0101010101010102E-002   1.0018183675954919        1.0000000000000000        1.5133144494861028E-005
   1.0303024965016179        1.8530301824712688E-005   1.2121212121212121E-002   1.0018181865761717        1.0101010101010102E-002   1.0018181865761717        1.0000000000000000        2.2624404292237443E-005
   1.0404033320081607        2.4591114363922204E-005   1.2121212121212121E-002   1.0018179341599009        1.0101010101010102E-002   1.0018179341599009        1.0000000000000000        3.0025358152663273E-005
   1.0505041703598736        3.0553132439695648E-005   1.2121212121212121E-002   1.0018176113534212        1.0101010101010102E-002   1.0018176113534212        1.0000000000000000        3.7306626364141948E-005
   1.0606050122467239        3.6392397649028546E-005   1.2121212121212121E-002   1.0018172194433554        1.0101010101010102E-002   1.0018172194433554        1.0000000000000000        4.4439256352113432E-005
   1.0707058583445883        4.2085441548163410E-005   1.2121212121212121E-002   1.0018167599909009        1.0101010101010102E-002   1.0018167599909009        1.0000000000000000        5.1394923329617370E-005
   1.0808067093125862        4.7609382203872498E-005   1.2121212121212121E-002   1.0018162348290405        1.0101010101010102E-002   1.0018162348290405        1.0000000000000000        5.8145252819663540E-005
   1.0909075657903675        5.2942010752376449E-005   1.2121212121212121E-002   1.0018156460543575        1.0101010101010102E-002   1.0018156460543575        1.0000000000000000        7.6262024295615021     
   1.1010084283956103        5.8061880431390145E-005   1.2121212121212121E-002   1.0018149960154874        1.0101010101010102E-002   1.0018149960154874        1.0000000000000000        93.408794889288387     
  -1.0100831210250183E-002  -6.2099969618652409E-006   1.2121212121212121E-002   1.0018184764957587        1.0101010101010102E-002   1.0018184764957587        1.0000000000000000       -7.5815798981082594E-006
  -2.0201663138927572E-002  -1.2395046824893354E-005   1.2121212121212121E-002   1.0018183675955548        1.0101010101010102E-002   1.0018183675955548        1.0000000000000000       -1.5133142174050818E-005
  -3.0302496501604437E-002  -1.8530302180622441E-005   1.2121212121212121E-002   1.0018181865761453        1.0101010101010102E-002   1.0018181865761453        1.0000000000000000       -2.2624428260620277E-005
  -4.0403332008149162E-002  -2.4591114731539707E-005   1.2121212121212121E-002   1.0018179341598630        1.0101010101010102E-002   1.0018179341598630        1.0000000000000000       -3.0025330931771066E-005
  -5.0504170359861544E-002  -3.0553132124215598E-005   1.2121212121212121E-002   1.0018176113536483        1.0101010101010102E-002   1.0018176113536483        1.0000000000000000       -3.7306598721364992E-005
  -6.0605012246706780E-002  -3.6392397577676158E-005   1.2121212121212121E-002   1.0018172194433270        1.0101010101010102E-002   1.0018172194433270        1.0000000000000000       -4.4439335801449431E-005
  -7.0705858344576877E-002  -4.2085441637094158E-005   1.2121212121212121E-002   1.0018167599907499        1.0101010101010102E-002   1.0018167599907499        1.0000000000000000       -5.1394870804521986E-005
  -8.0806709312572722E-002  -4.7609382303282318E-005   1.2121212121212121E-002   1.0018162348291471        1.0101010101010102E-002   1.0018162348291471        1.0000000000000000       -5.8145255263930551E-005
  -9.0907565790353084E-002  -5.2942010310401671E-005   1.2121212121212121E-002   1.0018156460542889        1.0101010101010102E-002   1.0018156460542889        1.0000000000000000       -7.6262024295897390     
 -0.10100842839559876       -5.8061880685373679E-005   1.2121212121212121E-002   1.0018149960154550        1.0101010101010102E-002   1.0018149960154550        1.0000000000000000       -93.408794889268933     
