 # x v h rho m p cs a
   6.5018181818177627     
   1.3294835286711567E-015   3.2347458045478424E-013   1.2121212121212121E-002   1.0018988349958522        1.0101010101010102E-002   1.0018988349958522        1.0000000000000000        4.5959680505802680E-011
   1.0100037485181625E-002  -1.7300618739861810E-007   1.2121212121212121E-002   1.0018986368155713        1.0101010101010102E-002   1.0018986368155713        1.0000000000000000        4.1331843663172663E-005
   2.0200078886783719E-002  -3.4535007431901517E-007   1.2121212121212121E-002   1.0018980430732216        1.0101010101010102E-002   1.0018980430732216        1.0000000000000000        8.2497368789624659E-005
   3.0300128105476474E-002  -5.1636887496589613E-007   1.2121212121212121E-002   1.0018970561601446        1.0101010101010102E-002   1.0018970561601446        1.0000000000000000        1.2333067308212264E-004
   4.0400189010450137E-002  -6.8540588077556907E-007   1.2121212121212121E-002   1.0018956800532746        1.0101010101010102E-002   1.0018956800532746        1.0000000000000000        1.6366716947135984E-004
   5.0500265423825130E-002  -8.5181133072997443E-007   1.2121212121212121E-002   1.0018939202978518        1.0101010101010102E-002   1.0018939202978518        1.0000000000000000        2.0334448880987566E-004
   6.0600361105268119E-002  -1.0149444090380225E-006   1.2121212121212121E-002   1.0018917839839090        1.0101010101010102E-002   1.0018917839839090        1.0000000000000000        2.4220297352606224E-004
   7.0700479736866523E-002  -1.1741710873582750E-006   1.2121212121212121E-002   1.0018892797182495        1.0101010101010102E-002   1.0018892797182495        1.0000000000000000        2.8008606750429266E-004
   8.0800624908294968E-002  -1.3288743083004124E-006   1.2121212121212121E-002   1.0018864175908999        1.0101010101010102E-002   1.0018864175908999        1.0000000000000000        3.1684109052676490E-004
   9.0900800102346066E-002  -1.4784511911102083E-006   1.2121212121212121E-002   1.0018832091336012        1.0101010101010102E-002   1.0018832091336012        1.0000000000000000        3.5232011076757885E-004
  0.10100100868091993       -1.6223144491604673E-006   1.2121212121212121E-002   1.0018796672729764        1.0101010101010102E-002   1.0018796672729764        1.0000000000000000        3.8638022737469413E-004
  0.11110125387147600       -1.7598972764626608E-006   1.2121212121212121E-002   1.0018758062778086        1.0101010101010102E-002   1.0018758062778086        1.0000000000000000        4.1888448001969891E-004
  0.12120153875406513       -1.8906520024906471E-006   1.2121212121212121E-002   1.0018716417023712        1.0101010101010102E-002   1.0018716417023712        1.0000000000000000        4.4970173147174108E-004
  0.13130186624889761       -2.0140578128038709E-006   1.2121212121212121E-002   1.0018671903251730        1.0101010101010102E-002   1.0018671903251730        1.0000000000000000        4.7870779047620715E-004
  0.14140223910457372       -2.1296174514008429E-006   1.2121212121212121E-002   1.0018624700786674        1.0101010101010102E-002   1.0018624700786674        1.0000000000000000        5.0578615978480457E-004
  0.15150265988704983       -2.2368590960225988E-006   1.2121212121212121E-002   1.0018574999765710        1.0101010101010102E-002   1.0018574999765710        1.0000000000000000        5.3082779269431057E-004
  0.16160313096930318       -2.3353423869949517E-006   1.2121212121212121E-002   1.0018523000396096        1.0101010101010102E-002   1.0018523000396096        1.0000000000000000        5.5373163897076694E-004
  0.17170365452175224       -2.4246591326239298E-006   1.2121212121212121E-002   1.0018468912143659        1.0101010101010102E-002   1.0018468912143659        1.0000000000000000        5.7440553382726023E-004
  0.18180423250352648       -2.5044326277373663E-006   1.2121212121212121E-002   1.0018412952874829        1.0101010101010102E-002   1.0018412952874829        1.0000000000000000        5.9276633440230597E-004
  0.19190486665458278       -2.5743207983490901E-006   1.2121212121212121E-002   1.0018355347975778        1.0101010101010102E-002   1.0018355347975778        1.0000000000000000        6.0874022578971676E-004
  0.20200555848871446       -2.6340181847521339E-006   1.2121212121212121E-002   1.0018296329457186        1.0101010101010102E-002   1.0018296329457186        1.0000000000000000        6.2226269601506345E-004
  0.21210630928743054       -2.6832598597026422E-006   1.2121212121212121E-002   1.0018236135024059        1.0101010101010102E-002   1.0018236135024059        1.0000000000000000        6.3327931277168403E-004
  0.22220712009479893       -2.7218187612812125E-006   1.2121212121212121E-002   1.0018175007102725        1.0101010101010102E-002   1.0018175007102725        1.0000000000000000        6.4174585627974068E-004
  0.23230799171325264       -2.7495073568796934E-006   1.2121212121212121E-002   1.0018113191860256        1.0101010101010102E-002   1.0018113191860256        1.0000000000000000        6.4762835273146635E-004
  0.24240892470036970       -2.7661823996410156E-006   1.2121212121212121E-002   1.0018050938223362        1.0101010101010102E-002   1.0018050938223362        1.0000000000000000        6.5090300245884691E-004
  0.25250991936661560       -2.7717449385180935E-006   1.2121212121212121E-002   1.0017988496887389        1.0101010101010102E-002   1.0017988496887389        1.0000000000000000        6.5155650223669426E-004
  0.26261097577407494       -2.7661395223495676E-006   1.2121212121212121E-002   1.0017926119288079        1.0101010101010102E-002   1.0017926119288079        1.0000000000000000        6.4958650124058437E-004
  0.27271209373623395       -2.7493529389962692E-006   1.2121212121212121E-002   1.0017864056583561        1.0101010101010102E-002   1.0017864056583561        1.0000000000000000        6.4500095166675209E-004
  0.28281327281872493       -2.7214216706031882E-006   1.2121212121212121E-002   1.0017802558656645        1.0101010101010102E-002   1.0017802558656645        1.0000000000000000        6.3781829072695473E-004
  0.29291451234107690       -2.6824269611153424E-006   1.2121212121212121E-002   1.0017741873116852        1.0101010101010102E-002   1.0017741873116852        1.0000000000000000        6.2806728731601424E-004
  0.30301581137943062       -2.6324961857738220E-006   1.2121212121212121E-002   1.0017682244290684        1.0101010101010102E-002   1.0017682244290684        1.0000000000000000        6.1578745630175291E-004
  0.31311716877029128       -2.5718017879326967E-006   1.2121212121212121E-002   1.0017623912232578        1.0101010101010102E-002   1.0017623912232578        1.0000000000000000        6.0102823663576999E-004
  0.32321858311519996       -2.5005631338829152E-006   1.2121212121212121E-002   1.0017567111763539        1.0101010101010102E-002   1.0017567111763539        1.0000000000000000        5.8384918940124209E-004
  0.33332005278638871       -2.4190467285270757E-006   1.2121212121212121E-002   1.0017512071540609        1.0101010101010102E-002   1.0017512071540609        1.0000000000000000        5.6431915800558841E-004
  0.34342157593328870       -2.3275609370517588E-006   1.2121212121212121E-002   1.0017459013133962        1.0101010101010102E-002   1.0017459013133962        1.0000000000000000        5.4251700800023173E-004
  0.35352315049001032       -2.2264597808011149E-006   1.2121212121212121E-002   1.0017408150110483        1.0101010101010102E-002   1.0017408150110483        1.0000000000000000        5.1853070792073908E-004
  0.36362477418367833       -2.1161377567909027E-006   1.2121212121212121E-002   1.0017359687194538        1.0101010101010102E-002   1.0017359687194538        1.0000000000000000        4.9245667774133750E-004
  0.37372644454356224       -1.9970349365306435E-006   1.2121212121212121E-002   1.0017313819452041        1.0101010101010102E-002   1.0017313819452041        1.0000000000000000        4.6439987861734977E-004
  0.38382815891102862       -1.8696267195251895E-006   1.2121212121212121E-002   1.0017270731502737        1.0101010101010102E-002   1.0017270731502737        1.0000000000000000        4.3447321334433298E-004
  0.39392991445023084       -1.7344277175463760E-006   1.2121212121212121E-002   1.0017230596763185        1.0101010101010102E-002   1.0017230596763185        1.0000000000000000        4.0279748253446712E-004
  0.40403170815956563       -1.5919875713513170E-006   1.2121212121212121E-002   1.0017193576750458        1.0101010101010102E-002   1.0017193576750458        1.0000000000000000        3.6950012010894540E-004
  0.41413353688374377       -1.4428906776663817E-006   1.2121212121212121E-002   1.0017159820455663        1.0101010101010102E-002   1.0017159820455663        1.0000000000000000        3.3471501545090376E-004
  0.42423539732647814       -1.2877519026963178E-006   1.2121212121212121E-002   1.0017129463736463        1.0101010101010102E-002   1.0017129463736463        1.0000000000000000        2.9858228893964167E-004
  0.43433728606376337       -1.1272120443405369E-006   1.2121212121212121E-002   1.0017102628757513        1.0101010101010102E-002   1.0017102628757513        1.0000000000000000        2.6124755319489879E-004
  0.44443919955767663       -9.6193859241959373E-007   1.2121212121212121E-002   1.0017079423504263        1.0101010101010102E-002   1.0017079423504263        1.0000000000000000        2.2286109479718874E-004
  0.45454113417061842       -7.9262293124287558E-007   1.2121212121212121E-002   1.0017059941358473        1.0101010101010102E-002   1.0017059941358473        1.0000000000000000        1.8357737067731250E-004
  0.46464308617995337       -6.1997320460983713E-007   1.2121212121212121E-002   1.0017044260726471        1.0101010101010102E-002   1.0017044260726471        1.0000000000000000        1.4355445083236162E-004
  0.47474505179298548       -4.4471281320323963E-007   1.2121212121212121E-002   1.0017032444709146        1.0101010101010102E-002   1.0017032444709146        1.0000000000000000        1.0295370439727947E-004
  0.48484702716225880       -2.6757905048865448E-007   1.2121212121212121E-002   1.0017024540846493        1.0101010101010102E-002   1.0017024540846493        1.0000000000000000        6.1938548866713461E-005
  0.49494900840103984       -8.9318281088077563E-008   1.2121212121212121E-002   1.0017020580942231        1.0101010101010102E-002   1.0017020580942231        1.0000000000000000        2.0673997593867455E-005
  0.50505099159896105        8.9318123293433987E-008   1.2121212121212121E-002   1.0017020580940466        1.0101010101010102E-002   1.0017020580940466        1.0000000000000000       -2.0673961258488305E-005
  0.51515297283774630        2.6757921984838914E-007   1.2121212121212121E-002   1.0017024540845030        1.0101010101010102E-002   1.0017024540845030        1.0000000000000000       -6.1938587916365861E-005
  0.52525494820701835        4.4471292466125060E-007   1.2121212121212121E-002   1.0017032444708602        1.0101010101010102E-002   1.0017032444708602        1.0000000000000000       -1.0295368711332742E-004
  0.53535691382005268        6.1997304015447025E-007   1.2121212121212121E-002   1.0017044260726138        1.0101010101010102E-002   1.0017044260726138        1.0000000000000000       -1.4355447339031713E-004
  0.54545886582938619        7.9262292361626557E-007   1.2121212121212121E-002   1.0017059941358937        1.0101010101010102E-002   1.0017059941358937        1.0000000000000000       -1.8357736437213390E-004
  0.55556080044232847        9.6193890502278735E-007   1.2121212121212121E-002   1.0017079423505404        1.0101010101010102E-002   1.0017079423505404        1.0000000000000000       -2.2286111689684418E-004
  0.56566271393623890        1.1272119052121092E-006   1.2121212121212121E-002   1.0017102628758758        1.0101010101010102E-002   1.0017102628758758        1.0000000000000000       -2.6124753193101924E-004
  0.57576460267352425        1.2877517188035295E-006   1.2121212121212121E-002   1.0017129463736438        1.0101010101010102E-002   1.0017129463736438        1.0000000000000000       -2.9858228486734362E-004
  0.58586646311625878        1.4428910738570928E-006   1.2121212121212121E-002   1.0017159820455435        1.0101010101010102E-002   1.0017159820455435        1.0000000000000000       -3.3471501290183170E-004
  0.59596829184043698        1.5919872852781670E-006   1.2121212121212121E-002   1.0017193576748888        1.0101010101010102E-002   1.0017193576748888        1.0000000000000000       -3.6950009343428292E-004
  0.60607008554977493        1.7344278437445510E-006   1.2121212121212121E-002   1.0017230596761140        1.0101010101010102E-002   1.0017230596761140        1.0000000000000000       -4.0279750111338330E-004
  0.61617184108897860        1.8696267041129963E-006   1.2121212121212121E-002   1.0017270731503303        1.0101010101010102E-002   1.0017270731503303        1.0000000000000000       -4.3447324890077965E-004
  0.62627355545644192        1.9970347608445372E-006   1.2121212121212121E-002   1.0017313819452691        1.0101010101010102E-002   1.0017313819452691        1.0000000000000000       -4.6439984670332279E-004
  0.63637522581632755        2.1161380245363809E-006   1.2121212121212121E-002   1.0017359687194911        1.0101010101010102E-002   1.0017359687194911        1.0000000000000000       -4.9245670446040890E-004
  0.64647684950999340        2.2264595169738057E-006   1.2121212121212121E-002   1.0017408150111962        1.0101010101010102E-002   1.0017408150111962        1.0000000000000000       -5.1853070320273531E-004
  0.65657842406671374        2.3275611198294795E-006   1.2121212121212121E-002   1.0017459013133723        1.0101010101010102E-002   1.0017459013133723        1.0000000000000000       -5.4251697612262006E-004
  0.66667994721361545        2.4190464944561297E-006   1.2121212121212121E-002   1.0017512071538490        1.0101010101010102E-002   1.0017512071538490        1.0000000000000000       -5.6431914787324899E-004
  0.67678141688480720        2.5005633142733447E-006   1.2121212121212121E-002   1.0017567111762655        1.0101010101010102E-002   1.0017567111762655        1.0000000000000000       -5.8384922736021139E-004
  0.68688283122971483        2.5718017913842374E-006   1.2121212121212121E-002   1.0017623912234044        1.0101010101010102E-002   1.0017623912234044        1.0000000000000000       -6.0102824945840183E-004
  0.69698418862057310        2.6324963187945455E-006   1.2121212121212121E-002   1.0017682244291537        1.0101010101010102E-002   1.0017682244291537        1.0000000000000000       -6.1578743155443760E-004
  0.70708548765892754        2.6824269038253991E-006   1.2121212121212121E-002   1.0017741873117005        1.0101010101010102E-002   1.0017741873117005        1.0000000000000000       -6.2806729471098777E-004
  0.71718672718127863        2.7214215262402950E-006   1.2121212121212121E-002   1.0017802558656967        1.0101010101010102E-002   1.0017802558656967        1.0000000000000000       -6.3781828745579361E-004
  0.72728790626376993        2.7493530558164355E-006   1.2121212121212121E-002   1.0017864056584531        1.0101010101010102E-002   1.0017864056584531        1.0000000000000000       -6.4500097035136150E-004
  0.73738902422592656        2.7661395499316586E-006   1.2121212121212121E-002   1.0017926119288825        1.0101010101010102E-002   1.0017926119288825        1.0000000000000000       -6.4958647635648958E-004
  0.74749008063338651        2.7717451341315621E-006   1.2121212121212121E-002   1.0017988496886285        1.0101010101010102E-002   1.0017988496886285        1.0000000000000000       -6.5155648838821634E-004
  0.75759107529963432        2.7661821850209327E-006   1.2121212121212121E-002   1.0018050938222278        1.0101010101010102E-002   1.0018050938222278        1.0000000000000000       -6.5090301494574732E-004
  0.76769200828675166        2.7495072493355369E-006   1.2121212121212121E-002   1.0018113191859650        1.0101010101010102E-002   1.0018113191859650        1.0000000000000000       -6.4762835189835499E-004
  0.77779287990520629        2.7218187918354951E-006   1.2121212121212121E-002   1.0018175007102601        1.0101010101010102E-002   1.0018175007102601        1.0000000000000000       -6.4174586685528112E-004
  0.78789369071257398        2.6832598702649863E-006   1.2121212121212121E-002   1.0018236135024361        1.0101010101010102E-002   1.0018236135024361        1.0000000000000000       -6.3327931240220181E-004
  0.79799444151129029        2.6340184287793720E-006   1.2121212121212121E-002   1.0018296329458471        1.0101010101010102E-002   1.0018296329458471        1.0000000000000000       -6.2226271651244502E-004
  0.80809513334541894        2.5743205262432621E-006   1.2121212121212121E-002   1.0018355347976617        1.0101010101010102E-002   1.0018355347976617        1.0000000000000000       -6.0874019682621849E-004
  0.81819576749647660        2.5044329512949448E-006   1.2121212121212121E-002   1.0018412952875058        1.0101010101010102E-002   1.0018412952875058        1.0000000000000000       -5.9276634906879622E-004
  0.82829634547824904        2.4246586952693002E-006   1.2121212121212121E-002   1.0018468912143363        1.0101010101010102E-002   1.0018468912143363        1.0000000000000000       -5.7440550740661678E-004
  0.83839686903070054        2.3353423361078101E-006   1.2121212121212121E-002   1.0018523000395680        1.0101010101010102E-002   1.0018523000395680        1.0000000000000000       -5.5373166420746855E-004
  0.84849734011295241        2.2368592430316250E-006   1.2121212121212121E-002   1.0018574999765946        1.0101010101010102E-002   1.0018574999765946        1.0000000000000000       -5.3082777934587710E-004
  0.85859776089542927        2.1296177677800454E-006   1.2121212121212121E-002   1.0018624700786349        1.0101010101010102E-002   1.0018624700786349        1.0000000000000000       -5.0578616329488568E-004
  0.86869813375110561        2.0140573904187029E-006   1.2121212121212121E-002   1.0018671903252530        1.0101010101010102E-002   1.0018671903252530        1.0000000000000000       -4.7870781083503289E-004
  0.87879846124593619        1.8906522396746594E-006   1.2121212121212121E-002   1.0018716417024984        1.0101010101010102E-002   1.0018716417024984        1.0000000000000000       -4.4970172099390027E-004
  0.88889874612852426        1.7598971101758936E-006   1.2121212121212121E-002   1.0018758062777386        1.0101010101010102E-002   1.0018758062777386        1.0000000000000000       -4.1888444885351817E-004
  0.89899899131908301        1.6223148459698170E-006   1.2121212121212121E-002   1.0018796672728316        1.0101010101010102E-002   1.0018796672728316        1.0000000000000000       -3.8638023997261683E-004
  0.90909919989765720        1.4784507804414817E-006   1.2121212121212121E-002   1.0018832091334842        1.0101010101010102E-002   1.0018832091334842        1.0000000000000000       -3.5232010534080871E-004
  0.91919937509171046        1.3288741125697436E-006   1.2121212121212121E-002   1.0018864175909123        1.0101010101010102E-002   1.0018864175909123        1.0000000000000000       -3.1684112509555717E-004
  0.92929952026313645        1.1741713417110863E-006   1.2121212121212121E-002   1.0018892797183550        1.0101010101010102E-002   1.0018892797183550        1.0000000000000000       -2.8008605261753416E-004
  0.93939963889473488        1.0149442180506184E-006   1.2121212121212121E-002   1.0018917839839105        1.0101010101010102E-002   1.0018917839839105        1.0000000000000000       -2.4220296583532530E-004
  0.94949973457617787        8.5181162247024364E-007   1.2121212121212121E-002   1.0018939202977755        1.0101010101010102E-002   1.0018939202977755        1.0000000000000000       -2.0334447848746606E-004
  0.95959981098955460        6.8540594049883378E-007   1.2121212121212121E-002   1.0018956800532601        1.0101010101010102E-002   1.0018956800532601        1.0000000000000000       -1.6366719655547257E-004
  0.96969987189452689        5.1636877551791582E-007   1.2121212121212121E-002   1.0018970561602119        1.0101010101010102E-002   1.0018970561602119        1.0000000000000000       -1.2333065964220680E-004
  0.97979992111321890        3.4535003668817904E-007   1.2121212121212121E-002   1.0018980430729634        1.0101010101010102E-002   1.0018980430729634        1.0000000000000000       -8.2497315604612709E-005
  0.98989996251482759        1.7300608601689556E-007   1.2121212121212121E-002   1.0018986368153848        1.0101010101010102E-002   1.0018986368153848        1.0000000000000000       -4.1331907339348106E-005
   1.0000000000000051       -1.9973375438498507E-013   1.2121212121212121E-002   1.0018988349958520        1.0101010101010102E-002   1.0018988349958520        1.0000000000000000       -2.5136337455933244E-011
   1.0101000374851816       -2.7317779414411446E-007   1.2121212121212121E-002   1.0018986368155713        1.0101010101010102E-002   1.0018986368155713        1.0000000000000000        4.1331865149096814E-005
   1.0202000788867838       -5.4529011745149538E-007   1.2121212121212121E-002   1.0018980430732216        1.0101010101010102E-002   1.0018980430732216        1.0000000000000000        8.2497382110524597E-005
   1.0303001281054764       -8.1527218985221199E-007   1.2121212121212121E-002   1.0018970561601446        1.0101010101010102E-002   1.0018970561601446        1.0000000000000000        1.2333067417014121E-004
   1.0404001890104502       -1.0820683928695243E-006   1.2121212121212121E-002   1.0018956800532746        1.0101010101010102E-002   1.0018956800532746        1.0000000000000000        1.6366716880167331E-004
   1.0505002654238251       -1.3446353941931833E-006   1.2121212121212121E-002   1.0018939202978518        1.0101010101010102E-002   1.0018939202978518        1.0000000000000000        2.0334448858960741E-004
   1.0606003611052681       -1.6019453348254567E-006   1.2121212121212121E-002   1.0018917839839090        1.0101010101010102E-002   1.0018917839839090        1.0000000000000000        2.4220297279153868E-004
   1.0707004797368664       -1.8529849270201492E-006   1.2121212121212121E-002   1.0018892797182495        1.0101010101010102E-002   1.0018892797182495        1.0000000000000000        2.8008606880813858E-004
   1.0808006249082949       -2.0967669775048625E-006   1.2121212121212121E-002   1.0018864175908999        1.0101010101010102E-002   1.0018864175908999        1.0000000000000000        3.1684109205265543E-004
   1.0909008001023461       -2.3323300329608680E-006   1.2121212121212121E-002   1.0018832091336012        1.0101010101010102E-002   1.0018832091336012        1.0000000000000000        7.6308239014974362     
   1.1010010086809199       -2.5587405287034293E-006   1.2121212121212121E-002   1.0018796672729764        1.0101010101010102E-002   1.0018796672729764        1.0000000000000000        93.411363175483615     
  -1.0100037485172408E-002   2.7317784683281834E-007   1.2121212121212121E-002   1.0018986368153848        1.0101010101010102E-002   1.0018986368153848        1.0000000000000000       -4.1331928732901702E-005
  -2.0200078886781103E-002   5.4528995592569094E-007   1.2121212121212121E-002   1.0018980430729634        1.0101010101010102E-002   1.0018980430729634        1.0000000000000000       -8.2497329874975378E-005
  -3.0300128105473112E-002   8.1527206481069761E-007   1.2121212121212121E-002   1.0018970561602119        1.0101010101010102E-002   1.0018970561602119        1.0000000000000000       -1.2333065965286494E-004
  -4.0400189010445398E-002   1.0820685147685082E-006   1.2121212121212121E-002   1.0018956800532601        1.0101010101010102E-002   1.0018956800532601        1.0000000000000000       -1.6366719656080164E-004
  -5.0500265423822133E-002   1.3446356466393626E-006   1.2121212121212121E-002   1.0018939202977755        1.0101010101010102E-002   1.0018939202977755        1.0000000000000000       -2.0334447848746606E-004
  -6.0600361105265121E-002   1.6019451430661446E-006   1.2121212121212121E-002   1.0018917839839105        1.0101010101010102E-002   1.0018917839839105        1.0000000000000000       -2.4220296583887801E-004
  -7.0700479736863553E-002   1.8529851281468498E-006   1.2121212121212121E-002   1.0018892797183550        1.0101010101010102E-002   1.0018892797183550        1.0000000000000000       -2.8008605260687602E-004
  -8.0800624908289542E-002   2.0967668701710929E-006   1.2121212121212121E-002   1.0018864175909123        1.0101010101010102E-002   1.0018864175909123        1.0000000000000000       -3.1684112509910989E-004
  -9.0900800102342805E-002   2.3323296325637902E-006   1.2121212121212121E-002   1.0018832091334842        1.0101010101010102E-002   1.0018832091334842        1.0000000000000000       -7.6308239014835948     
 -0.10100100868091699        2.5587409260220010E-006   1.2121212121212121E-002   1.0018796672728316        1.0101010101010102E-002   1.0018796672728316        1.0000000000000000       -93.411363175483615     
