 # x v h rho m p cs a
   6.1500000000003885     
   2.3699129983125213E-005   1.3657218445973942E-005   1.2121212121212121E-002   1.0018013687647722        1.0101010101010102E-002   1.0018013687647722        1.0000000000000000        1.2434497875801753E-014
   1.0124681206037409E-002   1.2882553728685889E-005   1.2121212121212121E-002   1.0018057688849700        1.0101010101010102E-002   1.0018057688849700        1.0000000000000000       -1.4210854715202004E-014
   2.0225614282368711E-002   1.2115474535217436E-005   1.2121212121212121E-002   1.0018108748295300        1.0101010101010102E-002   1.0018108748295300        1.0000000000000000       -9.9475983006414026E-014
   3.0326494745762760E-002   1.1888140643002250E-005   1.2121212121212121E-002   1.0018160560949785        1.0101010101010102E-002   1.0018160560949785        1.0000000000000000        6.1284310959308641E-014
   4.0427325035726942E-002   1.1696671267807898E-005   1.2121212121212121E-002   1.0018210415844220        1.0101010101010102E-002   1.0018210415844220        1.0000000000000000        3.5527136788005009E-015
   5.0528106944053040E-002   1.1328560367404457E-005   1.2121212121212121E-002   1.0018257692416652        1.0101010101010102E-002   1.0018257692416652        1.0000000000000000        4.4408920985006262E-015
   6.0628843520440595E-002   1.0938818026944901E-005   1.2121212121212121E-002   1.0018300675967533        1.0101010101010102E-002   1.0018300675967533        1.0000000000000000       -8.8817841970012523E-015
   7.0729540531090151E-002   1.0609958606247388E-005   1.2121212121212121E-002   1.0018339599347195        1.0101010101010102E-002   1.0018339599347195        1.0000000000000000       -5.1514348342607263E-014
   8.0830200594230212E-002   9.8531231713480603E-006   1.2121212121212121E-002   1.0018376900617914        1.0101010101010102E-002   1.0018376900617914        1.0000000000000000        2.1316282072803006E-014
   9.0930824257732107E-002   8.7876792281048968E-006   1.2121212121212121E-002   1.0018414930793453        1.0101010101010102E-002   1.0018414930793453        1.0000000000000000        7.1054273576010019E-015
  0.10103140944584418        7.7386555037399106E-006   1.2121212121212121E-002   1.0018455281907939        1.0101010101010102E-002   1.0018455281907939        1.0000000000000000        7.1054273576010019E-015
  0.11113195318205142        6.9045863026259273E-006   1.2121212121212121E-002   1.0018496659221301        1.0101010101010102E-002   1.0018496659221301        1.0000000000000000        3.5527136788005009E-015
  0.12123245605370037        6.4345782387982280E-006   1.2121212121212121E-002   1.0018535601843066        1.0101010101010102E-002   1.0018535601843066        1.0000000000000000        1.9539925233402755E-014
  0.13133292254499335        6.4028897706432784E-006   1.2121212121212121E-002   1.0018570054237248        1.0101010101010102E-002   1.0018570054237248        1.0000000000000000        8.0824236192711396E-014
  0.14143335725331693        6.2071354797419728E-006   1.2121212121212121E-002   1.0018599345103685        1.0101010101010102E-002   1.0018599345103685        1.0000000000000000        2.2204460492503131E-014
  0.15153376589958856        5.1067336097258014E-006   1.2121212121212121E-002   1.0018623818117025        1.0101010101010102E-002   1.0018623818117025        1.0000000000000000       -6.2172489379008766E-015
  0.16163415272924891        3.3720567035290704E-006   1.2121212121212121E-002   1.0018646395872342        1.0101010101010102E-002   1.0018646395872342        1.0000000000000000       -6.2172489379008766E-015
  0.17173451718896918        2.0010000163581912E-006   1.2121212121212121E-002   1.0018669401039342        1.0101010101010102E-002   1.0018669401039342        1.0000000000000000       -6.2172489379008766E-015
  0.18183485794769602        1.2363778205032097E-006   1.2121212121212121E-002   1.0018689331917592        1.0101010101010102E-002   1.0018689331917592        1.0000000000000000       -6.2172489379008766E-015
  0.19193518265052417        5.8220910345156703E-007   1.2121212121212121E-002   1.0018704190343219        1.0101010101010102E-002   1.0018704190343219        1.0000000000000000       -6.2172489379008766E-015
  0.20203549498696355       -2.2051646398909530E-007   1.2121212121212121E-002   1.0018719217882792        1.0101010101010102E-002   1.0018719217882792        1.0000000000000000       -6.2172489379008766E-015
  0.21213579023789947       -6.7112383883901101E-007   1.2121212121212121E-002   1.0018735866309809        1.0101010101010102E-002   1.0018735866309809        1.0000000000000000       -6.2172489379008766E-015
  0.22223606894047834       -8.9809533515991616E-007   1.2121212121212121E-002   1.0018749949579986        1.0101010101010102E-002   1.0018749949579986        1.0000000000000000       -1.7763568394002505E-015
  0.23233633619661201       -1.5814511899296855E-006   1.2121212121212121E-002   1.0018760015895629        1.0101010101010102E-002   1.0018760015895629        1.0000000000000000       -5.6843418860808015E-014
  0.24243659480267538       -2.9255500629295902E-006   1.2121212121212121E-002   1.0018764424457109        1.0101010101010102E-002   1.0018764424457109        1.0000000000000000       -1.8562928971732617E-013
  0.25253685262326808       -4.3121167970401380E-006   1.2121212121212121E-002   1.0018759063533906        1.0101010101010102E-002   1.0018759063533906        1.0000000000000000        1.8385293287792592E-013
  0.26263712206349504       -5.4290770224263042E-006   1.2121212121212121E-002   1.0018745550426007        1.0101010101010102E-002   1.0018745550426007        1.0000000000000000        5.0626169922907138E-014
  0.27273740777458455       -6.3323788117579319E-006   1.2121212121212121E-002   1.0018731175273343        1.0101010101010102E-002   1.0018731175273343        1.0000000000000000       -6.2172489379008766E-015
  0.28283770636603489       -7.2864338270790038E-006   1.2121212121212121E-002   1.0018720695090202        1.0101010101010102E-002   1.0018720695090202        1.0000000000000000       -6.2172489379008766E-015
  0.29293801255241037       -8.1057997626156754E-006   1.2121212121212121E-002   1.0018712986679243        1.0101010101010102E-002   1.0018712986679243        1.0000000000000000       -6.2172489379008766E-015
  0.30303832599377895       -8.7034790151875310E-006   1.2121212121212121E-002   1.0018705484768240        1.0101010101010102E-002   1.0018705484768240        1.0000000000000000       -6.2172489379008766E-015
  0.31313864643145684       -8.9184271316552099E-006   1.2121212121212121E-002   1.0018694600105700        1.0101010101010102E-002   1.0018694600105700        1.0000000000000000       -6.2172489379008766E-015
  0.32323898107725918       -8.7405622754415772E-006   1.2121212121212121E-002   1.0018678581201170        1.0101010101010102E-002   1.0018678581201170        1.0000000000000000       -6.2172489379008766E-015
  0.33333933365191509       -8.6978812334280212E-006   1.2121212121212121E-002   1.0018660034031373        1.0101010101010102E-002   1.0018660034031373        1.0000000000000000       -6.2172489379008766E-015
  0.34343970490198938       -8.9068777640304623E-006   1.2121212121212121E-002   1.0018638574524876        1.0101010101010102E-002   1.0018638574524876        1.0000000000000000       -6.2172489379008766E-015
  0.35354009907464401       -9.8406535312427187E-006   1.2121212121212121E-002   1.0018609318827199        1.0101010101010102E-002   1.0018609318827199        1.0000000000000000       -6.2172489379008766E-015
  0.36364052751365361       -1.1290278559167852E-005   1.2121212121212121E-002   1.0018568888131048        1.0101010101010102E-002   1.0018568888131048        1.0000000000000000       -6.2172489379008766E-015
  0.37374100258162346       -1.2652861359536222E-005   1.2121212121212121E-002   1.0018523242200097        1.0101010101010102E-002   1.0018523242200097        1.0000000000000000       -6.2172489379008766E-015
  0.38384152219091433       -1.3642986331823834E-005   1.2121212121212121E-002   1.0018478224183767        1.0101010101010102E-002   1.0018478224183767        1.0000000000000000       -6.2172489379008766E-015
  0.39394208566579364       -1.4537969179080674E-005   1.2121212121212121E-002   1.0018431205856859        1.0101010101010102E-002   1.0018431205856859        1.0000000000000000       -6.2172489379008766E-015
  0.40404269805911641       -1.5436890963992070E-005   1.2121212121212121E-002   1.0018381880139362        1.0101010101010102E-002   1.0018381880139362        1.0000000000000000       -6.2172489379008766E-015
  0.41414336021963422       -1.6015065852580016E-005   1.2121212121212121E-002   1.0018337586292303        1.0101010101010102E-002   1.0018337586292303        1.0000000000000000       -6.2172489379008766E-015
  0.42424406095176098       -1.6270789329257892E-005   1.2121212121212121E-002   1.0018303175219780        1.0101010101010102E-002   1.0018303175219780        1.0000000000000000       -6.2172489379008766E-015
  0.43434479022579647       -1.5673057580572560E-005   1.2121212121212121E-002   1.0018273795497372        1.0101010101010102E-002   1.0018273795497372        1.0000000000000000       -6.2172489379008766E-015
  0.44444554847416218       -1.4005098103620705E-005   1.2121212121212121E-002   1.0018246313884531        1.0101010101010102E-002   1.0018246313884531        1.0000000000000000       -6.2172489379008766E-015
  0.45454633274508227       -1.1893379851349123E-005   1.2121212121212121E-002   1.0018224596217886        1.0101010101010102E-002   1.0018224596217886        1.0000000000000000       -6.2172489379008766E-015
  0.46464713424475396       -9.8065557668473575E-006   1.2121212121212121E-002   1.0018210684914075        1.0101010101010102E-002   1.0018210684914075        1.0000000000000000       -6.2172489379008766E-015
  0.47474794552282235       -7.5689722641979813E-006   1.2121212121212121E-002   1.0018201828441062        1.0101010101010102E-002   1.0018201828441062        1.0000000000000000        5.3290705182007514E-015
  0.48484876414659367       -4.8820434196869023E-006   1.2121212121212121E-002   1.0018195692719318        1.0101010101010102E-002   1.0018195692719318        1.0000000000000000       -7.0166095156309893E-014
  0.49494958763946517       -1.7100359184696874E-006   1.2121212121212121E-002   1.0018192606059917        1.0101010101010102E-002   1.0018192606059917        1.0000000000000000       -4.4941828036826337E-013
  0.50505041236069215        1.7100359193717957E-006   1.2121212121212121E-002   1.0018192606059995        1.0101010101010102E-002   1.0018192606059995        1.0000000000000000       -6.9277916736609768E-014
  0.51515123585356359        4.8820436911602326E-006   1.2121212121212121E-002   1.0018195692720062        1.0101010101010102E-002   1.0018195692720062        1.0000000000000000        1.5987211554602254E-014
  0.52525205447733347        7.5689721862997815E-006   1.2121212121212121E-002   1.0018201828442177        1.0101010101010102E-002   1.0018201828442177        1.0000000000000000        1.7763568394002505E-015
  0.53535286575540075        9.8065558762277357E-006   1.2121212121212121E-002   1.0018210684913591        1.0101010101010102E-002   1.0018210684913591        1.0000000000000000        1.7763568394002505E-015
  0.54545366725507460        1.1893379652406705E-005   1.2121212121212121E-002   1.0018224596216390        1.0101010101010102E-002   1.0018224596216390        1.0000000000000000        1.7763568394002505E-015
  0.55555445152599592        1.4005098360364449E-005   1.2121212121212121E-002   1.0018246313884358        1.0101010101010102E-002   1.0018246313884358        1.0000000000000000        1.7763568394002505E-015
  0.56565520977436046        1.5673057503445050E-005   1.2121212121212121E-002   1.0018273795497155        1.0101010101010102E-002   1.0018273795497155        1.0000000000000000        1.7763568394002505E-015
  0.57575593904839761        1.6270789395462305E-005   1.2121212121212121E-002   1.0018303175219792        1.0101010101010102E-002   1.0018303175219792        1.0000000000000000        1.7763568394002505E-015
  0.58585663978052271        1.6015066038599456E-005   1.2121212121212121E-002   1.0018337586292594        1.0101010101010102E-002   1.0018337586292594        1.0000000000000000        1.7763568394002505E-015
  0.59595730194104135        1.5436891044979855E-005   1.2121212121212121E-002   1.0018381880138698        1.0101010101010102E-002   1.0018381880138698        1.0000000000000000        1.7763568394002505E-015
  0.60605791433436507        1.4537969080452172E-005   1.2121212121212121E-002   1.0018431205857508        1.0101010101010102E-002   1.0018431205857508        1.0000000000000000        1.7763568394002505E-015
  0.61615847780924160        1.3642986214286298E-005   1.2121212121212121E-002   1.0018478224182956        1.0101010101010102E-002   1.0018478224182956        1.0000000000000000        1.7763568394002505E-015
  0.62625899741853708        1.2652861559961708E-005   1.2121212121212121E-002   1.0018523242199056        1.0101010101010102E-002   1.0018523242199056        1.0000000000000000        1.7763568394002505E-015
  0.63635947248650482        1.1290278780754036E-005   1.2121212121212121E-002   1.0018568888132136        1.0101010101010102E-002   1.0018568888132136        1.0000000000000000        1.7763568394002505E-015
  0.64645990092551386        9.8406534604497108E-006   1.2121212121212121E-002   1.0018609318827651        1.0101010101010102E-002   1.0018609318827651        1.0000000000000000        1.7763568394002505E-015
  0.65656029509816805        8.9068777187767140E-006   1.2121212121212121E-002   1.0018638574523953        1.0101010101010102E-002   1.0018638574523953        1.0000000000000000        1.7763568394002505E-015
  0.66666066634824483        8.6978812727499588E-006   1.2121212121212121E-002   1.0018660034030453        1.0101010101010102E-002   1.0018660034030453        1.0000000000000000        1.7763568394002505E-015
  0.67676101892290030        8.7405624748233870E-006   1.2121212121212121E-002   1.0018678581201517        1.0101010101010102E-002   1.0018678581201517        1.0000000000000000        1.7763568394002505E-015
  0.68686135356870204        8.9184269430389195E-006   1.2121212121212121E-002   1.0018694600105480        1.0101010101010102E-002   1.0018694600105480        1.0000000000000000        1.7763568394002505E-015
  0.69696167400638120        8.7034793761736709E-006   1.2121212121212121E-002   1.0018705484768435        1.0101010101010102E-002   1.0018705484768435        1.0000000000000000        1.7763568394002505E-015
  0.70706198744774784        8.1057996589283445E-006   1.2121212121212121E-002   1.0018712986678422        1.0101010101010102E-002   1.0018712986678422        1.0000000000000000        1.7763568394002505E-015
  0.71716229363412698        7.2864338914268127E-006   1.2121212121212121E-002   1.0018720695088885        1.0101010101010102E-002   1.0018720695088885        1.0000000000000000        1.7763568394002505E-015
  0.72726259222557654        6.3323789414710734E-006   1.2121212121212121E-002   1.0018731175273099        1.0101010101010102E-002   1.0018731175273099        1.0000000000000000        1.7763568394002505E-015
  0.73736287793666710        5.4290769757495795E-006   1.2121212121212121E-002   1.0018745550425878        1.0101010101010102E-002   1.0018745550425878        1.0000000000000000        1.7763568394002505E-015
  0.74746314737689346        4.3121167220734573E-006   1.2121212121212121E-002   1.0018759063534750        1.0101010101010102E-002   1.0018759063534750        1.0000000000000000        1.7763568394002505E-015
  0.75756340519748488        2.9255501397221439E-006   1.2121212121212121E-002   1.0018764424457596        1.0101010101010102E-002   1.0018764424457596        1.0000000000000000        1.7763568394002505E-015
  0.76766366380354822        1.5814515043460859E-006   1.2121212121212121E-002   1.0018760015893993        1.0101010101010102E-002   1.0018760015893993        1.0000000000000000        1.7763568394002505E-015
  0.77776393105968578        8.9809517134975492E-007   1.2121212121212121E-002   1.0018749949579626        1.0101010101010102E-002   1.0018749949579626        1.0000000000000000        1.7763568394002505E-015
  0.78786420976226146        6.7112376584080560E-007   1.2121212121212121E-002   1.0018735866310733        1.0101010101010102E-002   1.0018735866310733        1.0000000000000000        1.7763568394002505E-015
  0.79796450501319827        2.2051663863076595E-007   1.2121212121212121E-002   1.0018719217882559        1.0101010101010102E-002   1.0018719217882559        1.0000000000000000        1.7763568394002505E-015
  0.80806481734963775       -5.8220893561267918E-007   1.2121212121212121E-002   1.0018704190344410        1.0101010101010102E-002   1.0018704190344410        1.0000000000000000        1.7763568394002505E-015
  0.81816514205246293       -1.2363778433610132E-006   1.2121212121212121E-002   1.0018689331917698        1.0101010101010102E-002   1.0018689331917698        1.0000000000000000        1.7763568394002505E-015
  0.82826548281119272       -2.0010000819020568E-006   1.2121212121212121E-002   1.0018669401039155        1.0101010101010102E-002   1.0018669401039155        1.0000000000000000        1.7763568394002505E-015
  0.83836584727091046       -3.3720568175894420E-006   1.2121212121212121E-002   1.0018646395872151        1.0101010101010102E-002   1.0018646395872151        1.0000000000000000        1.7763568394002505E-015
  0.84846623410057354       -5.1067336047360378E-006   1.2121212121212121E-002   1.0018623818115888        1.0101010101010102E-002   1.0018623818115888        1.0000000000000000        1.7763568394002505E-015
  0.85856664274684480       -6.2071349338732010E-006   1.2121212121212121E-002   1.0018599345102224        1.0101010101010102E-002   1.0018599345102224        1.0000000000000000        1.7763568394002505E-015
  0.86866707745517180       -6.4028897505148245E-006   1.2121212121212121E-002   1.0018570054236589        1.0101010101010102E-002   1.0018570054236589        1.0000000000000000        1.7763568394002505E-015
  0.87876754394646284       -6.4345784454693628E-006   1.2121212121212121E-002   1.0018535601844014        1.0101010101010102E-002   1.0018535601844014        1.0000000000000000        1.7763568394002505E-015
  0.88886804681811138       -6.9045861362095115E-006   1.2121212121212121E-002   1.0018496659221416        1.0101010101010102E-002   1.0018496659221416        1.0000000000000000        1.7763568394002505E-015
  0.89896859055431910       -7.7386554434051117E-006   1.2121212121212121E-002   1.0018455281908611        1.0101010101010102E-002   1.0018455281908611        1.0000000000000000        1.7763568394002505E-015
  0.90906917574242907       -8.7876791498766353E-006   1.2121212121212121E-002   1.0018414930793271        1.0101010101010102E-002   1.0018414930793271        1.0000000000000000        1.7763568394002505E-015
  0.91916979940593369       -9.8531232649395631E-006   1.2121212121212121E-002   1.0018376900618164        1.0101010101010102E-002   1.0018376900618164        1.0000000000000000        1.7763568394002505E-015
  0.92927045946907050       -1.0609958367253583E-005   1.2121212121212121E-002   1.0018339599347692        1.0101010101010102E-002   1.0018339599347692        1.0000000000000000        1.7763568394002505E-015
  0.93937115647972202       -1.0938818192095768E-005   1.2121212121212121E-002   1.0018300675966834        1.0101010101010102E-002   1.0018300675966834        1.0000000000000000        1.7763568394002505E-015
  0.94947189305610946       -1.1328560300553860E-005   1.2121212121212121E-002   1.0018257692416956        1.0101010101010102E-002   1.0018257692416956        1.0000000000000000        1.7763568394002505E-015
  0.95957267496443444       -1.1696671056611166E-005   1.2121212121212121E-002   1.0018210415842315        1.0101010101010102E-002   1.0018210415842315        1.0000000000000000        1.7763568394002505E-015
  0.96967350525440388       -1.1888140631513489E-005   1.2121212121212121E-002   1.0018160560947860        1.0101010101010102E-002   1.0018160560947860        1.0000000000000000        8.8817841970012523E-016
  0.97977438571779729       -1.2115474524722352E-005   1.2121212121212121E-002   1.0018108748297652        1.0101010101010102E-002   1.0018108748297652        1.0000000000000000       -3.2862601528904634E-014
  0.98987531879412349       -1.2882553633473213E-005   1.2121212121212121E-002   1.0018057688850517        1.0101010101010102E-002   1.0018057688850517        1.0000000000000000        1.5010215292932116E-013
  0.99997630087018119       -1.3657218406999287E-005   1.2121212121212121E-002   1.0018013687646354        1.0101010101010102E-002   1.0018013687646354        1.0000000000000000        1.0436096431476471E-012
   1.0100773109711914        1.3150244752078636E-005   1.2121212121212121E-002   1.0018057688849700        1.0101010101010102E-002   1.0017998703644206        1.0000000000000000        1.4299672557172016E-013
   1.0201783210722015        1.2392512099373304E-005   1.2121212121212121E-002   1.0018108748295300        1.0101010101010102E-002   1.0018003586086521        1.0000000000000000       -1.9677833450701065E-002
   1.0302793311732117        1.2154460574523846E-005   1.2121212121212121E-002   1.0018160560949785        1.0101010101010102E-002   1.0018004115226273        1.0000000000000000       -1.3138325546267744     
   1.0403803412742219        1.1952046139685554E-005   1.2121212121212121E-002   1.0018210415844220        1.0101010101010102E-002  0.99665637860081713        1.0000000000000000       -4.6453021478719450     
   1.0504813513752320        1.1566691163455296E-005   1.2121212121212121E-002   1.0018257692416652        1.0101010101010102E-002  0.77867798353909146        1.0000000000000000        107.01218865918355     
  -1.0077310971026977E-002  -1.3150244690555455E-005   1.2121212121212121E-002   1.0018057688850517        1.0101010101010102E-002   1.0017998703644331        1.0000000000000000        1.1546319456101628E-014
  -2.0178321072037080E-002  -1.2392512070226029E-005   1.2121212121212121E-002   1.0018108748297652        1.0101010101010102E-002   1.0018003586086581        1.0000000000000000        1.9677833450746363E-002
  -3.0279331173047180E-002  -1.2154460536948841E-005   1.2121212121212121E-002   1.0018160560947860        1.0101010101010102E-002   1.0018004115226335        1.0000000000000000        1.3138325546268277     
  -4.0380341274057284E-002  -1.1952045953423989E-005   1.2121212121212121E-002   1.0018210415842315        1.0101010101010102E-002  0.99665637860082268        1.0000000000000000        4.6453021478716039     
  -5.0481351375067388E-002  -1.1566691095039286E-005   1.2121212121212121E-002   1.0018257692416956        1.0101010101010102E-002  0.77867798353909445        1.0000000000000000       -107.01218865918408     
