 # x v h rho m p cs a
   10.800999999999453     
  -3.7705349531230927E-006   3.1835291915671847E-005   1.2121212121212121E-002   1.0017986114726234        1.0101010101010102E-002   1.0017986114726234        1.0000000000000000        1.2434497875801753E-014
   1.0097246629769852E-002   3.1508344984549239E-005   1.2121212121212121E-002   1.0018003551150334        1.0101010101010102E-002   1.0018003551150334        1.0000000000000000       -1.4210854715202004E-014
   2.0198250344441750E-002   3.0742229652630129E-005   1.2121212121212121E-002   1.0018020389047229        1.0101010101010102E-002   1.0018020389047229        1.0000000000000000       -9.9475983006414026E-014
   3.0299234986822708E-002   3.0243506762761354E-005   1.2121212121212121E-002   1.0018038691682019        1.0101010101010102E-002   1.0018038691682019        1.0000000000000000        6.1284310959308641E-014
   4.0400202048167404E-002   2.9786013527910433E-005   1.2121212121212121E-002   1.0018056010505392        1.0101010101010102E-002   1.0018056010505392        1.0000000000000000        3.5527136788005009E-015
   5.0501152368943841E-002   2.9176458739353700E-005   1.2121212121212121E-002   1.0018071644186111        1.0101010101010102E-002   1.0018071644186111        1.0000000000000000        4.4408920985006262E-015
   6.0602088767171665E-002   2.8575349345886281E-005   1.2121212121212121E-002   1.0018087051067870        1.0101010101010102E-002   1.0018087051067870        1.0000000000000000       -8.8817841970012523E-015
   7.0703009056423086E-002   2.7976450010823135E-005   1.2121212121212121E-002   1.0018104545655000        1.0101010101010102E-002   1.0018104545655000        1.0000000000000000       -5.1514348342607263E-014
   8.0803910598830422E-002   2.6871532772945858E-005   1.2121212121212121E-002   1.0018122559301785        1.0101010101010102E-002   1.0018122559301785        1.0000000000000000        2.1316282072803006E-014
   9.0904795015894907E-002   2.5248816113281978E-005   1.2121212121212121E-002   1.0018139180262466        1.0101010101010102E-002   1.0018139180262466        1.0000000000000000        7.1054273576010019E-015
  0.10100566335631536        2.3779648084210179E-005   1.2121212121212121E-002   1.0018152106838649        1.0101010101010102E-002   1.0018152106838649        1.0000000000000000        7.1054273576010019E-015
  0.11110652201144991        2.2822640455729479E-005   1.2121212121212121E-002   1.0018160236125357        1.0101010101010102E-002   1.0018160236125357        1.0000000000000000        3.5527136788005009E-015
  0.12120737494337007        2.1791779925417328E-005   1.2121212121212121E-002   1.0018167598461989        1.0101010101010102E-002   1.0018167598461989        1.0000000000000000        1.9539925233402755E-014
  0.13130821987398447        2.0721322161459626E-005   1.2121212121212121E-002   1.0018179041432267        1.0101010101010102E-002   1.0018179041432267        1.0000000000000000        8.0824236192711396E-014
  0.14140904986359687        1.9564898492442168E-005   1.2121212121212121E-002   1.0018192309730929        1.0101010101010102E-002   1.0018192309730929        1.0000000000000000        2.2204460492503131E-014
  0.15150986703187838        1.8584594147034439E-005   1.2121212121212121E-002   1.0018198293472353        1.0101010101010102E-002   1.0018198293472353        1.0000000000000000       -6.2172489379008766E-015
  0.16161068491161476        1.7319428153911584E-005   1.2121212121212121E-002   1.0018195066026521        1.0101010101010102E-002   1.0018195066026521        1.0000000000000000       -6.2172489379008766E-015
  0.17171150941832836        1.6109851336460222E-005   1.2121212121212121E-002   1.0018188250960036        1.0101010101010102E-002   1.0018188250960036        1.0000000000000000       -6.2172489379008766E-015
  0.18181234134964200        1.5299366977390808E-005   1.2121212121212121E-002   1.0018181325488735        1.0101010101010102E-002   1.0018181325488735        1.0000000000000000       -6.2172489379008766E-015
  0.19191317886289275        1.5066101814320996E-005   1.2121212121212121E-002   1.0018170449890833        1.0101010101010102E-002   1.0018170449890833        1.0000000000000000       -6.2172489379008766E-015
  0.20201403173268087        1.5075705331177047E-005   1.2121212121212121E-002   1.0018152459328655        1.0101010101010102E-002   1.0018152459328655        1.0000000000000000       -6.2172489379008766E-015
  0.21211490541399486        1.5004461734834074E-005   1.2121212121212121E-002   1.0018130794704321        1.0101010101010102E-002   1.0018130794704321        1.0000000000000000       -6.2172489379008766E-015
  0.22221580146673325        1.5155460693494141E-005   1.2121212121212121E-002   1.0018107740514874        1.0101010101010102E-002   1.0018107740514874        1.0000000000000000       -1.7763568394002505E-015
  0.23231672037601725        1.5635777326099862E-005   1.2121212121212121E-002   1.0018081443424953        1.0101010101010102E-002   1.0018081443424953        1.0000000000000000       -5.6843418860808015E-014
  0.24241766801751941        1.6304171075481657E-005   1.2121212121212121E-002   1.0018049666253641        1.0101010101010102E-002   1.0018049666253641        1.0000000000000000       -1.8562928971732617E-013
  0.25251864981858185        1.6658757422890685E-005   1.2121212121212121E-002   1.0018012914305305        1.0101010101010102E-002   1.0018012914305305        1.0000000000000000        1.8385293287792592E-013
  0.26261967031360250        1.7154866289923716E-005   1.2121212121212121E-002   1.0017972962915842        1.0101010101010102E-002   1.0017972962915842        1.0000000000000000        5.0626169922907138E-014
  0.27272073184928669        1.7760533909857229E-005   1.2121212121212121E-002   1.0017934821012251        1.0101010101010102E-002   1.0017934821012251        1.0000000000000000       -6.2172489379008766E-015
  0.28282182847879944        1.7935401206982754E-005   1.2121212121212121E-002   1.0017903141879347        1.0101010101010102E-002   1.0017903141879347        1.0000000000000000       -6.2172489379008766E-015
  0.29292295240004063        1.7779882073413673E-005   1.2121212121212121E-002   1.0017876912605930        1.0101010101010102E-002   1.0017876912605930        1.0000000000000000       -6.2172489379008766E-015
  0.30302410048819356        1.7629516272263919E-005   1.2121212121212121E-002   1.0017853878988727        1.0101010101010102E-002   1.0017853878988727        1.0000000000000000       -6.2172489379008766E-015
  0.31312526985993239        1.7465297201689338E-005   1.2121212121212121E-002   1.0017833279057033        1.0101010101010102E-002   1.0017833279057033        1.0000000000000000       -6.2172489379008766E-015
  0.32322645825002289        1.6830387404840527E-005   1.2121212121212121E-002   1.0017812671955177        1.0101010101010102E-002   1.0017812671955177        1.0000000000000000       -6.2172489379008766E-015
  0.33332766813621678        1.5869122670685550E-005   1.2121212121212121E-002   1.0017790878829878        1.0101010101010102E-002   1.0017790878829878        1.0000000000000000       -6.2172489379008766E-015
  0.34342889998847781        1.4625814229380423E-005   1.2121212121212121E-002   1.0017770202890277        1.0101010101010102E-002   1.0017770202890277        1.0000000000000000       -6.2172489379008766E-015
  0.35353015101707636        1.3175994049165945E-005   1.2121212121212121E-002   1.0017752319408697        1.0101010101010102E-002   1.0017752319408697        1.0000000000000000       -6.2172489379008766E-015
  0.36363141791246784        1.1998595138979347E-005   1.2121212121212121E-002   1.0017735511540291        1.0101010101010102E-002   1.0017735511540291        1.0000000000000000       -6.2172489379008766E-015
  0.37373270180910140        1.1425216968995819E-005   1.2121212121212121E-002   1.0017717640336476        1.0101010101010102E-002   1.0017717640336476        1.0000000000000000       -6.2172489379008766E-015
  0.38383400398070583        1.1321247259488689E-005   1.2121212121212121E-002   1.0017698249496447        1.0101010101010102E-002   1.0017698249496447        1.0000000000000000       -6.2172489379008766E-015
  0.39393532607913168        1.0905592273692333E-005   1.2121212121212121E-002   1.0017676968868938        1.0101010101010102E-002   1.0017676968868938        1.0000000000000000       -6.2172489379008766E-015
  0.40403667092289819        1.0305541100371194E-005   1.2121212121212121E-002   1.0017657441027439        1.0101010101010102E-002   1.0017657441027439        1.0000000000000000       -6.2172489379008766E-015
  0.41413803195705912        9.6291270247930147E-006   1.2121212121212121E-002   1.0017641700288136        1.0101010101010102E-002   1.0017641700288136        1.0000000000000000       -6.2172489379008766E-015
  0.42423940740945193        8.8518470070286497E-006   1.2121212121212121E-002   1.0017627055481093        1.0101010101010102E-002   1.0017627055481093        1.0000000000000000       -6.2172489379008766E-015
  0.43434079731324277        7.7983090877053497E-006   1.2121212121212121E-002   1.0017613053363450        1.0101010101010102E-002   1.0017613053363450        1.0000000000000000       -6.2172489379008766E-015
  0.44444220083034619        6.3920281758343200E-006   1.2121212121212121E-002   1.0017601998080095        1.0101010101010102E-002   1.0017601998080095        1.0000000000000000       -6.2172489379008766E-015
  0.45454361276430999        4.7571713281360235E-006   1.2121212121212121E-002   1.0017594868878879        1.0101010101010102E-002   1.0017594868878879        1.0000000000000000       -6.2172489379008766E-015
  0.46464502984699985        3.1326472863987493E-006   1.2121212121212121E-002   1.0017588912970012        1.0101010101010102E-002   1.0017588912970012        1.0000000000000000       -6.2172489379008766E-015
  0.47474645381082753        2.0393417571144179E-006   1.2121212121212121E-002   1.0017585703299448        1.0101010101010102E-002   1.0017585703299448        1.0000000000000000        5.3290705182007514E-015
  0.48484787794038903        1.2474799795886053E-006   1.2121212121212121E-002   1.0017589068844563        1.0101010101010102E-002   1.0017589068844563        1.0000000000000000       -7.0166095156309893E-014
  0.49494929463609261        4.2462335139186696E-007   1.2121212121212121E-002   1.0017595104550761        1.0101010101010102E-002   1.0017595104550761        1.0000000000000000       -4.4941828036826337E-013
  0.50505070536435082       -4.2462339132171944E-007   1.2121212121212121E-002   1.0017595104548525        1.0101010101010102E-002   1.0017595104548525        1.0000000000000000       -6.9277916736609768E-014
  0.51515212206005956       -1.2474798629001897E-006   1.2121212121212121E-002   1.0017589068842130        1.0101010101010102E-002   1.0017589068842130        1.0000000000000000        1.5987211554602254E-014
  0.52525354618962150       -2.0393416030167157E-006   1.2121212121212121E-002   1.0017585703301244        1.0101010101010102E-002   1.0017585703301244        1.0000000000000000        1.7763568394002505E-015
  0.53535497015344424       -3.1326469882782644E-006   1.2121212121212121E-002   1.0017588912971067        1.0101010101010102E-002   1.0017588912971067        1.0000000000000000        1.7763568394002505E-015
  0.54545638723613699       -4.7571714687067264E-006   1.2121212121212121E-002   1.0017594868878914        1.0101010101010102E-002   1.0017594868878914        1.0000000000000000        1.7763568394002505E-015
  0.55555779917009784       -6.3920280815425276E-006   1.2121212121212121E-002   1.0017601998079317        1.0101010101010102E-002   1.0017601998079317        1.0000000000000000        1.7763568394002505E-015
  0.56565920268720604       -7.7983090707791208E-006   1.2121212121212121E-002   1.0017613053363679        1.0101010101010102E-002   1.0017613053363679        1.0000000000000000        1.7763568394002505E-015
  0.57576059259099188       -8.8518466663755306E-006   1.2121212121212121E-002   1.0017627055483378        1.0101010101010102E-002   1.0017627055483378        1.0000000000000000        1.7763568394002505E-015
  0.58586196804338442       -9.6291272764286665E-006   1.2121212121212121E-002   1.0017641700288225        1.0101010101010102E-002   1.0017641700288225        1.0000000000000000        1.7763568394002505E-015
  0.59596332907754535       -1.0305540962753676E-005   1.2121212121212121E-002   1.0017657441024697        1.0101010101010102E-002   1.0017657441024697        1.0000000000000000        1.7763568394002505E-015
  0.60606467392131802       -1.0905591912942302E-005   1.2121212121212121E-002   1.0017676968867673        1.0101010101010102E-002   1.0017676968867673        1.0000000000000000        1.7763568394002505E-015
  0.61616599601974043       -1.1321247547597679E-005   1.2121212121212121E-002   1.0017698249497820        1.0101010101010102E-002   1.0017698249497820        1.0000000000000000        1.7763568394002505E-015
  0.62626729819134463       -1.1425217007172917E-005   1.2121212121212121E-002   1.0017717640335619        1.0101010101010102E-002   1.0017717640335619        1.0000000000000000        1.7763568394002505E-015
  0.63636858208798097       -1.1998594939850485E-005   1.2121212121212121E-002   1.0017735511541426        1.0101010101010102E-002   1.0017735511541426        1.0000000000000000        1.7763568394002505E-015
  0.64646984898336712       -1.3175993646520030E-005   1.2121212121212121E-002   1.0017752319410000        1.0101010101010102E-002   1.0017752319410000        1.0000000000000000        1.7763568394002505E-015
  0.65657110001196750       -1.4625814050316894E-005   1.2121212121212121E-002   1.0017770202887042        1.0101010101010102E-002   1.0017770202887042        1.0000000000000000        1.7763568394002505E-015
  0.66667233186423447       -1.5869122683295462E-005   1.2121212121212121E-002   1.0017790878829322        1.0101010101010102E-002   1.0017790878829322        1.0000000000000000        1.7763568394002505E-015
  0.67677354175042326       -1.6830387356826427E-005   1.2121212121212121E-002   1.0017812671956217        1.0101010101010102E-002   1.0017812671956217        1.0000000000000000        1.7763568394002505E-015
  0.68687473014051625       -1.7465297624897736E-005   1.2121212121212121E-002   1.0017833279056665        1.0101010101010102E-002   1.0017833279056665        1.0000000000000000        1.7763568394002505E-015
  0.69697589951225392       -1.7629515864384731E-005   1.2121212121212121E-002   1.0017853878989833        1.0101010101010102E-002   1.0017853878989833        1.0000000000000000        1.7763568394002505E-015
  0.70707704760040524       -1.7779882063314500E-005   1.2121212121212121E-002   1.0017876912605568        1.0101010101010102E-002   1.0017876912605568        1.0000000000000000        1.7763568394002505E-015
  0.71717817152164898       -1.7935401177728224E-005   1.2121212121212121E-002   1.0017903141878786        1.0101010101010102E-002   1.0017903141878786        1.0000000000000000        1.7763568394002505E-015
  0.72727926815116084       -1.7760533788404638E-005   1.2121212121212121E-002   1.0017934821014283        1.0101010101010102E-002   1.0017934821014283        1.0000000000000000        1.7763568394002505E-015
  0.73738032968684097       -1.7154866101267513E-005   1.2121212121212121E-002   1.0017972962915642        1.0101010101010102E-002   1.0017972962915642        1.0000000000000000        1.7763568394002505E-015
  0.74748135018186634       -1.6658757456735723E-005   1.2121212121212121E-002   1.0018012914303989        1.0101010101010102E-002   1.0018012914303989        1.0000000000000000        1.7763568394002505E-015
  0.75758233198292679       -1.6304171012046797E-005   1.2121212121212121E-002   1.0018049666252073        1.0101010101010102E-002   1.0018049666252073        1.0000000000000000        1.7763568394002505E-015
  0.76768327962443417       -1.5635777025902034E-005   1.2121212121212121E-002   1.0018081443424063        1.0101010101010102E-002   1.0018081443424063        1.0000000000000000        1.7763568394002505E-015
  0.77778419853371505       -1.5155460858360859E-005   1.2121212121212121E-002   1.0018107740516473        1.0101010101010102E-002   1.0018107740516473        1.0000000000000000        1.7763568394002505E-015
  0.78788509458645295       -1.5004461725766930E-005   1.2121212121212121E-002   1.0018130794705957        1.0101010101010102E-002   1.0018130794705957        1.0000000000000000        1.7763568394002505E-015
  0.79798596826776402       -1.5075704955213337E-005   1.2121212121212121E-002   1.0018152459329013        1.0101010101010102E-002   1.0018152459329013        1.0000000000000000        1.7763568394002505E-015
  0.80808682113755426       -1.5066101896991605E-005   1.2121212121212121E-002   1.0018170449889485        1.0101010101010102E-002   1.0018170449889485        1.0000000000000000        1.7763568394002505E-015
  0.81818765865080600       -1.5299366874802599E-005   1.2121212121212121E-002   1.0018181325488169        1.0101010101010102E-002   1.0018181325488169        1.0000000000000000        1.7763568394002505E-015
  0.82828849058211973       -1.6109851316810945E-005   1.2121212121212121E-002   1.0018188250960329        1.0101010101010102E-002   1.0018188250960329        1.0000000000000000        1.7763568394002505E-015
  0.83838931508883274       -1.7319427793678128E-005   1.2121212121212121E-002   1.0018195066027680        1.0101010101010102E-002   1.0018195066027680        1.0000000000000000        1.7763568394002505E-015
  0.84849013296856657       -1.8584594220873133E-005   1.2121212121212121E-002   1.0018198293470022        1.0101010101010102E-002   1.0018198293470022        1.0000000000000000        1.7763568394002505E-015
  0.85859095013685605       -1.9564898468145133E-005   1.2121212121212121E-002   1.0018192309729632        1.0101010101010102E-002   1.0018192309729632        1.0000000000000000        1.7763568394002505E-015
  0.86869178012646375       -2.0721322056406080E-005   1.2121212121212121E-002   1.0018179041435631        1.0101010101010102E-002   1.0018179041435631        1.0000000000000000        1.7763568394002505E-015
  0.87879262505707456       -2.1791780085047914E-005   1.2121212121212121E-002   1.0018167598461409        1.0101010101010102E-002   1.0018167598461409        1.0000000000000000        1.7763568394002505E-015
  0.88889347798900020       -2.2822640197890583E-005   1.2121212121212121E-002   1.0018160236124434        1.0101010101010102E-002   1.0018160236124434        1.0000000000000000        1.7763568394002505E-015
  0.89899433664413153       -2.3779648006516217E-005   1.2121212121212121E-002   1.0018152106839755        1.0101010101010102E-002   1.0018152106839755        1.0000000000000000        1.7763568394002505E-015
  0.90909520498455210       -2.5248815977043711E-005   1.2121212121212121E-002   1.0018139180260859        1.0101010101010102E-002   1.0018139180260859        1.0000000000000000        1.7763568394002505E-015
  0.91919608940162023       -2.6871532869317851E-005   1.2121212121212121E-002   1.0018122559300622        1.0101010101010102E-002   1.0018122559300622        1.0000000000000000        1.7763568394002505E-015
  0.92929699094402685       -2.7976449735937152E-005   1.2121212121212121E-002   1.0018104545657600        1.0101010101010102E-002   1.0018104545657600        1.0000000000000000        1.7763568394002505E-015
  0.93939791123327276       -2.8575349527883314E-005   1.2121212121212121E-002   1.0018087051068287        1.0101010101010102E-002   1.0018087051068287        1.0000000000000000        1.7763568394002505E-015
  0.94949884763150516       -2.9176458601520572E-005   1.2121212121212121E-002   1.0018071644183759        1.0101010101010102E-002   1.0018071644183759        1.0000000000000000        1.7763568394002505E-015
  0.95959979795228278       -2.9786013368216564E-005   1.2121212121212121E-002   1.0018056010506242        1.0101010101010102E-002   1.0018056010506242        1.0000000000000000        1.7763568394002505E-015
  0.96970076501362401       -3.0243506837477314E-005   1.2121212121212121E-002   1.0018038691683031        1.0101010101010102E-002   1.0018038691683031        1.0000000000000000        8.8817841970012523E-016
  0.97980174965600608       -3.0742229563319436E-005   1.2121212121212121E-002   1.0018020389046272        1.0101010101010102E-002   1.0018020389046272        1.0000000000000000       -3.2862601528904634E-014
  0.98990275337067912       -3.1508344858860161E-005   1.2121212121212121E-002   1.0018003551149326        1.0101010101010102E-002   1.0018003551149326        1.0000000000000000        1.5010215292932116E-013
   1.0000037705354030       -3.1835291877678483E-005   1.2121212121212121E-002   1.0017986114725737        1.0101010101010102E-002   1.0017986114725737        1.0000000000000000        1.0436096431476471E-012
   1.0101047806364132        3.1597263111054146E-005   1.2121212121212121E-002   1.0018003551150334        1.0101010101010102E-002   1.0017988905996655        1.0000000000000000        1.4299672557172016E-013
   1.0202057907374233        3.0838244506385785E-005   1.2121212121212121E-002   1.0018020389047229        1.0101010101010102E-002   1.0018002895687843        1.0000000000000000       -1.9677833450701065E-002
   1.0303068008384335        3.0338009638612353E-005   1.2121212121212121E-002   1.0018038691682019        1.0101010101010102E-002   1.0018004115226273        1.0000000000000000       -1.3138325546267744     
   1.0404078109394437        2.9872818278301232E-005   1.2121212121212121E-002   1.0018056010505392        1.0101010101010102E-002  0.99665637860081713        1.0000000000000000       -4.6453021478719450     
   1.0505088210404538        2.9251436880699082E-005   1.2121212121212121E-002   1.0018071644186111        1.0101010101010102E-002  0.77867798353909146        1.0000000000000000        107.01218865918355     
  -1.0104780635963225E-002  -3.1597262983110429E-005   1.2121212121212121E-002   1.0018003551149326        1.0101010101010102E-002   1.0017988905996742        1.0000000000000000        1.1546319456101628E-014
  -2.0205790736973327E-002  -3.0838244420818314E-005   1.2121212121212121E-002   1.0018020389046272        1.0101010101010102E-002   1.0018002895687905        1.0000000000000000        1.9677833450746363E-002
  -3.0306800837983427E-002  -3.0338009731320587E-005   1.2121212121212121E-002   1.0018038691683031        1.0101010101010102E-002   1.0018004115226335        1.0000000000000000        1.3138325546268277     
  -4.0407810938993531E-002  -2.9872818097021521E-005   1.2121212121212121E-002   1.0018056010506242        1.0101010101010102E-002  0.99665637860082268        1.0000000000000000        4.6453021478716039     
  -5.0508821040003635E-002  -2.9251436731367597E-005   1.2121212121212121E-002   1.0018071644183759        1.0101010101010102E-002  0.77867798353909445        1.0000000000000000       -107.01218865918408     
