 # x v h rho m p cs a
   28.751515151520142     
   3.0386513425858072E-014  -4.8627499333606150E-013   1.2121212121212121E-002   1.0018867673767233        1.0101010101010102E-002   1.0018867673767233        1.0000000000000000       -6.5121241732413182E-012
   1.0100156727091561E-002   3.0446351708966067E-006   1.2121212121212121E-002   1.0018865939684147        1.0101010101010102E-002   1.0018865939684147        1.0000000000000000        3.6166059792286376E-005
   2.0200316881112367E-002   6.0769239616277338E-006   1.2121212121212121E-002   1.0018860744348321        1.0101010101010102E-002   1.0018860744348321        1.0000000000000000        7.2187968734205299E-005
   3.0300483875392050E-002   9.0845726745874893E-006   1.2121212121212121E-002   1.0018852108465732        1.0101010101010102E-002   1.0018852108465732        1.0000000000000000        1.0792238448242841E-004
   4.0400661095992323E-002   1.2055391157175315E-005   1.2121212121212121E-002   1.0018840066450059        1.0101010101010102E-002   1.0018840066450059        1.0000000000000000        1.4322685800927104E-004
   5.0500851888242743E-002   1.4977339321962651E-005   1.2121212121212121E-002   1.0018824666310260        1.0101010101010102E-002   1.0018824666310260        1.0000000000000000        1.7796042128903622E-004
   6.0601059543373401E-002   1.7838576112324944E-005   1.2121212121212121E-002   1.0018805969445650        1.0101010101010102E-002   1.0018805969445650        1.0000000000000000        2.1198486646323289E-004
   7.0701287285435899E-002   2.0627515397041388E-005   1.2121212121212121E-002   1.0018784050408143        1.0101010101010102E-002   1.0018784050408143        1.0000000000000000        2.4516419145648172E-004
   8.0801538258403291E-002   2.3332871197684726E-005   1.2121212121212121E-002   1.0018758996627051        1.0101010101010102E-002   1.0018758996627051        1.0000000000000000        2.7736592437754837E-004
   9.0901815513626610E-002   2.5943698315568377E-005   1.2121212121212121E-002   1.0018730908062172        1.0101010101010102E-002   1.0018730908062172        1.0000000000000000        3.0846122922589814E-004
  0.10100212199762738        2.8449441354112550E-005   1.2121212121212121E-002   1.0018699896826289        1.0101010101010102E-002   1.0018699896826289        1.0000000000000000        3.3832556056978547E-004
  0.11110246054028677        3.0839982048644499E-005   1.2121212121212121E-002   1.0018666086724597        1.0101010101010102E-002   1.0018666086724597        1.0000000000000000        3.6683964476402764E-004
  0.12120283384356111        3.3105672546062097E-005   1.2121212121212121E-002   1.0018629612788550        1.0101010101010102E-002   1.0018629612788550        1.0000000000000000        3.9388862173250772E-004
  0.13130324447058472        3.5237379426604978E-005   1.2121212121212121E-002   1.0018590620774919        1.0101010101010102E-002   1.0018590620774919        1.0000000000000000        4.1936367590711399E-004
  0.14140369483535858        3.7226518983282374E-005   1.2121212121212121E-002   1.0018549266557231        1.0101010101010102E-002   1.0018549266557231        1.0000000000000000        4.4316257335275111E-004
  0.15150418719307665        3.9065094983848660E-005   1.2121212121212121E-002   1.0018505715529140        1.0101010101010102E-002   1.0018505715529140        1.0000000000000000        4.6518900036396360E-004
  0.16160472363097805        4.0745726586045945E-005   1.2121212121212121E-002   1.0018460141959920        1.0101010101010102E-002   1.0018460141959920        1.0000000000000000        4.8535409096306381E-004
  0.17170530605994838        4.2261676691298611E-005   1.2121212121212121E-002   1.0018412728316817        1.0101010101010102E-002   1.0018412728316817        1.0000000000000000        5.0357562181257975E-004
  0.18180593620670812        4.3606884968670789E-005   1.2121212121212121E-002   1.0018363664549828        1.0101010101010102E-002   1.0018363664549828        1.0000000000000000        5.1977969614558361E-004
  0.19190661560681735        4.4775986764436143E-005   1.2121212121212121E-002   1.0018313147306623        1.0101010101010102E-002   1.0018313147306623        1.0000000000000000        5.3390040253109561E-004
  0.20200734559843528        4.5764334307056841E-005   1.2121212121212121E-002   1.0018261379189615        1.0101010101010102E-002   1.0018261379189615        1.0000000000000000        5.4587934641414648E-004
  0.21210812731677320        4.6568013782835250E-005   1.2121212121212121E-002   1.0018208567963736        1.0101010101010102E-002   1.0018208567963736        1.0000000000000000        5.5566709919041557E-004
  0.22220896168941559        4.7183864702208544E-005   1.2121212121212121E-002   1.0018154925701472        1.0101010101010102E-002   1.0018154925701472        1.0000000000000000        5.6322307922229697E-004
  0.23230984943247596        4.7609484186758136E-005   1.2121212121212121E-002   1.0018100667944596        1.0101010101010102E-002   1.0018100667944596        1.0000000000000000        5.6851541287183949E-004
  0.24241079104756308        4.7843243334681163E-005   1.2121212121212121E-002   1.0018046012839026        1.0101010101010102E-002   1.0018046012839026        1.0000000000000000        5.7152147244643459E-004
  0.25251178681965630        4.7884284061356229E-005   1.2121212121212121E-002   1.0017991180292858        1.0101010101010102E-002   1.0017991180292858        1.0000000000000000        5.7222693287339865E-004
  0.26261283681572040        4.7732529076674551E-005   1.2121212121212121E-002   1.0017936391080773        1.0101010101010102E-002   1.0017936391080773        1.0000000000000000        5.7062791739603824E-004
  0.27271394088434991        4.7388674235945017E-005   1.2121212121212121E-002   1.0017881865902845        1.0101010101010102E-002   1.0017881865902845        1.0000000000000000        5.6672967721649314E-004
  0.28281509865627519        4.6854192324773839E-005   1.2121212121212121E-002   1.0017827824558951        1.0101010101010102E-002   1.0017827824558951        1.0000000000000000        5.6054559736029574E-004
  0.29291630954560371        4.6131313262566463E-005   1.2121212121212121E-002   1.0017774485061000        1.0101010101010102E-002   1.0017774485061000        1.0000000000000000        5.5209939158107346E-004
  0.30301757275208618        4.5223026986741669E-005   1.2121212121212121E-002   1.0017722062705330        1.0101010101010102E-002   1.0017722062705330        1.0000000000000000        5.4142383679511852E-004
  0.31311888726421083        4.4133063691243481E-005   1.2121212121212121E-002   1.0017670769211815        1.0101010101010102E-002   1.0017670769211815        1.0000000000000000        5.2856065047190981E-004
  0.32322025186316067        4.2865878024712720E-005   1.2121212121212121E-002   1.0017620811876011        1.0101010101010102E-002   1.0017620811876011        1.0000000000000000        5.1356024989868132E-004
  0.33332166512758288        4.1426628444919150E-005   1.2121212121212121E-002   1.0017572392720182        1.0101010101010102E-002   1.0017572392720182        1.0000000000000000        4.9648208301444896E-004
  0.34342312543922715        3.9821158684763785E-005   1.2121212121212121E-002   1.0017525707654960        1.0101010101010102E-002   1.0017525707654960        1.0000000000000000        4.7739409343172667E-004
  0.35352463098937698        3.8055975440456741E-005   1.2121212121212121E-002   1.0017480945673620        1.0101010101010102E-002   1.0017480945673620        1.0000000000000000        4.5637254569452779E-004
  0.36362617978608380        3.6138214233110532E-005   1.2121212121212121E-002   1.0017438288087657        1.0101010101010102E-002   1.0017438288087657        1.0000000000000000        4.3350133763464527E-004
  0.37372776966210591        3.4075615455917846E-005   1.2121212121212121E-002   1.0017397907776207        1.0101010101010102E-002   1.0017397907776207        1.0000000000000000        4.0887242258680345E-004
  0.38382939828362966        3.1876490929335722E-005   1.2121212121212121E-002   1.0017359968460253        1.0101010101010102E-002   1.0017359968460253        1.0000000000000000        3.8258483267039622E-004
  0.39393106315965298        2.9549695423687577E-005   1.2121212121212121E-002   1.0017324624041886        1.0101010101010102E-002   1.0017324624041886        1.0000000000000000        3.5474437594373853E-004
  0.40403276165200241        2.7104581863197998E-005   1.2121212121212121E-002   1.0017292017949775        1.0101010101010102E-002   1.0017292017949775        1.0000000000000000        3.2546370889807719E-004
  0.41413449098602600        2.4550969504945069E-005   1.2121212121212121E-002   1.0017262282558135        1.0101010101010102E-002   1.0017262282558135        1.0000000000000000        2.9486078873386390E-004
  0.42423624826175338        2.1899106161255606E-005   1.2121212121212121E-002   1.0017235538640832        1.0101010101010102E-002   1.0017235538640832        1.0000000000000000        2.6305971023710129E-004
  0.43433803046566488        1.9159623198532707E-005   1.2121212121212121E-002   1.0017211894838807        1.0101010101010102E-002   1.0017211894838807        1.0000000000000000        2.3018950833364471E-004
  0.44443983448292496        1.6343497842216591E-005   1.2121212121212121E-002   1.0017191447235181        1.0101010101010102E-002   1.0017191447235181        1.0000000000000000        1.9638323210990904E-004
  0.45454165710997352        1.3462006785287558E-005   1.2121212121212121E-002   1.0017174278942889        1.0101010101010102E-002   1.0017174278942889        1.0000000000000000        1.6177846512910321E-004
  0.46464349506758884        1.0526680034174065E-005   1.2121212121212121E-002   1.0017160459765431        1.0101010101010102E-002   1.0017160459765431        1.0000000000000000        1.2651535323282559E-004
  0.47474534501414678        7.5492642829711069E-006   1.2121212121212121E-002   1.0017150045909398        1.0101010101010102E-002   1.0017150045909398        1.0000000000000000        9.0737544724994734E-005
  0.48484720355924560        4.5416648873105395E-006   1.2121212121212121E-002   1.0017143079714643        1.0101010101010102E-002   1.0017143079714643        1.0000000000000000        5.4590767226692094E-005
  0.49494906727752175        1.5159089765643348E-006   1.2121212121212121E-002   1.0017139589513713        1.0101010101010102E-002   1.0017139589513713        1.0000000000000000        1.8221651575167641E-005
  0.50505093272253221       -1.5159084674349758E-006   1.2121212121212121E-002   1.0017139589513102        1.0101010101010102E-002   1.0017139589513102        1.0000000000000000       -1.8221632518411468E-005
  0.51515279644080925       -4.5416656208395582E-006   1.2121212121212121E-002   1.0017143079711786        1.0101010101010102E-002   1.0017143079711786        1.0000000000000000       -5.4590744706040084E-005
  0.52525465498591406       -7.5492636542650217E-006   1.2121212121212121E-002   1.0017150045910970        1.0101010101010102E-002   1.0017150045910970        1.0000000000000000       -9.0737663828832638E-005
  0.53535650493246245       -1.0526680241914367E-005   1.2121212121212121E-002   1.0017160459768752        1.0101010101010102E-002   1.0017160459768752        1.0000000000000000       -1.2651526873508345E-004
  0.54545834289007922       -1.3462007038461352E-005   1.2121212121212121E-002   1.0017174278939684        1.0101010101010102E-002   1.0017174278939684        1.0000000000000000       -1.6177841143871774E-004
  0.55556016551713405       -1.6343497704537332E-005   1.2121212121212121E-002   1.0017191447232858        1.0101010101010102E-002   1.0017191447232858        1.0000000000000000       -1.9638330208682220E-004
  0.56566196953439307       -1.9159623137940242E-005   1.2121212121212121E-002   1.0017211894840956        1.0101010101010102E-002   1.0017211894840956        1.0000000000000000       -2.3018953412901055E-004
  0.57576375173830008       -2.1899105928965501E-005   1.2121212121212121E-002   1.0017235538640579        1.0101010101010102E-002   1.0017235538640579        1.0000000000000000       -2.6305963751305228E-004
  0.58586550901403289       -2.4550969305892547E-005   1.2121212121212121E-002   1.0017262282557486        1.0101010101010102E-002   1.0017262282557486        1.0000000000000000       -2.9486084513941080E-004
  0.59596723834805265       -2.7104582119491685E-005   1.2121212121212121E-002   1.0017292017951021        1.0101010101010102E-002   1.0017292017951021        1.0000000000000000       -3.2546370054031826E-004
  0.60606893684040386       -2.9549695880207693E-005   1.2121212121212121E-002   1.0017324624046886        1.0101010101010102E-002   1.0017324624046886        1.0000000000000000       -3.5474446680083815E-004
  0.61617060171641425       -3.1876490963809197E-005   1.2121212121212121E-002   1.0017359968461483        1.0101010101010102E-002   1.0017359968461483        1.0000000000000000       -3.8258465182128276E-004
  0.62627223033794754       -3.4075615380879665E-005   1.2121212121212121E-002   1.0017397907769008        1.0101010101010102E-002   1.0017397907769008        1.0000000000000000       -4.0887242892129194E-004
  0.63637382021397715       -3.6138214271435337E-005   1.2121212121212121E-002   1.0017438288087157        1.0101010101010102E-002   1.0017438288087157        1.0000000000000000       -4.3350146907084053E-004
  0.64647536901067670       -3.8055975229160903E-005   1.2121212121212121E-002   1.0017480945676220        1.0101010101010102E-002   1.0017480945676220        1.0000000000000000       -4.5637248747887327E-004
  0.65657687456082736       -3.9821158811569767E-005   1.2121212121212121E-002   1.0017525707653325        1.0101010101010102E-002   1.0017525707653325        1.0000000000000000       -4.7739406134450491E-004
  0.66667833487247496       -4.1426628333930519E-005   1.2121212121212121E-002   1.0017572392719072        1.0101010101010102E-002   1.0017572392719072        1.0000000000000000       -4.9648212010300341E-004
  0.67677974813689623       -4.2865877665558005E-005   1.2121212121212121E-002   1.0017620811876873        1.0101010101010102E-002   1.0017620811876873        1.0000000000000000       -5.1356026099291796E-004
  0.68688111273584507       -4.4133064105060479E-005   1.2121212121212121E-002   1.0017670769213014        1.0101010101010102E-002   1.0017670769213014        1.0000000000000000       -5.2856064484174681E-004
  0.69698242724796766       -4.5223026815705788E-005   1.2121212121212121E-002   1.0017722062703076        1.0101010101010102E-002   1.0017722062703076        1.0000000000000000       -5.4142376506671752E-004
  0.70708369045445707       -4.6131313585382822E-005   1.2121212121212121E-002   1.0017774485057986        1.0101010101010102E-002   1.0017774485057986        1.0000000000000000       -5.5209945222500778E-004
  0.71718490134378576       -4.6854191823370985E-005   1.2121212121212121E-002   1.0017827824561156        1.0101010101010102E-002   1.0017827824561156        1.0000000000000000       -5.6054564360952241E-004
  0.72728605911570499       -4.7388674519824009E-005   1.2121212121212121E-002   1.0017881865902256        1.0101010101010102E-002   1.0017881865902256        1.0000000000000000       -5.6672957312553507E-004
  0.73738716318434194       -4.7732528861102186E-005   1.2121212121212121E-002   1.0017936391078643        1.0101010101010102E-002   1.0017936391078643        1.0000000000000000       -5.7062798979945484E-004
  0.74748821318040426       -4.7884284184507406E-005   1.2121212121212121E-002   1.0017991180296919        1.0101010101010102E-002   1.0017991180296919        1.0000000000000000       -5.7222699251102682E-004
  0.75758920895248993       -4.7843242789387013E-005   1.2121212121212121E-002   1.0018046012842112        1.0101010101010102E-002   1.0018046012842112        1.0000000000000000       -5.7152139140281832E-004
  0.76769015056757750       -4.7609484532974654E-005   1.2121212121212121E-002   1.0018100667941174        1.0101010101010102E-002   1.0018100667941174        1.0000000000000000       -5.6851535429913724E-004
  0.77779103831064589       -4.7183864526991403E-005   1.2121212121212121E-002   1.0018154925700833        1.0101010101010102E-002   1.0018154925700833        1.0000000000000000       -5.6322319558965717E-004
  0.78789187268328165       -4.6568014321135375E-005   1.2121212121212121E-002   1.0018208567966804        1.0101010101010102E-002   1.0018208567966804        1.0000000000000000       -5.5566706474241556E-004
  0.79799265440161882       -4.5764333913077274E-005   1.2121212121212121E-002   1.0018261379189140        1.0101010101010102E-002   1.0018261379189140        1.0000000000000000       -5.4587930808214224E-004
  0.80809338439323886       -4.4775986797686910E-005   1.2121212121212121E-002   1.0018313147304492        1.0101010101010102E-002   1.0018313147304492        1.0000000000000000       -5.3390039668066436E-004
  0.81819406379335047       -4.3606885120418103E-005   1.2121212121212121E-002   1.0018363664548215        1.0101010101010102E-002   1.0018363664548215        1.0000000000000000       -5.1977971869821005E-004
  0.82829469394011168       -4.2261676828665082E-005   1.2121212121212121E-002   1.0018412728319315        1.0101010101010102E-002   1.0018412728319315        1.0000000000000000       -5.0357568499315164E-004
  0.83839527636907485       -4.0745726433454884E-005   1.2121212121212121E-002   1.0018460141962577        1.0101010101010102E-002   1.0018460141962577        1.0000000000000000       -4.8535403533822574E-004
  0.84849581280697817       -3.9065094777624896E-005   1.2121212121212121E-002   1.0018505715531616        1.0101010101010102E-002   1.0018505715531616        1.0000000000000000       -4.6518905238457364E-004
  0.85859630516468943       -3.7226519819616522E-005   1.2121212121212121E-002   1.0018549266559167        1.0101010101010102E-002   1.0018549266559167        1.0000000000000000       -4.4316250422049563E-004
  0.86869675552946546       -3.5237378882732942E-005   1.2121212121212121E-002   1.0018590620772196        1.0101010101010102E-002   1.0018590620772196        1.0000000000000000       -4.1936365000427855E-004
  0.87879716615649328       -3.3105672288941818E-005   1.2121212121212121E-002   1.0018629612786345        1.0101010101010102E-002   1.0018629612786345        1.0000000000000000       -3.9388865162059972E-004
  0.88889753945976768       -3.0839981981103746E-005   1.2121212121212121E-002   1.0018666086723169        1.0101010101010102E-002   1.0018666086723169        1.0000000000000000       -3.6683964003803027E-004
  0.89899787800243025       -2.8449441321542903E-005   1.2121212121212121E-002   1.0018699896827632        1.0101010101010102E-002   1.0018699896827632        1.0000000000000000       -3.3832562385605058E-004
  0.90909818448642443       -2.5943698688138116E-005   1.2121212121212121E-002   1.0018730908061939        1.0101010101010102E-002   1.0018730908061939        1.0000000000000000       -3.0846112729587816E-004
  0.91919846174165432       -2.3332871009366299E-005   1.2121212121212121E-002   1.0018758996622870        1.0101010101010102E-002   1.0018758996622870        1.0000000000000000       -2.7736594631289080E-004
  0.92929871271462505       -2.0627515647262208E-005   1.2121212121212121E-002   1.0018784050408731        1.0101010101010102E-002   1.0018784050408731        1.0000000000000000       -2.4516426668430569E-004
  0.93939894045668226       -1.7838575928632677E-005   1.2121212121212121E-002   1.0018805969447178        1.0101010101010102E-002   1.0018805969447178        1.0000000000000000       -2.1198481710804629E-004
  0.94949914811181468       -1.4977339187845124E-005   1.2121212121212121E-002   1.0018824666309667        1.0101010101010102E-002   1.0018824666309667        1.0000000000000000       -1.7796042395623601E-004
  0.95959933890406490       -1.2055391318821413E-005   1.2121212121212121E-002   1.0018840066449275        1.0101010101010102E-002   1.0018840066449275        1.0000000000000000       -1.4322684752610115E-004
  0.96969951612466687       -9.0845726358822223E-006   1.2121212121212121E-002   1.0018852108464704        1.0101010101010102E-002   1.0018852108464704        1.0000000000000000       -1.0792239311019358E-004
  0.97979968311894705       -6.0769242451386923E-006   1.2121212121212121E-002   1.0018860744347826        1.0101010101010102E-002   1.0018860744347826        1.0000000000000000       -7.2187969044179567E-005
  0.98989984327296809       -3.0446351651834614E-006   1.2121212121212121E-002   1.0018865939683046        1.0101010101010102E-002   1.0018865939683046        1.0000000000000000       -3.6166048283270413E-005
   1.0000000000000315        9.4060659301727208E-013   1.2121212121212121E-002   1.0018867673767247        1.0101010101010102E-002   1.0018867673767247        1.0000000000000000       -2.7998936502626748E-011
   1.0101001567270915        2.9565823974383029E-006   1.2121212121212121E-002   1.0018865939684147        1.0101010101010102E-002   1.0018865939684147        1.0000000000000000        3.6166067141962799E-005
   1.0202003168811125        5.9011694914943927E-006   1.2121212121212121E-002   1.0018860744348321        1.0101010101010102E-002   1.0018860744348321        1.0000000000000000        7.2187970892478859E-005
   1.0303004838753920        8.8218166288424587E-006   1.2121212121212121E-002   1.0018852108465732        1.0101010101010102E-002   1.0018852108465732        1.0000000000000000        1.0792238702173051E-004
   1.0404006610959924        1.1706680413157350E-005   1.2121212121212121E-002   1.0018840066450059        1.0101010101010102E-002   1.0018840066450059        1.0000000000000000        1.4322685747103492E-004
   1.0505008518882428        1.4544064000076264E-005   1.2121212121212121E-002   1.0018824666310260        1.0101010101010102E-002   1.0018824666310260        1.0000000000000000        1.7796042063178419E-004
   1.0606010595433735        1.7322463084546730E-005   1.2121212121212121E-002   1.0018805969445650        1.0101010101010102E-002   1.0018805969445650        1.0000000000000000        2.1198486652007631E-004
   1.0707012872854360        2.0030622617329431E-005   1.2121212121212121E-002   1.0018784050408143        1.0101010101010102E-002   1.0018784050408143        1.0000000000000000        2.4516418980002896E-004
   1.0808015382584033        2.2657579036407181E-005   1.2121212121212121E-002   1.0018758996627051        1.0101010101010102E-002   1.0018758996627051        1.0000000000000000        2.7736592453297959E-004
   1.0909018155136265        2.5192700951634578E-005   1.2121212121212121E-002   1.0018730908062172        1.0101010101010102E-002   1.0018730908062172        1.0000000000000000        7.6301314943254681     
   1.1010021219976274        2.7625736301626898E-005   1.2121212121212121E-002   1.0018699896826289        1.0101010101010102E-002   1.0018699896826289        1.0000000000000000        93.410978491040268     
  -1.0100156727031906E-002  -2.9565824160181828E-006   1.2121212121212121E-002   1.0018865939683046        1.0101010101010102E-002   1.0018865939683046        1.0000000000000000       -3.6166054701247674E-005
  -2.0200316881052949E-002  -5.9011697603627884E-006   1.2121212121212121E-002   1.0018860744347826        1.0101010101010102E-002   1.0018860744347826        1.0000000000000000       -7.2187973374049363E-005
  -3.0300483875333128E-002  -8.8218165793993837E-006   1.2121212121212121E-002   1.0018852108464704        1.0101010101010102E-002   1.0018852108464704        1.0000000000000000       -1.0792239311108176E-004
  -4.0400661095935098E-002  -1.1706680590003681E-005   1.2121212121212121E-002   1.0018840066449275        1.0101010101010102E-002   1.0018840066449275        1.0000000000000000       -1.4322684753231840E-004
  -5.0500851888185316E-002  -1.4544063864788495E-005   1.2121212121212121E-002   1.0018824666309667        1.0101010101010102E-002   1.0018824666309667        1.0000000000000000       -1.7796042395712419E-004
  -6.0601059543317737E-002  -1.7322463027645429E-005   1.2121212121212121E-002   1.0018805969447178        1.0101010101010102E-002   1.0018805969447178        1.0000000000000000       -2.1198481711781625E-004
  -7.0701287285374947E-002  -2.0030622673720653E-005   1.2121212121212121E-002   1.0018784050408731        1.0101010101010102E-002   1.0018784050408731        1.0000000000000000       -2.4516426668075297E-004
  -8.0801538258345684E-002  -2.2657578814412260E-005   1.2121212121212121E-002   1.0018758996622870        1.0101010101010102E-002   1.0018758996622870        1.0000000000000000       -2.7736594631910805E-004
  -9.0901815513575568E-002  -2.5192701545020544E-005   1.2121212121212121E-002   1.0018730908061939        1.0101010101010102E-002   1.0018730908061939        1.0000000000000000       -7.6301314942354423     
 -0.10100212199756975       -2.7625736125489941E-005   1.2121212121212121E-002   1.0018699896827632        1.0101010101010102E-002   1.0018699896827632        1.0000000000000000       -93.410978491074275     
