 # x v h rho m p cs a
   21.052121212121921     
   2.2474713366743370E-014  -9.5265586665074196E-013   1.2121212121212121E-002   1.0018830060279891        1.0101010101010102E-002   1.0018830060279891        1.0000000000000000       -9.7298169521309319E-011
   1.0100193893751781E-002   3.4500636145477310E-006   1.2121212121212121E-002   1.0018828401050457        1.0101010101010102E-002   1.0018828401050457        1.0000000000000000        3.4605217188676818E-005
   2.0200391066544567E-002   6.8861871338625201E-006   1.2121212121212121E-002   1.0018823429967496        1.0101010101010102E-002   1.0018823429967496        1.0000000000000000        6.9072488458665759E-005
   3.0300594784395618E-002   1.0294488353096931E-005   1.2121212121212121E-002   1.0018815166882067        1.0101010101010102E-002   1.0018815166882067        1.0000000000000000        1.0326394120152571E-004
   4.0400808287164726E-002   1.3661197317369250E-005   1.2121212121212121E-002   1.0018803644793239        1.0101010101010102E-002   1.0018803644793239        1.0000000000000000        1.3704323689545106E-004
   5.0501034775661660E-002   1.6972716511424289E-005   1.2121212121212121E-002   1.0018788909700429        1.0101010101010102E-002   1.0018788909700429        1.0000000000000000        1.7027571323513513E-004
   6.0601277398885774E-002   2.0215668422962405E-005   1.2121212121212121E-002   1.0018771020431523        1.0101010101010102E-002   1.0018771020431523        1.0000000000000000        2.0282857179321212E-004
   7.0701539241449590E-002   2.3376960011259532E-005   1.2121212121212121E-002   1.0018750048442915        1.0101010101010102E-002   1.0018750048442915        1.0000000000000000        2.3457129979842506E-004
   8.0801823311199797E-002   2.6443829419949006E-005   1.2121212121212121E-002   1.0018726077523767        1.0101010101010102E-002   1.0018726077523767        1.0000000000000000        2.6537726300812636E-004
   9.0902132527231644E-002   2.9403899802077662E-005   1.2121212121212121E-002   1.0018699203447328        1.0101010101010102E-002   1.0018699203447328        1.0000000000000000        2.9512322939151403E-004
  0.10100246970820578        3.2245229348401016E-005   1.2121212121212121E-002   1.0018669533616655        1.0101010101010102E-002   1.0018669533616655        1.0000000000000000        3.2368994276232854E-004
  0.11110283756105130        3.4956357507260851E-005   1.2121212121212121E-002   1.0018637186654380        1.0101010101010102E-002   1.0018637186654380        1.0000000000000000        3.5096266208700655E-004
  0.12120323867009157        3.7526359167713968E-005   1.2121212121212121E-002   1.0018602291933527        1.0101010101010102E-002   1.0018602291933527        1.0000000000000000        3.7683194298221423E-004
  0.13130367548667196        3.9944879028046372E-005   1.2121212121212121E-002   1.0018564989052405        1.0101010101010102E-002   1.0018564989052405        1.0000000000000000        4.0119396326954160E-004
  0.14140415031933090        4.2202177893070331E-005   1.2121212121212121E-002   1.0018525427303981        1.0101010101010102E-002   1.0018525427303981        1.0000000000000000        4.2395035107567480E-004
  0.15150466532446388        4.4289175181472920E-005   1.2121212121212121E-002   1.0018483765089605        1.0101010101010102E-002   1.0018483765089605        1.0000000000000000        4.4500945083481014E-004
  0.16160522249765460        4.6197477077845062E-005   1.2121212121212121E-002   1.0018440169293166        1.0101010101010102E-002   1.0018440169293166        1.0000000000000000        4.6428596640435416E-004
  0.17170582366557210        4.7919419454685429E-005   1.2121212121212121E-002   1.0018394814613263        1.0101010101010102E-002   1.0018394814613263        1.0000000000000000        4.8170213153220232E-004
  0.18180647047862608        4.9448091351091132E-005   1.2121212121212121E-002   1.0018347882887400        1.0101010101010102E-002   1.0018347882887400        1.0000000000000000        4.9718674648868699E-004
  0.19190716440418973        5.0777366253630213E-005   1.2121212121212121E-002   1.0018299562369921        1.0101010101010102E-002   1.0018299562369921        1.0000000000000000        5.1067706607366148E-004
  0.20200790672068383        5.1901925180451018E-005   1.2121212121212121E-002   1.0018250046982757        1.0101010101010102E-002   1.0018250046982757        1.0000000000000000        5.2211750738706542E-004
  0.21210869851227915        5.2817276675920197E-005   1.2121212121212121E-002   1.0018199535543968        1.0101010101010102E-002   1.0018199535543968        1.0000000000000000        5.3146144691051944E-004
  0.22220954066450038        5.3519776540911787E-005   1.2121212121212121E-002   1.0018148230964297        1.0101010101010102E-002   1.0018148230964297        1.0000000000000000        5.3866998662410737E-004
  0.23231043386052677        5.4006639120797732E-005   1.2121212121212121E-002   1.0018096339469167        1.0101010101010102E-002   1.0018096339469167        1.0000000000000000        5.4371276873421692E-004
  0.24241137857831388        5.4275950577235237E-005   1.2121212121212121E-002   1.0018044069754668        1.0101010101010102E-002   1.0018044069754668        1.0000000000000000        5.4656844327016785E-004
  0.25251237508857471        5.4326672710652728E-005   1.2121212121212121E-002   1.0017991632145611        1.0101010101010102E-002   1.0017991632145611        1.0000000000000000        5.4722426217157505E-004
  0.26261342345356303        5.4158650961830967E-005   1.2121212121212121E-002   1.0017939237753926        1.0101010101010102E-002   1.0017939237753926        1.0000000000000000        5.4567641402591960E-004
  0.27271452352671716        5.3772609135645535E-005   1.2121212121212121E-002   1.0017887097637066        1.0101010101010102E-002   1.0017887097637066        1.0000000000000000        5.4192967155941574E-004
  0.28281567495310611        5.3170147055347128E-005   1.2121212121212121E-002   1.0017835421953640        1.0101010101010102E-002   1.0017835421953640        1.0000000000000000        5.3599786691194140E-004
  0.29291687717073672        5.2353738435443481E-005   1.2121212121212121E-002   1.0017784419091211        1.0101010101010102E-002   1.0017784419091211        1.0000000000000000        5.2790396981716725E-004
  0.30301812941273526        5.1326712627964136E-005   1.2121212121212121E-002   1.0017734294828728        1.0101010101010102E-002   1.0017734294828728        1.0000000000000000        5.1767928623647208E-004
  0.31311943071030818        5.0093245304851752E-005   1.2121212121212121E-002   1.0017685251522428        1.0101010101010102E-002   1.0017685251522428        1.0000000000000000        5.0536376489773716E-004
  0.32322077989652415        4.8658338528894852E-005   1.2121212121212121E-002   1.0017637487265847        1.0101010101010102E-002   1.0017637487265847        1.0000000000000000        4.9100624691167383E-004
  0.33332217561094435        4.7027802832297070E-005   1.2121212121212121E-002   1.0017591195069806        1.0101010101010102E-002   1.0017591195069806        1.0000000000000000        4.7466382087169023E-004
  0.34342361630503099        4.5208231503301905E-005   1.2121212121212121E-002   1.0017546562090447        1.0101010101010102E-002   1.0017546562090447        1.0000000000000000        4.5640142669167716E-004
  0.35352510024829881        4.3206971552848459E-005   1.2121212121212121E-002   1.0017503768872607        1.0101010101010102E-002   1.0017503768872607        1.0000000000000000        4.3629194334027233E-004
  0.36362662553521774        4.1032099650952078E-005   1.2121212121212121E-002   1.0017462988594075        1.0101010101010102E-002   1.0017462988594075        1.0000000000000000        4.1441609339987195E-004
  0.37372819009286784        3.8692381730608896E-005   1.2121212121212121E-002   1.0017424386354006        1.0101010101010102E-002   1.0017424386354006        1.0000000000000000        3.9086163661661288E-004
  0.38382979168924819        3.6197242821003443E-005   1.2121212121212121E-002   1.0017388118497610        1.0101010101010102E-002   1.0017388118497610        1.0000000000000000        3.6572340293083982E-004
  0.39393142794226699        3.3556729695240851E-005   1.2121212121212121E-002   1.0017354331970814        1.0101010101010102E-002   1.0017354331970814        1.0000000000000000        3.3910259205427451E-004
  0.40403309632933293        3.0781466705979536E-005   1.2121212121212121E-002   1.0017323163727538        1.0101010101010102E-002   1.0017323163727538        1.0000000000000000        3.1110645518150903E-004
  0.41413479419750887        2.7882612680775822E-005   1.2121212121212121E-002   1.0017294740141878        1.0101010101010102E-002   1.0017294740141878        1.0000000000000000        2.8184846177481404E-004
  0.42423651877427881        2.4871821343244176E-005   1.2121212121212121E-002   1.0017269176487331        1.0101010101010102E-002   1.0017269176487331        1.0000000000000000        2.5144674773081022E-004
  0.43433826717873208        2.1761191879984084E-005   1.2121212121212121E-002   1.0017246576480532        1.0101010101010102E-002   1.0017246576480532        1.0000000000000000        2.2002430924139560E-004
  0.44444003643322449        1.8563218846457108E-005   1.2121212121212121E-002   1.0017227031838700        1.0101010101010102E-002   1.0017227031838700        1.0000000000000000        1.8770851980498549E-004
  0.45454182347544603        1.5290743186171625E-005   1.2121212121212121E-002   1.0017210621887767        1.0101010101010102E-002   1.0017210621887767        1.0000000000000000        1.5463060486720082E-004
  0.46464362517086066        1.1956902888417081E-005   1.2121212121212121E-002   1.0017197413239425        1.0101010101010102E-002   1.0017197413239425        1.0000000000000000        1.2092464314772400E-004
  0.47474543832541394        8.5750820697437436E-006   1.2121212121212121E-002   1.0017187459533630        1.0101010101010102E-002   1.0017187459533630        1.0000000000000000        8.6727277619935705E-005
  0.48484725969847131        5.1588514168529976E-006   1.2121212121212121E-002   1.0017180801188741        1.0101010101010102E-002   1.0017180801188741        1.0000000000000000        5.2177760363925074E-005
  0.49494908601603743        1.7219205427500387E-006   1.2121212121212121E-002   1.0017177465244027        1.0101010101010102E-002   1.0017177465244027        1.0000000000000000        1.7416098279099401E-005
  0.50505091398399526       -1.7219200521690602E-006   1.2121212121212121E-002   1.0017177465242284        1.0101010101010102E-002   1.0017177465242284        1.0000000000000000       -1.7416055976049449E-005
  0.51515274030156510       -5.1588520658026399E-006   1.2121212121212121E-002   1.0017180801185608        1.0101010101010102E-002   1.0017180801185608        1.0000000000000000       -5.2177777044803975E-005
  0.52525456167462625       -8.5750818400224655E-006   1.2121212121212121E-002   1.0017187459536272        1.0101010101010102E-002   1.0017187459536272        1.0000000000000000       -8.6727385808060831E-005
  0.53535637482916976       -1.1956903031991085E-005   1.2121212121212121E-002   1.0017197413243537        1.0101010101010102E-002   1.0017197413243537        1.0000000000000000       -1.2092456589574141E-004
  0.54545817652458495       -1.5290743105540177E-005   1.2121212121212121E-002   1.0017210621887369        1.0101010101010102E-002   1.0017210621887369        1.0000000000000000       -1.5463058965181631E-004
  0.55555996356680792       -1.8563218671740053E-005   1.2121212121212121E-002   1.0017227031839901        1.0101010101010102E-002   1.0017227031839901        1.0000000000000000       -1.8770856200589492E-004
  0.56566173282129595       -2.1761191877558154E-005   1.2121212121212121E-002   1.0017246576480594        1.0101010101010102E-002   1.0017246576480594        1.0000000000000000       -2.2002424718969849E-004
  0.57576348122575327       -2.4871821235198598E-005   1.2121212121212121E-002   1.0017269176484984        1.0101010101010102E-002   1.0017269176484984        1.0000000000000000       -2.5144675513377734E-004
  0.58586520580252421       -2.7882612552395334E-005   1.2121212121212121E-002   1.0017294740139675        1.0101010101010102E-002   1.0017294740139675        1.0000000000000000       -2.8184845861467522E-004
  0.59596690367070404       -3.0781467036962180E-005   1.2121212121212121E-002   1.0017323163728495        1.0101010101010102E-002   1.0017323163728495        1.0000000000000000       -3.1110652941546135E-004
  0.60606857205776377       -3.3556729627374925E-005   1.2121212121212121E-002   1.0017354331972246        1.0101010101010102E-002   1.0017354331972246        1.0000000000000000       -3.3910252240954009E-004
  0.61617020831078506       -3.6197243079206536E-005   1.2121212121212121E-002   1.0017388118495030        1.0101010101010102E-002   1.0017388118495030        1.0000000000000000       -3.6572339185436675E-004
  0.62627180990716957       -3.8692381730040076E-005   1.2121212121212121E-002   1.0017424386355631        1.0101010101010102E-002   1.0017424386355631        1.0000000000000000       -3.9086173462710150E-004
  0.63637337446481179       -4.1032099585565817E-005   1.2121212121212121E-002   1.0017462988597219        1.0101010101010102E-002   1.0017462988597219        1.0000000000000000       -4.1441602976011183E-004
  0.64647489975173122       -4.3206971492683675E-005   1.2121212121212121E-002   1.0017503768870750        1.0101010101010102E-002   1.0017503768870750        1.0000000000000000       -4.3629190001848173E-004
  0.65657638369500304       -4.5208231331139620E-005   1.2121212121212121E-002   1.0017546562087982        1.0101010101010102E-002   1.0017546562087982        1.0000000000000000       -4.5640145351377726E-004
  0.66667782438909107       -4.7027802901217695E-005   1.2121212121212121E-002   1.0017591195069842        1.0101010101010102E-002   1.0017591195069842        1.0000000000000000       -4.7466384794869754E-004
  0.67677922010350933       -4.8658338642356108E-005   1.2121212121212121E-002   1.0017637487266000        1.0101010101010102E-002   1.0017637487266000        1.0000000000000000       -4.9100622802722427E-004
  0.68688056928972718       -5.0093244843632500E-005   1.2121212121212121E-002   1.0017685251523649        1.0101010101010102E-002   1.0017685251523649        1.0000000000000000       -5.0536380271015702E-004
  0.69698187058729533       -5.1326713076102034E-005   1.2121212121212121E-002   1.0017734294828469        1.0101010101010102E-002   1.0017734294828469        1.0000000000000000       -5.1767921713441467E-004
  0.70708312282929919       -5.2353738289938806E-005   1.2121212121212121E-002   1.0017784419089726        1.0101010101010102E-002   1.0017784419089726        1.0000000000000000       -5.2790401370117479E-004
  0.71718432504692786       -5.3170147208475520E-005   1.2121212121212121E-002   1.0017835421953285        1.0101010101010102E-002   1.0017835421953285        1.0000000000000000       -5.3599784387703409E-004
  0.72728547647331898       -5.3772608911573493E-005   1.2121212121212121E-002   1.0017887097635549        1.0101010101010102E-002   1.0017887097635549        1.0000000000000000       -5.4192967289967697E-004
  0.73738657654647433       -5.4158650873837871E-005   1.2121212121212121E-002   1.0017939237753275        1.0101010101010102E-002   1.0017939237753275        1.0000000000000000       -5.4567642998559762E-004
  0.74748762491146281       -5.4326672965353380E-005   1.2121212121212121E-002   1.0017991632146452        1.0101010101010102E-002   1.0017991632146452        1.0000000000000000       -5.4722427792786021E-004
  0.75758862142172145       -5.4275950473714861E-005   1.2121212121212121E-002   1.0018044069755054        1.0101010101010102E-002   1.0018044069755054        1.0000000000000000       -5.4656841779365806E-004
  0.76768956613951012       -5.4006639194893586E-005   1.2121212121212121E-002   1.0018096339469775        1.0101010101010102E-002   1.0018096339469775        1.0000000000000000       -5.4371280007181610E-004
  0.77779045933553403       -5.3519776444454806E-005   1.2121212121212121E-002   1.0018148230966517        1.0101010101010102E-002   1.0018148230966517        1.0000000000000000       -5.3866998710017100E-004
  0.78789130148775277       -5.2817277088314878E-005   1.2121212121212121E-002   1.0018199535544803        1.0101010101010102E-002   1.0018199535544803        1.0000000000000000       -5.3146142268190033E-004
  0.79799209327934928       -5.1901924794187488E-005   1.2121212121212121E-002   1.0018250046983619        1.0101010101010102E-002   1.0018250046983619        1.0000000000000000       -5.2211752423492186E-004
  0.80809283559583989       -5.0777366314033264E-005   1.2121212121212121E-002   1.0018299562368003        1.0101010101010102E-002   1.0018299562368003        1.0000000000000000       -5.1067699447582271E-004
  0.81819352952141167       -4.9448091448117164E-005   1.2121212121212121E-002   1.0018347882887189        1.0101010101010102E-002   1.0018347882887189        1.0000000000000000       -4.9718685321487044E-004
  0.82829417633445790       -4.7919419050492738E-005   1.2121212121212121E-002   1.0018394814614686        1.0101010101010102E-002   1.0018394814614686        1.0000000000000000       -4.8170206088915535E-004
  0.83839477750237967       -4.6197477325488134E-005   1.2121212121212121E-002   1.0018440169292626        1.0101010101010102E-002   1.0018440169292626        1.0000000000000000       -4.6428599533765436E-004
  0.84849533467556748       -4.4289174953514284E-005   1.2121212121212121E-002   1.0018483765088606        1.0101010101010102E-002   1.0018483765088606        1.0000000000000000       -4.4500940901137653E-004
  0.85859584968070568       -4.2202178435700352E-005   1.2121212121212121E-002   1.0018525427304557        1.0101010101010102E-002   1.0018525427304557        1.0000000000000000       -4.2395043112897213E-004
  0.86869632451335832       -3.9944878808664500E-005   1.2121212121212121E-002   1.0018564989054606        1.0101010101010102E-002   1.0018564989054606        1.0000000000000000       -4.0119391503790069E-004
  0.87879676132993978       -3.7526358920353798E-005   1.2121212121212121E-002   1.0018602291932635        1.0101010101010102E-002   1.0018602291932635        1.0000000000000000       -3.7683192741511107E-004
  0.88889716243898131       -3.4956357812586054E-005   1.2121212121212121E-002   1.0018637186653281        1.0101010101010102E-002   1.0018637186653281        1.0000000000000000       -3.5096267052825425E-004
  0.89899753029182794       -3.2245229072011672E-005   1.2121212121212121E-002   1.0018669533616578        1.0101010101010102E-002   1.0018669533616578        1.0000000000000000       -3.2368995846354665E-004
  0.90909786747280075       -2.9403899537035537E-005   1.2121212121212121E-002   1.0018699203446149        1.0101010101010102E-002   1.0018699203446149        1.0000000000000000       -2.9512318689217665E-004
  0.91919817668883608       -2.6443829769977762E-005   1.2121212121212121E-002   1.0018726077520810        1.0101010101010102E-002   1.0018726077520810        1.0000000000000000       -2.6537727162700975E-004
  0.92929846075858968       -2.3376960117566046E-005   1.2121212121212121E-002   1.0018750048443661        1.0101010101010102E-002   1.0018750048443661        1.0000000000000000       -2.3457136745097529E-004
  0.93939872260114787       -2.0215668565146436E-005   1.2121212121212121E-002   1.0018771020432014        1.0101010101010102E-002   1.0018771020432014        1.0000000000000000       -2.0282850010211462E-004
  0.94949896522437627       -1.6972715896134965E-005   1.2121212121212121E-002   1.0018788909698551        1.0101010101010102E-002   1.0018788909698551        1.0000000000000000       -1.7027573148364894E-004
  0.95959919171287344       -1.3661197445086970E-005   1.2121212121212121E-002   1.0018803644793641        1.0101010101010102E-002   1.0018803644793641        1.0000000000000000       -1.3704327089492097E-004
  0.96969940521564191       -1.0294488201644660E-005   1.2121212121212121E-002   1.0018815166886692        1.0101010101010102E-002   1.0018815166886692        1.0000000000000000       -1.0326399926796626E-004
  0.97979960893348306       -6.8861873817278970E-006   1.2121212121212121E-002   1.0018823429968311        1.0101010101010102E-002   1.0018823429968311        1.0000000000000000       -6.9072344139442521E-005
  0.98989980610628370       -3.4500635872437909E-006   1.2121212121212121E-002   1.0018828401045305        1.0101010101010102E-002   1.0018828401045305        1.0000000000000000       -3.4605232951179232E-005
   1.0000000000000173        4.9157265167426012E-013   1.2121212121212121E-002   1.0018830060279920        1.0101010101010102E-002   1.0018830060279920        1.0000000000000000       -7.1320727101920056E-013
   1.0101001938937517        3.3657450446329803E-006   1.2121212121212121E-002   1.0018828401050457        1.0101010101010102E-002   1.0018828401050457        1.0000000000000000        3.4605188225178551E-005
   1.0202003910665445        6.7178862078319076E-006   1.2121212121212121E-002   1.0018823429967496        1.0101010101010102E-002   1.0018823429967496        1.0000000000000000        6.9072469703890249E-005
   1.0303005947843955        1.0042877172310073E-005   1.2121212121212121E-002   1.0018815166882067        1.0101010101010102E-002   1.0018815166882067        1.0000000000000000        1.0326394242010650E-004
   1.0404008082871647        1.3327280285394142E-005   1.2121212121212121E-002   1.0018803644793239        1.0101010101010102E-002   1.0018803644793239        1.0000000000000000        1.3704323515995043E-004
   1.0505010347756616        1.6557826063375094E-005   1.2121212121212121E-002   1.0018788909700429        1.0101010101010102E-002   1.0018788909700429        1.0000000000000000        1.7027571435157540E-004
   1.0606012773988858        1.9721460797942426E-005   1.2121212121212121E-002   1.0018771020431523        1.0101010101010102E-002   1.0018771020431523        1.0000000000000000        2.0282857164932722E-004
   1.0707015392414496        2.2805409328333889E-005   1.2121212121212121E-002   1.0018750048442915        1.0101010101010102E-002   1.0018750048442915        1.0000000000000000        2.3457129901682805E-004
   1.0808018233111998        2.5797218423058514E-005   1.2121212121212121E-002   1.0018726077523767        1.0101010101010102E-002   1.0018726077523767        1.0000000000000000        2.6537726321063104E-004
   1.0909021325272317        2.8684811515598252E-005   1.2121212121212121E-002   1.0018699203447328        1.0101010101010102E-002   1.0018699203447328        1.0000000000000000        7.6299146787091274     
   1.1010024697082057        3.1456537359539534E-005   1.2121212121212121E-002   1.0018669533616655        1.0101010101010102E-002   1.0018669533616655        1.0000000000000000        93.410858013337702     
  -1.0100193893716303E-002  -3.3657449939554141E-006   1.2121212121212121E-002   1.0018828401045305        1.0101010101010102E-002   1.0018828401045305        1.0000000000000000       -3.4605203605764245E-005
  -2.0200391066516943E-002  -6.7178867838065411E-006   1.2121212121212121E-002   1.0018823429968311        1.0101010101010102E-002   1.0018823429968311        1.0000000000000000       -6.9072324679453345E-005
  -3.0300594784358093E-002  -1.0042876895052983E-005   1.2121212121212121E-002   1.0018815166886692        1.0101010101010102E-002   1.0018815166886692        1.0000000000000000       -1.0326399925819629E-004
  -4.0400808287126555E-002  -1.3327280314668319E-005   1.2121212121212121E-002   1.0018803644793641        1.0101010101010102E-002   1.0018803644793641        1.0000000000000000       -1.3704327090202639E-004
  -5.0501034775623732E-002  -1.6557825436988381E-005   1.2121212121212121E-002   1.0018788909698551        1.0101010101010102E-002   1.0018788909698551        1.0000000000000000       -1.7027573148364894E-004
  -6.0601277398852127E-002  -1.9721461097154250E-005   1.2121212121212121E-002   1.0018771020432014        1.0101010101010102E-002   1.0018771020432014        1.0000000000000000       -2.0282850011188458E-004
  -7.0701539241410316E-002  -2.2805409272574218E-005   1.2121212121212121E-002   1.0018750048443661        1.0101010101010102E-002   1.0018750048443661        1.0000000000000000       -2.3457136745275164E-004
  -8.0801823311163923E-002  -2.5797218733899758E-005   1.2121212121212121E-002   1.0018726077520810        1.0101010101010102E-002   1.0018726077520810        1.0000000000000000       -2.6537727163145064E-004
  -9.0902132527199253E-002  -2.8684811367351054E-005   1.2121212121212121E-002   1.0018699203446149        1.0101010101010102E-002   1.0018699203446149        1.0000000000000000       -7.6299146786691949     
 -0.10100246970817206       -3.1456537059934819E-005   1.2121212121212121E-002   1.0018669533616578        1.0101010101010102E-002   1.0018669533616578        1.0000000000000000       -93.410858013342718     
