 # x v h rho m p cs a
   7.5006060606054650     
   2.6525884844971142E-016  -1.4825258865654055E-013   1.2121212121212121E-002   1.0018969001131071        1.0101010101010102E-002   1.0018969001131071        1.0000000000000000        5.3587356774187356E-011
   1.0100056603823231E-002   1.2627028444505747E-006   1.2121212121212121E-002   1.0018967058936015        1.0101010101010102E-002   1.0018967058936015        1.0000000000000000        4.0505896501841221E-005
   2.0200117045809974E-002   2.5202854392584946E-006   1.2121212121212121E-002   1.0018961240173587        1.0101010101010102E-002   1.0018961240173587        1.0000000000000000        8.0848861595761434E-005
   3.0300185148688548E-002   3.7676486860322774E-006   1.2121212121212121E-002   1.0018951568251442        1.0101010101010102E-002   1.0018951568251442        1.0000000000000000        1.2086674990374746E-004
   4.0400264704387956E-002   4.9997377139909325E-006   1.2121212121212121E-002   1.0018938082085427        1.0101010101010102E-002   1.0018938082085427        1.0000000000000000        1.6039847343307656E-004
   5.0500359458775727E-002   6.2115580257531153E-006   1.2121212121212121E-002   1.0018920835948277        1.0101010101010102E-002   1.0018920835948277        1.0000000000000000        1.9928496516730121E-004
   6.0600473096585429E-002   7.3981995321966897E-006   1.2121212121212121E-002   1.0018899899239277        1.0101010101010102E-002   1.0018899899239277        1.0000000000000000        2.3736994564416136E-004
   7.0700609226613129E-002   8.5548572041793916E-006   1.2121212121212121E-002   1.0018875356203227        1.0101010101010102E-002   1.0018875356203227        1.0000000000000000        2.7450020604469216E-004
   8.0800771367198820E-002   9.6768501741614398E-006   1.2121212121212121E-002   1.0018847305601457        1.0101010101010102E-002   1.0018847305601457        1.0000000000000000        3.1052629369376916E-004
   9.0900962932068313E-002   1.0759639405025920E-005   1.2121212121212121E-002   1.0018815860318644        1.0101010101010102E-002   1.0018815860318644        1.0000000000000000        3.4530318831293982E-004
  0.10100118721658763        1.1798847510797371E-005   1.2121212121212121E-002   1.0018781146897555        1.0101010101010102E-002   1.0018781146897555        1.0000000000000000        3.7869112092092649E-004
  0.11110144738452783        1.2790277783535906E-005   1.2121212121212121E-002   1.0018743305034219        1.0101010101010102E-002   1.0018743305034219        1.0000000000000000        4.1055558281044569E-004
  0.12120174645531190        1.3729929300937729E-005   1.2121212121212121E-002   1.0018702487021678        1.0101010101010102E-002   1.0018702487021678        1.0000000000000000        4.4076839805029522E-004
  0.13130208729187312        1.4614015342739578E-005   1.2121212121212121E-002   1.0018658857130116        1.0101010101010102E-002   1.0018658857130116        1.0000000000000000        4.6920791434335030E-004
  0.14140247258913249        1.5438975190800952E-005   1.2121212121212121E-002   1.0018612590964249        1.0101010101010102E-002   1.0018612590964249        1.0000000000000000        4.9575939138524205E-004
  0.15150290486311055        1.6201492396407091E-005   1.2121212121212121E-002   1.0018563874733872        1.0101010101010102E-002   1.0018563874733872        1.0000000000000000        5.2031633299165492E-004
  0.16160338644085787        1.6898506613139182E-005   1.2121212121212121E-002   1.0018512904513164        1.0101010101010102E-002   1.0018512904513164        1.0000000000000000        5.4277943478187041E-004
  0.17170391945102340        1.7527224673059569E-005   1.2121212121212121E-002   1.0018459885468536        1.0101010101010102E-002   1.0018459885468536        1.0000000000000000        5.6305828709479755E-004
  0.18180450581529969        1.8085132608536518E-005   1.2121212121212121E-002   1.0018405031013624        1.0101010101010102E-002   1.0018405031013624        1.0000000000000000        5.8107116366556966E-004
  0.19190514724067098        1.8570004990795927E-005   1.2121212121212121E-002   1.0018348561957142        1.0101010101010102E-002   1.0018348561957142        1.0000000000000000        5.9674544929411155E-004
  0.20200584521253376        1.8979914826582932E-005   1.2121212121212121E-002   1.0018290705618431        1.0101010101010102E-002   1.0018290705618431        1.0000000000000000        6.1001780095004676E-004
  0.21210660098869227        1.9313240408994950E-005   1.2121212121212121E-002   1.0018231694917734        1.0101010101010102E-002   1.0018231694917734        1.0000000000000000        6.2083459241080163E-004
  0.22220741559427035        1.9568668136403120E-005   1.2121212121212121E-002   1.0018171767423225        1.0101010101010102E-002   1.0018171767423225        1.0000000000000000        6.2915232728055770E-004
  0.23230828981759744        1.9745203286889511E-005   1.2121212121212121E-002   1.0018111164403927        1.0101010101010102E-002   1.0018111164403927        1.0000000000000000        6.3493713924867023E-004
  0.24240922420698535        1.9842169572288534E-005   1.2121212121212121E-002   1.0018050129864642        1.0101010101010102E-002   1.0018050129864642        1.0000000000000000        6.3816562685037326E-004
  0.25251021906851984        1.9859211513194763E-005   1.2121212121212121E-002   1.0017988909560149        1.0101010101010102E-002   1.0017988909560149        1.0000000000000000        6.3882449135022057E-004
  0.26261127446478588        1.9796295786402527E-005   1.2121212121212121E-002   1.0017927749998783        1.0101010101010102E-002   1.0017927749998783        1.0000000000000000        6.3691111950614498E-004
  0.27271239021463090        1.9653710401477678E-005   1.2121212121212121E-002   1.0017866897453820        1.0101010101010102E-002   1.0017866897453820        1.0000000000000000        6.3243282404545909E-004
  0.28281356589384271        1.9432066667300603E-005   1.2121212121212121E-002   1.0017806596978891        1.0101010101010102E-002   1.0017806596978891        1.0000000000000000        6.2540753615802913E-004
  0.29291480083685562        1.9132288812239097E-005   1.2121212121212121E-002   1.0017747091412947        1.0101010101010102E-002   1.0017747091412947        1.0000000000000000        6.1586331217178270E-004
  0.30301609413940089        1.8755616282259345E-005   1.2121212121212121E-002   1.0017688620404108        1.0101010101010102E-002   1.0017688620404108        1.0000000000000000        6.0383848941469864E-004
  0.31311744466213925        1.8303594353705460E-005   1.2121212121212121E-002   1.0017631419438349        1.0101010101010102E-002   1.0017631419438349        1.0000000000000000        5.8938136422881371E-004
  0.32321885103523823        1.7778071178052816E-005   1.2121212121212121E-002   1.0017575718903016        1.0101010101010102E-002   1.0017575718903016        1.0000000000000000        5.7254983758170397E-004
  0.33332031166385034        1.7181186630783826E-005   1.2121212121212121E-002   1.0017521743153310        1.0101010101010102E-002   1.0017521743153310        1.0000000000000000        5.5341168147915454E-004
  0.34342182473454086        1.6515362124902473E-005   1.2121212121212121E-002   1.0017469709600857        1.0101010101010102E-002   1.0017469709600857        1.0000000000000000        5.3204384767546742E-004
  0.35352338822257146        1.5783294961034267E-005   1.2121212121212121E-002   1.0017419827838754        1.0101010101010102E-002   1.0017419827838754        1.0000000000000000        5.0853237507553217E-004
  0.36362499990005964        1.4987946077258084E-005   1.2121212121212121E-002   1.0017372298804823        1.0101010101010102E-002   1.0017372298804823        1.0000000000000000        4.8297167528321694E-004
  0.37372665734491667        1.4132524908230469E-005   1.2121212121212121E-002   1.0017327313971638        1.0101010101010102E-002   1.0017327313971638        1.0000000000000000        4.5546471784874143E-004
  0.38382835795060938        1.3220478336320234E-005   1.2121212121212121E-002   1.0017285054560496        1.0101010101010102E-002   1.0017285054560496        1.0000000000000000        4.2612234457717335E-004
  0.39393009893666070        1.2255476809909686E-005   1.2121212121212121E-002   1.0017245690814764        1.0101010101010102E-002   1.0017245690814764        1.0000000000000000        3.9506269497469049E-004
  0.40403187735984963        1.1241400963542955E-005   1.2121212121212121E-002   1.0017209381327798        1.0101010101010102E-002   1.0017209381327798        1.0000000000000000        3.6241066115305642E-004
  0.41413369012603551        1.0182323037203536E-005   1.2121212121212121E-002   1.0017176272387971        1.0101010101010102E-002   1.0017176272387971        1.0000000000000000        3.2829806149337060E-004
  0.42423553400266401        9.0824930062518459E-006   1.2121212121212121E-002   1.0017146497386988        1.0101010101010102E-002   1.0017146497386988        1.0000000000000000        2.9286216482216076E-004
  0.43433740563176332        7.9463202674368737E-006   1.2121212121212121E-002   1.0017120176292549        1.0101010101010102E-002   1.0017120176292549        1.0000000000000000        2.5624581842365046E-004
  0.44443930154348948        6.7783574864432730E-006   1.2121212121212121E-002   1.0017097415156908        1.0101010101010102E-002   1.0017097415156908        1.0000000000000000        2.1859653224520770E-004
  0.45454121817010268        5.5832817101372434E-006   1.2121212121212121E-002   1.0017078305692855        1.0101010101010102E-002   1.0017078305692855        1.0000000000000000        1.8006606044451701E-004
  0.46464315186034755        4.3658764791272031E-006   1.2121212121212121E-002   1.0017062924894171        1.0101010101010102E-002   1.0017062924894171        1.0000000000000000        1.4080981577624385E-004
  0.47474509889418881        3.1310126853073335E-006   1.2121212121212121E-002   1.0017051334735929        1.0101010101010102E-002   1.0017051334735929        1.0000000000000000        1.0098583634032821E-004
  0.48484705549777907        1.8836290489493685E-006   1.2121212121212121E-002   1.0017043581921952        1.0101010101010102E-002   1.0017043581921952        1.0000000000000000        6.0754802572837718E-005
  0.49494901785869705        6.2871436316772101E-007   1.2121212121212121E-002   1.0017039697689667        1.0101010101010102E-002   1.0017039697689667        1.0000000000000000        2.0278845593857397E-005
  0.50505098214130473       -6.2871410729731422E-007   1.2121212121212121E-002   1.0017039697687575        1.0101010101010102E-002   1.0017039697687575        1.0000000000000000       -2.0278800399786689E-005
  0.51515294450222748       -1.8836291786796758E-006   1.2121212121212121E-002   1.0017043581919265        1.0101010101010102E-002   1.0017043581919265        1.0000000000000000       -6.0754833342002712E-005
  0.52525490110581874       -3.1310126296753844E-006   1.2121212121212121E-002   1.0017051334735505        1.0101010101010102E-002   1.0017051334735505        1.0000000000000000       -1.0098585483664380E-004
  0.53535684813965956       -4.3658767434978360E-006   1.2121212121212121E-002   1.0017062924894680        1.0101010101010102E-002   1.0017062924894680        1.0000000000000000       -1.4080982128650277E-004
  0.54545878182990393       -5.5832816408550983E-006   1.2121212121212121E-002   1.0017078305694318        1.0101010101010102E-002   1.0017078305694318        1.0000000000000000       -1.8006607272003095E-004
  0.55556069845651435       -6.7783574209582538E-006   1.2121212121212121E-002   1.0017097415157223        1.0101010101010102E-002   1.0017097415157223        1.0000000000000000       -2.1859649475519660E-004
  0.56566259436824273       -7.9463201474463643E-006   1.2121212121212121E-002   1.0017120176292111        1.0101010101010102E-002   1.0017120176292111        1.0000000000000000       -2.5624584161754171E-004
  0.57576446599734110       -9.0824930770004270E-006   1.2121212121212121E-002   1.0017146497387883        1.0101010101010102E-002   1.0017146497387883        1.0000000000000000       -2.9286216674151433E-004
  0.58586630987396815       -1.0182322946659178E-005   1.2121212121212121E-002   1.0017176272387074        1.0101010101010102E-002   1.0017176272387074        1.0000000000000000       -3.2829802494926952E-004
  0.59596812264015764       -1.1241400824798838E-005   1.2121212121212121E-002   1.0017209381327079        1.0101010101010102E-002   1.0017209381327079        1.0000000000000000       -3.6241069908893309E-004
  0.60606990106334446       -1.2255477020811268E-005   1.2121212121212121E-002   1.0017245690814773        1.0101010101010102E-002   1.0017245690814773        1.0000000000000000       -3.9506267212985335E-004
  0.61617164204939767       -1.3220478311706417E-005   1.2121212121212121E-002   1.0017285054560277        1.0101010101010102E-002   1.0017285054560277        1.0000000000000000       -4.2612236579753215E-004
  0.62627334265508927       -1.4132524932056432E-005   1.2121212121212121E-002   1.0017327313972826        1.0101010101010102E-002   1.0017327313972826        1.0000000000000000       -4.5546472430402218E-004
  0.63637500009994463       -1.4987946119401837E-005   1.2121212121212121E-002   1.0017372298805176        1.0101010101010102E-002   1.0017372298805176        1.0000000000000000       -4.8297165144184362E-004
  0.64647661177743376       -1.5783295168085829E-005   1.2121212121212121E-002   1.0017419827838145        1.0101010101010102E-002   1.0017419827838145        1.0000000000000000       -5.0853237911052673E-004
  0.65657817526546502       -1.6515361998557002E-005   1.2121212121212121E-002   1.0017469709601390        1.0101010101010102E-002   1.0017469709601390        1.0000000000000000       -5.3204386617711208E-004
  0.66667968833615343       -1.7181186182261130E-005   1.2121212121212121E-002   1.0017521743153039        1.0101010101010102E-002   1.0017521743153039        1.0000000000000000       -5.5341164814315391E-004
  0.67678114896476826       -1.7778071494968198E-005   1.2121212121212121E-002   1.0017575718902247        1.0101010101010102E-002   1.0017575718902247        1.0000000000000000       -5.7254985885624166E-004
  0.68688255533786613       -1.8303594588475278E-005   1.2121212121212121E-002   1.0017631419437616        1.0101010101010102E-002   1.0017631419437616        1.0000000000000000       -5.8938134192398905E-004
  0.69698390586060699       -1.8755616247215006E-005   1.2121212121212121E-002   1.0017688620403344        1.0101010101010102E-002   1.0017688620403344        1.0000000000000000       -6.0383851400835908E-004
  0.70708519916315171       -1.9132288868779841E-005   1.2121212121212121E-002   1.0017747091414402        1.0101010101010102E-002   1.0017747091414402        1.0000000000000000       -6.1586333367102952E-004
  0.71718643410616190       -1.9432066284076585E-005   1.2121212121212121E-002   1.0017806596980425        1.0101010101010102E-002   1.0017806596980425        1.0000000000000000       -6.2540751909168080E-004
  0.72728760978537321       -1.9653710669160177E-005   1.2121212121212121E-002   1.0017866897454095        1.0101010101010102E-002   1.0017866897454095        1.0000000000000000       -6.3243281026181819E-004
  0.73738872553521806       -1.9796295409682191E-005   1.2121212121212121E-002   1.0017927749997304        1.0101010101010102E-002   1.0017927749997304        1.0000000000000000       -6.3691109693930770E-004
  0.74748978093148777       -1.9859211540983519E-005   1.2121212121212121E-002   1.0017988909560107        1.0101010101010102E-002   1.0017988909560107        1.0000000000000000       -6.3882454503616515E-004
  0.75759077579301859       -1.9842169409019352E-005   1.2121212121212121E-002   1.0018050129865590        1.0101010101010102E-002   1.0018050129865590        1.0000000000000000       -6.3816559435014852E-004
  0.76769171018240778       -1.9745203700581727E-005   1.2121212121212121E-002   1.0018111164403083        1.0101010101010102E-002   1.0018111164403083        1.0000000000000000       -6.3493713385298634E-004
  0.77779258440573562       -1.9568668244303371E-005   1.2121212121212121E-002   1.0018171767422492        1.0101010101010102E-002   1.0018171767422492        1.0000000000000000       -6.2915233332816456E-004
  0.78789339901131461       -1.9313240299968576E-005   1.2121212121212121E-002   1.0018231694918449        1.0101010101010102E-002   1.0018231694918449        1.0000000000000000       -6.2083461822126651E-004
  0.79799415478747060       -1.8979914977946927E-005   1.2121212121212121E-002   1.0018290705619572        1.0101010101010102E-002   1.0018290705619572        1.0000000000000000       -6.1001778503033677E-004
  0.80809485275933357       -1.8570004787364725E-005   1.2121212121212121E-002   1.0018348561958219        1.0101010101010102E-002   1.0018348561958219        1.0000000000000000       -5.9674546638355253E-004
  0.81819549418470261       -1.8085132270341958E-005   1.2121212121212121E-002   1.0018405031014650        1.0101010101010102E-002   1.0018405031014650        1.0000000000000000       -5.8107113904970475E-004
  0.82829608054897841       -1.7527225101501275E-005   1.2121212121212121E-002   1.0018459885466018        1.0101010101010102E-002   1.0018459885466018        1.0000000000000000       -5.6305824177638186E-004
  0.83839661355915052       -1.6898506644766366E-005   1.2121212121212121E-002   1.0018512904512831        1.0101010101010102E-002   1.0018512904512831        1.0000000000000000       -5.4277952077175229E-004
  0.84849709513689153       -1.6201492321403188E-005   1.2121212121212121E-002   1.0018563874734150        1.0101010101010102E-002   1.0018563874734150        1.0000000000000000       -5.2031626564641442E-004
  0.85859752741087536       -1.5438975082631124E-005   1.2121212121212121E-002   1.0018612590965035        1.0101010101010102E-002   1.0018612590965035        1.0000000000000000       -4.9575946922608694E-004
  0.86869791270812735       -1.4614015430088880E-005   1.2121212121212121E-002   1.0018658857130931        1.0101010101010102E-002   1.0018658857130931        1.0000000000000000       -4.6920783240533837E-004
  0.87879825354469399       -1.3729929290035543E-005   1.2121212121212121E-002   1.0018702487020887        1.0101010101010102E-002   1.0018702487020887        1.0000000000000000       -4.4076845262619457E-004
  0.88889855261547512       -1.2790277690278649E-005   1.2121212121212121E-002   1.0018743305036348        1.0101010101010102E-002   1.0018743305036348        1.0000000000000000       -4.1055558462588237E-004
  0.89899881278341298       -1.1798847334242320E-005   1.2121212121212121E-002   1.0018781146897091        1.0101010101010102E-002   1.0018781146897091        1.0000000000000000       -3.7869106671450936E-004
  0.90909903706793571       -1.0759639759318506E-005   1.2121212121212121E-002   1.0018815860316288        1.0101010101010102E-002   1.0018815860316288        1.0000000000000000       -3.4530320087178268E-004
  0.91919922863280723       -9.6768500243605798E-006   1.2121212121212121E-002   1.0018847305601535        1.0101010101010102E-002   1.0018847305601535        1.0000000000000000       -3.1052633289263554E-004
  0.92929939077339030       -8.5548573198256046E-006   1.2121212121212121E-002   1.0018875356203429        1.0101010101010102E-002   1.0018875356203429        1.0000000000000000       -2.7450017033014973E-004
  0.93939952690341988       -7.3981993889092175E-006   1.2121212121212121E-002   1.0018899899237750        1.0101010101010102E-002   1.0018899899237750        1.0000000000000000       -2.3736994528711364E-004
  0.94949964054123137       -6.2115580643376988E-006   1.2121212121212121E-002   1.0018920835948435        1.0101010101010102E-002   1.0018920835948435        1.0000000000000000       -1.9928499928578702E-004
  0.95959973529561682       -4.9997375339781429E-006   1.2121212121212121E-002   1.0018938082086224        1.0101010101010102E-002   1.0018938082086224        1.0000000000000000       -1.6039845566506727E-004
  0.96969981485131673       -3.7676488278964229E-006   1.2121212121212121E-002   1.0018951568251426        1.0101010101010102E-002   1.0018951568251426        1.0000000000000000       -1.2086674899158822E-004
  0.97979988295419485       -2.5202854607513856E-006   1.2121212121212121E-002   1.0018961240172859        1.0101010101010102E-002   1.0018961240172859        1.0000000000000000       -8.0848846982561895E-005
  0.98989994339618370       -1.2627028133882085E-006   1.2121212121212121E-002   1.0018967058935813        1.0101010101010102E-002   1.0018967058935813        1.0000000000000000       -4.0505921706568415E-005
   1.0000000000000049       -1.8376269152892409E-013   1.2121212121212121E-002   1.0018969001131093        1.0101010101010102E-002   1.0018969001131093        1.0000000000000000       -3.4107827673324209E-011
   1.0101000566038232        1.1643540590742106E-006   1.2121212121212121E-002   1.0018967058936015        1.0101010101010102E-002   1.0018967058936015        1.0000000000000000        4.0505923479372541E-005
   1.0202001170458099        2.3239834977396519E-006   1.2121212121212121E-002   1.0018961240173587        1.0101010101010102E-002   1.0018961240173587        1.0000000000000000        8.0848879817629893E-005
   1.0303001851486886        3.4741829616084386E-006   1.2121212121212121E-002   1.0018951568251442        1.0101010101010102E-002   1.0018951568251442        1.0000000000000000        1.2086674815758869E-004
   1.0404002647043880        4.6102886065961250E-006   1.2121212121212121E-002   1.0018938082085427        1.0101010101010102E-002   1.0018938082085427        1.0000000000000000        1.6039847305915345E-004
   1.0505003594587756        5.7276922363984168E-006   1.2121212121212121E-002   1.0018920835948277        1.0101010101010102E-002   1.0018920835948277        1.0000000000000000        1.9928496741972168E-004
   1.0606004730965854        6.8218632627532772E-006   1.2121212121212121E-002   1.0018899899239277        1.0101010101010102E-002   1.0018899899239277        1.0000000000000000        2.3736994457657090E-004
   1.0707006092266131        7.8883686358476669E-006   1.2121212121212121E-002   1.0018875356203227        1.0101010101010102E-002   1.0018875356203227        1.0000000000000000        2.7450020508190676E-004
   1.0808007713671988        8.9228903255528289E-006   1.2121212121212121E-002   1.0018847305601457        1.0101010101010102E-002   1.0018847305601457        1.0000000000000000        3.1052629500472051E-004
   1.0909009629320683        9.9212414434157471E-006   1.2121212121212121E-002   1.0018815860318644        1.0101010101010102E-002   1.0018815860318644        1.0000000000000000        7.6307128370335562     
   1.1010011872165877        1.0879384009936145E-005   1.2121212121212121E-002   1.0018781146897555        1.0101010101010102E-002   1.0018781146897555        1.0000000000000000        93.411301472006542     
  -1.0100056603816299E-002  -1.1643539774018234E-006   1.2121212121212121E-002   1.0018967058935813        1.0101010101010102E-002   1.0018967058935813        1.0000000000000000       -4.0505947788815888E-005
  -2.0200117045805155E-002  -2.3239835538284381E-006   1.2121212121212121E-002   1.0018961240172859        1.0101010101010102E-002   1.0018961240172859        1.0000000000000000       -8.0848864439708734E-005
  -3.0300185148683267E-002  -3.4741830964748151E-006   1.2121212121212121E-002   1.0018951568251426        1.0101010101010102E-002   1.0018951568251426        1.0000000000000000       -1.2086674898359462E-004
  -4.0400264704383182E-002  -4.6102884800742842E-006   1.2121212121212121E-002   1.0018938082086224        1.0101010101010102E-002   1.0018938082086224        1.0000000000000000       -1.6039845565707367E-004
  -5.0500359458768629E-002  -5.7276921879232133E-006   1.2121212121212121E-002   1.0018920835948435        1.0101010101010102E-002   1.0018920835948435        1.0000000000000000       -1.9928499928756338E-004
  -6.0600473096580121E-002  -6.8218631282183998E-006   1.2121212121212121E-002   1.0018899899237750        1.0101010101010102E-002   1.0018899899237750        1.0000000000000000       -2.3736994528533728E-004
  -7.0700609226609701E-002  -7.8883688255507328E-006   1.2121212121212121E-002   1.0018875356203429        1.0101010101010102E-002   1.0018875356203429        1.0000000000000000       -2.7450017033636698E-004
  -8.0800771367192770E-002  -8.9228900971810149E-006   1.2121212121212121E-002   1.0018847305601535        1.0101010101010102E-002   1.0018847305601535        1.0000000000000000       -3.1052633289618825E-004
  -9.0900962932064289E-002  -9.9212417481802751E-006   1.2121212121212121E-002   1.0018815860316288        1.0101010101010102E-002   1.0018815860316288        1.0000000000000000       -7.6307128370416990     
 -0.10100118721658702       -1.0879383972001522E-005   1.2121212121212121E-002   1.0018781146897091        1.0101010101010102E-002   1.0018781146897091        1.0000000000000000       -93.411301471979769     
