 # x v h rho m p cs a
   29.001212121217250     
   2.9406580384708021E-014   6.9308599263835755E-013   1.2121212121212121E-002   1.0017485070142349        1.0101010101010102E-002   1.0017485070142349        1.0000000000000000       -2.2820856315775018E-011
   1.0101523096127092E-002   5.3798567368627620E-006   1.2121212121212121E-002   1.0017486110090752        1.0101010101010102E-002   1.0017486110090752        1.0000000000000000       -2.1693857713778186E-005
   2.0203044136478669E-002   1.0738125126071377E-005   1.2121212121212121E-002   1.0017489225842213        1.0101010101010102E-002   1.0017489225842213        1.0000000000000000       -4.3302390060340201E-005
   3.0304561073419001E-002   1.6053301110964559E-005   1.2121212121212121E-002   1.0017494405109111        1.0101010101010102E-002   1.0017494405109111        1.0000000000000000       -6.4739847178252319E-005
   4.0406071875495428E-002   2.1304048431824328E-005   1.2121212121212121E-002   1.0017501627416592        1.0101010101010102E-002   1.0017501627416592        1.0000000000000000       -8.5921157117141433E-005
   5.0507574535537628E-002   2.6469291468463751E-005   1.2121212121212121E-002   1.0017510864224819        1.0101010101010102E-002   1.0017510864224819        1.0000000000000000       -1.0676310896418073E-004
   6.0609067078528985E-002   3.1528297061057943E-005   1.2121212121212121E-002   1.0017522079050685        1.0101010101010102E-002   1.0017522079050685        1.0000000000000000       -1.2718321213167627E-004
   7.0710547569432028E-002   3.6460747538184680E-005   1.2121212121212121E-002   1.0017535227565715        1.0101010101010102E-002   1.0017535227565715        1.0000000000000000       -1.4710027541209314E-004
   8.0812014120881792E-002   4.1246829897801160E-005   1.2121212121212121E-002   1.0017550257757233        1.0101010101010102E-002   1.0017550257757233        1.0000000000000000       -1.6643512276459660E-004
   9.0913464900688773E-002   4.5867316324758508E-005   1.2121212121212121E-002   1.0017567110139778        1.0101010101010102E-002   1.0017567110139778        1.0000000000000000       -1.8511103343588076E-004
  0.10101489813911109        5.0303636393754456E-005   1.2121212121212121E-002   1.0017585717995670        1.0101010101010102E-002   1.0017585717995670        1.0000000000000000       -2.0305387330843416E-004
  0.11111631213587515        5.4537954435161136E-005   1.2121212121212121E-002   1.0017606007609854        1.0101010101010102E-002   1.0017606007609854        1.0000000000000000       -2.2019178577448173E-004
  0.12121770526698672        5.8553232972711828E-005   1.2121212121212121E-002   1.0017627898522627        1.0101010101010102E-002   1.0017627898522627        1.0000000000000000       -2.3645591836185531E-004
  0.13131907599126275        6.2333314446762968E-005   1.2121212121212121E-002   1.0017651303859834        1.0101010101010102E-002   1.0017651303859834        1.0000000000000000       -2.5178129563130369E-004
  0.14142042285647527        6.5862978784587113E-005   1.2121212121212121E-002   1.0017676130668307        1.0101010101010102E-002   1.0017676130668307        1.0000000000000000       -2.6610611415378571E-004
  0.15152174450522132        6.9127999900189913E-005   1.2121212121212121E-002   1.0017702280260843        1.0101010101010102E-002   1.0017702280260843        1.0000000000000000       -2.7937258237820117E-004
  0.16162303968038694        7.2115211259142527E-005   1.2121212121212121E-002   1.0017729648586486        1.0101010101010102E-002   1.0017729648586486        1.0000000000000000       -2.9152659709197337E-004
  0.17172430723028417        7.4812555921428264E-005   1.2121212121212121E-002   1.0017758126627183        1.0101010101010102E-002   1.0017758126627183        1.0000000000000000       -3.0251867115627107E-004
  0.18182554611333371        7.7209138323554703E-005   1.2121212121212121E-002   1.0017787600834949        1.0101010101010102E-002   1.0017787600834949        1.0000000000000000       -3.1230383271196871E-004
  0.19192675540232945        7.9295262320171707E-005   1.2121212121212121E-002   1.0017817953567858        1.0101010101010102E-002   1.0017817953567858        1.0000000000000000       -3.2084169785395744E-004
  0.20202793428826007        8.1062474064973547E-005   1.2121212121212121E-002   1.0017849063529933        1.0101010101010102E-002   1.0017849063529933        1.0000000000000000       -3.2809644529852022E-004
  0.21212908208370884        8.2503603319857295E-005   1.2121212121212121E-002   1.0017880806245851        1.0101010101010102E-002   1.0017880806245851        1.0000000000000000       -3.3403760924066717E-004
  0.22223019822573728        8.3612785698234093E-005   1.2121212121212121E-002   1.0017913054572460        1.0101010101010102E-002   1.0017913054572460        1.0000000000000000       -3.3864006982842199E-004
  0.23233128227826469        8.4385482443101784E-005   1.2121212121212121E-002   1.0017945679196500        1.0101010101010102E-002   1.0017945679196500        1.0000000000000000       -3.4188373191845756E-004
  0.24243233393396776        8.4818516607442385E-005   1.2121212121212121E-002   1.0017978549119080        1.0101010101010102E-002   1.0017978549119080        1.0000000000000000       -3.4375356688975955E-004
  0.25253335301571372        8.4910069562655127E-005   1.2121212121212121E-002   1.0018011532188307        1.0101010101010102E-002   1.0018011532188307        1.0000000000000000       -3.4424060035398441E-004
  0.26263433947740139        8.4659701837961585E-005   1.2121212121212121E-002   1.0018044495647864        1.0101010101010102E-002   1.0018044495647864        1.0000000000000000       -3.4334123905832570E-004
  0.27273529340430047        8.4068346672933194E-005   1.2121212121212121E-002   1.0018077306650790        1.0101010101010102E-002   1.0018077306650790        1.0000000000000000       -3.4105728089794951E-004
  0.28283621501289202        8.3138315533036944E-005   1.2121212121212121E-002   1.0018109832809750        1.0101010101010102E-002   1.0018109832809750        1.0000000000000000       -3.3739653922459922E-004
  0.29293710465010631        8.1873284372338605E-005   1.2121212121212121E-002   1.0018141942715748        1.0101010101010102E-002   1.0018141942715748        1.0000000000000000       -3.3237165481558861E-004
  0.30303796279214867        8.0278281860944760E-005   1.2121212121212121E-002   1.0018173506476540        1.0101010101010102E-002   1.0018173506476540        1.0000000000000000       -3.2600167630469912E-004
  0.31313879004267398        7.8359669284678717E-005   1.2121212121212121E-002   1.0018204396274120        1.0101010101010102E-002   1.0018204396274120        1.0000000000000000       -3.1831086969535960E-004
  0.32323958713049861        7.6125120039600378E-005   1.2121212121212121E-002   1.0018234486874307        1.0101010101010102E-002   1.0018234486874307        1.0000000000000000       -3.0932892534618617E-004
  0.33334035490677744        7.3583582883378300E-005   1.2121212121212121E-002   1.0018263656133422        1.0101010101010102E-002   1.0018263656133422        1.0000000000000000       -2.9909062793453955E-004
  0.34344109434171644        7.0745250447188393E-005   1.2121212121212121E-002   1.0018291785512816        1.0101010101010102E-002   1.0018291785512816        1.0000000000000000       -2.8763643095253144E-004
  0.35354180652073242        6.7621521816547297E-005   1.2121212121212121E-002   1.0018318760590870        1.0101010101010102E-002   1.0018318760590870        1.0000000000000000       -2.7501178526012637E-004
  0.36364249264014581        6.4224948996838808E-005   1.2121212121212121E-002   1.0018344471525797        1.0101010101010102E-002   1.0018344471525797        1.0000000000000000       -2.6126681066873658E-004
  0.37374315400243574        6.0569195057923199E-005   1.2121212121212121E-002   1.0018368813514693        1.0101010101010102E-002   1.0018368813514693        1.0000000000000000       -2.4645647625032296E-004
  0.38384379201102348        5.6668974018551531E-005   1.2121212121212121E-002   1.0018391687237329        1.0101010101010102E-002   1.0018391687237329        1.0000000000000000       -2.3064019624374765E-004
  0.39394440816465459        5.2539995156978591E-005   1.2121212121212121E-002   1.0018412999296169        1.0101010101010102E-002   1.0018412999296169        1.0000000000000000       -2.1388211402406654E-004
  0.40404500405130434        4.8198896912336998E-005   1.2121212121212121E-002   1.0018432662601551        1.0101010101010102E-002   1.0018432662601551        1.0000000000000000       -1.9624964178799331E-004
  0.41414558134180252        4.3663179558388379E-005   1.2121212121212121E-002   1.0018450596720356        1.0101010101010102E-002   1.0018450596720356        1.0000000000000000       -1.7781421881579718E-004
  0.42424614178306352        3.8951139850859646E-005   1.2121212121212121E-002   1.0018466728251960        1.0101010101010102E-002   1.0018466728251960        1.0000000000000000       -1.5865103974999073E-004
  0.43434668719094910        3.4081789315692174E-005   1.2121212121212121E-002   1.0018480991130141        1.0101010101010102E-002   1.0018480991130141        1.0000000000000000       -1.3883791062863082E-004
  0.44444721944291610        2.9074778808752199E-005   1.2121212121212121E-002   1.0018493326914322        1.0101010101010102E-002   1.0018493326914322        1.0000000000000000       -1.1845606162008693E-004
  0.45454774047029778        2.3950326550281054E-005   1.2121212121212121E-002   1.0018503685037361        1.0101010101010102E-002   1.0018503685037361        1.0000000000000000       -9.7588430993056363E-005
  0.46464825225046086        1.8729122105164108E-005   1.2121212121212121E-002   1.0018512023003432        1.0101010101010102E-002   1.0018512023003432        1.0000000000000000       -7.6320421551479001E-005
  0.47474875679871048        1.3432255344047430E-005   1.2121212121212121E-002   1.0018518306604862        1.0101010101010102E-002   1.0018518306604862        1.0000000000000000       -5.4739437822526327E-005
  0.48484925615999913        8.0811220496468133E-006   1.2121212121212121E-002   1.0018522510056529        1.0101010101010102E-002   1.0018522510056529        1.0000000000000000       -3.2933748415509001E-005
  0.49494975240057915        2.6973396781172058E-006   1.2121212121212121E-002   1.0018524616107511        1.0101010101010102E-002   1.0018524616107511        1.0000000000000000       -1.0993048840113318E-005
  0.50505024759948747       -2.6973400546287676E-006   1.2121212121212121E-002   1.0018524616113174        1.0101010101010102E-002   1.0018524616113174        1.0000000000000000        1.0992932770292896E-005
  0.51515074384005344       -8.0811217255114516E-006   1.2121212121212121E-002   1.0018522510058585        1.0101010101010102E-002   1.0018522510058585        1.0000000000000000        3.2933931104928149E-005
  0.52525124320135186       -1.3432255132912235E-005   1.2121212121212121E-002   1.0018518306601545        1.0101010101010102E-002   1.0018518306601545        1.0000000000000000        5.4739375853429806E-005
  0.53535174774959993       -1.8729122428259919E-005   1.2121212121212121E-002   1.0018512023003820        1.0101010101010102E-002   1.0018512023003820        1.0000000000000000        7.6320410044239395E-005
  0.54545225952976317       -2.3950326530420188E-005   1.2121212121212121E-002   1.0018503685038813        1.0101010101010102E-002   1.0018503685038813        1.0000000000000000        9.7588409347260097E-005
  0.55555278055714186       -2.9074778691052119E-005   1.2121212121212121E-002   1.0018493326916538        1.0101010101010102E-002   1.0018493326916538        1.0000000000000000        1.1845606988281077E-004
  0.56565331280910702       -3.4081788862311650E-005   1.2121212121212121E-002   1.0018480991130503        1.0101010101010102E-002   1.0018480991130503        1.0000000000000000        1.3883794593105847E-004
  0.57575385821699354       -3.8951140387292794E-005   1.2121212121212121E-002   1.0018466728249804        1.0101010101010102E-002   1.0018466728249804        1.0000000000000000        1.5865105631274190E-004
  0.58585441865825894       -4.3663180015349793E-005   1.2121212121212121E-002   1.0018450596721509        1.0101010101010102E-002   1.0018450596721509        1.0000000000000000        1.7781413374340360E-004
  0.59595499594875012       -4.8198896194658518E-005   1.2121212121212121E-002   1.0018432662604422        1.0101010101010102E-002   1.0018432662604422        1.0000000000000000        1.9624968570042256E-004
  0.60605559183540081       -5.2539995593879148E-005   1.2121212121212121E-002   1.0018412999298443        1.0101010101010102E-002   1.0018412999298443        1.0000000000000000        2.1388208206030157E-004
  0.61615620798902648       -5.6668973862587788E-005   1.2121212121212121E-002   1.0018391687238624        1.0101010101010102E-002   1.0018391687238624        1.0000000000000000        2.3064025178065606E-004
  0.62625684599761677       -6.0569194517647489E-005   1.2121212121212121E-002   1.0018368813513276        1.0101010101010102E-002   1.0018368813513276        1.0000000000000000        2.4645647798582360E-004
  0.63635750735990715       -6.4224948923484603E-005   1.2121212121212121E-002   1.0018344471522755        1.0101010101010102E-002   1.0018344471522755        1.0000000000000000        2.6126684606886386E-004
  0.64645819347932632       -6.7621521828203446E-005   1.2121212121212121E-002   1.0018318760587686        1.0101010101010102E-002   1.0018318760587686        1.0000000000000000        2.7501175151289914E-004
  0.65655890565834318       -7.0745251315369300E-005   1.2121212121212121E-002   1.0018291785511624        1.0101010101010102E-002   1.0018291785511624        1.0000000000000000        2.8763642281326440E-004
  0.66665964509328357       -7.3583582592607352E-005   1.2121212121212121E-002   1.0018263656133963        1.0101010101010102E-002   1.0018263656133963        1.0000000000000000        2.9909059414467976E-004
  0.67676041286956001       -7.6125119304258252E-005   1.2121212121212121E-002   1.0018234486876525        1.0101010101010102E-002   1.0018234486876525        1.0000000000000000        3.0932892607005158E-004
  0.68686120995738187       -7.8359670203040132E-005   1.2121212121212121E-002   1.0018204396273691        1.0101010101010102E-002   1.0018204396273691        1.0000000000000000        3.1831092670575600E-004
  0.69696203720791094       -8.0278281384599465E-005   1.2121212121212121E-002   1.0018173506474308        1.0101010101010102E-002   1.0018173506474308        1.0000000000000000        3.2600165972329620E-004
  0.70706289534995470       -8.1873284165884624E-005   1.2121212121212121E-002   1.0018141942716061        1.0101010101010102E-002   1.0018141942716061        1.0000000000000000        3.3237161374533031E-004
  0.71716378498716693       -8.3138315594512020E-005   1.2121212121212121E-002   1.0018109832812203        1.0101010101010102E-002   1.0018109832812203        1.0000000000000000        3.3739653443110029E-004
  0.72726470659575471       -8.4068347221066361E-005   1.2121212121212121E-002   1.0018077306649968        1.0101010101010102E-002   1.0018077306649968        1.0000000000000000        3.4105735715428409E-004
  0.73736566052265951       -8.4659701240740677E-005   1.2121212121212121E-002   1.0018044495645519        1.0101010101010102E-002   1.0018044495645519        1.0000000000000000        3.4334119680234920E-004
  0.74746664698434695       -8.4910069490250859E-005   1.2121212121212121E-002   1.0018011532189339        1.0101010101010102E-002   1.0018011532189339        1.0000000000000000        3.4424056802695446E-004
  0.75756766606609072       -8.4818516493789998E-005   1.2121212121212121E-002   1.0017978549121402        1.0101010101010102E-002   1.0017978549121402        1.0000000000000000        3.4375357272775631E-004
  0.76766871772179057       -8.4385482952320048E-005   1.2121212121212121E-002   1.0017945679195632        1.0101010101010102E-002   1.0017945679195632        1.0000000000000000        3.4188379335198249E-004
  0.77776980177432375       -8.3612785210794712E-005   1.2121212121212121E-002   1.0017913054572811        1.0101010101010102E-002   1.0017913054572811        1.0000000000000000        3.3863998257999128E-004
  0.78787091791634589       -8.2503603454237568E-005   1.2121212121212121E-002   1.0017880806248267        1.0101010101010102E-002   1.0017880806248267        1.0000000000000000        3.3403765414963260E-004
  0.79797206571179513       -8.1062474602698481E-005   1.2121212121212121E-002   1.0017849063528863        1.0101010101010102E-002   1.0017849063528863        1.0000000000000000        3.2809647083364979E-004
  0.80807324459772811       -7.9295262343400685E-005   1.2121212121212121E-002   1.0017817953566874        1.0101010101010102E-002   1.0017817953566874        1.0000000000000000        3.2084167722512547E-004
  0.81817445388672350       -7.7209137642410245E-005   1.2121212121212121E-002   1.0017787600834880        1.0101010101010102E-002   1.0017787600834880        1.0000000000000000        3.1230382830482739E-004
  0.82827569276977375       -7.4812556241737920E-005   1.2121212121212121E-002   1.0017758126629053        1.0101010101010102E-002   1.0017758126629053        1.0000000000000000        3.0251863773145260E-004
  0.83837696031966602       -7.2115211423255500E-005   1.2121212121212121E-002   1.0017729648587541        1.0101010101010102E-002   1.0017729648587541        1.0000000000000000        2.9152664259157746E-004
  0.84847825549483502       -6.9127999874864942E-005   1.2121212121212121E-002   1.0017702280263372        1.0101010101010102E-002   1.0017702280263372        1.0000000000000000        2.7937250730847296E-004
  0.85857957714357214       -6.5862978672507144E-005   1.2121212121212121E-002   1.0017676130669158        1.0101010101010102E-002   1.0017676130669158        1.0000000000000000        2.6610622817546670E-004
  0.86868092400879138       -6.2333314403924757E-005   1.2121212121212121E-002   1.0017651303856330        1.0101010101010102E-002   1.0017651303856330        1.0000000000000000        2.5178127073210987E-004
  0.87878229473306890       -5.8553233458841824E-005   1.2121212121212121E-002   1.0017627898521582        1.0101010101010102E-002   1.0017627898521582        1.0000000000000000        2.3645589866738703E-004
  0.88888368786418048       -5.4537954072316664E-005   1.2121212121212121E-002   1.0017606007609001        1.0101010101010102E-002   1.0017606007609001        1.0000000000000000        2.2019179028909264E-004
  0.89898510186094671       -5.0303636539250003E-005   1.2121212121212121E-002   1.0017585717997108        1.0101010101010102E-002   1.0017585717997108        1.0000000000000000        2.0305382508656322E-004
  0.90908653509936321       -4.5867316240745308E-005   1.2121212121212121E-002   1.0017567110139156        1.0101010101010102E-002   1.0017567110139156        1.0000000000000000        1.8511112604979729E-004
  0.91918798587917727       -4.1246829766236777E-005   1.2121212121212121E-002   1.0017550257754844        1.0101010101010102E-002   1.0017550257754844        1.0000000000000000        1.6643506659264062E-004
  0.92928945243062566       -3.6460747539233260E-005   1.2121212121212121E-002   1.0017535227566814        1.0101010101010102E-002   1.0017535227566814        1.0000000000000000        1.4710026068165405E-004
  0.93939093292152720       -3.1528296670149886E-005   1.2121212121212121E-002   1.0017522079051786        1.0101010101010102E-002   1.0017522079051786        1.0000000000000000        1.2718321925575538E-004
  0.94949242546451795       -2.6469292210816806E-005   1.2121212121212121E-002   1.0017510864225703        1.0101010101010102E-002   1.0017510864225703        1.0000000000000000        1.0676311239432579E-004
  0.95959392812455857       -2.1304048605980272E-005   1.2121212121212121E-002   1.0017501627415031        1.0101010101010102E-002   1.0017501627415031        1.0000000000000000        8.5921205768890729E-005
  0.96969543892664012       -1.6053300765327452E-005   1.2121212121212121E-002   1.0017494405107745        1.0101010101010102E-002   1.0017494405107745        1.0000000000000000        6.4739792184909106E-005
  0.97979695586357851       -1.0738125154931350E-005   1.2121212121212121E-002   1.0017489225843581        1.0101010101010102E-002   1.0017489225843581        1.0000000000000000        4.3302389967969646E-005
  0.98989847690392840       -5.3798565287116879E-006   1.2121212121212121E-002   1.0017486110090137        1.0101010101010102E-002   1.0017486110090137        1.0000000000000000        2.1693895098984228E-005
   1.0000000000000295       -6.6019989771441868E-013   1.2121212121212121E-002   1.0017485070142391        1.0101010101010102E-002   1.0017485070142391        1.0000000000000000       -2.5733193353971728E-011
   1.0101015230961270        5.4317752921036243E-006   1.2121212121212121E-002   1.0017486110090752        1.0101010101010102E-002   1.0017486110090752        1.0000000000000000       -2.1693855582149979E-005
   1.0202030441364787        1.0841757953675619E-005   1.2121212121212121E-002   1.0017489225842213        1.0101010101010102E-002   1.0017489225842213        1.0000000000000000       -4.3302390156263471E-005
   1.0303045610734189        1.6208238742992492E-005   1.2121212121212121E-002   1.0017494405109111        1.0101010101010102E-002   1.0017494405109111        1.0000000000000000       -6.4739845964112419E-005
   1.0404060718754955        2.1509678037242356E-005   1.2121212121212121E-002   1.0017501627416592        1.0101010101010102E-002   1.0017501627416592        1.0000000000000000       -8.5921158094137695E-005
   1.0505075745355377        2.6724800991593952E-005   1.2121212121212121E-002   1.0017510864224819        1.0101010101010102E-002   1.0017510864224819        1.0000000000000000       -1.0676310880786133E-004
   1.0606090670785291        3.1832676809782124E-005   1.2121212121212121E-002   1.0017522079050685        1.0101010101010102E-002   1.0017522079050685        1.0000000000000000       -1.2718321380322806E-004
   1.0707105475694321        3.6812793721623602E-005   1.2121212121212121E-002   1.0017535227565715        1.0101010101010102E-002   1.0017535227565715        1.0000000000000000       -1.4710027573272555E-004
   1.0808120141208817        4.1645149309443592E-005   1.2121212121212121E-002   1.0017550257757233        1.0101010101010102E-002   1.0017550257757233        1.0000000000000000       -1.6643511985847681E-004
   1.0909134649006889        4.6310332050132577E-005   1.2121212121212121E-002   1.0017567110139778        1.0101010101010102E-002   1.0017567110139778        1.0000000000000000        7.6221717759630252     
   1.1010148981391110        5.0789594112641378E-005   1.2121212121212121E-002   1.0017585717995670        1.0101010101010102E-002   1.0017585717995670        1.0000000000000000        93.406553895103059     
  -1.0101523096071596E-002  -5.4317751774126053E-006   1.2121212121212121E-002   1.0017486110090137        1.0101010101010102E-002   1.0017486110090137        1.0000000000000000        2.1693894575847139E-005
  -2.0203044136421489E-002  -1.0841757970982813E-005   1.2121212121212121E-002   1.0017489225843581        1.0101010101010102E-002   1.0017489225843581        1.0000000000000000        4.3302389483024228E-005
  -3.0304561073359881E-002  -1.6208238291430690E-005   1.2121212121212121E-002   1.0017494405107745        1.0101010101010102E-002   1.0017494405107745        1.0000000000000000        6.4739792184020928E-005
  -4.0406071875441429E-002  -2.1509678323114994E-005   1.2121212121212121E-002   1.0017501627415031        1.0101010101010102E-002   1.0017501627415031        1.0000000000000000        8.5921205773331621E-005
  -5.0507574535482047E-002  -2.6724801703323692E-005   1.2121212121212121E-002   1.0017510864225703        1.0101010101010102E-002   1.0017510864225703        1.0000000000000000        1.0676311239343761E-004
  -6.0609067078472800E-002  -3.1832676467229729E-005   1.2121212121212121E-002   1.0017522079051786        1.0101010101010102E-002   1.0017522079051786        1.0000000000000000        1.2718321925930809E-004
  -7.0710547569374338E-002  -3.6812793681177562E-005   1.2121212121212121E-002   1.0017535227566814        1.0101010101010102E-002   1.0017535227566814        1.0000000000000000        1.4710026067010773E-004
  -8.0812014120822728E-002  -4.1645149049324795E-005   1.2121212121212121E-002   1.0017550257754844        1.0101010101010102E-002   1.0017550257754844        1.0000000000000000        1.6643506659175245E-004
  -9.0913464900636787E-002  -4.6310332184559592E-005   1.2121212121212121E-002   1.0017567110139156        1.0101010101010102E-002   1.0017567110139156        1.0000000000000000       -7.6221717758868976     
 -0.10101489813905329       -5.0789594133044803E-005   1.2121212121212121E-002   1.0017585717997108        1.0101010101010102E-002   1.0017585717997108        1.0000000000000000       -93.406553895127388     
