 # x v h rho m p cs a
   17.001212121210578     
   1.1738868055328652E-014  -7.9194294220074293E-014   1.2121212121212121E-002   1.0018757882896172        1.0101010101010102E-002   1.0018757882896172        1.0000000000000000        3.5599967418420420E-011
   1.0100265213711821E-002  -4.0835830201522228E-006   1.2121212121212121E-002   1.0018756361875913        1.0101010101010102E-002   1.0018756361875913        1.0000000000000000        3.1723195649924207E-005
   2.0200533433386507E-002  -8.1507345835181660E-006   1.2121212121212121E-002   1.0018751804998223        1.0101010101010102E-002   1.0018751804998223        1.0000000000000000        6.3317586064925990E-005
   3.0300807652811696E-002  -1.2185092485289083E-005   1.2121212121212121E-002   1.0018744230778975        1.0101010101010102E-002   1.0018744230778975        1.0000000000000000        9.4654697850415914E-005
   4.0401090841381167E-002  -1.6170422541682974E-005   1.2121212121212121E-002   1.0018733669996556        1.0101010101010102E-002   1.0018733669996556        1.0000000000000000        1.2560737717848269E-004
   5.0501385932068946E-002  -2.0090688964039034E-005   1.2121212121212121E-002   1.0018720165556139        1.0101010101010102E-002   1.0018720165556139        1.0000000000000000        1.5604994053486365E-004
   6.0601695809512066E-002  -2.3930116889970837E-005   1.2121212121212121E-002   1.0018703772310837        1.0101010101010102E-002   1.0018703772310837        1.0000000000000000        1.8585895407685626E-004
   7.0702023298326672E-002  -2.7673256701446044E-005   1.2121212121212121E-002   1.0018684556845605        1.0101010101010102E-002   1.0018684556845605        1.0000000000000000        2.1491321624544923E-004
   8.0802371151611582E-002  -3.1305043400550155E-005   1.2121212121212121E-002   1.0018662597194889        1.0101010101010102E-002   1.0018662597194889        1.0000000000000000        2.4309520896181880E-004
   9.0902742039820572E-002  -3.4810861077498652E-005   1.2121212121212121E-002   1.0018637982495100        1.0101010101010102E-002   1.0018637982495100        1.0000000000000000        2.7029094303365753E-004
  0.10100313853996493       -3.8176599418974480E-005   1.2121212121212121E-002   1.0018610812642192        1.0101010101010102E-002   1.0018610812642192        1.0000000000000000        2.9639004730519503E-004
  0.11110356312514608       -4.1388710099735209E-005   1.2121212121212121E-002   1.0018581197878293        1.0101010101010102E-002   1.0018581197878293        1.0000000000000000        3.2128711113532660E-004
  0.12120401815457532       -4.4434261119944869E-005   1.2121212121212121E-002   1.0018549258315212        1.0101010101010102E-002   1.0018549258315212        1.0000000000000000        3.4488171372970555E-004
  0.13130450586405373       -4.7300990407128195E-005   1.2121212121212121E-002   1.0018515123437706        1.0101010101010102E-002   1.0018515123437706        1.0000000000000000        3.6707880409725391E-004
  0.14140502835696997       -4.9977354113557568E-005   1.2121212121212121E-002   1.0018478931579631        1.0101010101010102E-002   1.0018478931579631        1.0000000000000000        3.8778884897183730E-004
  0.15150558759581076       -5.2452574848673720E-005   1.2121212121212121E-002   1.0018440829356932        1.0101010101010102E-002   1.0018440829356932        1.0000000000000000        4.0692859849311702E-004
  0.16160618539427701       -5.4716680846753504E-005   1.2121212121212121E-002   1.0018400971055590        1.0101010101010102E-002   1.0018400971055590        1.0000000000000000        4.2442128787367750E-004
  0.17170682341000354       -5.6760549616382990E-005   1.2121212121212121E-002   1.0018359517985427        1.0101010101010102E-002   1.0018359517985427        1.0000000000000000        4.4019715740528653E-004
  0.18180750313795346       -5.8575946663833993E-005   1.2121212121212121E-002   1.0018316637820663        1.0101010101010102E-002   1.0018316637820663        1.0000000000000000        4.5419314934846966E-004
  0.19190822590444181       -6.0155552537752872E-005   1.2121212121212121E-002   1.0018272503937400        1.0101010101010102E-002   1.0018272503937400        1.0000000000000000        4.6635330675837139E-004
  0.20200899286182622       -6.1492998351008986E-005   1.2121212121212121E-002   1.0018227294688693        1.0101010101010102E-002   1.0018227294688693        1.0000000000000000        4.7662969194917082E-004
  0.21210980498396811       -6.2582887523412542E-005   1.2121212121212121E-002   1.0018181192654378        1.0101010101010102E-002   1.0018181192654378        1.0000000000000000        4.8498200476210229E-004
  0.22221066306241405       -6.3420822123647357E-005   1.2121212121212121E-002   1.0018134383919199        1.0101010101010102E-002   1.0018134383919199        1.0000000000000000        4.9137733679760487E-004
  0.23231156770327344       -6.4003415862610072E-005   1.2121212121212121E-002   1.0018087057331484        1.0101010101010102E-002   1.0018087057331484        1.0000000000000000        4.9579082775075278E-004
  0.24241251932485819       -6.4328310454864708E-005   1.2121212121212121E-002   1.0018039403712045        1.0101010101010102E-002   1.0018039403712045        1.0000000000000000        4.9820607750739043E-004
  0.25251351815613421       -6.4394184087384449E-005   1.2121212121212121E-002   1.0017991615074746        1.0101010101010102E-002   1.0017991615074746        1.0000000000000000        4.9861451869936957E-004
  0.26261456423590118       -6.4200762169373799E-005   1.2121212121212121E-002   1.0017943883866494        1.0101010101010102E-002   1.0017943883866494        1.0000000000000000        4.9701555054504354E-004
  0.27271565741274351       -6.3748808464295252E-005   1.2121212121212121E-002   1.0017896402210731        1.0101010101010102E-002   1.0017896402210731        1.0000000000000000        4.9341638466238180E-004
  0.28281679734569642       -6.3040131007514264E-005   1.2121212121212121E-002   1.0017849361110405        1.0101010101010102E-002   1.0017849361110405        1.0000000000000000        4.8783307244182339E-004
  0.29291798350578202       -6.2077573140267202E-005   1.2121212121212121E-002   1.0017802949666252        1.0101010101010102E-002   1.0017802949666252        1.0000000000000000        4.8028914127673517E-004
  0.30301921517822761       -6.0864998668814283E-005   1.2121212121212121E-002   1.0017757354349663        1.0101010101010102E-002   1.0017757354349663        1.0000000000000000        4.7081580873875595E-004
  0.31312049146542620       -5.9407280638897662E-005   1.2121212121212121E-002   1.0017712758261426        1.0101010101010102E-002   1.0017712758261426        1.0000000000000000        4.5945202957309306E-004
  0.32322181129062350       -5.7710279635197906E-005   1.2121212121212121E-002   1.0017669340388404        1.0101010101010102E-002   1.0017669340388404        1.0000000000000000        4.4624458358555330E-004
  0.33332317340235124       -5.5780820640809713E-005   1.2121212121212121E-002   1.0017627274880017        1.0101010101010102E-002   1.0017627274880017        1.0000000000000000        4.3124752005052613E-004
  0.34342457637955121       -5.3626667660674480E-005   1.2121212121212121E-002   1.0017586730376458        1.0101010101010102E-002   1.0017586730376458        1.0000000000000000        4.1452164534128144E-004
  0.35352601863732902       -5.1256487699566657E-005   1.2121212121212121E-002   1.0017547869345058        1.0101010101010102E-002   1.0017547869345058        1.0000000000000000        3.9613483452427545E-004
  0.36362749843339309       -4.8679821797175611E-005   1.2121212121212121E-002   1.0017510847433098        1.0101010101010102E-002   1.0017510847433098        1.0000000000000000        3.7616141521201740E-004
  0.37372901387509072       -4.5907042572411314E-005   1.2121212121212121E-002   1.0017475812848036        1.0101010101010102E-002   1.0017475812848036        1.0000000000000000        3.5468224862178488E-004
  0.38383056292707263       -4.2949314974976729E-005   1.2121212121212121E-002   1.0017442905765788        1.0101010101010102E-002   1.0017442905765788        1.0000000000000000        3.3178397750965871E-004
  0.39393214341950894       -3.9818549365956749E-005   1.2121212121212121E-002   1.0017412257809946        1.0101010101010102E-002   1.0017412257809946        1.0000000000000000        3.0755834072948574E-004
  0.40403375305677075       -3.6527353676895758E-005   1.2121212121212121E-002   1.0017383991528814        1.0101010101010102E-002   1.0017383991528814        1.0000000000000000        2.8210291400387888E-004
  0.41413538942668404       -3.3088985850317314E-005   1.2121212121212121E-002   1.0017358219886157        1.0101010101010102E-002   1.0017358219886157        1.0000000000000000        2.5552007425311274E-004
  0.42423705001023387       -2.9517293599361130E-005   1.2121212121212121E-002   1.0017335045843008        1.0101010101010102E-002   1.0017335045843008        1.0000000000000000        2.2791616213879706E-004
  0.43433873219163310       -2.5826668415156113E-005   1.2121212121212121E-002   1.0017314561963713        1.0101010101010102E-002   1.0017314561963713        1.0000000000000000        1.9940172001131629E-004
  0.44444043326880922       -2.2031977254287242E-005   1.2121212121212121E-002   1.0017296850052384        1.0101010101010102E-002   1.0017296850052384        1.0000000000000000        1.7009072649631918E-004
  0.45454215046419089       -1.8148509054315082E-005   1.2121212121212121E-002   1.0017281980813713        1.0101010101010102E-002   1.0017281980813713        1.0000000000000000        1.4010082024196180E-004
  0.46464388093587511       -1.4191911108203282E-005   1.2121212121212121E-002   1.0017270013585395        1.0101010101010102E-002   1.0017270013585395        1.0000000000000000        1.0955156110625808E-004
  0.47474562178894147       -1.0178126497296990E-005   1.2121212121212121E-002   1.0017260996128883        1.0101010101010102E-002   1.0017260996128883        1.0000000000000000        7.8564952536552823E-005
  0.48484737008702511       -6.1233278020550361E-006   1.2121212121212121E-002   1.0017254964431497        1.0101010101010102E-002   1.0017254964431497        1.0000000000000000        4.7264669055024910E-005
  0.49494912286403070       -2.0438544872612586E-006   1.2121212121212121E-002   1.0017251942559608        1.0101010101010102E-002   1.0017251942559608        1.0000000000000000        1.5775832449271832E-005
  0.50505087713599484        2.0438546242675639E-006   1.2121212121212121E-002   1.0017251942560683        1.0101010101010102E-002   1.0017251942560683        1.0000000000000000       -1.5775858623001682E-005
  0.51515262991299793        6.1233278771925540E-006   1.2121212121212121E-002   1.0017254964432301        1.0101010101010102E-002   1.0017254964432301        1.0000000000000000       -4.7264631234611443E-005
  0.52525437821108156        1.0178126543626177E-005   1.2121212121212121E-002   1.0017260996124830        1.0101010101010102E-002   1.0017260996124830        1.0000000000000000       -7.8564889212984212E-005
  0.53535611906415748        1.4191911093765003E-005   1.2121212121212121E-002   1.0017270013584876        1.0101010101010102E-002   1.0017270013584876        1.0000000000000000       -1.0955169855719760E-004
  0.54545784953583332        1.8148508965781365E-005   1.2121212121212121E-002   1.0017281980817632        1.0101010101010102E-002   1.0017281980817632        1.0000000000000000       -1.4010077988935166E-004
  0.55555956673121432        2.2031976853142812E-005   1.2121212121212121E-002   1.0017296850053539        1.0101010101010102E-002   1.0017296850053539        1.0000000000000000       -1.7009070936957471E-004
  0.56566126780838910        2.5826668355306242E-005   1.2121212121212121E-002   1.0017314561963298        1.0101010101010102E-002   1.0017314561963298        1.0000000000000000       -1.9940169890464432E-004
  0.57576294998979094        2.9517294123948252E-005   1.2121212121212121E-002   1.0017335045843736        1.0101010101010102E-002   1.0017335045843736        1.0000000000000000       -2.2791621047435484E-004
  0.58586461057333661        3.3088985468342907E-005   1.2121212121212121E-002   1.0017358219887316        1.0101010101010102E-002   1.0017358219887316        1.0000000000000000       -2.5552003343243257E-004
  0.59596624694325118        3.6527353843902202E-005   1.2121212121212121E-002   1.0017383991527340        1.0101010101010102E-002   1.0017383991527340        1.0000000000000000       -2.8210290064745180E-004
  0.60606785658051532        3.9818549140518171E-005   1.2121212121212121E-002   1.0017412257809462        1.0101010101010102E-002   1.0017412257809462        1.0000000000000000       -3.0755837313378720E-004
  0.61616943707295024        4.2949315361076701E-005   1.2121212121212121E-002   1.0017442905766332        1.0101010101010102E-002   1.0017442905766332        1.0000000000000000       -3.3178396888633443E-004
  0.62627098612493204        4.5907042702544774E-005   1.2121212121212121E-002   1.0017475812847219        1.0101010101010102E-002   1.0017475812847219        1.0000000000000000       -3.5468222612600186E-004
  0.63637250156663150        4.8679821545368396E-005   1.2121212121212121E-002   1.0017510847431668        1.0101010101010102E-002   1.0017510847431668        1.0000000000000000       -3.7616142673257968E-004
  0.64647398136269729        5.1256487955090896E-005   1.2121212121212121E-002   1.0017547869346861        1.0101010101010102E-002   1.0017547869346861        1.0000000000000000       -3.9613489177714456E-004
  0.65657542362046917        5.3626667314577726E-005   1.2121212121212121E-002   1.0017586730377868        1.0101010101010102E-002   1.0017586730377868        1.0000000000000000       -4.1452158112331716E-004
  0.66667682659767180        5.5780820808791430E-005   1.2121212121212121E-002   1.0017627274878180        1.0101010101010102E-002   1.0017627274878180        1.0000000000000000       -4.3124751175938059E-004
  0.67677818870940099        5.7710279678659248E-005   1.2121212121212121E-002   1.0017669340386075        1.0101010101010102E-002   1.0017669340386075        1.0000000000000000       -4.4624458068476258E-004
  0.68687950853460200        5.9407280588180683E-005   1.2121212121212121E-002   1.0017712758261874        1.0101010101010102E-002   1.0017712758261874        1.0000000000000000       -4.5945209438524870E-004
  0.69698078482179571        6.0864998749894106E-005   1.2121212121212121E-002   1.0017757354351309        1.0101010101010102E-002   1.0017757354351309        1.0000000000000000       -4.7081577027796584E-004
  0.70708201649424240        6.2077572994606429E-005   1.2121212121212121E-002   1.0017802949666081        1.0101010101010102E-002   1.0017802949666081        1.0000000000000000       -4.8028913795583605E-004
  0.71718320265432745        6.3040130965385746E-005   1.2121212121212121E-002   1.0017849361109752        1.0101010101010102E-002   1.0017849361109752        1.0000000000000000       -4.8783306793431791E-004
  0.72728434258728292        6.3748808736278453E-005   1.2121212121212121E-002   1.0017896402213298        1.0101010101010102E-002   1.0017896402213298        1.0000000000000000       -4.9341645859080074E-004
  0.73738543576411675        6.4200761801457042E-005   1.2121212121212121E-002   1.0017943883867424        1.0101010101010102E-002   1.0017943883867424        1.0000000000000000       -4.9701544009028709E-004
  0.74748648184388977        6.4394184033816866E-005   1.2121212121212121E-002   1.0017991615070798        1.0101010101010102E-002   1.0017991615070798        1.0000000000000000       -4.9861452601795975E-004
  0.75758748067516879        6.4328310811967958E-005   1.2121212121212121E-002   1.0018039403709915        1.0101010101010102E-002   1.0018039403709915        1.0000000000000000       -4.9820610121731335E-004
  0.76768843229675454        6.4003415632444359E-005   1.2121212121212121E-002   1.0018087057330882        1.0101010101010102E-002   1.0018087057330882        1.0000000000000000       -4.9579084776585347E-004
  0.77778933693761465        6.3420822498696456E-005   1.2121212121212121E-002   1.0018134383922501        1.0101010101010102E-002   1.0018134383922501        1.0000000000000000       -4.9137739691040849E-004
  0.78789019501605229        6.2582887256280116E-005   1.2121212121212121E-002   1.0018181192655780        1.0101010101010102E-002   1.0018181192655780        1.0000000000000000       -4.8498190346180081E-004
  0.79799100713819948        6.1492997958979465E-005   1.2121212121212121E-002   1.0018227294686866        1.0101010101010102E-002   1.0018227294686866        1.0000000000000000       -4.7662972464834752E-004
  0.80809177409558319        6.0155552767867634E-005   1.2121212121212121E-002   1.0018272503937680        1.0101010101010102E-002   1.0018272503937680        1.0000000000000000       -4.6635331604338859E-004
  0.81819249686207118        5.8575946350498271E-005   1.2121212121212121E-002   1.0018316637820637        1.0101010101010102E-002   1.0018316637820637        1.0000000000000000       -4.5419313522465643E-004
  0.82829317659002133        5.6760550148797644E-005   1.2121212121212121E-002   1.0018359517984150        1.0101010101010102E-002   1.0018359517984150        1.0000000000000000       -4.4019714767440377E-004
  0.83839381460575091        5.4716680750817366E-005   1.2121212121212121E-002   1.0018400971056931        1.0101010101010102E-002   1.0018400971056931        1.0000000000000000       -4.2442135044229445E-004
  0.84849441240421075        5.2452574693590695E-005   1.2121212121212121E-002   1.0018440829357169        1.0101010101010102E-002   1.0018440829357169        1.0000000000000000       -4.0692851430268462E-004
  0.85859497164305731        4.9977354261408389E-005   1.2121212121212121E-002   1.0018478931577703        1.0101010101010102E-002   1.0018478931577703        1.0000000000000000       -3.8778888534007905E-004
  0.86869549413597213        4.7300990221038790E-005   1.2121212121212121E-002   1.0018515123436658        1.0101010101010102E-002   1.0018515123436658        1.0000000000000000       -3.6707878522790338E-004
  0.87879598184545404        4.4434261306796034E-005   1.2121212121212121E-002   1.0018549258315352        1.0101010101010102E-002   1.0018549258315352        1.0000000000000000       -3.4488176167535300E-004
  0.88889643687487940        4.1388709907148736E-005   1.2121212121212121E-002   1.0018581197878782        1.0101010101010102E-002   1.0018581197878782        1.0000000000000000       -3.2128706799561257E-004
  0.89899686146006308        3.8176599647209297E-005   1.2121212121212121E-002   1.0018610812640989        1.0101010101010102E-002   1.0018610812640989        1.0000000000000000       -2.9639005523041106E-004
  0.90909725796020779        3.4810861000938915E-005   1.2121212121212121E-002   1.0018637982494931        1.0101010101010102E-002   1.0018637982494931        1.0000000000000000       -2.7029095467323572E-004
  0.91919762884841683        3.1305044008226458E-005   1.2121212121212121E-002   1.0018662597196395        1.0101010101010102E-002   1.0018662597196395        1.0000000000000000       -2.4309523797061416E-004
  0.92929797670169867        2.7673256227542229E-005   1.2121212121212121E-002   1.0018684556848172        1.0101010101010102E-002   1.0018684556848172        1.0000000000000000       -2.1491320546029868E-004
  0.93939830419051051        2.3930117139961240E-005   1.2121212121212121E-002   1.0018703772310520        1.0101010101010102E-002   1.0018703772310520        1.0000000000000000       -1.8585890672184746E-004
  0.94949861406795777        2.0090688785771616E-005   1.2121212121212121E-002   1.0018720165556732        1.0101010101010102E-002   1.0018720165556732        1.0000000000000000       -1.5605000492513454E-004
  0.95959890915864010        1.6170422406680004E-005   1.2121212121212121E-002   1.0018733669997337        1.0101010101010102E-002   1.0018733669997337        1.0000000000000000       -1.2560731722555118E-004
  0.96969919234721291        1.2185092619456790E-005   1.2121212121212121E-002   1.0018744230776941        1.0101010101010102E-002   1.0018744230776941        1.0000000000000000       -9.4654697088358830E-005
  0.97979946656663930        8.1507348054507406E-006   1.2121212121212121E-002   1.0018751804996313        1.0101010101010102E-002   1.0018751804996313        1.0000000000000000       -6.3317590412559355E-005
  0.98989973478631710        4.0835824457255489E-006   1.2121212121212121E-002   1.0018756361877021        1.0101010101010102E-002   1.0018756361877021        1.0000000000000000       -3.1723255355942115E-005
   1.0000000000000111        5.8243922519904997E-013   1.2121212121212121E-002   1.0018757882896143        1.0101010101010102E-002   1.0018757882896143        1.0000000000000000        4.8151704845622589E-011
   1.0101002652137119       -4.1599733399103850E-006   1.2121212121212121E-002   1.0018756361875913        1.0101010101010102E-002   1.0018756361875913        1.0000000000000000        3.1723191651344962E-005
   1.0202005334333866       -8.3032050924067806E-006   1.2121212121212121E-002   1.0018751804998223        1.0101010101010102E-002   1.0018751804998223        1.0000000000000000        6.3317583186339732E-005
   1.0303008076528117       -1.2413023536123140E-005   1.2121212121212121E-002   1.0018744230778975        1.0101010101010102E-002   1.0018744230778975        1.0000000000000000        9.4654697752716288E-005
   1.0404010908413812       -1.6472888363274277E-005   1.2121212121212121E-002   1.0018733669996556        1.0101010101010102E-002   1.0018733669996556        1.0000000000000000        1.2560737657896226E-004
   1.0505013859320689       -2.0466461100422215E-005   1.2121212121212121E-002   1.0018720165556139        1.0101010101010102E-002   1.0018720165556139        1.0000000000000000        1.5604994250306703E-004
   1.0606016958095121       -2.4377669625509102E-005   1.2121212121212121E-002   1.0018703772310837        1.0101010101010102E-002   1.0018703772310837        1.0000000000000000        1.8585895209444203E-004
   1.0707020232983266       -2.8190772419278335E-005   1.2121212121212121E-002   1.0018684556845605        1.0101010101010102E-002   1.0018684556845605        1.0000000000000000        2.1491321614686143E-004
   1.0808023711516115       -3.1890421552203797E-005   1.2121212121212121E-002   1.0018662597194889        1.0101010101010102E-002   1.0018662597194889        1.0000000000000000        2.4309521086163244E-004
   1.0909027420398205       -3.5461726564134972E-005   1.2121212121212121E-002   1.0018637982495100        1.0101010101010102E-002   1.0018637982495100        1.0000000000000000        7.6294963357093906     
   1.1010031385399650       -3.8890311353292576E-005   1.2121212121212121E-002   1.0018610812642192        1.0101010101010102E-002   1.0018610812642192        1.0000000000000000        93.410625511639012     
  -1.0100265213682902E-002   4.1599729423162672E-006   1.2121212121212121E-002   1.0018756361877021        1.0101010101010102E-002   1.0018756361877021        1.0000000000000000       -3.1723251856519141E-005
  -2.0200533433360701E-002   8.3032053090899533E-006   1.2121212121212121E-002   1.0018751804996313        1.0101010101010102E-002   1.0018751804996313        1.0000000000000000       -6.3317588005595837E-005
  -3.0300807652787087E-002   1.2413023660322794E-005   1.2121212121212121E-002   1.0018744230776941        1.0101010101010102E-002   1.0018744230776941        1.0000000000000000       -9.4654697100793328E-005
  -4.0401090841359899E-002   1.6472888095768008E-005   1.2121212121212121E-002   1.0018733669997337        1.0101010101010102E-002   1.0018733669997337        1.0000000000000000       -1.2560731722643936E-004
  -5.0501385932042231E-002   2.0466461079510947E-005   1.2121212121212121E-002   1.0018720165556732        1.0101010101010102E-002   1.0018720165556732        1.0000000000000000       -1.5605000492602272E-004
  -6.0601695809489486E-002   2.4377669742867018E-005   1.2121212121212121E-002   1.0018703772310520        1.0101010101010102E-002   1.0018703772310520        1.0000000000000000       -1.8585890672451200E-004
  -7.0702023298301331E-002   2.8190771955556813E-005   1.2121212121212121E-002   1.0018684556848172        1.0101010101010102E-002   1.0018684556848172        1.0000000000000000       -2.1491320545496961E-004
  -8.0802371151583174E-002   3.1890422195625785E-005   1.2121212121212121E-002   1.0018662597196395        1.0101010101010102E-002   1.0018662597196395        1.0000000000000000       -2.4309523797239052E-004
  -9.0902742039792206E-002   3.5461726529523092E-005   1.2121212121212121E-002   1.0018637982494931        1.0101010101010102E-002   1.0018637982494931        1.0000000000000000       -7.6294963357094048     
 -0.10100313853993692        3.8890311588941798E-005   1.2121212121212121E-002   1.0018610812640989        1.0101010101010102E-002   1.0018610812640989        1.0000000000000000       -93.410625511642721     
