 # x v h rho m p cs a
   24.201212121214581     
   1.7750422374672787E-014  -8.8649464873235091E-013   1.2121212121212121E-002   1.0017384167788195        1.0101010101010102E-002   1.0017384167788195        1.0000000000000000        5.9533711294079694E-011
   1.0101622828816036E-002   4.9202148969526399E-006   1.2121212121212121E-002   1.0017385411220332        1.0101010101010102E-002   1.0017385411220332        1.0000000000000000       -2.5939177790590406E-005
   2.0203243199563632E-002   9.8206484981943949E-006   1.2121212121212121E-002   1.0017389136610211        1.0101010101010102E-002   1.0017389136610211        1.0000000000000000       -5.1775838032064314E-005
   3.0304858663922209E-002   1.4681598474145044E-005   1.2121212121212121E-002   1.0017395329192260        1.0101010101010102E-002   1.0017395329192260        1.0000000000000000       -7.7406976598304311E-005
   4.0406466793031913E-002   1.9483522632157329E-005   1.2121212121212121E-002   1.0017403964387102        1.0101010101010102E-002   1.0017403964387102        1.0000000000000000       -1.0273072330768684E-004
   5.0508065187167980E-002   2.4207114173545649E-005   1.2121212121212121E-002   1.0017415007933830        1.0101010101010102E-002   1.0017415007933830        1.0000000000000000       -1.2764693739075739E-004
   6.0609651485223688E-002   2.8833377795156571E-005   1.2121212121212121E-002   1.0017428416028560        1.0101010101010102E-002   1.0017428416028560        1.0000000000000000       -1.5205667491979824E-004
   7.0711223374092066E-002   3.3343707478528597E-005   1.2121212121212121E-002   1.0017444135462665        1.0101010101010102E-002   1.0017444135462665        1.0000000000000000       -1.7586263726343532E-004
   8.0812778597883494E-002   3.7719964747785913E-005   1.2121212121212121E-002   1.0017462103810000        1.0101010101010102E-002   1.0017462103810000        1.0000000000000000       -1.9896975032462905E-004
   9.0914314966939913E-002   4.1944546093539329E-005   1.2121212121212121E-002   1.0017482249684775        1.0101010101010102E-002   1.0017482249684775        1.0000000000000000       -2.2128618591032989E-004
  0.10101583036653951        4.6000454596275981E-005   1.2121212121212121E-002   1.0017504493048031        1.0101010101010102E-002   1.0017504493048031        1.0000000000000000       -2.4272323965934817E-004
  0.11111732276528502        4.9871368820245629E-005   1.2121212121212121E-002   1.0017528745463447        1.0101010101010102E-002   1.0017528745463447        1.0000000000000000       -2.6319443133182574E-004
  0.12121879022332560        5.3541708652558653E-005   1.2121212121212121E-002   1.0017554910427726        1.0101010101010102E-002   1.0017554910427726        1.0000000000000000       -2.8261791042893947E-004
  0.13132023090009065        5.6996700831203375E-005   1.2121212121212121E-002   1.0017582883777751        1.0101010101010102E-002   1.0017582883777751        1.0000000000000000       -3.0091574650725761E-004
  0.14142164306169197        6.0222430575140267E-005   1.2121212121212121E-002   1.0017612554094990        1.0101010101010102E-002   1.0017612554094990        1.0000000000000000       -3.1801456939550832E-004
  0.15152302508785809        6.3205903542990836E-005   1.2121212121212121E-002   1.0017643803107925        1.0101010101010102E-002   1.0017643803107925        1.0000000000000000       -3.3384476823261622E-004
  0.16162437547854555        6.5935098643332988E-005   1.2121212121212121E-002   1.0017676506130562        1.0101010101010102E-002   1.0017676506130562        1.0000000000000000       -3.4834216838497412E-004
  0.17172569286001740        6.8399016271080546E-005   1.2121212121212121E-002   1.0017710532595361        1.0101010101010102E-002   1.0017710532595361        1.0000000000000000       -3.6144828850570576E-004
  0.18182697599037639        7.0587716272269558E-005   1.2121212121212121E-002   1.0017745746553803        1.0101010101010102E-002   1.0017745746553803        1.0000000000000000       -3.7310942564960925E-004
  0.19192822376465857        7.2492367198729332E-005   1.2121212121212121E-002   1.0017782007170650        1.0101010101010102E-002   1.0017782007170650        1.0000000000000000       -3.8327738123733468E-004
  0.20202943521940317        7.4105278023384001E-005   1.2121212121212121E-002   1.0017819169291460        1.0101010101010102E-002   1.0017819169291460        1.0000000000000000       -3.9191028781004889E-004
  0.21213060953661381        7.5419930441817523E-005   1.2121212121212121E-002   1.0017857084031307        1.0101010101010102E-002   1.0017857084031307        1.0000000000000000       -3.9897227307861272E-004
  0.22223174604715881        7.6431003659359505E-005   1.2121212121212121E-002   1.0017895599351605        1.0101010101010102E-002   1.0017895599351605        1.0000000000000000       -4.0443350029750746E-004
  0.23233284423359687        7.7134396141640918E-005   1.2121212121212121E-002   1.0017934560652333        1.0101010101010102E-002   1.0017934560652333        1.0000000000000000       -4.0827044094005061E-004
  0.24243390373240878        7.7527248797824063E-005   1.2121212121212121E-002   1.0017973811392797        1.0101010101010102E-002   1.0017973811392797        1.0000000000000000       -4.1046619088813685E-004
  0.25253492433559099        7.7607947593390667E-005   1.2121212121212121E-002   1.0018013193716444        1.0101010101010102E-002   1.0018013193716444        1.0000000000000000       -4.1101031481538541E-004
  0.26263590599165726        7.7376137368842754E-005   1.2121212121212121E-002   1.0018052549098959        1.0101010101010102E-002   1.0018052549098959        1.0000000000000000       -4.0989938671476267E-004
  0.27273684880593940        7.6832718757531275E-005   1.2121212121212121E-002   1.0018091718960425        1.0101010101010102E-002   1.0018091718960425        1.0000000000000000       -4.0713574598782998E-004
  0.28283775304039155        7.5979853004155983E-005   1.2121212121212121E-002   1.0018130545305641        1.0101010101010102E-002   1.0018130545305641        1.0000000000000000       -4.0272933354135176E-004
  0.29293861911262598        7.4820945364045948E-005   1.2121212121212121E-002   1.0018168871392039        1.0101010101010102E-002   1.0018168871392039        1.0000000000000000       -3.9669638937045448E-004
  0.30303944759438178        7.3360632953848218E-005   1.2121212121212121E-002   1.0018206542342716        1.0101010101010102E-002   1.0018206542342716        1.0000000000000000       -3.8905969881852798E-004
  0.31314023920936718        7.1604770508015044E-005   1.2121212121212121E-002   1.0018243405790006        1.0101010101010102E-002   1.0018243405790006        1.0000000000000000       -3.7984886643638305E-004
  0.32324099483044594        6.9560408327909399E-005   1.2121212121212121E-002   1.0018279312495835        1.0101010101010102E-002   1.0018279312495835        1.0000000000000000       -3.6909961837139349E-004
  0.33334171547625607        6.7235758021595582E-005   1.2121212121212121E-002   1.0018314116955727        1.0101010101010102E-002   1.0018314116955727        1.0000000000000000       -3.5685418105479982E-004
  0.34344240230721118        6.4640161625171720E-005   1.2121212121212121E-002   1.0018347678022694        1.0101010101010102E-002   1.0018347678022694        1.0000000000000000       -3.4316125252065177E-004
  0.35354305662087260        6.1784057987813461E-005   1.2121212121212121E-002   1.0018379859476654        1.0101010101010102E-002   1.0018379859476654        1.0000000000000000       -3.2807496280362614E-004
  0.36364367984683665        5.8678938826400494E-005   1.2121212121212121E-002   1.0018410530588040        1.0101010101010102E-002   1.0018410530588040        1.0000000000000000       -3.1165573650238088E-004
  0.37374427354099282        5.5337300765270730E-005   1.2121212121212121E-002   1.0018439566669688        1.0101010101010102E-002   1.0018439566669688        1.0000000000000000       -2.9396918406821015E-004
  0.38384483937931607        5.1772596238519161E-005   1.2121212121212121E-002   1.0018466849589205        1.0101010101010102E-002   1.0018466849589205        1.0000000000000000       -2.7508647360274807E-004
  0.39394537915112326        4.7999182351265922E-005   1.2121212121212121E-002   1.0018492268284394        1.0101010101010102E-002   1.0018492268284394        1.0000000000000000       -2.5508387918726783E-004
  0.40404589475183167        4.4032259286973668E-005   1.2121212121212121E-002   1.0018515719201082        1.0101010101010102E-002   1.0018515719201082        1.0000000000000000       -2.3404175097319069E-004
  0.41414638817537042        3.9887807835858970E-005   1.2121212121212121E-002   1.0018537106747192        1.0101010101010102E-002   1.0018537106747192        1.0000000000000000       -2.1204579134614931E-004
  0.42424686150603153        3.5582528816408556E-005   1.2121212121212121E-002   1.0018556343704841        1.0101010101010102E-002   1.0018556343704841        1.0000000000000000       -1.8918494770048255E-004
  0.43434731691006451        3.1133776628159103E-005   1.2121212121212121E-002   1.0018573351579065        1.0101010101010102E-002   1.0018573351579065        1.0000000000000000       -1.6555220594494102E-004
  0.44444775662685088        2.6559482799949455E-005   1.2121212121212121E-002   1.0018588060940994        1.0101010101010102E-002   1.0018588060940994        1.0000000000000000       -1.4124361622069870E-004
  0.45454818295981192        2.1878089296145774E-005   1.2121212121212121E-002   1.0018600411718332        1.0101010101010102E-002   1.0018600411718332        1.0000000000000000       -1.1635825645228692E-004
  0.46464859826701577        1.7108468576430427E-005   1.2121212121212121E-002   1.0018610353457464        1.0101010101010102E-002   1.0018610353457464        1.0000000000000000       -9.0997626579714108E-005
  0.47474900495156430        1.2269857210640894E-005   1.2121212121212121E-002   1.0018617845538063        1.0101010101010102E-002   1.0018617845538063        1.0000000000000000       -6.5265266917968745E-005
  0.48484940545177629        7.3817626848524437E-006   1.2121212121212121E-002   1.0018622857337371        1.0101010101010102E-002   1.0018622857337371        1.0000000000000000       -3.9266120621661571E-005
  0.49494980223125590        2.4638988725060158E-006   1.2121212121212121E-002   1.0018625368371212        1.0101010101010102E-002   1.0018625368371212        1.0000000000000000       -1.3106623608649670E-005
  0.50505019776878901       -2.4638991157316011E-006   1.2121212121212121E-002   1.0018625368370175        1.0101010101010102E-002   1.0018625368370175        1.0000000000000000        1.3106645850413656E-005
  0.51515059454827117       -7.3817629875212606E-006   1.2121212121212121E-002   1.0018622857336985        1.0101010101010102E-002   1.0018622857336985        1.0000000000000000        3.9266085609668266E-005
  0.52525099504848161       -1.2269856476547352E-005   1.2121212121212121E-002   1.0018617845539697        1.0101010101010102E-002   1.0018617845539697        1.0000000000000000        6.5265255284607804E-005
  0.53535140173302809       -1.7108469312277293E-005   1.2121212121212121E-002   1.0018610353458763        1.0101010101010102E-002   1.0018610353458763        1.0000000000000000        9.0997650429969212E-005
  0.54545181704023082       -2.1878089085315879E-005   1.2121212121212121E-002   1.0018600411716336        1.0101010101010102E-002   1.0018600411716336        1.0000000000000000        1.1635830021816673E-004
  0.55555224337319820       -2.6559482551584694E-005   1.2121212121212121E-002   1.0018588060942561        1.0101010101010102E-002   1.0018588060942561        1.0000000000000000        1.4124349487154575E-004
  0.56565268308997496       -3.1133776462063965E-005   1.2121212121212121E-002   1.0018573351583020        1.0101010101010102E-002   1.0018573351583020        1.0000000000000000        1.6555228026504665E-004
  0.57575313849400811       -3.5582529336135158E-005   1.2121212121212121E-002   1.0018556343702685        1.0101010101010102E-002   1.0018556343702685        1.0000000000000000        1.8918499663023169E-004
  0.58585361182467488       -3.9887807481497966E-005   1.2121212121212121E-002   1.0018537106746863        1.0101010101010102E-002   1.0018537106746863        1.0000000000000000        2.1204571375132986E-004
  0.59595410524820824       -4.4032259124237626E-005   1.2121212121212121E-002   1.0018515719201204        1.0101010101010102E-002   1.0018515719201204        1.0000000000000000        2.3404181162067772E-004
  0.60605462084892170       -4.7999182241753520E-005   1.2121212121212121E-002   1.0018492268284309        1.0101010101010102E-002   1.0018492268284309        1.0000000000000000        2.5508382182781730E-004
  0.61615516062072406       -5.1772596728425785E-005   1.2121212121212121E-002   1.0018466849588941        1.0101010101010102E-002   1.0018466849588941        1.0000000000000000        2.7508654186547687E-004
  0.62625572645905214       -5.5337300619002851E-005   1.2121212121212121E-002   1.0018439566666932        1.0101010101010102E-002   1.0018439566666932        1.0000000000000000        2.9396916175983279E-004
  0.63635632015321020       -5.8678938421741921E-005   1.2121212121212121E-002   1.0018410530589372        1.0101010101010102E-002   1.0018410530589372        1.0000000000000000        3.1165567671287420E-004
  0.64645694337916892       -6.1784057853403563E-005   1.2121212121212121E-002   1.0018379859477924        1.0101010101010102E-002   1.0018379859477924        1.0000000000000000        3.2807502104503783E-004
  0.65655759769283284       -6.4640161795027914E-005   1.2121212121212121E-002   1.0018347678022053        1.0101010101010102E-002   1.0018347678022053        1.0000000000000000        3.4316123375432994E-004
  0.66665828452378750       -6.7235757970700571E-005   1.2121212121212121E-002   1.0018314116957145        1.0101010101010102E-002   1.0018314116957145        1.0000000000000000        3.5685415975539314E-004
  0.67675900516959464       -6.9560408192074344E-005   1.2121212121212121E-002   1.0018279312496079        1.0101010101010102E-002   1.0018279312496079        1.0000000000000000        3.6909966084675006E-004
  0.68685976079067590       -7.1604771181624569E-005   1.2121212121212121E-002   1.0018243405788769        1.0101010101010102E-002   1.0018243405788769        1.0000000000000000        3.7984885660780066E-004
  0.69696055240566146       -7.3360632369620497E-005   1.2121212121212121E-002   1.0018206542341135        1.0101010101010102E-002   1.0018206542341135        1.0000000000000000        3.8905971957614582E-004
  0.70706138088741999       -7.4820945025250035E-005   1.2121212121212121E-002   1.0018168871389226        1.0101010101010102E-002   1.0018168871389226        1.0000000000000000        3.9669639050643468E-004
  0.71716224695965791       -7.5979853076937106E-005   1.2121212121212121E-002   1.0018130545305057        1.0101010101010102E-002   1.0018130545305057        1.0000000000000000        4.0272928980478184E-004
  0.72726315119410734       -7.6832719275149518E-005   1.2121212121212121E-002   1.0018091718960442        1.0101010101010102E-002   1.0018091718960442        1.0000000000000000        4.0713577137463375E-004
  0.73736409400839253       -7.7376137302116250E-005   1.2121212121212121E-002   1.0018052549101293        1.0101010101010102E-002   1.0018052549101293        1.0000000000000000        4.0989931344981301E-004
  0.74746507566445075       -7.7607947610414837E-005   1.2121212121212121E-002   1.0018013193718849        1.0101010101010102E-002   1.0018013193718849        1.0000000000000000        4.1101038809721047E-004
  0.75756609626763582       -7.7527249117904411E-005   1.2121212121212121E-002   1.0017973811392933        1.0101010101010102E-002   1.0017973811392933        1.0000000000000000        4.1046616173190387E-004
  0.76766715576644529       -7.7134396134572136E-005   1.2121212121212121E-002   1.0017934560653452        1.0101010101010102E-002   1.0017934560653452        1.0000000000000000        4.0827045797531269E-004
  0.77776825395288274       -7.6431003228067892E-005   1.2121212121212121E-002   1.0017895599349769        1.0101010101010102E-002   1.0017895599349769        1.0000000000000000        4.0443354023445011E-004
  0.78786939046343296       -7.5419930473921820E-005   1.2121212121212121E-002   1.0017857084031723        1.0101010101010102E-002   1.0017857084031723        1.0000000000000000        3.9897218507789489E-004
  0.79797056478063766       -7.4105278089425100E-005   1.2121212121212121E-002   1.0017819169294555        1.0101010101010102E-002   1.0017819169294555        1.0000000000000000        3.9191032030139183E-004
  0.80807177623538085       -7.2492367166186150E-005   1.2121212121212121E-002   1.0017782007169811        1.0101010101010102E-002   1.0017782007169811        1.0000000000000000        3.8327743051258523E-004
  0.81817302400966685       -7.0587716290616915E-005   1.2121212121212121E-002   1.0017745746552971        1.0101010101010102E-002   1.0017745746552971        1.0000000000000000        3.7310937894829976E-004
  0.82827430714002415       -6.8399016171269680E-005   1.2121212121212121E-002   1.0017710532597337        1.0101010101010102E-002   1.0017710532597337        1.0000000000000000        3.6144827305406579E-004
  0.83837562452149306       -6.5935098901361572E-005   1.2121212121212121E-002   1.0017676506131346        1.0101010101010102E-002   1.0017676506131346        1.0000000000000000        3.4834220946233785E-004
  0.84847697491218166       -6.3205903153191884E-005   1.2121212121212121E-002   1.0017643803106080        1.0101010101010102E-002   1.0017643803106080        1.0000000000000000        3.3384478276410334E-004
  0.85857835693835105       -6.0222430747423624E-005   1.2121212121212121E-002   1.0017612554094550        1.0101010101010102E-002   1.0017612554094550        1.0000000000000000        3.1801452836788258E-004
  0.86867976909994959       -5.6996701002174346E-005   1.2121212121212121E-002   1.0017582883777023        1.0101010101010102E-002   1.0017582883777023        1.0000000000000000        3.0091579075630648E-004
  0.87878120977671892       -5.3541709037496543E-005   1.2121212121212121E-002   1.0017554910427022        1.0101010101010102E-002   1.0017554910427022        1.0000000000000000        2.8261786660266353E-004
  0.88888267723475689       -4.9871368182314305E-005   1.2121212121212121E-002   1.0017528745464268        1.0101010101010102E-002   1.0017528745464268        1.0000000000000000        2.6319444258149360E-004
  0.89898416963350325       -4.6000454649297600E-005   1.2121212121212121E-002   1.0017504493049667        1.0101010101010102E-002   1.0017504493049667        1.0000000000000000        2.4272320785989621E-004
  0.90908568503309861       -4.1944546311019213E-005   1.2121212121212121E-002   1.0017482249686056        1.0101010101010102E-002   1.0017482249686056        1.0000000000000000        2.2128622979078472E-004
  0.91918722140215625       -3.7719964626504084E-005   1.2121212121212121E-002   1.0017462103808483        1.0101010101010102E-002   1.0017462103808483        1.0000000000000000        1.9896976379030207E-004
  0.92928877662595022       -3.3343707494052793E-005   1.2121212121212121E-002   1.0017444135462392        1.0101010101010102E-002   1.0017444135462392        1.0000000000000000        1.7586259785762337E-004
  0.93939034851481651       -2.8833377654613670E-005   1.2121212121212121E-002   1.0017428416029068        1.0101010101010102E-002   1.0017428416029068        1.0000000000000000        1.5205669638440611E-004
  0.94949193481287264       -2.4207114440366977E-005   1.2121212121212121E-002   1.0017415007931449        1.0101010101010102E-002   1.0017415007931449        1.0000000000000000        1.2764698106781935E-004
  0.95959353320701324       -1.9483522464586304E-005   1.2121212121212121E-002   1.0017403964383500        1.0101010101010102E-002   1.0017403964383500        1.0000000000000000        1.0273070425981246E-004
  0.96969514133612666       -1.4681598647342880E-005   1.2121212121212121E-002   1.0017395329193690        1.0101010101010102E-002   1.0017395329193690        1.0000000000000000        7.7406887460718110E-005
  0.97979675680047806       -9.8206484770117238E-006   1.2121212121212121E-002   1.0017389136613224        1.0101010101010102E-002   1.0017389136613224        1.0000000000000000        5.1775891501293358E-005
  0.98989837717122608       -4.9202146100163801E-006   1.2121212121212121E-002   1.0017385411220385        1.0101010101010102E-002   1.0017385411220385        1.0000000000000000        2.5939187559664845E-005
   1.0000000000000244        5.6910147678490876E-013   1.2121212121212121E-002   1.0017384167788215        1.0101010101010102E-002   1.0017384167788215        1.0000000000000000       -6.6950001098575740E-011
   1.0101016228288160        4.9824804972663682E-006   1.2121212121212121E-002   1.0017385411220332        1.0101010101010102E-002   1.0017385411220332        1.0000000000000000       -2.5939139238317921E-005
   1.0202032431995636        9.9449336394916357E-006   1.2121212121212121E-002   1.0017389136610211        1.0101010101010102E-002   1.0017389136610211        1.0000000000000000       -5.1775811308552022E-005
   1.0303048586639223        1.4867409911771517E-005   1.2121212121212121E-002   1.0017395329192260        1.0101010101010102E-002   1.0017395329192260        1.0000000000000000       -7.7406978965299800E-005
   1.0404064667930319        1.9730122531945398E-005   1.2121212121212121E-002   1.0017403964387102        1.0101010101010102E-002   1.0017403964387102        1.0000000000000000       -1.0273072425626140E-004
   1.0505080651871679        2.4513524284618646E-005   1.2121212121212121E-002   1.0017415007933830        1.0101010101010102E-002   1.0017415007933830        1.0000000000000000       -1.2764693498823476E-004
   1.0606096514852237        2.9198382434524804E-005   1.2121212121212121E-002   1.0017428416028560        1.0101010101010102E-002   1.0017428416028560        1.0000000000000000       -1.5205667558948477E-004
   1.0707112233740921        3.3765857508021790E-005   1.2121212121212121E-002   1.0017444135462665        1.0101010101010102E-002   1.0017444135462665        1.0000000000000000       -1.7586263898294874E-004
   1.0808127785978834        3.8197582712604630E-005   1.2121212121212121E-002   1.0017462103810000        1.0101010101010102E-002   1.0017462103810000        1.0000000000000000       -1.9896974843813808E-004
   1.0909143149669398        4.2475734112962303E-005   1.2121212121212121E-002   1.0017482249684775        1.0101010101010102E-002   1.0017482249684775        1.0000000000000000        7.6215913482775051     
   1.1010158303665396        4.6583101870719601E-005   1.2121212121212121E-002   1.0017504493048031        1.0101010101010102E-002   1.0017504493048031        1.0000000000000000        93.406231115131902     
  -1.0101622828773915E-002  -4.9824802497114018E-006   1.2121212121212121E-002   1.0017385411220385        1.0101010101010102E-002   1.0017385411220385        1.0000000000000000        2.5939149831621933E-005
  -2.0203243199521936E-002  -9.9449337436013328E-006   1.2121212121212121E-002   1.0017389136613224        1.0101010101010102E-002   1.0017389136613224        1.0000000000000000        5.1775866307224305E-005
  -3.0304858663873335E-002  -1.4867409862613616E-005   1.2121212121212121E-002   1.0017395329193690        1.0101010101010102E-002   1.0017395329193690        1.0000000000000000        7.7406887458941753E-005
  -4.0406466792986762E-002  -1.9730122333438849E-005   1.2121212121212121E-002   1.0017403964383500        1.0101010101010102E-002   1.0017403964383500        1.0000000000000000        1.0273070425093067E-004
  -5.0508065187127360E-002  -2.4513524638541748E-005   1.2121212121212121E-002   1.0017415007931449        1.0101010101010102E-002   1.0017415007931449        1.0000000000000000        1.2764698106959571E-004
  -6.0609651485183491E-002  -2.9198382352343299E-005   1.2121212121212121E-002   1.0017428416029068        1.0101010101010102E-002   1.0017428416029068        1.0000000000000000        1.5205669637552433E-004
  -7.0711223374049781E-002  -3.3765857430245267E-005   1.2121212121212121E-002   1.0017444135462392        1.0101010101010102E-002   1.0017444135462392        1.0000000000000000        1.7586259785407066E-004
  -8.0812778597843749E-002  -3.8197582633281424E-005   1.2121212121212121E-002   1.0017462103808483        1.0101010101010102E-002   1.0017462103808483        1.0000000000000000        1.9896976378852571E-004
  -9.0914314966901388E-002  -4.2475734418606546E-005   1.2121212121212121E-002   1.0017482249686056        1.0101010101010102E-002   1.0017482249686056        1.0000000000000000       -7.6215913482439390     
 -0.10101583036649675       -4.6583101840553891E-005   1.2121212121212121E-002   1.0017504493049667        1.0101010101010102E-002   1.0017504493049667        1.0000000000000000       -93.406231115156643     
