 # x v h rho m p cs a
   12.300999999998622     
   6.8956616275019993E-007  -1.4591072933957732E-005   1.2121212121212121E-002   1.0018005394389509        1.0101010101010102E-002   1.0018005394389509        1.0000000000000000        1.2434497875801753E-014
   1.0101709055585887E-002  -1.4322025608227581E-005   1.2121212121212121E-002   1.0017983233348444        1.0101010101010102E-002   1.0017983233348444        1.0000000000000000       -1.4210854715202004E-014
   2.0202750691946242E-002  -1.3827040228079304E-005   1.2121212121212121E-002   1.0017957680748417        1.0101010101010102E-002   1.0017957680748417        1.0000000000000000       -9.9475983006414026E-014
   3.0303820901498066E-002  -1.3714190768772937E-005   1.2121212121212121E-002   1.0017931661768926        1.0101010101010102E-002   1.0017931661768926        1.0000000000000000        6.1284310959308641E-014
   4.0404914722721640E-002  -1.3964008406813630E-005   1.2121212121212121E-002   1.0017909469229760        1.0101010101010102E-002   1.0017909469229760        1.0000000000000000        3.5527136788005009E-015
   5.0506028364079893E-002  -1.4130376661707048E-005   1.2121212121212121E-002   1.0017889031269256        1.0101010101010102E-002   1.0017889031269256        1.0000000000000000        4.4408920985006262E-015
   6.0607162443456035E-002  -1.3934813915728174E-005   1.2121212121212121E-002   1.0017869823746315        1.0101010101010102E-002   1.0017869823746315        1.0000000000000000       -8.8817841970012523E-015
   7.0708314863159996E-002  -1.3945320532339555E-005   1.2121212121212121E-002   1.0017856451661484        1.0101010101010102E-002   1.0017856451661484        1.0000000000000000       -5.1514348342607263E-014
   8.0809475327190142E-002  -1.4132091938916210E-005   1.2121212121212121E-002   1.0017848660067896        1.0101010101010102E-002   1.0017848660067896        1.0000000000000000        2.1316282072803006E-014
   9.0910642256265356E-002  -1.4536791427566255E-005   1.2121212121212121E-002   1.0017841321787313        1.0101010101010102E-002   1.0017841321787313        1.0000000000000000        7.1054273576010019E-015
  0.10101181711080254       -1.5169985671693462E-005   1.2121212121212121E-002   1.0017833655303476        1.0101010101010102E-002   1.0017833655303476        1.0000000000000000        7.1054273576010019E-015
  0.11111299977323362       -1.5868610644978882E-005   1.2121212121212121E-002   1.0017829128390625        1.0101010101010102E-002   1.0017829128390625        1.0000000000000000        3.5527136788005009E-015
  0.12121418396524025       -1.6626278950101326E-005   1.2121212121212121E-002   1.0017830274799302        1.0101010101010102E-002   1.0017830274799302        1.0000000000000000        1.9539925233402755E-014
  0.13131536437394817       -1.7830885963261112E-005   1.2121212121212121E-002   1.0017837439901844        1.0101010101010102E-002   1.0017837439901844        1.0000000000000000        8.0824236192711396E-014
  0.14141653456676323       -1.9416117085142490E-005   1.2121212121212121E-002   1.0017851326624811        1.0101010101010102E-002   1.0017851326624811        1.0000000000000000        2.2204460492503131E-014
  0.15151768711820138       -2.0806633195858234E-005   1.2121212121212121E-002   1.0017869281752543        1.0101010101010102E-002   1.0017869281752543        1.0000000000000000       -6.2172489379008766E-015
  0.16161882111416814       -2.1860164401539614E-005   1.2121212121212121E-002   1.0017886924212080        1.0101010101010102E-002   1.0017886924212080        1.0000000000000000       -6.2172489379008766E-015
  0.17171993862703400       -2.3142524736596639E-005   1.2121212121212121E-002   1.0017903043122975        1.0101010101010102E-002   1.0017903043122975        1.0000000000000000       -6.2172489379008766E-015
  0.18182104108040761       -2.4525095352708026E-005   1.2121212121212121E-002   1.0017919456090565        1.0101010101010102E-002   1.0017919456090565        1.0000000000000000       -6.2172489379008766E-015
  0.19192212645385415       -2.5762817156867029E-005   1.2121212121212121E-002   1.0017937724402619        1.0101010101010102E-002   1.0017937724402619        1.0000000000000000       -6.2172489379008766E-015
  0.20202319228870355       -2.6628646528403513E-005   1.2121212121212121E-002   1.0017954967884422        1.0101010101010102E-002   1.0017954967884422        1.0000000000000000       -6.2172489379008766E-015
  0.21212424345547787       -2.7468547601975042E-005   1.2121212121212121E-002   1.0017970126798279        1.0101010101010102E-002   1.0017970126798279        1.0000000000000000       -6.2172489379008766E-015
  0.22222527926280911       -2.8237554487475596E-005   1.2121212121212121E-002   1.0017982710834299        1.0101010101010102E-002   1.0017982710834299        1.0000000000000000       -1.7763568394002505E-015
  0.23232630555440298       -2.8288109440866875E-005   1.2121212121212121E-002   1.0017992785338361        1.0101010101010102E-002   1.0017992785338361        1.0000000000000000       -5.6843418860808015E-014
  0.24242732176003348       -2.7535887729232009E-005   1.2121212121212121E-002   1.0018002134142840        1.0101010101010102E-002   1.0018002134142840        1.0000000000000000       -1.8562928971732617E-013
  0.25252832967608774       -2.6747694590893127E-005   1.2121212121212121E-002   1.0018011449967017        1.0101010101010102E-002   1.0018011449967017        1.0000000000000000        1.8385293287792592E-013
  0.26262932743918205       -2.6510776586959332E-005   1.2121212121212121E-002   1.0018020426356560        1.0101010101010102E-002   1.0018020426356560        1.0000000000000000        5.0626169922907138E-014
  0.27273031730422709       -2.6370076681744755E-005   1.2121212121212121E-002   1.0018027447394611        1.0101010101010102E-002   1.0018027447394611        1.0000000000000000       -6.2172489379008766E-015
  0.28283130156597380       -2.6143267579457652E-005   1.2121212121212121E-002   1.0018034656901704        1.0101010101010102E-002   1.0018034656901704        1.0000000000000000       -6.2172489379008766E-015
  0.29293227754941287       -2.5852459889538305E-005   1.2121212121212121E-002   1.0018044530393571        1.0101010101010102E-002   1.0018044530393571        1.0000000000000000       -6.2172489379008766E-015
  0.30303324272377008       -2.5457923181909567E-005   1.2121212121212121E-002   1.0018059466270368        1.0101010101010102E-002   1.0018059466270368        1.0000000000000000       -6.2172489379008766E-015
  0.31313418881823452       -2.4719802872390812E-005   1.2121212121212121E-002   1.0018077168972790        1.0101010101010102E-002   1.0018077168972790        1.0000000000000000       -6.2172489379008766E-015
  0.32323511828652146       -2.4161617372295448E-005   1.2121212121212121E-002   1.0018093366084846        1.0101010101010102E-002   1.0018093366084846        1.0000000000000000       -6.2172489379008766E-015
  0.33333603247990579       -2.3723282384793195E-005   1.2121212121212121E-002   1.0018108307973608        1.0101010101010102E-002   1.0018108307973608        1.0000000000000000       -6.2172489379008766E-015
  0.34343693247849644       -2.3003338354953484E-005   1.2121212121212121E-002   1.0018122291208811        1.0101010101010102E-002   1.0018122291208811        1.0000000000000000       -6.2172489379008766E-015
  0.35353781890887398       -2.1919701696590242E-005   1.2121212121212121E-002   1.0018134341353331        1.0101010101010102E-002   1.0018134341353331        1.0000000000000000       -6.2172489379008766E-015
  0.36363869461247650       -2.0903038970923734E-005   1.2121212121212121E-002   1.0018141752119591        1.0101010101010102E-002   1.0018141752119591        1.0000000000000000       -6.2172489379008766E-015
  0.37373956663690333       -1.9857129762802110E-005   1.2121212121212121E-002   1.0018145856453804        1.0101010101010102E-002   1.0018145856453804        1.0000000000000000       -6.2172489379008766E-015
  0.38384043468050966       -1.8289574349332143E-005   1.2121212121212121E-002   1.0018149350390870        1.0101010101010102E-002   1.0018149350390870        1.0000000000000000       -6.2172489379008766E-015
  0.39394129983055509       -1.6520310790008378E-005   1.2121212121212121E-002   1.0018152778174341        1.0101010101010102E-002   1.0018152778174341        1.0000000000000000       -6.2172489379008766E-015
  0.40404216139602406       -1.4948692514275855E-005   1.2121212121212121E-002   1.0018158080811110        1.0101010101010102E-002   1.0018158080811110        1.0000000000000000       -6.2172489379008766E-015
  0.41414301655703240       -1.3617244771126208E-005   1.2121212121212121E-002   1.0018168113052963        1.0101010101010102E-002   1.0018168113052963        1.0000000000000000       -6.2172489379008766E-015
  0.42424385814977628       -1.2286989056717649E-005   1.2121212121212121E-002   1.0018181687223757        1.0101010101010102E-002   1.0018181687223757        1.0000000000000000       -6.2172489379008766E-015
  0.43434468533914572       -1.0721889306005954E-005   1.2121212121212121E-002   1.0018191956954152        1.0101010101010102E-002   1.0018191956954152        1.0000000000000000       -6.2172489379008766E-015
  0.44444550619940099       -8.9975869172717230E-006   1.2121212121212121E-002   1.0018196215767146        1.0101010101010102E-002   1.0018196215767146        1.0000000000000000       -6.2172489379008766E-015
  0.45454632572954357       -7.5399671228863748E-006   1.2121212121212121E-002   1.0018198686382411        1.0101010101010102E-002   1.0018198686382411        1.0000000000000000       -6.2172489379008766E-015
  0.46464714199076707       -6.4003012628422464E-006   1.2121212121212121E-002   1.0018201120288226        1.0101010101010102E-002   1.0018201120288226        1.0000000000000000       -6.2172489379008766E-015
  0.47474795623713612       -5.0159551100928830E-006   1.2121212121212121E-002   1.0018201053249214        1.0101010101010102E-002   1.0018201053249214        1.0000000000000000        5.3290705182007514E-015
  0.48484877281733052       -3.1608129692519023E-006   1.2121212121212121E-002   1.0018199466904494        1.0101010101010102E-002   1.0018199466904494        1.0000000000000000       -7.0166095156309893E-014
  0.49494959051455795       -1.0732977017482301E-006   1.2121212121212121E-002   1.0018198307573440        1.0101010101010102E-002   1.0018198307573440        1.0000000000000000       -4.4941828036826337E-013
  0.50505040948599944        1.0732978512019569E-006   1.2121212121212121E-002   1.0018198307572177        1.0101010101010102E-002   1.0018198307572177        1.0000000000000000       -6.9277916736609768E-014
  0.51515122718322992        3.1608128817392318E-006   1.2121212121212121E-002   1.0018199466903641        1.0101010101010102E-002   1.0018199466903641        1.0000000000000000        1.5987211554602254E-014
  0.52525204376342305        5.0159553164510823E-006   1.2121212121212121E-002   1.0018201053249429        1.0101010101010102E-002   1.0018201053249429        1.0000000000000000        1.7763568394002505E-015
  0.53535285800979260        6.4003011273313821E-006   1.2121212121212121E-002   1.0018201120287731        1.0101010101010102E-002   1.0018201120287731        1.0000000000000000        1.7763568394002505E-015
  0.54545367427101688        7.5399675873848444E-006   1.2121212121212121E-002   1.0018198686382689        1.0101010101010102E-002   1.0018198686382689        1.0000000000000000        1.7763568394002505E-015
  0.55555449380115807        8.9975867903174017E-006   1.2121212121212121E-002   1.0018196215767650        1.0101010101010102E-002   1.0018196215767650        1.0000000000000000        1.7763568394002505E-015
  0.56565531466141306        1.0721889391487266E-005   1.2121212121212121E-002   1.0018191956951574        1.0101010101010102E-002   1.0018191956951574        1.0000000000000000        1.7763568394002505E-015
  0.57575614185078894        1.2286989324624504E-005   1.2121212121212121E-002   1.0018181687223695        1.0101010101010102E-002   1.0018181687223695        1.0000000000000000        1.7763568394002505E-015
  0.58585698344352621        1.3617244789022379E-005   1.2121212121212121E-002   1.0018168113054060        1.0101010101010102E-002   1.0018168113054060        1.0000000000000000        1.7763568394002505E-015
  0.59595783860453855        1.4948692252542856E-005   1.2121212121212121E-002   1.0018158080810902        1.0101010101010102E-002   1.0018158080810902        1.0000000000000000        1.7763568394002505E-015
  0.60605870017000429        1.6520310979628297E-005   1.2121212121212121E-002   1.0018152778174725        1.0101010101010102E-002   1.0018152778174725        1.0000000000000000        1.7763568394002505E-015
  0.61615956532005223        1.8289574617848096E-005   1.2121212121212121E-002   1.0018149350392069        1.0101010101010102E-002   1.0018149350392069        1.0000000000000000        1.7763568394002505E-015
  0.62626043336365333        1.9857130102137173E-005   1.2121212121212121E-002   1.0018145856453931        1.0101010101010102E-002   1.0018145856453931        1.0000000000000000        1.7763568394002505E-015
  0.63636130538808533        2.0903038689565704E-005   1.2121212121212121E-002   1.0018141752119676        1.0101010101010102E-002   1.0018141752119676        1.0000000000000000        1.7763568394002505E-015
  0.64646218109168274        2.1919701835047284E-005   1.2121212121212121E-002   1.0018134341354392        1.0101010101010102E-002   1.0018134341354392        1.0000000000000000        1.7763568394002505E-015
  0.65656306752206262        2.3003338161586284E-005   1.2121212121212121E-002   1.0018122291207454        1.0101010101010102E-002   1.0018122291207454        1.0000000000000000        1.7763568394002505E-015
  0.66666396752065427        2.3723282310076750E-005   1.2121212121212121E-002   1.0018108307973050        1.0101010101010102E-002   1.0018108307973050        1.0000000000000000        1.7763568394002505E-015
  0.67676488171403837        2.4161617918774736E-005   1.2121212121212121E-002   1.0018093366083725        1.0101010101010102E-002   1.0018093366083725        1.0000000000000000        1.7763568394002505E-015
  0.68686581118232803        2.4719802785029816E-005   1.2121212121212121E-002   1.0018077168972506        1.0101010101010102E-002   1.0018077168972506        1.0000000000000000        1.7763568394002505E-015
  0.69696675727679025        2.5457923285899775E-005   1.2121212121212121E-002   1.0018059466270641        1.0101010101010102E-002   1.0018059466270641        1.0000000000000000        1.7763568394002505E-015
  0.70706772245114902        2.5852460314556030E-005   1.2121212121212121E-002   1.0018044530393864        1.0101010101010102E-002   1.0018044530393864        1.0000000000000000        1.7763568394002505E-015
  0.71716869843458642        2.6143267306592385E-005   1.2121212121212121E-002   1.0018034656904109        1.0101010101010102E-002   1.0018034656904109        1.0000000000000000        1.7763568394002505E-015
  0.72726968269632908        2.6370076770921102E-005   1.2121212121212121E-002   1.0018027447394096        1.0101010101010102E-002   1.0018027447394096        1.0000000000000000        1.7763568394002505E-015
  0.73737067256137967        2.6510776767547726E-005   1.2121212121212121E-002   1.0018020426355450        1.0101010101010102E-002   1.0018020426355450        1.0000000000000000        1.7763568394002505E-015
  0.74747167032447082        2.6747694579749412E-005   1.2121212121212121E-002   1.0018011449966544        1.0101010101010102E-002   1.0018011449966544        1.0000000000000000        1.7763568394002505E-015
  0.75757267824052898        2.7535887665180533E-005   1.2121212121212121E-002   1.0018002134142019        1.0101010101010102E-002   1.0018002134142019        1.0000000000000000        1.7763568394002505E-015
  0.76767369444615718        2.8288109854802685E-005   1.2121212121212121E-002   1.0017992785337149        1.0101010101010102E-002   1.0017992785337149        1.0000000000000000        1.7763568394002505E-015
  0.77777472073775600        2.8237554173211105E-005   1.2121212121212121E-002   1.0017982710834199        1.0101010101010102E-002   1.0017982710834199        1.0000000000000000        1.7763568394002505E-015
  0.78787575654508279        2.7468547874666149E-005   1.2121212121212121E-002   1.0017970126800517        1.0101010101010102E-002   1.0017970126800517        1.0000000000000000        1.7763568394002505E-015
  0.79797680771185597        2.6628646578129396E-005   1.2121212121212121E-002   1.0017954967882992        1.0101010101010102E-002   1.0017954967882992        1.0000000000000000        1.7763568394002505E-015
  0.80807787354671023        2.5762817145079048E-005   1.2121212121212121E-002   1.0017937724402250        1.0101010101010102E-002   1.0017937724402250        1.0000000000000000        1.7763568394002505E-015
  0.81817895892015302        2.4525095620724781E-005   1.2121212121212121E-002   1.0017919456093225        1.0101010101010102E-002   1.0017919456093225        1.0000000000000000        1.7763568394002505E-015
  0.82828006137352383        2.3142524653783017E-005   1.2121212121212121E-002   1.0017903043121841        1.0101010101010102E-002   1.0017903043121841        1.0000000000000000        1.7763568394002505E-015
  0.83838117888639541        2.1860164327035893E-005   1.2121212121212121E-002   1.0017886924210677        1.0101010101010102E-002   1.0017886924210677        1.0000000000000000        1.7763568394002505E-015
  0.84848231288235987        2.0806633381026586E-005   1.2121212121212121E-002   1.0017869281754364        1.0101010101010102E-002   1.0017869281754364        1.0000000000000000        1.7763568394002505E-015
  0.85858346543379571        1.9416117379542933E-005   1.2121212121212121E-002   1.0017851326624421        1.0101010101010102E-002   1.0017851326624421        1.0000000000000000        1.7763568394002505E-015
  0.86868463562661380        1.7830886063954905E-005   1.2121212121212121E-002   1.0017837439899042        1.0101010101010102E-002   1.0017837439899042        1.0000000000000000        1.7763568394002505E-015
  0.87878581603532535        1.6626279094820029E-005   1.2121212121212121E-002   1.0017830274800299        1.0101010101010102E-002   1.0017830274800299        1.0000000000000000        1.7763568394002505E-015
  0.88888700022732603        1.5868610416928370E-005   1.2121212121212121E-002   1.0017829128393616        1.0101010101010102E-002   1.0017829128393616        1.0000000000000000        1.7763568394002505E-015
  0.89898818288975635        1.5169985601944096E-005   1.2121212121212121E-002   1.0017833655303749        1.0101010101010102E-002   1.0017833655303749        1.0000000000000000        1.7763568394002505E-015
  0.90908935774429389        1.4536791985070639E-005   1.2121212121212121E-002   1.0017841321785486        1.0101010101010102E-002   1.0017841321785486        1.0000000000000000        1.7763568394002505E-015
  0.91919052467337281        1.4132091896077807E-005   1.2121212121212121E-002   1.0017848660066648        1.0101010101010102E-002   1.0017848660066648        1.0000000000000000        1.7763568394002505E-015
  0.92929168513740179        1.3945320492624521E-005   1.2121212121212121E-002   1.0017856451661322        1.0101010101010102E-002   1.0017856451661322        1.0000000000000000        1.7763568394002505E-015
  0.93939283755710701        1.3934813869737123E-005   1.2121212121212121E-002   1.0017869823746064        1.0101010101010102E-002   1.0017869823746064        1.0000000000000000        1.7763568394002505E-015
  0.94949397163648264        1.4130376829874081E-005   1.2121212121212121E-002   1.0017889031270033        1.0101010101010102E-002   1.0017889031270033        1.0000000000000000        1.7763568394002505E-015
  0.95959508527783954        1.3964008829068988E-005   1.2121212121212121E-002   1.0017909469229909        1.0101010101010102E-002   1.0017909469229909        1.0000000000000000        1.7763568394002505E-015
  0.96969617909906425        1.3714190316966794E-005   1.2121212121212121E-002   1.0017931661768982        1.0101010101010102E-002   1.0017931661768982        1.0000000000000000        8.8817841970012523E-016
  0.97979724930861534        1.3827040528700164E-005   1.2121212121212121E-002   1.0017957680750851        1.0101010101010102E-002   1.0017957680750851        1.0000000000000000       -3.2862601528904634E-014
  0.98989829094497073        1.4322025678654113E-005   1.2121212121212121E-002   1.0017983233348473        1.0101010101010102E-002   1.0017983233348473        1.0000000000000000        1.5010215292932116E-013
  0.99999931043439882        1.4591072993619216E-005   1.2121212121212121E-002   1.0018005394387361        1.0101010101010102E-002   1.0018005394387361        1.0000000000000000        1.0436096431476471E-012
   1.0101003205354089       -1.4450521127429379E-005   1.2121212121212121E-002   1.0017983233348444        1.0101010101010102E-002   1.0018010632929324        1.0000000000000000        1.4299672557172016E-013
   1.0202013306364190       -1.3973476448686920E-005   1.2121212121212121E-002   1.0017957680748417        1.0101010101010102E-002   1.0018004676557712        1.0000000000000000       -1.9677833450701065E-002
   1.0303023407374292       -1.3840347113319871E-005   1.2121212121212121E-002   1.0017931661768926        1.0101010101010102E-002   1.0018004115226273        1.0000000000000000       -1.3138325546267744     
   1.0404033508384394       -1.4070077388926258E-005   1.2121212121212121E-002   1.0017909469229760        1.0101010101010102E-002  0.99665637860081713        1.0000000000000000       -4.6453021478719450     
   1.0505043609394495       -1.4238209053782172E-005   1.2121212121212121E-002   1.0017889031269256        1.0101010101010102E-002  0.77867798353909146        1.0000000000000000        107.01218865918355     
  -1.0100320534847352E-002   1.4450521159383575E-005   1.2121212121212121E-002   1.0017983233348473        1.0101010101010102E-002   1.0018010632929562        1.0000000000000000        1.1546319456101628E-014
  -2.0201330635857453E-002   1.3973476762606475E-005   1.2121212121212121E-002   1.0017957680750851        1.0101010101010102E-002   1.0018004676557777        1.0000000000000000        1.9677833450746363E-002
  -3.0302340736867554E-002   1.3840346672344621E-005   1.2121212121212121E-002   1.0017931661768982        1.0101010101010102E-002   1.0018004115226335        1.0000000000000000        1.3138325546268277     
  -4.0403350837877661E-002   1.4070077800936923E-005   1.2121212121212121E-002   1.0017909469229909        1.0101010101010102E-002  0.99665637860082268        1.0000000000000000        4.6453021478716039     
  -5.0504360938887764E-002   1.4238209225242571E-005   1.2121212121212121E-002   1.0017889031270033        1.0101010101010102E-002  0.77867798353909445        1.0000000000000000       -107.01218865918408     
