 # x v h rho m p cs a
   5.7018181818179041     
   4.1057703915600225E-015  -1.0981653297153015E-013   1.2121212121212121E-002   1.0018501959989274        1.0101010101010102E-002   1.0018501959989274        1.0000000000000000       -6.9109162836866744E-011
   1.0100518109232194E-002   5.4699932546216904E-006   1.2121212121212121E-002   1.0018500958632139        1.0101010101010102E-002   1.0018500958632139        1.0000000000000000        2.0885653138513760E-005
   2.0201038197536138E-002   1.0917975033019731E-005   1.2121212121212121E-002   1.0018497958570518        1.0101010101010102E-002   1.0018497958570518        1.0000000000000000        4.1687514175769991E-005
   3.0301562236047550E-002   1.6322021985350285E-005   1.2121212121212121E-002   1.0018492971844040        1.0101010101010102E-002   1.0018492971844040        1.0000000000000000        6.2322181620722006E-005
   4.0402092180060453E-002   2.1660388546098378E-005   1.2121212121212121E-002   1.0018486018459249        1.0101010101010102E-002   1.0018486018459249        1.0000000000000000        8.2706843806512609E-005
   5.0502629961178665E-002   2.6911591670708688E-005   1.2121212121212121E-002   1.0018477126313601        1.0101010101010102E-002   1.0018477126313601        1.0000000000000000        1.0275979780427491E-004
   6.0603177479574659E-002   3.2054498358765342E-005   1.2121212121212121E-002   1.0018466331077349        1.0101010101010102E-002   1.0018466331077349        1.0000000000000000        1.2240064484281277E-004
   7.0703736596377811E-002   3.7068410613489687E-005   1.2121212121212121E-002   1.0018453676069619        1.0101010101010102E-002   1.0018453676069619        1.0000000000000000        1.4155028023665750E-004
   8.0804309126167900E-002   4.1933149809701008E-005   1.2121212121212121E-002   1.0018439212078447        1.0101010101010102E-002   1.0018439212078447        1.0000000000000000        1.6013205671328024E-004
   9.0904896829722012E-002   4.6629135871043139E-005   1.2121212121212121E-002   1.0018422997144658        1.0101010101010102E-002   1.0018422997144658        1.0000000000000000        1.7807136561920345E-004
  0.10100550140694242        5.1137465477101445E-005   1.2121212121212121E-002   1.0018405096350365        1.0101010101010102E-002   1.0018405096350365        1.0000000000000000        1.9529598744583154E-004
  0.11110612449000959        5.5439990537833691E-005   1.2121212121212121E-002   1.0018385581555780        1.0101010101010102E-002   1.0018385581555780        1.0000000000000000        2.1173675954955229E-004
  0.12120676763683530        5.9519390753244361E-005   1.2121212121212121E-002   1.0018364531111772        1.0101010101010102E-002   1.0018364531111772        1.0000000000000000        2.2732746878428856E-004
  0.13130743232478193        6.3359240837084461E-005   1.2121212121212121E-002   1.0018342029544944        1.0101010101010102E-002   1.0018342029544944        1.0000000000000000        2.4200554516173867E-004
  0.14140811994473579        6.6944078350138783E-005   1.2121212121212121E-002   1.0018318167212250        1.0101010101010102E-002   1.0018318167212250        1.0000000000000000        2.5571193162132744E-004
  0.15150883179551700        7.0259466417870519E-005   1.2121212121212121E-002   1.0018293039967918        1.0101010101010102E-002   1.0018293039967918        1.0000000000000000        2.6839101088693695E-004
  0.16160956907859630        7.3292052230410469E-005   1.2121212121212121E-002   1.0018266748771147        1.0101010101010102E-002   1.0018266748771147        1.0000000000000000        2.7999189662164525E-004
  0.17171033289328447        7.6029619258189364E-005   1.2121212121212121E-002   1.0018239399261459        1.0101010101010102E-002   1.0018239399261459        1.0000000000000000        2.9046784132447101E-004
  0.18181112423229659        7.8461135867577924E-005   1.2121212121212121E-002   1.0018211101352408        1.0101010101010102E-002   1.0018211101352408        1.0000000000000000        2.9977643168521695E-004
  0.19191194397773578        8.0576802523085701E-005   1.2121212121212121E-002   1.0018181968803557        1.0101010101010102E-002   1.0018181968803557        1.0000000000000000        3.0787980249247227E-004
  0.20201279289750121        8.2368091149521207E-005   1.2121212121212121E-002   1.0018152118759380        1.0101010101010102E-002   1.0018152118759380        1.0000000000000000        3.1474517688767634E-004
  0.21211367164218337        8.3827777890993315E-005   1.2121212121212121E-002   1.0018121671264397        1.0101010101010102E-002   1.0018121671264397        1.0000000000000000        3.2034481025711159E-004
  0.22221458074243600        8.4949971400361898E-005   1.2121212121212121E-002   1.0018090748789568        1.0101010101010102E-002   1.0018090748789568        1.0000000000000000        3.2465580245055747E-004
  0.23231552060680360        8.5730140067651509E-005   1.2121212121212121E-002   1.0018059475754193        1.0101010101010102E-002   1.0018059475754193        1.0000000000000000        3.2766034258813193E-004
  0.24241649152003505        8.6165129099890662E-005   1.2121212121212121E-002   1.0018027978026400        1.0101010101010102E-002   1.0018027978026400        1.0000000000000000        3.2934596457678822E-004
  0.25251749364189641        8.6253172525740685E-005   1.2121212121212121E-002   1.0017996382396948        1.0101010101010102E-002   1.0017996382396948        1.0000000000000000        3.2970585097835681E-004
  0.26261852700653215        8.5993902160881198E-005   1.2121212121212121E-002   1.0017964816071760        1.0101010101010102E-002   1.0017964816071760        1.0000000000000000        3.2873811345002224E-004
  0.27271959152228054        8.5388346356692489E-005   1.2121212121212121E-002   1.0017933406182429        1.0101010101010102E-002   1.0017933406182429        1.0000000000000000        3.2644612085430680E-004
  0.28282068697199364        8.4438929717207660E-005   1.2121212121212121E-002   1.0017902279268271        1.0101010101010102E-002   1.0017902279268271        1.0000000000000000        3.2283879477557065E-004
  0.29292181301387871        8.3149462293744707E-005   1.2121212121212121E-002   1.0017871560744092        1.0101010101010102E-002   1.0017871560744092        1.0000000000000000        3.1793063257712362E-004
  0.30302296918287852        8.1525123593812610E-005   1.2121212121212121E-002   1.0017841374401333        1.0101010101010102E-002   1.0017841374401333        1.0000000000000000        3.1174095956743031E-004
  0.31312415489249579        7.9572441320857574E-005   1.2121212121212121E-002   1.0017811841926967        1.0101010101010102E-002   1.0017811841926967        1.0000000000000000        3.0429428889533483E-004
  0.32322536943711827        7.7299267337869906E-005   1.2121212121212121E-002   1.0017783082405127        1.0101010101010102E-002   1.0017783082405127        1.0000000000000000        2.9562033405117205E-004
  0.33332661199483254        7.4714747087433763E-005   1.2121212121212121E-002   1.0017755211822599        1.0101010101010102E-002   1.0017755211822599        1.0000000000000000        2.8575397563201932E-004
  0.34342788163072829        7.1829278506783492E-005   1.2121212121212121E-002   1.0017728342591226        1.0101010101010102E-002   1.0017728342591226        1.0000000000000000        2.7473487971274579E-004
  0.35352917730066175        6.8654473656294481E-005   1.2121212121212121E-002   1.0017702583114763        1.0101010101010102E-002   1.0017702583114763        1.0000000000000000        2.6260694345481284E-004
  0.36363049785540874        6.5203110789803376E-005   1.2121212121212121E-002   1.0017678037356510        1.0101010101010102E-002   1.0017678037356510        1.0000000000000000        2.4941885240803430E-004
  0.37373184204527976        6.1489087100755042E-005   1.2121212121212121E-002   1.0017654804389151        1.0101010101010102E-002   1.0017654804389151        1.0000000000000000        2.3522394171848759E-004
  0.38383320852517333        5.7527354529792086E-005   1.2121212121212121E-002   1.0017632977984638        1.0101010101010102E-002   1.0017632977984638        1.0000000000000000        2.2007944497115517E-004
  0.39393459586000723        5.3333865737567070E-005   1.2121212121212121E-002   1.0017612646269789        1.0101010101010102E-002   1.0017612646269789        1.0000000000000000        2.0404587348021863E-004
  0.40403600253043725        4.8925509669554394E-005   1.2121212121212121E-002   1.0017593891361569        1.0101010101010102E-002   1.0017593891361569        1.0000000000000000        1.8718805490713919E-004
  0.41413742693901501        4.4320041891727706E-005   1.2121212121212121E-002   1.0017576789007208        1.0101010101010102E-002   1.0017576789007208        1.0000000000000000        1.6957405651218949E-004
  0.42423886741662697        3.9536013179623580E-005   1.2121212121212121E-002   1.0017561408278128        1.0101010101010102E-002   1.0017561408278128        1.0000000000000000        1.5127510715018389E-004
  0.43434032222925556        3.4592693005994851E-005   1.2121212121212121E-002   1.0017547811307046        1.0101010101010102E-002   1.0017547811307046        1.0000000000000000        1.3236471112243464E-004
  0.44444178958493458        2.9509996782757783E-005   1.2121212121212121E-002   1.0017536053042364        1.0101010101010102E-002   1.0017536053042364        1.0000000000000000        1.1291925093637190E-004
  0.45454326764099090        2.4308401166658132E-005   1.2121212121212121E-002   1.0017526180994281        1.0101010101010102E-002   1.0017526180994281        1.0000000000000000        9.3017533664863095E-005
  0.46464475451151610        1.9008863290536128E-005   1.2121212121212121E-002   1.0017518235046194        1.0101010101010102E-002   1.0017518235046194        1.0000000000000000        7.2739909403374270E-005
  0.47474624827497641        1.3632733785863714E-005   1.2121212121212121E-002   1.0017512247308378        1.0101010101010102E-002   1.0017512247308378        1.0000000000000000        5.2168193598767232E-005
  0.48484774698197042        8.2016736724239484E-006   1.2121212121212121E-002   1.0017508241990536        1.0101010101010102E-002   1.0017508241990536        1.0000000000000000        3.1385402420980313E-005
  0.49494924866308931        2.7375680078647414E-006   1.2121212121212121E-002   1.0017506235283153        1.0101010101010102E-002   1.0017506235283153        1.0000000000000000        1.0475861571102030E-005
  0.50505075133691546       -2.7375677081323032E-006   1.2121212121212121E-002   1.0017506235283709        1.0101010101010102E-002   1.0017506235283709        1.0000000000000000       -1.0475871989434893E-005
  0.51515225301803280       -8.2016739830110554E-006   1.2121212121212121E-002   1.0017508241989901        1.0101010101010102E-002   1.0017508241989901        1.0000000000000000       -3.1385367029734823E-005
  0.52525375172502975       -1.3632733855459532E-005   1.2121212121212121E-002   1.0017512247307403        1.0101010101010102E-002   1.0017512247307403        1.0000000000000000       -5.2168223721338336E-005
  0.53535524548848967       -1.9008863366640914E-005   1.2121212121212121E-002   1.0017518235048133        1.0101010101010102E-002   1.0017518235048133        1.0000000000000000       -7.2739940965682592E-005
  0.54545673235901071       -2.4308401029714091E-005   1.2121212121212121E-002   1.0017526180995211        1.0101010101010102E-002   1.0017526180995211        1.0000000000000000       -9.3017480796930840E-005
  0.55555821041506903       -2.9509996693914147E-005   1.2121212121212121E-002   1.0017536053040406        1.0101010101010102E-002   1.0017536053040406        1.0000000000000000       -1.1291924124723351E-004
  0.56565967777075066       -3.4592693369139173E-005   1.2121212121212121E-002   1.0017547811306224        1.0101010101010102E-002   1.0017547811306224        1.0000000000000000       -1.3236474250355457E-004
  0.57576113258337824       -3.9536012789849917E-005   1.2121212121212121E-002   1.0017561408278703        1.0101010101010102E-002   1.0017561408278703        1.0000000000000000       -1.5127510954027201E-004
  0.58586257306098999       -4.4320041847607664E-005   1.2121212121212121E-002   1.0017576789008609        1.0101010101010102E-002   1.0017576789008609        1.0000000000000000       -1.6957407156059645E-004
  0.59596399746956497       -4.8925509576762795E-005   1.2121212121212121E-002   1.0017593891362448        1.0101010101010102E-002   1.0017593891362448        1.0000000000000000       -1.8718802873785023E-004
  0.60606540413999599       -5.3333865984607305E-005   1.2121212121212121E-002   1.0017612646269785        1.0101010101010102E-002   1.0017612646269785        1.0000000000000000       -2.0404587969480303E-004
  0.61616679147482889       -5.7527354353285545E-005   1.2121212121212121E-002   1.0017632977983713        1.0101010101010102E-002   1.0017632977983713        1.0000000000000000       -2.2007941687629540E-004
  0.62626815795472535       -6.1489087087427039E-005   1.2121212121212121E-002   1.0017654804387937        1.0101010101010102E-002   1.0017654804387937        1.0000000000000000       -2.3522396700759174E-004
  0.63636950214459642       -6.5203111123000618E-005   1.2121212121212121E-002   1.0017678037357813        1.0101010101010102E-002   1.0017678037357813        1.0000000000000000       -2.4941887960849840E-004
  0.64647082269934020       -6.8654473555364596E-005   1.2121212121212121E-002   1.0017702583115402        1.0101010101010102E-002   1.0017702583115402        1.0000000000000000       -2.6260690226198591E-004
  0.65657211836927543       -7.1829278518592270E-005   1.2121212121212121E-002   1.0017728342590211        1.0101010101010102E-002   1.0017728342590211        1.0000000000000000       -2.7473488583762418E-004
  0.66667338800517206       -7.4714746976145275E-005   1.2121212121212121E-002   1.0017755211823480        1.0101010101010102E-002   1.0017755211823480        1.0000000000000000       -2.8575400913855020E-004
  0.67677463056288345       -7.7299267507333403E-005   1.2121212121212121E-002   1.0017783082406584        1.0101010101010102E-002   1.0017783082406584        1.0000000000000000       -2.9562031399610333E-004
  0.68687584510750554       -7.9572440973823161E-005   1.2121212121212121E-002   1.0017811841926763        1.0101010101010102E-002   1.0017811841926763        1.0000000000000000       -3.0429427427236533E-004
  0.69697703081712392       -8.1525123747664950E-005   1.2121212121212121E-002   1.0017841374401033        1.0101010101010102E-002   1.0017841374401033        1.0000000000000000       -3.1174096919350802E-004
  0.70707818698612313       -8.3149462557813381E-005   1.2121212121212121E-002   1.0017871560743394        1.0101010101010102E-002   1.0017871560743394        1.0000000000000000       -3.1793061575324799E-004
  0.71717931302801030       -8.4438929395905702E-005   1.2121212121212121E-002   1.0017902279267854        1.0101010101010102E-002   1.0017902279267854        1.0000000000000000       -3.2283881816663751E-004
  0.72728040847772224       -8.5388346537505956E-005   1.2121212121212121E-002   1.0017933406182928        1.0101010101010102E-002   1.0017933406182928        1.0000000000000000       -3.2644611573218185E-004
  0.73738147299347057       -8.5993901996884656E-005   1.2121212121212121E-002   1.0017964816072011        1.0101010101010102E-002   1.0017964816072011        1.0000000000000000       -3.2873811508427053E-004
  0.74748250635810609       -8.6253172738851911E-005   1.2121212121212121E-002   1.0017996382397998        1.0101010101010102E-002   1.0017996382397998        1.0000000000000000       -3.2970586564662341E-004
  0.75758350847996547       -8.6165128895087108E-005   1.2121212121212121E-002   1.0018027978027555        1.0101010101010102E-002   1.0018027978027555        1.0000000000000000       -3.2934595371791886E-004
  0.76768447939319640       -8.5730140024395732E-005   1.2121212121212121E-002   1.0018059475754073        1.0101010101010102E-002   1.0018059475754073        1.0000000000000000       -3.2766032405628920E-004
  0.77778541925756461       -8.4949971321153760E-005   1.2121212121212121E-002   1.0018090748787420        1.0101010101010102E-002   1.0018090748787420        1.0000000000000000       -3.2465577778406640E-004
  0.78788632835782135       -8.3827777946804221E-005   1.2121212121212121E-002   1.0018121671262894        1.0101010101010102E-002   1.0018121671262894        1.0000000000000000       -3.2034484854825962E-004
  0.79798720710250248       -8.2368091123338728E-005   1.2121212121212121E-002   1.0018152118759223        1.0101010101010102E-002   1.0018152118759223        1.0000000000000000       -3.1474516825902299E-004
  0.80808805602226896       -8.0576802696882388E-005   1.2121212121212121E-002   1.0018181968803219        1.0101010101010102E-002   1.0018181968803219        1.0000000000000000       -3.0787980678770310E-004
  0.81818887576770782       -7.8461135768610147E-005   1.2121212121212121E-002   1.0018211101352255        1.0101010101010102E-002   1.0018211101352255        1.0000000000000000       -2.9977643255829634E-004
  0.82828966710672092       -7.6029619142905348E-005   1.2121212121212121E-002   1.0018239399263185        1.0101010101010102E-002   1.0018239399263185        1.0000000000000000       -2.9046787896103154E-004
  0.83839043092140419       -7.3292052396181688E-005   1.2121212121212121E-002   1.0018266748772089        1.0101010101010102E-002   1.0018266748772089        1.0000000000000000       -2.7999184474136740E-004
  0.84849116820448656       -7.0259466523625252E-005   1.2121212121212121E-002   1.0018293039968009        1.0101010101010102E-002   1.0018293039968009        1.0000000000000000       -2.6839104197229346E-004
  0.85859188005526454       -6.6944078361172153E-005   1.2121212121212121E-002   1.0018318167211631        1.0101010101010102E-002   1.0018318167211631        1.0000000000000000       -2.5571188468376249E-004
  0.86869256767522296       -6.3359240655744899E-005   1.2121212121212121E-002   1.0018342029544367        1.0101010101010102E-002   1.0018342029544367        1.0000000000000000       -2.4200559509335307E-004
  0.87879323236316642       -5.9519390633395711E-005   1.2121212121212121E-002   1.0018364531112502        1.0101010101010102E-002   1.0018364531112502        1.0000000000000000       -2.2732744409115213E-004
  0.88889387550999344       -5.5439990768389059E-005   1.2121212121212121E-002   1.0018385581555789        1.0101010101010102E-002   1.0018385581555789        1.0000000000000000       -2.1173677176999917E-004
  0.89899449859305969       -5.1137465416083957E-005   1.2121212121212121E-002   1.0018405096351686        1.0101010101010102E-002   1.0018405096351686        1.0000000000000000       -1.9529600343481945E-004
  0.90909510317027831       -4.6629135742590762E-005   1.2121212121212121E-002   1.0018422997146599        1.0101010101010102E-002   1.0018422997146599        1.0000000000000000       -1.7807136088343611E-004
  0.91919569087382968       -4.1933149939704356E-005   1.2121212121212121E-002   1.0018439212077379        1.0101010101010102E-002   1.0018439212077379        1.0000000000000000       -1.6013199923126109E-004
  0.92929626340362526       -3.7068410562860190E-005   1.2121212121212121E-002   1.0018453676068821        1.0101010101010102E-002   1.0018453676068821        1.0000000000000000       -1.4155034105645115E-004
  0.93939682252042456       -3.2054498256010007E-005   1.2121212121212121E-002   1.0018466331077296        1.0101010101010102E-002   1.0018466331077296        1.0000000000000000       -1.2240059963541938E-004
  0.94949737003882417       -2.6911591775696680E-005   1.2121212121212121E-002   1.0018477126312655        1.0101010101010102E-002   1.0018477126312655        1.0000000000000000       -1.0275982795260319E-004
  0.95959790781994114       -2.1660388870497760E-005   1.2121212121212121E-002   1.0018486018459920        1.0101010101010102E-002   1.0018486018459920        1.0000000000000000       -8.2706843452129419E-005
  0.96969843776395348       -1.6322021855927062E-005   1.2121212121212121E-002   1.0018492971843993        1.0101010101010102E-002   1.0018492971843993        1.0000000000000000       -6.2322171658024672E-005
  0.97979896180246584       -1.0917974876839295E-005   1.2121212121212121E-002   1.0018497958570984        1.0101010101010102E-002   1.0018497958570984        1.0000000000000000       -4.1687530608847112E-005
  0.98989948189076760       -5.4699932981103228E-006   1.2121212121212121E-002   1.0018500958631609        1.0101010101010102E-002   1.0018500958631609        1.0000000000000000       -2.0885617803223511E-005
  0.99999999999999922        1.1947111017582355E-013   1.2121212121212121E-002   1.0018501959989281        1.0101010101010102E-002   1.0018501959989281        1.0000000000000000        2.3002044713393843E-011
   1.0101005181092322        5.4186819142351174E-006   1.2121212121212121E-002   1.0018500958632139        1.0101010101010102E-002   1.0018500958632139        1.0000000000000000        2.0885626148547942E-005
   1.0202010381975362        1.0815558213175967E-005   1.2121212121212121E-002   1.0018497958570518        1.0101010101010102E-002   1.0018497958570518        1.0000000000000000        4.1687495984987777E-005
   1.0303015622360476        1.6168910481254858E-005   1.2121212121212121E-002   1.0018492971844040        1.0101010101010102E-002   1.0018492971844040        1.0000000000000000        6.2322180386154002E-005
   1.0404020921800605        2.1457196543548727E-005   1.2121212121212121E-002   1.0018486018459249        1.0101010101010102E-002   1.0018486018459249        1.0000000000000000        8.2706842273516656E-005
   1.0505026299611786        2.6659134112679597E-005   1.2121212121212121E-002   1.0018477126313601        1.0101010101010102E-002   1.0018477126313601        1.0000000000000000        1.0275979926532841E-004
   1.0606031774795746        3.1753787737344022E-005   1.2121212121212121E-002   1.0018466331077349        1.0101010101010102E-002   1.0018466331077349        1.0000000000000000        1.2240064681900975E-004
   1.0707037365963779        3.6720653758430381E-005   1.2121212121212121E-002   1.0018453676069619        1.0101010101010102E-002   1.0018453676069619        1.0000000000000000        1.4155027807216669E-004
   1.0808043091261679        4.1539741834769920E-005   1.2121212121212121E-002   1.0018439212078447        1.0101010101010102E-002   1.0018439212078447        1.0000000000000000        1.6013205655873719E-004
   1.0909048968297219        4.6191655178550931E-005   1.2121212121212121E-002   1.0018422997144658        1.0101010101010102E-002   1.0018422997144658        1.0000000000000000        7.6280255414303895     
   1.1010055014069424        5.0657667947108458E-005   1.2121212121212121E-002   1.0018405096350365        1.0101010101010102E-002   1.0018405096350365        1.0000000000000000        93.409808194499163     
  -1.0100518109232404E-002  -5.4186820350986248E-006   1.2121212121212121E-002   1.0018500958631609        1.0101010101010102E-002   1.0018500958631609        1.0000000000000000       -2.0885590146235700E-005
  -2.0201038197534160E-002  -1.0815558024578633E-005   1.2121212121212121E-002   1.0018497958570984        1.0101010101010102E-002   1.0018497958570984        1.0000000000000000       -4.1687512185362152E-005
  -3.0301562236046520E-002  -1.6168910386356479E-005   1.2121212121212121E-002   1.0018492971843993        1.0101010101010102E-002   1.0018492971843993        1.0000000000000000       -6.2322171658912850E-005
  -4.0402092180058857E-002  -2.1457196851107166E-005   1.2121212121212121E-002   1.0018486018459920        1.0101010101010102E-002   1.0018486018459920        1.0000000000000000       -8.2706843458346668E-005
  -5.0502629961175827E-002  -2.6659134145812344E-005   1.2121212121212121E-002   1.0018477126312655        1.0101010101010102E-002   1.0018477126312655        1.0000000000000000       -1.0275982795260319E-004
  -6.0603177479575443E-002  -3.1753787748092504E-005   1.2121212121212121E-002   1.0018466331077296        1.0101010101010102E-002   1.0018466331077296        1.0000000000000000       -1.2240059964252481E-004
  -7.0703736596374744E-002  -3.6720653568725067E-005   1.2121212121212121E-002   1.0018453676068821        1.0101010101010102E-002   1.0018453676068821        1.0000000000000000       -1.4155034105023390E-004
  -8.0804309126170315E-002  -4.1539742089374471E-005   1.2121212121212121E-002   1.0018439212077379        1.0101010101010102E-002   1.0018439212077379        1.0000000000000000       -1.6013199924280741E-004
  -9.0904896829721693E-002  -4.6191655069569578E-005   1.2121212121212121E-002   1.0018422997146599        1.0101010101010102E-002   1.0018422997146599        1.0000000000000000       -7.6280255414336580     
 -0.10100550140694031       -5.0657667853153009E-005   1.2121212121212121E-002   1.0018405096351686        1.0101010101010102E-002   1.0018405096351686        1.0000000000000000       -93.409808194512991     
