 # x v h rho m p cs a
   7.1515151515146176     
   3.4965018534782664E-015   3.1961827124343202E-013   1.2121212121212121E-002   1.0017527715972556        1.0101010101010102E-002   1.0017527715972556        1.0000000000000000       -1.4834355965831492E-011
   1.0101480946188951E-002  -5.5526567540135125E-006   1.2121212121212121E-002   1.0017528676308098        1.0101010101010102E-002   1.0017528676308098        1.0000000000000000       -2.0033183854017977E-005
   2.0202959994003181E-002  -1.1082935376262873E-005   1.2121212121212121E-002   1.0017531553425845        1.0101010101010102E-002   1.0017531553425845        1.0000000000000000       -3.9985246123031004E-005
   3.0304435252761806E-002  -1.6568547177647940E-005   1.2121212121212121E-002   1.0017536335682868        1.0101010101010102E-002   1.0017536335682868        1.0000000000000000       -5.9775483420843045E-005
   4.0405904847117889E-002  -2.1987387050583161E-005   1.2121212121212121E-002   1.0017543003734011        1.0101010101010102E-002   1.0017543003734011        1.0000000000000000       -7.9323905503692060E-005
   5.0507366924637850E-002  -2.7317616727747457E-005   1.2121212121212121E-002   1.0017551530603857        1.0101010101010102E-002   1.0017551530603857        1.0000000000000000       -9.8551295379500914E-005
   6.0608819663313683E-002  -3.2537756021963942E-005   1.2121212121212121E-002   1.0017561881794110        1.0101010101010102E-002   1.0017561881794110        1.0000000000000000       -1.1737989726068321E-004
   7.0710261278927211E-002  -3.7626769980542130E-005   1.2121212121212121E-002   1.0017574015431097        1.0101010101010102E-002   1.0017574015431097        1.0000000000000000       -1.3573358436946847E-004
   8.0811690032268471E-002  -4.2564155562631903E-005   1.2121212121212121E-002   1.0017587882442185        1.0101010101010102E-002   1.0017587882442185        1.0000000000000000       -1.5353829087150217E-004
   9.0913104236149442E-002  -4.7330019930405886E-005   1.2121212121212121E-002   1.0017603426752544        1.0101010101010102E-002   1.0017603426752544        1.0000000000000000       -1.7072199805756583E-004
  0.10101450226223459       -5.1905161326310260E-005   1.2121212121212121E-002   1.0017620585510179        1.0101010101010102E-002   1.0017620585510179        1.0000000000000000       -1.8721532407717234E-004
  0.11111588254760943       -5.6271152190250240E-005   1.2121212121212121E-002   1.0017639289341222        1.0101010101010102E-002   1.0017639289341222        1.0000000000000000       -2.0295157591565527E-004
  0.12121724360110699       -6.0410407365564661E-005   1.2121212121212121E-002   1.0017659462641220        1.0101010101010102E-002   1.0017659462641220        1.0000000000000000       -2.1786749587615617E-004
  0.13131858400929999       -6.4306257982419841E-005   1.2121212121212121E-002   1.0017681023897098        1.0101010101010102E-002   1.0017681023897098        1.0000000000000000       -2.3190306897724611E-004
  0.14141990244217997       -6.7943015688324673E-005   1.2121212121212121E-002   1.0017703885989140        1.0101010101010102E-002   1.0017703885989140        1.0000000000000000       -2.4500136692395813E-004
  0.15152119765856903       -7.1306039336093937E-005   1.2121212121212121E-002   1.0017727956560118        1.0101010101010102E-002   1.0017727956560118        1.0000000000000000       -2.5711006261985858E-004
  0.16162246851106021       -7.4381794337919434E-005   1.2121212121212121E-002   1.0017753138407968        1.0101010101010102E-002   1.0017753138407968        1.0000000000000000       -2.6818043652809820E-004
  0.17172371395064556       -7.7157902665000831E-005   1.2121212121212121E-002   1.0017779329862775        1.0101010101010102E-002   1.0017779329862775        1.0000000000000000       -2.7816804915214988E-004
  0.18182493303092181       -7.9623194358536162E-005   1.2121212121212121E-002   1.0017806425204026        1.0101010101010102E-002   1.0017806425204026        1.0000000000000000       -2.8703284811548713E-004
  0.19192612491188737       -8.1767755030059611E-005   1.2121212121212121E-002   1.0017834315090988        1.0101010101010102E-002   1.0017834315090988        1.0000000000000000       -2.9473940745727845E-004
  0.20202728886329871       -8.3582963664872659E-005   1.2121212121212121E-002   1.0017862887011897        1.0101010101010102E-002   1.0017862887011897        1.0000000000000000       -3.0125704306538381E-004
  0.21212842426757642       -8.5061527029402397E-005   1.2121212121212121E-002   1.0017892025737656        1.0101010101010102E-002   1.0017892025737656        1.0000000000000000       -3.0655980219052026E-004
  0.22222953062226564       -8.6197506499431347E-005   1.2121212121212121E-002   1.0017921613784957        1.0101010101010102E-002   1.0017921613784957        1.0000000000000000       -3.1062664620584712E-004
  0.23233060754202658       -8.6986346474521786E-005   1.2121212121212121E-002   1.0017951531890454        1.0101010101010102E-002   1.0017951531890454        1.0000000000000000       -3.1344153350598702E-004
  0.24243165476015963       -8.7424889788199577E-005   1.2121212121212121E-002   1.0017981659504243        1.0101010101010102E-002   1.0017981659504243        1.0000000000000000       -3.1499371798293652E-004
  0.25253267212961439       -8.7511389689702093E-005   1.2121212121212121E-002   1.0018011875271091        1.0101010101010102E-002   1.0018011875271091        1.0000000000000000       -3.1527720595825315E-004
  0.26263365962356650       -8.7245517463861876E-005   1.2121212121212121E-002   1.0018042057512500        1.0101010101010102E-002   1.0018042057512500        1.0000000000000000       -3.1429128339688361E-004
  0.27273461733547516       -8.6628361943862358E-005   1.2121212121212121E-002   1.0018072084717835        1.0101010101010102E-002   1.0018072084717835        1.0000000000000000       -3.1204021501540780E-004
  0.28283554547869005       -8.5662429249576958E-005   1.2121212121212121E-002   1.0018101836046118        1.0101010101010102E-002   1.0018101836046118        1.0000000000000000       -3.0853376880468630E-004
  0.29293644438551220       -8.4351625542904266E-005   1.2121212121212121E-002   1.0018131191808313        1.0101010101010102E-002   1.0018131191808313        1.0000000000000000       -3.0378624530325027E-004
  0.30303731450584726       -8.2701247330710782E-005   1.2121212121212121E-002   1.0018160033928509        1.0101010101010102E-002   1.0018160033928509        1.0000000000000000       -2.9781704432174649E-004
  0.31313815640536535       -8.0717954981257681E-005   1.2121212121212121E-002   1.0018188246434565        1.0101010101010102E-002   1.0018188246434565        1.0000000000000000       -2.9065066847433485E-004
  0.32323897076317420       -7.8409749877639354E-005   1.2121212121212121E-002   1.0018215715922596        1.0101010101010102E-002   1.0018215715922596        1.0000000000000000       -2.8231625307473251E-004
  0.33333975836906565       -7.5785939367689788E-005   1.2121212121212121E-002   1.0018242332011666        1.0101010101010102E-002   1.0018242332011666        1.0000000000000000       -2.7284774678815182E-004
  0.34344052012028725       -7.2857098553252050E-005   1.2121212121212121E-002   1.0018267987772813        1.0101010101010102E-002   1.0018267987772813        1.0000000000000000       -2.6228323128840714E-004
  0.35354125701794681       -6.9635029549587813E-005   1.2121212121212121E-002   1.0018292580159218        1.0101010101010102E-002   1.0018292580159218        1.0000000000000000       -2.5066562716968832E-004
  0.36364197016293281       -6.6132713029525028E-005   1.2121212121212121E-002   1.0018316010427550        1.0101010101010102E-002   1.0018316010427550        1.0000000000000000       -2.3804179696185201E-004
  0.37374266075148171       -6.2364256115772932E-005   1.2121212121212121E-002   1.0018338184521713        1.0101010101010102E-002   1.0018338184521713        1.0000000000000000       -2.2446267268705355E-004
  0.38384333007034649       -5.8344833838889099E-005   1.2121212121212121E-002   1.0018359013447915        1.0101010101010102E-002   1.0018359013447915        1.0000000000000000       -2.0998291783680401E-004
  0.39394397949162119       -5.4090629929670586E-005   1.2121212121212121E-002   1.0018378413630091        1.0101010101010102E-002   1.0018378413630091        1.0000000000000000       -1.9466087125952214E-004
  0.40404461046720680       -4.9618771594170100E-005   1.2121212121212121E-002   1.0018396307239228        1.0101010101010102E-002   1.0018396307239228        1.0000000000000000       -1.7855807782218847E-004
  0.41414522452298852       -4.4947259379329492E-005   1.2121212121212121E-002   1.0018412622509121        1.0101010101010102E-002   1.0018412622509121        1.0000000000000000       -1.6173944047359612E-004
  0.42424582325267318       -4.0094896065445808E-005   1.2121212121212121E-002   1.0018427294012191        1.0101010101010102E-002   1.0018427294012191        1.0000000000000000       -1.4427225063684546E-004
  0.43434640831142635       -3.5081209442874588E-005   1.2121212121212121E-002   1.0018440262917041        1.0101010101010102E-002   1.0018440262917041        1.0000000000000000       -1.2622678991203173E-004
  0.44444698140920319       -2.9926375872938166E-005   1.2121212121212121E-002   1.0018451477235233        1.0101010101010102E-002   1.0018451477235233        1.0000000000000000       -1.0767547621703955E-004
  0.45454754430389016       -2.4651138632965955E-005   1.2121212121212121E-002   1.0018460892014456        1.0101010101010102E-002   1.0018460892014456        1.0000000000000000       -8.8692638415821534E-005
  0.46464809879426272       -1.9276722466798920E-005   1.2121212121212121E-002   1.0018468469517277        1.0101010101010102E-002   1.0018468469517277        1.0000000000000000       -6.9354384535813551E-005
  0.47474864671277106       -1.3824751571194755E-005   1.2121212121212121E-002   1.0018474179372114        1.0101010101010102E-002   1.0018474179372114        1.0000000000000000       -4.9738221282069617E-005
  0.48484918991820164       -8.3171613129688405E-006   1.2121212121212121E-002   1.0018477998701758        1.0101010101010102E-002   1.0018477998701758        1.0000000000000000       -2.9922921811476044E-005
  0.49494973028820416       -2.7761101267097053E-006   1.2121212121212121E-002   1.0018479912203269        1.0101010101010102E-002   1.0018479912203269        1.0000000000000000       -9.9876574255475248E-006
  0.50505026971180023        2.7761098013626214E-006   1.2121212121212121E-002   1.0018479912204319        1.0101010101010102E-002   1.0018479912204319        1.0000000000000000        9.9876342423144138E-006
  0.51515081008180041        8.3171615446754791E-006   1.2121212121212121E-002   1.0018477998703426        1.0101010101010102E-002   1.0018477998703426        1.0000000000000000        2.9922931878090253E-005
  0.52525135328722972        1.3824751812085646E-005   1.2121212121212121E-002   1.0018474179372587        1.0101010101010102E-002   1.0018474179372587        1.0000000000000000        4.9738235817997634E-005
  0.53535190120573861        1.9276722554827348E-005   1.2121212121212121E-002   1.0018468469517474        1.0101010101010102E-002   1.0018468469517474        1.0000000000000000        6.9354378204877776E-005
  0.54545245569611001        2.4651138295615240E-005   1.2121212121212121E-002   1.0018460892013294        1.0101010101010102E-002   1.0018460892013294        1.0000000000000000        8.8692673513968145E-005
  0.55555301859080053        2.9926376124771598E-005   1.2121212121212121E-002   1.0018451477233294        1.0101010101010102E-002   1.0018451477233294        1.0000000000000000        1.0767545766210418E-004
  0.56565359168857798        3.5081209286533902E-005   1.2121212121212121E-002   1.0018440262916204        1.0101010101010102E-002   1.0018440262916204        1.0000000000000000        1.2622678627849382E-004
  0.57575417674733209        4.0094896116583321E-005   1.2121212121212121E-002   1.0018427294012182        1.0101010101010102E-002   1.0018427294012182        1.0000000000000000        1.4427223268054234E-004
  0.58585477547701603        4.4947259358841832E-005   1.2121212121212121E-002   1.0018412622510837        1.0101010101010102E-002   1.0018412622510837        1.0000000000000000        1.6173942356711990E-004
  0.59595538953279459        4.9618771220129552E-005   1.2121212121212121E-002   1.0018396307239952        1.0101010101010102E-002   1.0018396307239952        1.0000000000000000        1.7855811554223777E-004
  0.60605602050838192        5.4090630252931359E-005   1.2121212121212121E-002   1.0018378413629641        1.0101010101010102E-002   1.0018378413629641        1.0000000000000000        1.9466085802299915E-004
  0.61615666992965612        5.8344833872888656E-005   1.2121212121212121E-002   1.0018359013447957        1.0101010101010102E-002   1.0018359013447957        1.0000000000000000        2.0998292308949118E-004
  0.62625733924852089        6.2364256133543928E-005   1.2121212121212121E-002   1.0018338184520164        1.0101010101010102E-002   1.0018338184520164        1.0000000000000000        2.2446269968234844E-004
  0.63635802983707312        6.6132713150676909E-005   1.2121212121212121E-002   1.0018316010425867        1.0101010101010102E-002   1.0018316010425867        1.0000000000000000        2.3804177286290695E-004
  0.64645874298205941        6.9635029351244681E-005   1.2121212121212121E-002   1.0018292580158936        1.0101010101010102E-002   1.0018292580158936        1.0000000000000000        2.5066562385500646E-004
  0.65655947987971885        7.2857098518470221E-005   1.2121212121212121E-002   1.0018267987772089        1.0101010101010102E-002   1.0018267987772089        1.0000000000000000        2.6228323905908013E-004
  0.66666024163094251        7.5785939379434259E-005   1.2121212121212121E-002   1.0018242332012997        1.0101010101010102E-002   1.0018242332012997        1.0000000000000000        2.7284769784419183E-004
  0.67676102923682879        7.8409749917964370E-005   1.2121212121212121E-002   1.0018215715923391        1.0101010101010102E-002   1.0018215715923391        1.0000000000000000        2.8231631355613018E-004
  0.68686184359464098        8.0717954844636389E-005   1.2121212121212121E-002   1.0018188246433415        1.0101010101010102E-002   1.0018188246433415        1.0000000000000000        2.9065064902145110E-004
  0.69696268549415863        8.2701247408244465E-005   1.2121212121212121E-002   1.0018160033928656        1.0101010101010102E-002   1.0018160033928656        1.0000000000000000        2.9781703881237576E-004
  0.70706355561449363        8.4351625907775783E-005   1.2121212121212121E-002   1.0018131191808879        1.0101010101010102E-002   1.0018131191808879        1.0000000000000000        3.0378623765603407E-004
  0.71716445452131472        8.5662428845265391E-005   1.2121212121212121E-002   1.0018101836046935        1.0101010101010102E-002   1.0018101836046935        1.0000000000000000        3.0853377415951400E-004
  0.72726538266452878        8.6628362011750869E-005   1.2121212121212121E-002   1.0018072084717531        1.0101010101010102E-002   1.0018072084717531        1.0000000000000000        3.1204023213060594E-004
  0.73736634037643922        8.7245517609873171E-005   1.2121212121212121E-002   1.0018042057512828        1.0101010101010102E-002   1.0018042057512828        1.0000000000000000        3.1429125396797986E-004
  0.74746732787038883        8.7511389946785077E-005   1.2121212121212121E-002   1.0018011875271757        1.0101010101010102E-002   1.0018011875271757        1.0000000000000000        3.1527722809254755E-004
  0.75756834523984462        8.7424889168696132E-005   1.2121212121212121E-002   1.0017981659504451        1.0101010101010102E-002   1.0017981659504451        1.0000000000000000        3.1499370285015260E-004
  0.76766939245797650        8.6986346618123252E-005   1.2121212121212121E-002   1.0017951531891427        1.0101010101010102E-002   1.0017951531891427        1.0000000000000000        3.1344153500434402E-004
  0.77777046937773620        8.6197506755549661E-005   1.2121212121212121E-002   1.0017921613784113        1.0101010101010102E-002   1.0017921613784113        1.0000000000000000        3.1062668248793557E-004
  0.78787157573242850        8.5061526963933512E-005   1.2121212121212121E-002   1.0017892025735822        1.0101010101010102E-002   1.0017892025735822        1.0000000000000000        3.0655978892912827E-004
  0.79797271113670709        8.3582963811312282E-005   1.2121212121212121E-002   1.0017862887011120        1.0101010101010102E-002   1.0017862887011120        1.0000000000000000        3.0125703261685288E-004
  0.80807387508811912        8.1767754955907636E-005   1.2121212121212121E-002   1.0017834315091569        1.0101010101010102E-002   1.0017834315091569        1.0000000000000000        2.9473938896451557E-004
  0.81817506696908260        7.9623194320730967E-005   1.2121212121212121E-002   1.0017806425204705        1.0101010101010102E-002   1.0017806425204705        1.0000000000000000        2.8703286166109621E-004
  0.82827628604935977        7.7157902539246078E-005   1.2121212121212121E-002   1.0017779329864203        1.0101010101010102E-002   1.0017779329864203        1.0000000000000000        2.7816802347846448E-004
  0.83837753148894090        7.4381794209336580E-005   1.2121212121212121E-002   1.0017753138407675        1.0101010101010102E-002   1.0017753138407675        1.0000000000000000        2.6818049501375896E-004
  0.84847880234143724        7.1306039648185503E-005   1.2121212121212121E-002   1.0017727956559785        1.0101010101010102E-002   1.0017727956559785        1.0000000000000000        2.5711000991801569E-004
  0.85858009755782150        6.7943015596052441E-005   1.2121212121212121E-002   1.0017703885987441        1.0101010101010102E-002   1.0017703885987441        1.0000000000000000        2.4500144682892966E-004
  0.86868141599071003        6.4306257890516698E-005   1.2121212121212121E-002   1.0017681023896217        1.0101010101010102E-002   1.0017681023896217        1.0000000000000000        2.3190296905184482E-004
  0.87878275639889647        6.0410407492611403E-005   1.2121212121212121E-002   1.0017659462642252        1.0101010101010102E-002   1.0017659462642252        1.0000000000000000        2.1786756027264431E-004
  0.88888411745239759        5.6271152029557363E-005   1.2121212121212121E-002   1.0017639289339364        1.0101010101010102E-002   1.0017639289339364        1.0000000000000000        2.0295156762184519E-004
  0.89898549773777359        5.1905161454128541E-005   1.2121212121212121E-002   1.0017620585510811        1.0101010101010102E-002   1.0017620585510811        1.0000000000000000        1.8721528291276712E-004
  0.90908689576385615        4.7330019891731019E-005   1.2121212121212121E-002   1.0017603426754842        1.0101010101010102E-002   1.0017603426754842        1.0000000000000000        1.7072200074608190E-004
  0.91918830996773448        4.2564155552477740E-005   1.2121212121212121E-002   1.0017587882442269        1.0101010101010102E-002   1.0017587882442269        1.0000000000000000        1.5353833687470342E-004
  0.92928973872107834        3.7626770190596923E-005   1.2121212121212121E-002   1.0017574015429598        1.0101010101010102E-002   1.0017574015429598        1.0000000000000000        1.3573357234886174E-004
  0.93939118033669278        3.2537755810449441E-005   1.2121212121212121E-002   1.0017561881793966        1.0101010101010102E-002   1.0017561881793966        1.0000000000000000        1.1737988223625706E-004
  0.94949263307536758        2.7317616952459870E-005   1.2121212121212121E-002   1.0017551530603062        1.0101010101010102E-002   1.0017551530603062        1.0000000000000000        9.8551321943141090E-005
  0.95959409515289029        2.1987386850080925E-005   1.2121212121212121E-002   1.0017543003733291        1.0101010101010102E-002   1.0017543003733291        1.0000000000000000        7.9323877871573245E-005
  0.96969556474724528        1.6568547210555773E-005   1.2121212121212121E-002   1.0017536335683537        1.0101010101010102E-002   1.0017536335683537        1.0000000000000000        5.9775482428747750E-005
  0.97979704000600343        1.1082935401754086E-005   1.2121212121212121E-002   1.0017531553426642        1.0101010101010102E-002   1.0017531553426642        1.0000000000000000        3.9985241510720471E-005
  0.98989851905381665        5.5526566855977390E-006   1.2121212121212121E-002   1.0017528676309300        1.0101010101010102E-002   1.0017528676309300        1.0000000000000000        2.0033181692191704E-005
   1.0000000000000004       -2.0483028364421088E-013   1.2121212121212121E-002   1.0017527715972530        1.0101010101010102E-002   1.0017527715972530        1.0000000000000000        4.3375969482895016E-011
   1.0101014809461890       -5.5034005844300421E-006   1.2121212121212121E-002   1.0017528676308098        1.0101010101010102E-002   1.0017528676308098        1.0000000000000000       -2.0033202151381602E-005
   1.0202029599940032       -1.0984622480336574E-005   1.2121212121212121E-002   1.0017531553425845        1.0101010101010102E-002   1.0017531553425845        1.0000000000000000       -3.9985258647234900E-005
   1.0303044352527617       -1.6421575492865680E-005   1.2121212121212121E-002   1.0017536335682868        1.0101010101010102E-002   1.0017536335682868        1.0000000000000000       -5.9775481044077594E-005
   1.0404059048471179       -2.1792351062543470E-005   1.2121212121212121E-002   1.0017543003734011        1.0101010101010102E-002   1.0017543003734011        1.0000000000000000       -7.9323906460260218E-005
   1.0505073669246379       -2.7075305731117934E-005   1.2121212121212121E-002   1.0017551530603857        1.0101010101010102E-002   1.0017551530603857        1.0000000000000000       -9.8551295955928708E-005
   1.0606088196633137       -3.2249150528651144E-005   1.2121212121212121E-002   1.0017561881794110        1.0101010101010102E-002   1.0017561881794110        1.0000000000000000       -1.1737989686100292E-004
   1.0707102612789272       -3.7293037699018729E-005   1.2121212121212121E-002   1.0017574015431097        1.0101010101010102E-002   1.0017574015431097        1.0000000000000000       -1.3573358458973672E-004
   1.0808116900322684       -4.2186646204529244E-005   1.2121212121212121E-002   1.0017587882442185        1.0101010101010102E-002   1.0017587882442185        1.0000000000000000       -1.5353828909159262E-004
   1.0909131042361495       -4.6910260294000739E-005   1.2121212121212121E-002   1.0017603426752544        1.0101010101010102E-002   1.0017603426752544        1.0000000000000000        7.6224197948539256     
   1.1010145022622346       -5.1444848930483904E-005   1.2121212121212121E-002   1.0017620585510179        1.0101010101010102E-002   1.0017620585510179        1.0000000000000000        93.406691854393543     
  -1.0101480946183350E-002   5.5034005242038108E-006   1.2121212121212121E-002   1.0017528676309300        1.0101010101010102E-002   1.0017528676309300        1.0000000000000000        2.0033198920188511E-005
  -2.0202959993996572E-002   1.0984622515461024E-005   1.2121212121212121E-002   1.0017531553426642        1.0101010101010102E-002   1.0017531553426642        1.0000000000000000        3.9985253037500001E-005
  -3.0304435252754724E-002   1.6421575525195393E-005   1.2121212121212121E-002   1.0017536335683537        1.0101010101010102E-002   1.0017536335683537        1.0000000000000000        5.9775482424306858E-005
  -4.0405904847109708E-002   2.1792350939853201E-005   1.2121212121212121E-002   1.0017543003733291        1.0101010101010102E-002   1.0017543003733291        1.0000000000000000        7.9323877874237780E-005
  -5.0507366924632424E-002   2.7075305876926731E-005   1.2121212121212121E-002   1.0017551530603062        1.0101010101010102E-002   1.0017551530603062        1.0000000000000000        9.8551321941364733E-005
  -6.0608819663307223E-002   3.2249150369568233E-005   1.2121212121212121E-002   1.0017561881793966        1.0101010101010102E-002   1.0017561881793966        1.0000000000000000        1.1737988224069795E-004
  -7.0710261278921660E-002   3.7293037923887260E-005   1.2121212121212121E-002   1.0017574015429598        1.0101010101010102E-002   1.0017574015429598        1.0000000000000000        1.3573357234974992E-004
  -8.0811690032265515E-002   4.2186646088270597E-005   1.2121212121212121E-002   1.0017587882442269        1.0101010101010102E-002   1.0017587882442269        1.0000000000000000        1.5353833686848617E-004
  -9.0913104236143849E-002   4.6910260254349413E-005   1.2121212121212121E-002   1.0017603426754842        1.0101010101010102E-002   1.0017603426754842        1.0000000000000000       -7.6224197948576204     
 -0.10101450226222641        5.1444849145140200E-005   1.2121212121212121E-002   1.0017620585510811        1.0101010101010102E-002   1.0017620585510811        1.0000000000000000       -93.406691854415328     
