 # x v h rho m p cs a
   24.550303030305685     
   3.0038132169346922E-014   1.0624444085448412E-013   1.2121212121212121E-002   1.0017823926061427        1.0101010101010102E-002   1.0017823926061427        1.0000000000000000       -1.6261125779237773E-010
   1.0101188184353392E-002  -6.2452555543920243E-006   1.2121212121212121E-002   1.0017824290821304        1.0101010101010102E-002   1.0017824290821304        1.0000000000000000       -7.6086691151999730E-006
   2.0202375647682218E-002  -1.2465245934868164E-005   1.2121212121212121E-002   1.0017825383579697        1.0101010101010102E-002   1.0017825383579697        1.0000000000000000       -1.5186021626867330E-005
   3.0303561671984090E-002  -1.8634813911799555E-005   1.2121212121212121E-002   1.0017827199857319        1.0101010101010102E-002   1.0017827199857319        1.0000000000000000       -2.2701098305155654E-005
   4.0404745545130835E-002  -2.4729005091585322E-005   1.2121212121212121E-002   1.0017829732189767        1.0101010101010102E-002   1.0017829732189767        1.0000000000000000       -3.0122749788752401E-005
   5.0505926563845054E-002  -3.0723173675632195E-005   1.2121212121212121E-002   1.0017832970150191        1.0101010101010102E-002   1.0017832970150191        1.0000000000000000       -3.7420277739563801E-005
   6.0607104036616184E-002  -3.6593086239184285E-005   1.2121212121212121E-002   1.0017836900421762        1.0101010101010102E-002   1.0017836900421762        1.0000000000000000       -4.4564112548606261E-005
   7.0708277286495841E-002  -4.2315017484651663E-005   1.2121212121212121E-002   1.0017841506870961        1.0101010101010102E-002   1.0017841506870961        1.0000000000000000       -5.1525069203250951E-005
   8.0809445653861181E-002  -4.7865850295180609E-005   1.2121212121212121E-002   1.0017846770581862        1.0101010101010102E-002   1.0017846770581862        1.0000000000000000       -5.8274300991811856E-005
   9.0910608499159912E-002  -5.3223163825970885E-005   1.2121212121212121E-002   1.0017852669943366        1.0101010101010102E-002   1.0017852669943366        1.0000000000000000       -6.4784393792649553E-005
  0.10101176520549376       -5.8365331200363760E-005   1.2121212121212121E-002   1.0017859180754887        1.0101010101010102E-002   1.0017859180754887        1.0000000000000000       -7.1028758785729451E-005
  0.11111291518115302       -6.3271606699886942E-005   1.2121212121212121E-002   1.0017866276336638        1.0101010101010102E-002   1.0017866276336638        1.0000000000000000       -7.6982274446635302E-005
  0.12121405786197928       -6.7922206631546093E-005   1.2121212121212121E-002   1.0017873927631469        1.0101010101010102E-002   1.0017873927631469        1.0000000000000000       -8.2620471343552992E-005
  0.13131519271370437       -7.2298393373164979E-005   1.2121212121212121E-002   1.0017882103328499        1.0101010101010102E-002   1.0017882103328499        1.0000000000000000       -8.7920794576312744E-005
  0.14141631923406764       -7.6382546290402957E-005   1.2121212121212121E-002   1.0017890770004558        1.0101010101010102E-002   1.0017890770004558        1.0000000000000000       -9.2861738044014430E-005
  0.15151743695487302       -8.0158237508618229E-005   1.2121212121212121E-002   1.0017899892269886        1.0101010101010102E-002   1.0017899892269886        1.0000000000000000       -9.7423808608887441E-005
  0.16161854544381837       -8.3610295962505501E-005   1.2121212121212121E-002   1.0017909432916163        1.0101010101010102E-002   1.0017909432916163        1.0000000000000000       -1.0158854444242138E-004
  0.17171964430625739       -8.6724865855228585E-005   1.2121212121212121E-002   1.0017919353057745        1.0101010101010102E-002   1.0017919353057745        1.0000000000000000       -1.0533944037049991E-004
  0.18182073318676076       -8.9489463322924904E-005   1.2121212121212121E-002   1.0017929612320189        1.0101010101010102E-002   1.0017929612320189        1.0000000000000000       -1.0866193449832195E-004
  0.19192181177049047       -9.1893029833324920E-005   1.2121212121212121E-002   1.0017940168999804        1.0101010101010102E-002   1.0017940168999804        1.0000000000000000       -1.1154288035175597E-004
  0.20202287978445305       -9.3925968294617968E-005   1.2121212121212121E-002   1.0017950980230432        1.0101010101010102E-002   1.0017950980230432        1.0000000000000000       -1.1397118107314697E-004
  0.21212393699854687       -9.5580182547850483E-005   1.2121212121212121E-002   1.0017962002173062        1.0101010101010102E-002   1.0017962002173062        1.0000000000000000       -1.1593763859263362E-004
  0.22222498322643394       -9.6849112734475828E-005   1.2121212121212121E-002   1.0017973190193270        1.0101010101010102E-002   1.0017973190193270        1.0000000000000000       -1.1743488156223947E-004
  0.23232601832624036       -9.7727755424058060E-005   1.2121212121212121E-002   1.0017984499043848        1.0101010101010102E-002   1.0017984499043848        1.0000000000000000       -1.1845749185379617E-004
  0.24242704220106545       -9.8212686444367834E-005   1.2121212121212121E-002   1.0017995883046931        1.0101010101010102E-002   1.0017995883046931        1.0000000000000000       -1.1900193034009021E-004
  0.25252805479932611       -9.8302064220331887E-005   1.2121212121212121E-002   1.0018007296291931        1.0101010101010102E-002   1.0018007296291931        1.0000000000000000       -1.1906687805485205E-004
  0.26262905611486609       -9.7995646598998288E-005   1.2121212121212121E-002   1.0018018692806268        1.0101010101010102E-002   1.0018018692806268        1.0000000000000000       -1.1865236954378133E-004
  0.27273004618697189       -9.7294783112317201E-005   1.2121212121212121E-002   1.0018030026744387        1.0101010101010102E-002   1.0018030026744387        1.0000000000000000       -1.1776103809690852E-004
  0.28283102510010749       -9.6202408438468781E-005   1.2121212121212121E-002   1.0018041252588725        1.0101010101010102E-002   1.0018041252588725        1.0000000000000000       -1.1639708789790149E-004
  0.29293199298352279       -9.4723028356005797E-005   1.2121212121212121E-002   1.0018052325309701        1.0101010101010102E-002   1.0018052325309701        1.0000000000000000       -1.1456652756702823E-004
  0.30303295001068570       -9.2862705056777941E-005   1.2121212121212121E-002   1.0018063200551779        1.0101010101010102E-002   1.0018063200551779        1.0000000000000000       -1.1227739255303959E-004
  0.31313389639851436       -9.0629022732641374E-005   1.2121212121212121E-002   1.0018073834805592        1.0101010101010102E-002   1.0018073834805592        1.0000000000000000       -1.0953930261958789E-004
  0.32323483240647255       -8.8031061835616025E-005   1.2121212121212121E-002   1.0018084185581158        1.0101010101010102E-002   1.0018084185581158        1.0000000000000000       -1.0636392953067286E-004
  0.33333575833546086       -8.5079358302443220E-005   1.2121212121212121E-002   1.0018094211585835        1.0101010101010102E-002   1.0018094211585835        1.0000000000000000       -1.0276456812263746E-004
  0.34343667452655113       -8.1785861650144549E-005   1.2121212121212121E-002   1.0018103872860942        1.0101010101010102E-002   1.0018103872860942        1.0000000000000000       -9.8755761637647765E-005
  0.35353758135962116       -7.8163885837408259E-005   1.2121212121212121E-002   1.0018113130945576        1.0101010101010102E-002   1.0018113130945576        1.0000000000000000       -9.4354206952473874E-005
  0.36363847925175941       -7.4228050237886626E-005   1.2121212121212121E-002   1.0018121949036867        1.0101010101010102E-002   1.0018121949036867        1.0000000000000000       -8.9577796337891868E-005
  0.37373936865557744       -6.9994227671564389E-005   1.2121212121212121E-002   1.0018130292115044        1.0101010101010102E-002   1.0018130292115044        1.0000000000000000       -8.4445847215341985E-005
  0.38384025005737626       -6.5479475311069584E-005   1.2121212121212121E-002   1.0018138127077931        1.0101010101010102E-002   1.0018138127077931        1.0000000000000000       -7.8979015432523170E-005
  0.39394112397518916       -6.0701965101543896E-005   1.2121212121212121E-002   1.0018145422868443        1.0101010101010102E-002   1.0018145422868443        1.0000000000000000       -7.3199326646289364E-005
  0.40404199095669913       -5.5680915264656791E-005   1.2121212121212121E-002   1.0018152150605222        1.0101010101010102E-002   1.0018152150605222        1.0000000000000000       -6.7130130688930478E-005
  0.41414285157701464       -5.0436508565294514E-005   1.2121212121212121E-002   1.0018158283671053        1.0101010101010102E-002   1.0018158283671053        1.0000000000000000       -6.0795297941673709E-005
  0.42424370643642256       -4.4989814150629406E-005   1.2121212121212121E-002   1.0018163797812947        1.0101010101010102E-002   1.0018163797812947        1.0000000000000000       -5.4220278790317877E-005
  0.43434455615796730       -3.9362703847339705E-005   1.2121212121212121E-002   1.0018168671257477        1.0101010101010102E-002   1.0018168671257477        1.0000000000000000       -4.7431335940650854E-005
  0.44444540138496175       -3.3577760836743563E-005   1.2121212121212121E-002   1.0018172884767669        1.0101010101010102E-002   1.0018172884767669        1.0000000000000000       -4.0455105847492234E-005
  0.45454624277846645       -2.7658198758761140E-005   1.2121212121212121E-002   1.0018176421706981        1.0101010101010102E-002   1.0018176421706981        1.0000000000000000       -3.3319194471914670E-005
  0.46464708101467883       -2.1627756490407631E-005   1.2121212121212121E-002   1.0018179268133571        1.0101010101010102E-002   1.0018179268133571        1.0000000000000000       -2.6052187873659705E-005
  0.47474791678220807       -1.5510619582196579E-005   1.2121212121212121E-002   1.0018181412830758        1.0101010101010102E-002   1.0018181412830758        1.0000000000000000       -1.8682350058085717E-005
  0.48484875077941686       -9.3313091041189327E-006   1.2121212121212121E-002   1.0018182847338239        1.0101010101010102E-002   1.0018182847338239        1.0000000000000000       -1.1238893092624380E-005
  0.49494958371163789       -3.1145972583311600E-006   1.2121212121212121E-002   1.0018183566003886        1.0101010101010102E-002   1.0018183566003886        1.0000000000000000       -3.7511678083745892E-006
  0.50505041628840341        3.1145971214533653E-006   1.2121212121212121E-002   1.0018183566003114        1.0101010101010102E-002   1.0018183566003114        1.0000000000000000        3.7511840380588524E-006
  0.51515124922062638        9.3313094694970248E-006   1.2121212121212121E-002   1.0018182847338135        1.0101010101010102E-002   1.0018182847338135        1.0000000000000000        1.1238861618245721E-005
  0.52525208321783357        1.5510619462748511E-005   1.2121212121212121E-002   1.0018181412831828        1.0101010101010102E-002   1.0018181412831828        1.0000000000000000        1.8682359610444621E-005
  0.53535291898536153        2.1627756490012330E-005   1.2121212121212121E-002   1.0018179268131815        1.0101010101010102E-002   1.0018179268131815        1.0000000000000000        2.6052234716189560E-005
  0.54545375722157941        2.7658198056166829E-005   1.2121212121212121E-002   1.0018176421706204        1.0101010101010102E-002   1.0018176421706204        1.0000000000000000        3.3319131850007011E-005
  0.55555459861508005        3.3577761505143496E-005   1.2121212121212121E-002   1.0018172884767738        1.0101010101010102E-002   1.0018172884767738        1.0000000000000000        4.0455147694906657E-005
  0.56565544384207844        3.9362703655479587E-005   1.2121212121212121E-002   1.0018168671258567        1.0101010101010102E-002   1.0018168671258567        1.0000000000000000        4.7431267170772173E-005
  0.57575629356361724        4.4989814327809610E-005   1.2121212121212121E-002   1.0018163797815323        1.0101010101010102E-002   1.0018163797815323        1.0000000000000000        5.4220328277843066E-005
  0.58585714842302516        5.0436508743705789E-005   1.2121212121212121E-002   1.0018158283668370        1.0101010101010102E-002   1.0018158283668370        1.0000000000000000        6.0795349097197970E-005
  0.59595800904334728        5.5680915260126812E-005   1.2121212121212121E-002   1.0018152150604109        1.0101010101010102E-002   1.0018152150604109        1.0000000000000000        6.7130051482067188E-005
  0.60605887602485253        6.0701965008404044E-005   1.2121212121212121E-002   1.0018145422867482        1.0101010101010102E-002   1.0018145422867482        1.0000000000000000        7.3199402448764772E-005
  0.61615974994267142        6.5479474623282192E-005   1.2121212121212121E-002   1.0018138127073974        1.0101010101010102E-002   1.0018138127073974        1.0000000000000000        7.8979001981949182E-005
  0.62626063134447318        6.9994227640784377E-005   1.2121212121212121E-002   1.0018130292114225        1.0101010101010102E-002   1.0018130292114225        1.0000000000000000        8.4445795687670966E-005
  0.63636152074829000        7.4228050911716095E-005   1.2121212121212121E-002   1.0018121949039951        1.0101010101010102E-002   1.0018121949039951        1.0000000000000000        8.9577759298187232E-005
  0.64646241864042264        7.8163885460551428E-005   1.2121212121212121E-002   1.0018113130948167        1.0101010101010102E-002   1.0018113130948167        1.0000000000000000        9.4354256126472080E-005
  0.65656332547349261        8.1785861675760858E-005   1.2121212121212121E-002   1.0018103872859874        1.0101010101010102E-002   1.0018103872859874        1.0000000000000000        9.8755793820792803E-005
  0.66666424166458560        8.5079358823996384E-005   1.2121212121212121E-002   1.0018094211584236        1.0101010101010102E-002   1.0018094211584236        1.0000000000000000        1.0276454763769038E-004
  0.67676516759357486        8.8031061579950718E-005   1.2121212121212121E-002   1.0018084185581944        1.0101010101010102E-002   1.0018084185581944        1.0000000000000000        1.0636389772766819E-004
  0.68686610360153011        9.0629022827356734E-005   1.2121212121212121E-002   1.0018073834806374        1.0101010101010102E-002   1.0018073834806374        1.0000000000000000        1.0953933488178080E-004
  0.69696704998935999        9.2862704447153977E-005   1.2121212121212121E-002   1.0018063200551635        1.0101010101010102E-002   1.0018063200551635        1.0000000000000000        1.1227737834484941E-004
  0.70706800701652261        9.4723028850942449E-005   1.2121212121212121E-002   1.0018052325311997        1.0101010101010102E-002   1.0018052325311997        1.0000000000000000        1.1456649051844181E-004
  0.71716897489993314        9.6202408340470972E-005   1.2121212121212121E-002   1.0018041252590577        1.0101010101010102E-002   1.0018041252590577        1.0000000000000000        1.1639713317190825E-004
  0.72726995381306936        9.7294782806057396E-005   1.2121212121212121E-002   1.0018030026742855        1.0101010101010102E-002   1.0018030026742855        1.0000000000000000        1.1776106911653983E-004
  0.73737094388517799        9.7995647046768405E-005   1.2121212121212121E-002   1.0018018692803905        1.0101010101010102E-002   1.0018018692803905        1.0000000000000000        1.1865235468455637E-004
  0.74747194520072069        9.8302064487022108E-005   1.2121212121212121E-002   1.0018007296293636        1.0101010101010102E-002   1.0018007296293636        1.0000000000000000        1.1906680350026733E-004
  0.75757295779897460        9.8212686348197786E-005   1.2121212121212121E-002   1.0017995883048973        1.0101010101010102E-002   1.0017995883048973        1.0000000000000000        1.1900200001058181E-004
  0.76767398167380152        9.7727755299096061E-005   1.2121212121212121E-002   1.0017984499041563        1.0101010101010102E-002   1.0017984499041563        1.0000000000000000        1.1845751275352256E-004
  0.77777501677361194        9.6849112645309876E-005   1.2121212121212121E-002   1.0017973190193665        1.0101010101010102E-002   1.0017973190193665        1.0000000000000000        1.1743480535031381E-004
  0.78787606300149415        9.5580182918308541E-005   1.2121212121212121E-002   1.0017962002175813        1.0101010101010102E-002   1.0017962002175813        1.0000000000000000        1.1593766367745673E-004
  0.79797712021558631        9.3925967843698529E-005   1.2121212121212121E-002   1.0017950980229624        1.0101010101010102E-002   1.0017950980229624        1.0000000000000000        1.1397123059531111E-004
  0.80807818822955280        9.1893029775470822E-005   1.2121212121212121E-002   1.0017940168998791        1.0101010101010102E-002   1.0017940168998791        1.0000000000000000        1.1154283754866157E-004
  0.81817926681328101        8.9489463595778408E-005   1.2121212121212121E-002   1.0017929612321326        1.0101010101010102E-002   1.0017929612321326        1.0000000000000000        1.0866192926695106E-004
  0.82828035569378300        8.6724865685512253E-005   1.2121212121212121E-002   1.0017919353057443        1.0101010101010102E-002   1.0017919353057443        1.0000000000000000        1.0533947793689435E-004
  0.83838145455622370        8.3610296198469879E-005   1.2121212121212121E-002   1.0017909432912910        1.0101010101010102E-002   1.0017909432912910        1.0000000000000000        1.0158856895525759E-004
  0.84848256304517478        8.0158237385428941E-005   1.2121212121212121E-002   1.0017899892269027        1.0101010101010102E-002   1.0017899892269027        1.0000000000000000        9.7423734406021367E-005
  0.85858368076597591        7.6382546044725930E-005   1.2121212121212121E-002   1.0017890770005020        1.0101010101010102E-002   1.0017890770005020        1.0000000000000000        9.2861780674802219E-005
  0.86868480728634201        7.2298393124718005E-005   1.2121212121212121E-002   1.0017882103327367        1.0101010101010102E-002   1.0017882103327367        1.0000000000000000        8.7920788175210873E-005
  0.87878594213806660        6.7922207380945510E-005   1.2121212121212121E-002   1.0017873927629259        1.0101010101010102E-002   1.0017873927629259        1.0000000000000000        8.2620502736219237E-005
  0.88888708481889822        6.3271606433234871E-005   1.2121212121212121E-002   1.0017866276336294        1.0101010101010102E-002   1.0017866276336294        1.0000000000000000        7.6982200258868261E-005
  0.89898823479455292        5.8365330994693901E-005   1.2121212121212121E-002   1.0017859180756963        1.0101010101010102E-002   1.0017859180756963        1.0000000000000000        7.1028782829607451E-005
  0.90908939150088641        5.3223164007172265E-005   1.2121212121212121E-002   1.0017852669943526        1.0101010101010102E-002   1.0017852669943526        1.0000000000000000        6.4784409622653527E-005
  0.91919055434618557        4.7865850250722994E-005   1.2121212121212121E-002   1.0017846770582077        1.0101010101010102E-002   1.0017846770582077        1.0000000000000000        5.8274285826165340E-005
  0.92929172271355043        4.2315017673355716E-005   1.2121212121212121E-002   1.0017841506873273        1.0101010101010102E-002   1.0017841506873273        1.0000000000000000        5.1525037639166271E-005
  0.93939289596342557        3.6593086225945282E-005   1.2121212121212121E-002   1.0017836900423700        1.0101010101010102E-002   1.0017836900423700        1.0000000000000000        4.4564152811510382E-005
  0.94949407343619696        3.0723173607640108E-005   1.2121212121212121E-002   1.0017832970149416        1.0101010101010102E-002   1.0017832970149416        1.0000000000000000        3.7420294765944107E-005
  0.95959525445491300        2.4729004748701368E-005   1.2121212121212121E-002   1.0017829732189203        1.0101010101010102E-002   1.0017829732189203        1.0000000000000000        3.0122732075810177E-005
  0.96969643832805896        1.8634814045959874E-005   1.2121212121212121E-002   1.0017827199856921        1.0101010101010102E-002   1.0017827199856921        1.0000000000000000        2.2701107676326160E-005
  0.97979762435236262        1.2465246224792110E-005   1.2121212121212121E-002   1.0017825383580399        1.0101010101010102E-002   1.0017825383580399        1.0000000000000000        1.5185991846244917E-005
  0.98989881181568784        6.2452553734843402E-006   1.2121212121212121E-002   1.0017824290820863        1.0101010101010102E-002   1.0017824290820863        1.0000000000000000        7.6087207752095765E-006
   1.0000000000000160        1.5135940689281131E-013   1.2121212121212121E-002   1.0017823926061449        1.0101010101010102E-002   1.0017823926061449        1.0000000000000000        1.0196998800893198E-010
   1.0101011881843533       -6.2260280214933832E-006   1.2121212121212121E-002   1.0017824290821304        1.0101010101010102E-002   1.0017824290821304        1.0000000000000000       -7.6087488025677885E-006
   1.0202023756476821       -1.2426870098243060E-005   1.2121212121212121E-002   1.0017825383579697        1.0101010101010102E-002   1.0017825383579697        1.0000000000000000       -1.5186073530237820E-005
   1.0303035616719840       -1.8577447069234906E-005   1.2121212121212121E-002   1.0017827199857319        1.0101010101010102E-002   1.0017827199857319        1.0000000000000000       -2.2701097510235968E-005
   1.0404047455451308       -2.4652883270521147E-005   1.2121212121212121E-002   1.0017829732189767        1.0101010101010102E-002   1.0017829732189767        1.0000000000000000       -3.0122750822592081E-005
   1.0505059265638450       -3.0628610514603701E-005   1.2121212121212121E-002   1.0017832970150191        1.0101010101010102E-002   1.0017832970150191        1.0000000000000000       -3.7420276802535568E-005
   1.0606071040366163       -3.6480470094034313E-005   1.2121212121212121E-002   1.0017836900421762        1.0101010101010102E-002   1.0017836900421762        1.0000000000000000       -4.4564114783263165E-005
   1.0707082772864958       -4.2184810504339575E-005   1.2121212121212121E-002   1.0017841506870961        1.0101010101010102E-002   1.0017841506870961        1.0000000000000000       -5.1525066454338742E-005
   1.0808094456538613       -4.7718587331270390E-005   1.2121212121212121E-002   1.0017846770581862        1.0101010101010102E-002   1.0017846770581862        1.0000000000000000       -5.8274302165983727E-005
   1.0909106084991600       -5.3059449170288279E-005   1.2121212121212121E-002   1.0017852669943366        1.0101010101010102E-002   1.0017852669943366        1.0000000000000000        7.6241244901474943     
   1.1010117652054938       -5.8185836312382369E-005   1.2121212121212121E-002   1.0017859180754887        1.0101010101010102E-002   1.0017859180754887        1.0000000000000000        93.407639722555345     
  -1.0101188184312160E-002   6.2260277377787768E-006   1.2121212121212121E-002   1.0017824290820863        1.0101010101010102E-002   1.0017824290820863        1.0000000000000000        7.6088003932994752E-006
  -2.0202375647637383E-002   1.2426870442834657E-005   1.2121212121212121E-002   1.0017825383580399        1.0101010101010102E-002   1.0017825383580399        1.0000000000000000        1.5186044871384752E-005
  -3.0303561671941037E-002   1.8577447173709613E-005   1.2121212121212121E-002   1.0017827199856921        1.0101010101010102E-002   1.0017827199856921        1.0000000000000000        2.2701107675437981E-005
  -4.0404745545086995E-002   2.4652882987057942E-005   1.2121212121212121E-002   1.0017829732189203        1.0101010101010102E-002   1.0017829732189203        1.0000000000000000        3.0122732074921998E-005
  -5.0505926563803039E-002   3.0628610403945677E-005   1.2121212121212121E-002   1.0017832970149416        1.0101010101010102E-002   1.0017832970149416        1.0000000000000000        3.7420294754397787E-005
  -6.0607104036574433E-002   3.6480469986873397E-005   1.2121212121212121E-002   1.0017836900423700        1.0101010101010102E-002   1.0017836900423700        1.0000000000000000        4.4564152809734026E-005
  -7.0708277286449572E-002   4.2184810757897885E-005   1.2121212121212121E-002   1.0017841506873273        1.0101010101010102E-002   1.0017841506873273        1.0000000000000000        5.1525037627619952E-005
  -8.0809445653814427E-002   4.7718587330509002E-005   1.2121212121212121E-002   1.0017846770582077        1.0101010101010102E-002   1.0017846770582077        1.0000000000000000        5.8274285817283555E-005
  -9.0910608499113588E-002   5.3059449301211221E-005   1.2121212121212121E-002   1.0017852669943526        1.0101010101010102E-002   1.0017852669943526        1.0000000000000000       -7.6241244901509333     
 -0.10101176520544708        5.8185836061582283E-005   1.2121212121212121E-002   1.0017859180756963        1.0101010101010102E-002   1.0017859180756963        1.0000000000000000       -93.407639722546421     
