 # x v h rho m p cs a
   28.450909090913914     
   2.5318742551960462E-014   5.6130938281223187E-013   1.2121212121212121E-002   1.0018112978577367        1.0101010101010102E-002   1.0018112978577367        1.0000000000000000        5.3684168221934669E-011
   1.0100902513143703E-002  -6.3155860244797606E-006   1.2121212121212121E-002   1.0018112758452202        1.0101010101010102E-002   1.0018112758452202        1.0000000000000000        4.5914930089097084E-006
   2.0201805461344306E-002  -1.2605598007614534E-005   1.2121212121212121E-002   1.0018112098976328        1.0101010101010102E-002   1.0018112098976328        1.0000000000000000        9.1643643305161504E-006
   3.0302709277950663E-002  -1.8844562981533660E-005   1.2121212121212121E-002   1.0018111002841636        1.0101010101010102E-002   1.0018111002841636        1.0000000000000000        1.3699661137067665E-005
   4.0403614392722796E-002  -2.5007220527515912E-005   1.2121212121212121E-002   1.0018109474546553        1.0101010101010102E-002   1.0018109474546553        1.0000000000000000        1.8178714143779473E-005
   5.0504521230088230E-002  -3.1068627077460468E-005   1.2121212121212121E-002   1.0018107520350872        1.0101010101010102E-002   1.0018107520350872        1.0000000000000000        2.2583424613031866E-005
   6.0605430207436042E-002  -3.7004254165936134E-005   1.2121212121212121E-002   1.0018105148253797        1.0101010101010102E-002   1.0018105148253797        1.0000000000000000        2.6895636419332902E-005
   7.0706341733383860E-002  -4.2790086515984266E-005   1.2121212121212121E-002   1.0018102367961530        1.0101010101010102E-002   1.0018102367961530        1.0000000000000000        3.1097900670573608E-005
   8.0807256206136949E-002  -4.8402729155382572E-005   1.2121212121212121E-002   1.0018099190847276        1.0101010101010102E-002   1.0018099190847276        1.0000000000000000        3.5172875201716636E-005
   9.0908174011835444E-002  -5.3819499721912153E-005   1.2121212121212121E-002   1.0018095629908077        1.0101010101010102E-002   1.0018095629908077        1.0000000000000000        3.9104053074723311E-005
  0.10100909552299259       -5.9018518403249659E-005   1.2121212121212121E-002   1.0018091699690259        1.0101010101010102E-002   1.0018091699690259        1.0000000000000000        4.2875613830872794E-005
  0.11111002109700155       -6.3978798120288937E-005   1.2121212121212121E-002   1.0018087416245647        1.0101010101010102E-002   1.0018087416245647        1.0000000000000000        4.6471975932327325E-005
  0.12121095107465002       -6.8680330938071556E-005   1.2121212121212121E-002   1.0018082797065997        1.0101010101010102E-002   1.0018082797065997        1.0000000000000000        4.9878691133820041E-005
  0.13131188577875466       -7.3104172854756086E-005   1.2121212121212121E-002   1.0018077860986196        1.0101010101010102E-002   1.0018077860986196        1.0000000000000000        5.3082174936491811E-005
  0.14141282551287973       -7.7232512519364644E-005   1.2121212121212121E-002   1.0018072628121713        1.0101010101010102E-002   1.0018072628121713        1.0000000000000000        5.6069333308705893E-005
  0.15151377056008247       -8.1048745007805082E-005   1.2121212121212121E-002   1.0018067119778993        1.0101010101010102E-002   1.0018067119778993        1.0000000000000000        5.8828398710630836E-005
  0.16161472118181647       -8.4537546333705646E-005   1.2121212121212121E-002   1.0018061358374162        1.0101010101010102E-002   1.0018061358374162        1.0000000000000000        6.1347968661529251E-005
  0.17171567761683362       -8.7684924528837354E-005   1.2121212121212121E-002   1.0018055367338179        1.0101010101010102E-002   1.0018055367338179        1.0000000000000000        6.3618314933400200E-005
  0.18181664008026943       -9.0478278075308097E-005   1.2121212121212121E-002   1.0018049170986587        1.0101010101010102E-002   1.0018049170986587        1.0000000000000000        6.5630686715500985E-005
  0.19191760876282377       -9.2906446894219934E-005   1.2121212121212121E-002   1.0018042794460258        1.0101010101010102E-002   1.0018042794460258        1.0000000000000000        6.7376652122419500E-005
  0.20201858382993815       -9.4959757424123187E-005   1.2121212121212121E-002   1.0018036263611332        1.0101010101010102E-002   1.0018036263611332        1.0000000000000000        6.8849763597000901E-005
  0.21211956542121321       -9.6630056175803607E-005   1.2121212121212121E-002   1.0018029604886274        1.0101010101010102E-002   1.0018029604886274        1.0000000000000000        7.0044081295961291E-005
  0.22222055364981735       -9.7910740604615086E-005   1.2121212121212121E-002   1.0018022845213297        1.0101010101010102E-002   1.0018022845213297        1.0000000000000000        7.0955528428839898E-005
  0.23232154860212631       -9.8796786204822742E-005   1.2121212121212121E-002   1.0018016011895297        1.0101010101010102E-002   1.0018016011895297        1.0000000000000000        7.1580330602394326E-005
  0.24242255033734825       -9.9284766442061923E-005   1.2121212121212121E-002   1.0018009132527046        1.0101010101010102E-002   1.0018009132527046        1.0000000000000000        7.1916171066277457E-005
  0.25252355888730948       -9.9372857560420174E-005   1.2121212121212121E-002   1.0018002234847789        1.0101010101010102E-002   1.0018002234847789        1.0000000000000000        7.1962372790501661E-005
  0.26262457425638658       -9.9060849361397503E-005   1.2121212121212121E-002   1.0017995346614803        1.0101010101010102E-002   1.0017995346614803        1.0000000000000000        7.1719222360933088E-005
  0.27272559642155197       -9.8350142596910739E-005   1.2121212121212121E-002   1.0017988495548340        1.0101010101010102E-002   1.0017988495548340        1.0000000000000000        7.1187221752033736E-005
  0.28282662533238451       -9.7243739521497862E-005   1.2121212121212121E-002   1.0017981709189896        1.0101010101010102E-002   1.0017981709189896        1.0000000000000000        7.0369561840699646E-005
  0.29292766091141509       -9.5746230109286051E-005   1.2121212121212121E-002   1.0017975014774592        1.0101010101010102E-002   1.0017975014774592        1.0000000000000000        6.9269449594955290E-005
  0.30302870305439372       -9.3863772352611912E-005   1.2121212121212121E-002   1.0017968439145075        1.0101010101010102E-002   1.0017968439145075        1.0000000000000000        6.7891909040440623E-005
  0.31312975163079099       -9.1604065453193862E-005   1.2121212121212121E-002   1.0017962008634815        1.0101010101010102E-002   1.0017962008634815        1.0000000000000000        6.6242478982125874E-005
  0.32323080648431041       -8.8976313963768893E-005   1.2121212121212121E-002   1.0017955748988232        1.0101010101010102E-002   1.0017955748988232        1.0000000000000000        6.4327929473861900E-005
  0.33333186743352944       -8.5991194459973945E-005   1.2121212121212121E-002   1.0017949685229044        1.0101010101010102E-002   1.0017949685229044        1.0000000000000000        6.2156516714040322E-005
  0.34343293427268862       -8.2660804145946769E-005   1.2121212121212121E-002   1.0017943841561674        1.0101010101010102E-002   1.0017943841561674        1.0000000000000000        5.9737095282841324E-005
  0.35353400677252650       -7.8998617758565133E-005   1.2121212121212121E-002   1.0017938241304121        1.0101010101010102E-002   1.0017938241304121        1.0000000000000000        5.7079277180349663E-005
  0.36363508468119193       -7.5019428534216746E-005   1.2121212121212121E-002   1.0017932906797040        1.0101010101010102E-002   1.0017932906797040        1.0000000000000000        5.4193825374859728E-005
  0.37373616772525770       -7.0739288200401398E-005   1.2121212121212121E-002   1.0017927859284981        1.0101010101010102E-002   1.0017927859284981        1.0000000000000000        5.1092852586087645E-005
  0.38383725561088039       -6.6175440430530990E-005   1.2121212121212121E-002   1.0017923118840759        1.0101010101010102E-002   1.0017923118840759        1.0000000000000000        4.7788723578356951E-005
  0.39393834802495931       -6.1346256409580788E-005   1.2121212121212121E-002   1.0017918704313082        1.0101010101010102E-002   1.0017918704313082        1.0000000000000000        4.4294563584124091E-005
  0.40403944463639563       -5.6271157110466906E-005   1.2121212121212121E-002   1.0017914633266671        1.0101010101010102E-002   1.0017914633266671        1.0000000000000000        4.0624016041768130E-005
  0.41414054509736054       -5.0970531854919015E-005   1.2121212121212121E-002   1.0017910921869522        1.0101010101010102E-002   1.0017910921869522        1.0000000000000000        3.6792608636204704E-005
  0.42424164904479461       -4.5465666191371070E-005   1.2121212121212121E-002   1.0017907584825301        1.0101010101010102E-002   1.0017907584825301        1.0000000000000000        3.2815355177184813E-005
  0.43434275610181605       -3.9778650056118009E-005   1.2121212121212121E-002   1.0017904635380652        1.0101010101010102E-002   1.0017904635380652        1.0000000000000000        2.8707639271985386E-005
  0.44444386587917467       -3.3932292644623113E-005   1.2121212121212121E-002   1.0017902085244115        1.0101010101010102E-002   1.0017902085244115        1.0000000000000000        2.4486118268107759E-005
  0.45454497797683996       -2.7950030305502352E-005   1.2121212121212121E-002   1.0017899944515731        1.0101010101010102E-002   1.0017899944515731        1.0000000000000000        2.0167716394681179E-005
  0.46464609198560008       -2.1855833879883391E-005   1.2121212121212121E-002   1.0017898221665900        1.0101010101010102E-002   1.0017898221665900        1.0000000000000000        1.5769541285237665E-005
  0.47474720748868254       -1.5674120851649745E-005   1.2121212121212121E-002   1.0017896923515561        1.0101010101010102E-002   1.0017896923515561        1.0000000000000000        1.1308831865619595E-005
  0.48484832406339562       -9.4296464528674979E-006   1.2121212121212121E-002   1.0017896055225008        1.0101010101010102E-002   1.0017896055225008        1.0000000000000000        6.8030084561243598E-006
  0.49494944128275736       -3.1474159766685742E-006   1.2121212121212121E-002   1.0017895620226067        1.0101010101010102E-002   1.0017895620226067        1.0000000000000000        2.2707116089648594E-006
  0.50505055871729498        3.1474160361783350E-006   1.2121212121212121E-002   1.0017895620223607        1.0101010101010102E-002   1.0017895620223607        1.0000000000000000       -2.2706655435911216E-006
  0.51515167593666344        9.4296463579226160E-006   1.2121212121212121E-002   1.0017896055226909        1.0101010101010102E-002   1.0017896055226909        1.0000000000000000       -6.8031387856493097E-006
  0.52525279251136536        1.5674120329313201E-005   1.2121212121212121E-002   1.0017896923518410        1.0101010101010102E-002   1.0017896923518410        1.0000000000000000       -1.1308723951053423E-005
  0.53535390801445237        2.1855834547639402E-005   1.2121212121212121E-002   1.0017898221664372        1.0101010101010102E-002   1.0017898221664372        1.0000000000000000       -1.5769559807310429E-005
  0.54545502202321217        2.7950030762836833E-005   1.2121212121212121E-002   1.0017899944515891        1.0101010101010102E-002   1.0017899944515891        1.0000000000000000       -2.0167725029551775E-005
  0.55555613412087690        3.3932291876233340E-005   1.2121212121212121E-002   1.0017902085243435        1.0101010101010102E-002   1.0017902085243435        1.0000000000000000       -2.4486099198028910E-005
  0.56565724389823768        3.9778650721519079E-005   1.2121212121212121E-002   1.0017904635380326        1.0101010101010102E-002   1.0017904635380326        1.0000000000000000       -2.8707665407523564E-005
  0.57575835095525751        4.5465666404009313E-005   1.2121212121212121E-002   1.0017907584824670        1.0101010101010102E-002   1.0017907584824670        1.0000000000000000       -3.2815316662215821E-005
  0.58585945490269387        5.0970531543755525E-005   1.2121212121212121E-002   1.0017910921865922        1.0101010101010102E-002   1.0017910921865922        1.0000000000000000       -3.6792588824496875E-005
  0.59596055536366499        5.6271156316718674E-005   1.2121212121212121E-002   1.0017914633267491        1.0101010101010102E-002   1.0017914633267491        1.0000000000000000       -4.0624129149513521E-005
  0.60606165197509310        6.1346257191604526E-005   1.2121212121212121E-002   1.0017918704316278        1.0101010101010102E-002   1.0017918704316278        1.0000000000000000       -4.4294502414388148E-005
  0.61616274438917273        6.6175440243000186E-005   1.2121212121212121E-002   1.0017923118839731        1.0101010101010102E-002   1.0017923118839731        1.0000000000000000       -4.7788696163841848E-005
  0.62626383227479743        7.0739287923561595E-005   1.2121212121212121E-002   1.0017927859283144        1.0101010101010102E-002   1.0017927859283144        1.0000000000000000       -5.1092854699952284E-005
  0.63636491531886497        7.5019428386123850E-005   1.2121212121212121E-002   1.0017932906795806        1.0101010101010102E-002   1.0017932906795806        1.0000000000000000       -5.4193843538108410E-005
  0.64646599322753151        7.8998617883644157E-005   1.2121212121212121E-002   1.0017938241305666        1.0101010101010102E-002   1.0017938241305666        1.0000000000000000       -5.7079315694430477E-005
  0.65656706572736434        8.2660804695613079E-005   1.2121212121212121E-002   1.0017943841561241        1.0101010101010102E-002   1.0017943841561241        1.0000000000000000       -5.9737014348471007E-005
  0.66666813256652957        8.5991194063350917E-005   1.2121212121212121E-002   1.0017949685227470        1.0101010101010102E-002   1.0017949685227470        1.0000000000000000       -6.2156575500793565E-005
  0.67676919351574660        8.8976313481990850E-005   1.2121212121212121E-002   1.0017955748990393        1.0101010101010102E-002   1.0017955748990393        1.0000000000000000       -6.4327947713493927E-005
  0.68687024836926269        9.1604065449635687E-005   1.2121212121212121E-002   1.0017962008635077        1.0101010101010102E-002   1.0017962008635077        1.0000000000000000       -6.6242419762829741E-005
  0.69697129694566262        9.3863772486252840E-005   1.2121212121212121E-002   1.0017968439142810        1.0101010101010102E-002   1.0017968439142810        1.0000000000000000       -6.7891918101636861E-005
  0.70707233908864453        9.5746230359360901E-005   1.2121212121212121E-002   1.0017975014777452        1.0101010101010102E-002   1.0017975014777452        1.0000000000000000       -6.9269545574179858E-005
  0.71717337466766495        9.7243739480024554E-005   1.2121212121212121E-002   1.0017981709191424        1.0101010101010102E-002   1.0017981709191424        1.0000000000000000       -7.0369442506823532E-005
  0.72727440357850426        9.8350142611832234E-005   1.2121212121212121E-002   1.0017988495546237        1.0101010101010102E-002   1.0017988495546237        1.0000000000000000       -7.1187259250926616E-005
  0.73737542574366777        9.9060849619195517E-005   1.2121212121212121E-002   1.0017995346613233        1.0101010101010102E-002   1.0017995346613233        1.0000000000000000       -7.1719194448149892E-005
  0.74747644111275013        9.9372857204019352E-005   1.2121212121212121E-002   1.0018002234848631        1.0101010101010102E-002   1.0018002234848631        1.0000000000000000       -7.1962456602570057E-005
  0.75757744966270424        9.9284766450695019E-005   1.2121212121212121E-002   1.0018009132529078        1.0101010101010102E-002   1.0018009132529078        1.0000000000000000       -7.1916113068226650E-005
  0.76767845139792878        9.8796786378298302E-005   1.2121212121212121E-002   1.0018016011895554        1.0101010101010102E-002   1.0018016011895554        1.0000000000000000       -7.1580347525745935E-005
  0.77777944635023466        9.7910740827792777E-005   1.2121212121212121E-002   1.0018022845212144        1.0101010101010102E-002   1.0018022845212144        1.0000000000000000       -7.0955482878609644E-005
  0.78788043457884493        9.6630055729063442E-005   1.2121212121212121E-002   1.0018029604887866        1.0101010101010102E-002   1.0018029604887866        1.0000000000000000       -7.0044187335582819E-005
  0.79798141617011020        9.4959757567483527E-005   1.2121212121212121E-002   1.0018036263612600        1.0101010101010102E-002   1.0018036263612600        1.0000000000000000       -6.8849645009194660E-005
  0.80808239123723091        9.2906447528532673E-005   1.2121212121212121E-002   1.0018042794456421        1.0101010101010102E-002   1.0018042794456421        1.0000000000000000       -6.7376667860052919E-005
  0.81818335991978841        9.0478278007227221E-005   1.2121212121212121E-002   1.0018049170987733        1.0101010101010102E-002   1.0018049170987733        1.0000000000000000       -6.5630770759383950E-005
  0.82828432238321814        8.7684924518579459E-005   1.2121212121212121E-002   1.0018055367341254        1.0101010101010102E-002   1.0018055367341254        1.0000000000000000       -6.3618281891386630E-005
  0.83838527881823466        8.4537545992044132E-005   1.2121212121212121E-002   1.0018061358375048        1.0101010101010102E-002   1.0018061358375048        1.0000000000000000       -6.1347949303680593E-005
  0.84848622943996721        8.1048745050098995E-005   1.2121212121212121E-002   1.0018067119775900        1.0101010101010102E-002   1.0018067119775900        1.0000000000000000       -5.8828333233229557E-005
  0.85858717448717836        7.7232512608366014E-005   1.2121212121212121E-002   1.0018072628119283        1.0101010101010102E-002   1.0018072628119283        1.0000000000000000       -5.6069412420534093E-005
  0.86868811422129977        7.3104172682545275E-005   1.2121212121212121E-002   1.0018077860984274        1.0101010101010102E-002   1.0018077860984274        1.0000000000000000       -5.3082101356238809E-005
  0.87878904892541132        6.8680331140644798E-005   1.2121212121212121E-002   1.0018082797062378        1.0101010101010102E-002   1.0018082797062378        1.0000000000000000       -4.9878738477282525E-005
  0.88888997890306187        6.3978797996017481E-005   1.2121212121212121E-002   1.0018087416249826        1.0101010101010102E-002   1.0018087416249826        1.0000000000000000       -4.6472090311056036E-005
  0.89899090447705909        5.9018518375387621E-005   1.2121212121212121E-002   1.0018091699694660        1.0101010101010102E-002   1.0018091699694660        1.0000000000000000       -4.2875507987538697E-005
  0.90909182598821825        5.3819499698041227E-005   1.2121212121212121E-002   1.0018095629906687        1.0101010101010102E-002   1.0018095629906687        1.0000000000000000       -3.9104032357073493E-005
  0.91919274379391858        4.8402728716838691E-005   1.2121212121212121E-002   1.0018099190845919        1.0101010101010102E-002   1.0018099190845919        1.0000000000000000       -3.5172891355017555E-005
  0.92929365826667276        4.2790086443215042E-005   1.2121212121212121E-002   1.0018102367962072        1.0101010101010102E-002   1.0018102367962072        1.0000000000000000       -3.1097932739143630E-005
  0.93939456979261826        3.7004254286155426E-005   1.2121212121212121E-002   1.0018105148255123        1.0101010101010102E-002   1.0018105148255123        1.0000000000000000       -2.6895617654787429E-005
  0.94949547876996498        3.1068627471514974E-005   1.2121212121212121E-002   1.0018107520348780        1.0101010101010102E-002   1.0018107520348780        1.0000000000000000       -2.2583370611783948E-005
  0.95959638560733640        2.5007220596024266E-005   1.2121212121212121E-002   1.0018109474545187        1.0101010101010102E-002   1.0018109474545187        1.0000000000000000       -1.8178784324085484E-005
  0.96969729072210575        1.8844562706916495E-005   1.2121212121212121E-002   1.0018111002843697        1.0101010101010102E-002   1.0018111002843697        1.0000000000000000       -1.3699662784638633E-005
  0.97979819453870975        1.2605598161662241E-005   1.2121212121212121E-002   1.0018112098976149        1.0101010101010102E-002   1.0018112098976149        1.0000000000000000       -9.1643186790335562E-006
  0.98989909748691340        6.3155862215905099E-006   1.2121212121212121E-002   1.0018112758451261        1.0101010101010102E-002   1.0018112758451261        1.0000000000000000       -4.5915175377331252E-006
   1.0000000000000309       -6.8319133811577064E-013   1.2121212121212121E-002   1.0018112978577340        1.0101010101010102E-002   1.0018112978577340        1.0000000000000000       -5.1024962033352494E-011
   1.0101009025131438       -6.3259231420756046E-006   1.2121212121212121E-002   1.0018112758452202        1.0101010101010102E-002   1.0018112758452202        1.0000000000000000        4.5915225328485576E-006
   1.0202018054613442       -1.2626230262601051E-005   1.2121212121212121E-002   1.0018112098976328        1.0101010101010102E-002   1.0018112098976328        1.0000000000000000        9.1643879098768366E-006
   1.0303027092779506       -1.8875405866186665E-005   1.2121212121212121E-002   1.0018111002841636        1.0101010101010102E-002   1.0018111002841636        1.0000000000000000        1.3699661961297238E-005
   1.0404036143927229       -2.5048147531362467E-005   1.2121212121212121E-002   1.0018109474546553        1.0101010101010102E-002   1.0018109474546553        1.0000000000000000        1.8178712752892068E-005
   1.0505045212300883       -3.1119470848497342E-005   1.2121212121212121E-002   1.0018107520350872        1.0101010101010102E-002   1.0018107520350872        1.0000000000000000        2.2583423785249579E-005
   1.0606054302074361       -3.7064806428111025E-005   1.2121212121212121E-002   1.0018105148253797        1.0101010101010102E-002   1.0018105148253797        1.0000000000000000        2.6895635026669140E-005
   1.0707063417333837       -4.2860099944410678E-005   1.2121212121212121E-002   1.0018102367961530        1.0101010101010102E-002   1.0018102367961530        1.0000000000000000        3.1097903903543056E-005
   1.0808072562061370       -4.8481917306503148E-005   1.2121212121212121E-002   1.0018099190847276        1.0101010101010102E-002   1.0018099190847276        1.0000000000000000        3.5172872472344352E-005
   1.0909081740118354       -5.3907538914471084E-005   1.2121212121212121E-002   1.0018095629908077        1.0101010101010102E-002   1.0018095629908077        1.0000000000000000        7.6257864666333859     
   1.1010090955229925       -5.9115049378379992E-005   1.2121212121212121E-002   1.0018091699690259        1.0101010101010102E-002   1.0018091699690259        1.0000000000000000        93.408563654029180     
  -1.0100902513086596E-002   6.3259233884463436E-006   1.2121212121212121E-002   1.0018112758451261        1.0101010101010102E-002   1.0018112758451261        1.0000000000000000       -4.5915491595494018E-006
  -2.0201805461290245E-002   1.2626230299066854E-005   1.2121212121212121E-002   1.0018112098976149        1.0101010101010102E-002   1.0018112098976149        1.0000000000000000       -9.1643396080698381E-006
  -3.0302709277894246E-002   1.8875405616496630E-005   1.2121212121212121E-002   1.0018111002843697        1.0101010101010102E-002   1.0018111002843697        1.0000000000000000       -1.3699662783750455E-005
  -4.0403614392663600E-002   2.5048147765219499E-005   1.2121212121212121E-002   1.0018109474545187        1.0101010101010102E-002   1.0018109474545187        1.0000000000000000       -1.8178784326750019E-005
  -5.0504521230035015E-002   3.1119471099200921E-005   1.2121212121212121E-002   1.0018107520348780        1.0101010101010102E-002   1.0018107520348780        1.0000000000000000       -2.2583370602902164E-005
  -6.0605430207381739E-002   3.7064806502388341E-005   1.2121212121212121E-002   1.0018105148255123        1.0101010101010102E-002   1.0018105148255123        1.0000000000000000       -2.6895617654787429E-005
  -7.0706341733327238E-002   4.2860099946775966E-005   1.2121212121212121E-002   1.0018102367962072        1.0101010101010102E-002   1.0018102367962072        1.0000000000000000       -3.1097932730261846E-005
  -8.0807256206081424E-002   4.8481916923902669E-005   1.2121212121212121E-002   1.0018099190845919        1.0101010101010102E-002   1.0018099190845919        1.0000000000000000       -3.5172891357682090E-005
  -9.0908174011781751E-002   5.3907538831774762E-005   1.2121212121212121E-002   1.0018095629906687        1.0101010101010102E-002   1.0018095629906687        1.0000000000000000       -7.6257864666474973     
 -0.10100909552294091        5.9115049099422918E-005   1.2121212121212121E-002   1.0018091699694660        1.0101010101010102E-002   1.0018091699694660        1.0000000000000000       -93.408563653988679     
