 # x v h rho m p cs a
   5.3018181818179748     
   1.3570570236342652E-015  -4.1613796583712479E-013   1.2121212121212121E-002   1.0018007810344856        1.0101010101010102E-002   1.0018007810344856        1.0000000000000000        1.0537348771322286E-011
   1.0101006449152274E-002  -6.3446089687344975E-006   1.2121212121212121E-002   1.0018007802909017        1.0101010101010102E-002   1.0018007802909017        1.0000000000000000        1.5509136463975892E-007
   2.0202012912999764E-002  -1.2663642956217022E-005   1.2121212121212121E-002   1.0018007780630205        1.0101010101010102E-002   1.0018007780630205        1.0000000000000000        3.0961723584965739E-007
   3.0303019406185322E-002  -1.8931631075559582E-005   1.2121212121212121E-002   1.0018007743590571        1.0101010101010102E-002   1.0018007743590571        1.0000000000000000        4.6299469325106202E-007
   4.0404025943245242E-002  -2.5123308205336354E-005   1.2121212121212121E-002   1.0018007691941846        1.0101010101010102E-002   1.0018007691941846        1.0000000000000000        6.1434721221331756E-007
   5.0505032538520615E-002  -3.1213717345850785E-005   1.2121212121212121E-002   1.0018007625901253        1.0101010101010102E-002   1.0018007625901253        1.0000000000000000        7.6319064223895339E-007
   6.0606039206114230E-002  -3.7178311583280426E-005   1.2121212121212121E-002   1.0018007545728349        1.0101010101010102E-002   1.0018007545728349        1.0000000000000000        9.0912810346566175E-007
   7.0707045959857245E-002  -4.2993053999022545E-005   1.2121212121212121E-002   1.0018007451740303        1.0101010101010102E-002   1.0018007451740303        1.0000000000000000        1.0513665333888866E-006
   8.0808052813227088E-002  -4.8634511192483501E-005   1.2121212121212121E-002   1.0018007344319904        1.0101010101010102E-002   1.0018007344319904        1.0000000000000000        1.1893196223411451E-006
   9.0909059779296184E-002  -5.4079950321731628E-005   1.2121212121212121E-002   1.0018007223902889        1.0101010101010102E-002   1.0018007223902889        1.0000000000000000        1.3224513031317997E-006
  0.10101006687068087       -5.9307432605542670E-005   1.2121212121212121E-002   1.0018007090975256        1.0101010101010102E-002   1.0018007090975256        1.0000000000000000        1.4502767182733578E-006
  0.11111107409949127       -6.4295899136871315E-005   1.2121212121212121E-002   1.0018006946063409        1.0101010101010102E-002   1.0018006946063409        1.0000000000000000        1.5724352566692801E-006
  0.12121208147730642       -6.9025256926514824E-005   1.2121212121212121E-002   1.0018006789749569        1.0101010101010102E-002   1.0018006789749569        1.0000000000000000        1.6881146240876888E-006
  0.13131308901508623       -7.3476458670223221E-005   1.2121212121212121E-002   1.0018006622672502        1.0101010101010102E-002   1.0018006622672502        1.0000000000000000        1.7969437138276589E-006
  0.14141409672314323       -7.7631580878247849E-005   1.2121212121212121E-002   1.0018006445503418        1.0101010101010102E-002   1.0018006445503418        1.0000000000000000        1.8986138670129549E-006
  0.15151510461111198       -8.1473898193951680E-005   1.2121212121212121E-002   1.0018006258949630        1.0101010101010102E-002   1.0018006258949630        1.0000000000000000        1.9927042114176174E-006
  0.16161611268790810       -8.4987945533612037E-005   1.2121212121212121E-002   1.0018006063759435        1.0101010101010102E-002   1.0018006063759435        1.0000000000000000        2.0787677188494058E-006
  0.17171712096168792       -8.8159582824138920E-005   1.2121212121212121E-002   1.0018005860723724        1.0101010101010102E-002   1.0018005860723724        1.0000000000000000        2.1563490717468881E-006
  0.18181812943980238       -9.0976052399875987E-005   1.2121212121212121E-002   1.0018005650664028        1.0101010101010102E-002   1.0018005650664028        1.0000000000000000        2.2252744393824742E-006
  0.19191913812878186       -9.3426031662151738E-005   1.2121212121212121E-002   1.0018005434417709        1.0101010101010102E-002   1.0018005434417709        1.0000000000000000        2.2854009351647164E-006
  0.20202014703432483       -9.5499674403646333E-005   1.2121212121212121E-002   1.0018005212849872        1.0101010101010102E-002   1.0018005212849872        1.0000000000000000        2.3362815042560214E-006
  0.21212115616125418       -9.7188650627104024E-005   1.2121212121212121E-002   1.0018004986863089        1.0101010101010102E-002   1.0018004986863089        1.0000000000000000        2.3775714943496951E-006
  0.22222216551347995       -9.8486183483380377E-005   1.2121212121212121E-002   1.0018004757369223        1.0101010101010102E-002   1.0018004757369223        1.0000000000000000        2.4094302819577251E-006
  0.23232317509402156       -9.9387074135533584E-005   1.2121212121212121E-002   1.0018004525279764        1.0101010101010102E-002   1.0018004525279764        1.0000000000000000        2.4317162949927251E-006
  0.24242418490499240       -9.9887721730760795E-005   1.2121212121212121E-002   1.0018004291529587        1.0101010101010102E-002   1.0018004291529587        1.0000000000000000        2.4440798993552448E-006
  0.25252519494756309       -9.9986135348928518E-005   1.2121212121212121E-002   1.0018004057068737        1.0101010101010102E-002   1.0018004057068737        1.0000000000000000        2.4465345989099774E-006
  0.26262620522196600       -9.9681946503994874E-005   1.2121212121212121E-002   1.0018003822840313        1.0101010101010102E-002   1.0018003822840313        1.0000000000000000        2.4392260407068989E-006
  0.27272721572750808       -9.8976408803213363E-005   1.2121212121212121E-002   1.0018003589779008        1.0101010101010102E-002   1.0018003589779008        1.0000000000000000        2.4221946279823214E-006
  0.28282822646257705       -9.7872389618238321E-005   1.2121212121212121E-002   1.0018003358823597        1.0101010101010102E-002   1.0018003358823597        1.0000000000000000        2.3953059766768092E-006
  0.29292923742462379       -9.6374358169711848E-005   1.2121212121212121E-002   1.0018003130910695        1.0101010101010102E-002   1.0018003130910695        1.0000000000000000        2.3587280564285606E-006
  0.30303024861018257       -9.4488371710620123E-005   1.2121212121212121E-002   1.0018002906958590        1.0101010101010102E-002   1.0018002906958590        1.0000000000000000        2.3126795145600454E-006
  0.31313126001488945       -9.2222047848017553E-005   1.2121212121212121E-002   1.0018002687864236        1.0101010101010102E-002   1.0018002687864236        1.0000000000000000        2.2574083304860437E-006
  0.32323227163350660       -8.9584532332480195E-005   1.2121212121212121E-002   1.0018002474505840        1.0101010101010102E-002   1.0018002474505840        1.0000000000000000        2.1930367699596331E-006
  0.33333328345993674       -8.6586462811336483E-005   1.2121212121212121E-002   1.0018002267752100        1.0101010101010102E-002   1.0018002267752100        1.0000000000000000        2.1196399693224066E-006
  0.34343429548722121       -8.3239925679455282E-005   1.2121212121212121E-002   1.0018002068438119        1.0101010101010102E-002   1.0018002068438119        1.0000000000000000        2.0378443288393555E-006
  0.35353530770761143       -7.9558410130132261E-005   1.2121212121212121E-002   1.0018001877358156        1.0101010101010102E-002   1.0018001877358156        1.0000000000000000        1.9478902828495848E-006
  0.36363632011258212       -7.5556749539857054E-005   1.2121212121212121E-002   1.0018001695280976        1.0101010101010102E-002   1.0018001695280976        1.0000000000000000        1.8500635672324961E-006
  0.37373733269286535       -7.1251060998229118E-005   1.2121212121212121E-002   1.0018001522948268        1.0101010101010102E-002   1.0018001522948268        1.0000000000000000        1.7446261688647269E-006
  0.38383834543846734       -6.6658683643701421E-005   1.2121212121212121E-002   1.0018001361057132        1.0101010101010102E-002   1.0018001361057132        1.0000000000000000        1.6322595728368583E-006
  0.39393935833874139       -6.1798110790984209E-005   1.2121212121212121E-002   1.0018001210252709        1.0101010101010102E-002   1.0018001210252709        1.0000000000000000        1.5133674438061462E-006
  0.40404037138242199       -5.6688908067663947E-005   1.2121212121212121E-002   1.0018001071144147        1.0101010101010102E-002   1.0018001071144147        1.0000000000000000        1.3883034606365641E-006
  0.41414138455765703       -5.1351639874717282E-005   1.2121212121212121E-002   1.0018000944295786        1.0101010101010102E-002   1.0018000944295786        1.0000000000000000        1.2576272574449376E-006
  0.42424239785206502       -4.5807785354425234E-005   1.2121212121212121E-002   1.0018000830220710        1.0101010101010102E-002   1.0018000830220710        1.0000000000000000        1.1218653739319961E-006
  0.43434341125277881       -4.0079655711785738E-005   1.2121212121212121E-002   1.0018000729374605        1.0101010101010102E-002   1.0018000729374605        1.0000000000000000        9.8168354512040423E-007
  0.44444442474651841       -3.4190298014536398E-005   1.2121212121212121E-002   1.0018000642165590        1.0101010101010102E-002   1.0018000642165590        1.0000000000000000        8.3741138112713998E-007
  0.45454543831960903       -2.8163405440106616E-005   1.2121212121212121E-002   1.0018000568947816        1.0101010101010102E-002   1.0018000568947816        1.0000000000000000        6.8984341172750874E-007
  0.46464645195806975       -2.2023224771887588E-005   1.2121212121212121E-002   1.0018000510015226        1.0101010101010102E-002   1.0018000510015226        1.0000000000000000        5.3942855693378533E-007
  0.47474746564764669       -1.5794457203619614E-005   1.2121212121212121E-002   1.0018000465609289        1.0101010101010102E-002   1.0018000465609289        1.0000000000000000        3.8683493830404814E-007
  0.48484847937387870       -9.5021592594109566E-006   1.2121212121212121E-002   1.0018000435903729        1.0101010101010102E-002   1.0018000435903729        1.0000000000000000        2.3279293337452600E-007
  0.49494949312217129       -3.1716389546052867E-006   1.2121212121212121E-002   1.0018000421018007        1.0101010101010102E-002   1.0018000421018007        1.0000000000000000        7.7711854729045626E-008
  0.50505050687782715        3.1716390804366939E-006   1.2121212121212121E-002   1.0018000421017212        1.0101010101010102E-002   1.0018000421017212        1.0000000000000000       -7.7692818400976194E-008
  0.51515152062612135        9.5021592422866101E-006   1.2121212121212121E-002   1.0018000435901802        1.0101010101010102E-002   1.0018000435901802        1.0000000000000000       -2.3278922522962375E-007
  0.52525253435235608        1.5794457309858376E-005   1.2121212121212121E-002   1.0018000465609143        1.0101010101010102E-002   1.0018000465609143        1.0000000000000000       -3.8687800074654888E-007
  0.53535354804193047        2.2023224512487563E-005   1.2121212121212121E-002   1.0018000510016116        1.0101010101010102E-002   1.0018000510016116        1.0000000000000000       -5.3940660915685612E-007
  0.54545456168039141        2.8163405507908374E-005   1.2121212121212121E-002   1.0018000568946730        1.0101010101010102E-002   1.0018000568946730        1.0000000000000000       -6.8982582757115551E-007
  0.55555557525348453        3.4190297928729684E-005   1.2121212121212121E-002   1.0018000642165386        1.0101010101010102E-002   1.0018000642165386        1.0000000000000000       -8.3744375345418121E-007
  0.56565658874722180        4.0079655677280360E-005   1.2121212121212121E-002   1.0018000729374208        1.0101010101010102E-002   1.0018000729374208        1.0000000000000000       -9.8164898254538002E-007
  0.57575760214793870        4.5807785609914880E-005   1.2121212121212121E-002   1.0018000830220075        1.0101010101010102E-002   1.0018000830220075        1.0000000000000000       -1.1218948108293603E-006
  0.58585861544234508        5.1351639773654061E-005   1.2121212121212121E-002   1.0018000944296259        1.0101010101010102E-002   1.0018000944296259        1.0000000000000000       -1.2576213714865503E-006
  0.59595962861758067        5.6688908193019958E-005   1.2121212121212121E-002   1.0018001071145057        1.0101010101010102E-002   1.0018001071145057        1.0000000000000000       -1.3883193430430651E-006
  0.60606064166125873        6.1798110840230542E-005   1.2121212121212121E-002   1.0018001210252869        1.0101010101010102E-002   1.0018001210252869        1.0000000000000000       -1.5133338120421058E-006
  0.61616165456153504        6.6658683570358532E-005   1.2121212121212121E-002   1.0018001361056881        1.0101010101010102E-002   1.0018001361056881        1.0000000000000000       -1.6322862972373287E-006
  0.62626266730713565        7.1251060701466598E-005   1.2121212121212121E-002   1.0018001522949587        1.0101010101010102E-002   1.0018001522949587        1.0000000000000000       -1.7446316862290701E-006
  0.63636367988741716        7.5556749500209800E-005   1.2121212121212121E-002   1.0018001695281180        1.0101010101010102E-002   1.0018001695281180        1.0000000000000000       -1.8500361633755347E-006
  0.64646469229238912        7.9558410429181919E-005   1.2121212121212121E-002   1.0018001877356846        1.0101010101010102E-002   1.0018001877356846        1.0000000000000000       -1.9478818824580912E-006
  0.65656570451278085        8.3239925611710671E-005   1.2121212121212121E-002   1.0018002068436609        1.0101010101010102E-002   1.0018002068436609        1.0000000000000000       -2.0378506606633096E-006
  0.66666671654006726        8.6586462780431259E-005   1.2121212121212121E-002   1.0018002267752888        1.0101010101010102E-002   1.0018002267752888        1.0000000000000000       -2.1196824881997145E-006
  0.67676772836649346        8.9584532325765419E-005   1.2121212121212121E-002   1.0018002474506524        1.0101010101010102E-002   1.0018002474506524        1.0000000000000000       -2.1929929312491936E-006
  0.68686873998511300        9.2222047957766202E-005   1.2121212121212121E-002   1.0018002687863596        1.0101010101010102E-002   1.0018002687863596        1.0000000000000000       -2.2574241267392381E-006
  0.69696975138981909        9.4488371575069739E-005   1.2121212121212121E-002   1.0018002906958381        1.0101010101010102E-002   1.0018002906958381        1.0000000000000000       -2.3126686272689767E-006
  0.70707076257537882        9.6374358190506168E-005   1.2121212121212121E-002   1.0018003130909976        1.0101010101010102E-002   1.0018003130909976        1.0000000000000000       -2.3587344619713235E-006
  0.71717177353742656        9.7872389532208803E-005   1.2121212121212121E-002   1.0018003358824827        1.0101010101010102E-002   1.0018003358824827        1.0000000000000000       -2.3953363479378709E-006
  0.72727278427249131        9.8976408652378384E-005   1.2121212121212121E-002   1.0018003589778108        1.0101010101010102E-002   1.0018003589778108        1.0000000000000000       -2.4221205050523054E-006
  0.73737379477803966        9.9681946930064278E-005   1.2121212121212121E-002   1.0018003822838730        1.0101010101010102E-002   1.0018003822838730        1.0000000000000000       -2.4392852830956713E-006
  0.74747480505244002        9.9986135576077127E-005   1.2121212121212121E-002   1.0018004057069696        1.0101010101010102E-002   1.0018004057069696        1.0000000000000000       -2.4465294652387115E-006
  0.75757581509501082        9.9887721327250400E-005   1.2121212121212121E-002   1.0018004291530154        1.0101010101010102E-002   1.0018004291530154        1.0000000000000000       -2.4440783725765414E-006
  0.76767682490598022        9.9387073960101514E-005   1.2121212121212121E-002   1.0018004525278650        1.0101010101010102E-002   1.0018004525278650        1.0000000000000000       -2.4316790083744877E-006
  0.77777783448652582        9.8486183441478552E-005   1.2121212121212121E-002   1.0018004757368488        1.0101010101010102E-002   1.0018004757368488        1.0000000000000000       -2.4094770916249786E-006
  0.78787884383874940        9.7188650612070788E-005   1.2121212121212121E-002   1.0018004986864582        1.0101010101010102E-002   1.0018004986864582        1.0000000000000000       -2.3775720263685685E-006
  0.79797985296567742        9.5499674584264101E-005   1.2121212121212121E-002   1.0018005212850460        1.0101010101010102E-002   1.0018005212850460        1.0000000000000000       -2.3362622316724924E-006
  0.80808086187122052        9.3426031716456646E-005   1.2121212121212121E-002   1.0018005434417165        1.0101010101010102E-002   1.0018005434417165        1.0000000000000000       -2.2853961585411753E-006
  0.81818187056020142        9.0976052558331173E-005   1.2121212121212121E-002   1.0018005650664878        1.0101010101010102E-002   1.0018005650664878        1.0000000000000000       -2.2253085711909648E-006
  0.82828287903831244        8.8159582790594369E-005   1.2121212121212121E-002   1.0018005860724031        1.0101010101010102E-002   1.0018005860724031        1.0000000000000000       -2.1563025054405216E-006
  0.83838388731209479        8.4987945590460226E-005   1.2121212121212121E-002   1.0018006063757605        1.0101010101010102E-002   1.0018006063757605        1.0000000000000000       -2.0787697225799207E-006
  0.84848489538889271        8.1473898132346446E-005   1.2121212121212121E-002   1.0018006258949494        1.0101010101010102E-002   1.0018006258949494        1.0000000000000000       -1.9927373813288796E-006
  0.85858590327685980        7.7631581102485971E-005   1.2121212121212121E-002   1.0018006445504364        1.0101010101010102E-002   1.0018006445504364        1.0000000000000000       -1.8986045295932286E-006
  0.86868691098491613        7.3476458208610959E-005   1.2121212121212121E-002   1.0018006622672060        1.0101010101010102E-002   1.0018006622672060        1.0000000000000000       -1.7969253969241095E-006
  0.87878791852269789        6.9025257018588782E-005   1.2121212121212121E-002   1.0018006789749700        1.0101010101010102E-002   1.0018006789749700        1.0000000000000000       -1.6881411015745584E-006
  0.88888892590051061        6.4295899193804763E-005   1.2121212121212121E-002   1.0018006946063116        1.0101010101010102E-002   1.0018006946063116        1.0000000000000000       -1.5724017634610732E-006
  0.89898993312932418        5.9307432832485924E-005   1.2121212121212121E-002   1.0018007090975423        1.0101010101010102E-002   1.0018007090975423        1.0000000000000000       -1.4503210445937498E-006
  0.90909094022070547        5.4079950303130704E-005   1.2121212121212121E-002   1.0018007223903918        1.0101010101010102E-002   1.0018007223903918        1.0000000000000000       -1.3224233441633260E-006
  0.91919194718677544        4.8634511189469283E-005   1.2121212121212121E-002   1.0018007344319246        1.0101010101010102E-002   1.0018007344319246        1.0000000000000000       -1.1893142231045317E-006
  0.92929295404014611        4.2993053555790323E-005   1.2121212121212121E-002   1.0018007451739992        1.0101010101010102E-002   1.0018007451739992        1.0000000000000000       -1.0513757358054932E-006
  0.93939396079388882        3.7178311898669973E-005   1.2121212121212121E-002   1.0018007545728109        1.0101010101010102E-002   1.0018007545728109        1.0000000000000000       -9.0912328065684278E-007
  0.94949496746148332        3.1213717246927115E-005   1.2121212121212121E-002   1.0018007625901515        1.0101010101010102E-002   1.0018007625901515        1.0000000000000000       -7.6320578124011718E-007
  0.95959597405675712        2.5123308214041549E-005   1.2121212121212121E-002   1.0018007691941628        1.0101010101010102E-002   1.0018007691941628        1.0000000000000000       -6.1432043985121254E-007
  0.96969698059381892        1.8931631105601578E-005   1.2121212121212121E-002   1.0018007743589392        1.0101010101010102E-002   1.0018007743589392        1.0000000000000000       -4.6300250300390644E-007
  0.97979798708700538        1.2663642807631675E-005   1.2121212121212121E-002   1.0018007780630520        1.0101010101010102E-002   1.0018007780630520        1.0000000000000000       -3.0963982489140562E-007
  0.98989899355085109        6.3446091179192189E-006   1.2121212121212121E-002   1.0018007802909537        1.0101010101010102E-002   1.0018007802909537        1.0000000000000000       -1.5507547335147365E-007
   1.0000000000000027        3.5551125383552369E-013   1.2121212121212121E-002   1.0018007810344869        1.0101010101010102E-002   1.0018007810344869        1.0000000000000000       -1.4031442674422578E-011
   1.0101010064491522       -6.3441918593889156E-006   1.2121212121212121E-002   1.0018007802909017        1.0101010101010102E-002   1.0018007802909017        1.0000000000000000        1.5509973927407827E-007
   1.0202020129129998       -1.2662810576895996E-005   1.2121212121212121E-002   1.0018007780630205        1.0101010101010102E-002   1.0018007780630205        1.0000000000000000        3.0962030983516797E-007
   1.0303030194061853       -1.8930387020092454E-005   1.2121212121212121E-002   1.0018007743590571        1.0101010101010102E-002   1.0018007743590571        1.0000000000000000        4.6299517642012233E-007
   1.0404040259432452       -2.5121657134711218E-005   1.2121212121212121E-002   1.0018007691941846        1.0101010101010102E-002   1.0018007691941846        1.0000000000000000        6.1434778686475511E-007
   1.0505050325385206       -3.1211665899869882E-005   1.2121212121212121E-002   1.0018007625901253        1.0101010101010102E-002   1.0018007625901253        1.0000000000000000        7.6319195052576561E-007
   1.0606060392061143       -3.7175868507736536E-005   1.2121212121212121E-002   1.0018007545728349        1.0101010101010102E-002   1.0018007545728349        1.0000000000000000        9.0912718686553262E-007
   1.0707070459598573       -4.2990229060872477E-005   1.2121212121212121E-002   1.0018007451740303        1.0101010101010102E-002   1.0018007451740303        1.0000000000000000        1.0513649009169512E-006
   1.0808080528132271       -4.8631315727095180E-005   1.2121212121212121E-002   1.0018007344319904        1.0101010101010102E-002   1.0018007344319904        1.0000000000000000        1.1893190370315665E-006
   1.0909090597792961       -5.4076397258026559E-005   1.2121212121212121E-002   1.0018007223902889        1.0101010101010102E-002   1.0018007223902889        1.0000000000000000        7.6251817248574270     
   1.1010100668706808       -5.9303536378373084E-005   1.2121212121212121E-002   1.0018007090975256        1.0101010101010102E-002   1.0018007090975256        1.0000000000000000        93.408227481508348     
  -1.0101006449148908E-002   6.3441919631301237E-006   1.2121212121212121E-002   1.0018007802909537        1.0101010101010102E-002   1.0018007802909537        1.0000000000000000       -1.5508273509823312E-007
  -2.0202012912994616E-002   1.2662810490263516E-005   1.2121212121212121E-002   1.0018007780630520        1.0101010101010102E-002   1.0018007780630520        1.0000000000000000       -3.0964476316341916E-007
  -3.0303019406181075E-002   1.8930387063969580E-005   1.2121212121212121E-002   1.0018007743589392        1.0101010101010102E-002   1.0018007743589392        1.0000000000000000       -4.6300250211572802E-007
  -4.0404025943242883E-002   2.5121657081290216E-005   1.2121212121212121E-002   1.0018007691941628        1.0101010101010102E-002   1.0018007691941628        1.0000000000000000       -6.1432044784481832E-007
  -5.0505032538516681E-002   3.1211665844009408E-005   1.2121212121212121E-002   1.0018007625901515        1.0101010101010102E-002   1.0018007625901515        1.0000000000000000       -7.6320577324651140E-007
  -6.0606039206111184E-002   3.7175868789330092E-005   1.2121212121212121E-002   1.0018007545728109        1.0101010101010102E-002   1.0018007545728109        1.0000000000000000       -9.0912328243319962E-007
  -7.0707045959853887E-002   4.2990228661295566E-005   1.2121212121212121E-002   1.0018007451739992        1.0101010101010102E-002   1.0018007451739992        1.0000000000000000       -1.0513757331409579E-006
  -8.0808052813224562E-002   4.8631315707874132E-005   1.2121212121212121E-002   1.0018007344319246        1.0101010101010102E-002   1.0018007344319246        1.0000000000000000       -1.1893142248808886E-006
  -9.0909059779294532E-002   5.4076397175151656E-005   1.2121212121212121E-002   1.0018007223903918        1.0101010101010102E-002   1.0018007223903918        1.0000000000000000       -7.6251817248284084     
 -0.10101006687067582        5.9303536700721779E-005   1.2121212121212121E-002   1.0018007090975423        1.0101010101010102E-002   1.0018007090975423        1.0000000000000000       -93.408227481532151     
