 # x v h rho m p cs a
   6.9000000000006390     
  -2.3449846632050849E-007  -3.4522657014269990E-006   1.2121212121212121E-002   1.0017999054631384        1.0101010101010102E-002   1.0017999054631384        1.0000000000000000        1.2434497875801753E-014
   1.0100788400369784E-002  -4.3101317541757130E-006   1.2121212121212121E-002   1.0017988632777490        1.0101010101010102E-002   1.0017988632777490        1.0000000000000000       -1.4210854715202004E-014
   2.0201817411932256E-002  -6.0409163597296331E-006   1.2121212121212121E-002   1.0017984346586675        1.0101010101010102E-002   1.0017984346586675        1.0000000000000000       -9.9475983006414026E-014
   3.0302847970119656E-002  -8.2110703571857162E-006   1.2121212121212121E-002   1.0017982567547297        1.0101010101010102E-002   1.0017982567547297        1.0000000000000000        6.1284310959308641E-014
   4.0403880598538978E-002  -1.0760184208135740E-005   1.2121212121212121E-002   1.0017983656892611        1.0101010101010102E-002   1.0017983656892611        1.0000000000000000        3.5527136788005009E-015
   5.0504909386374489E-002  -1.3725662680301138E-005   1.2121212121212121E-002   1.0017989725982852        1.0101010101010102E-002   1.0017989725982852        1.0000000000000000        4.4408920985006262E-015
   6.0605929793190363E-002  -1.7235334187999255E-005   1.2121212121212121E-002   1.0017999461925873        1.0101010101010102E-002   1.0017999461925873        1.0000000000000000       -8.8817841970012523E-015
   7.0706938944227124E-002  -2.1414775126232245E-005   1.2121212121212121E-002   1.0018010508307564        1.0101010101010102E-002   1.0018010508307564        1.0000000000000000       -5.1514348342607263E-014
   8.0807937581617167E-002  -2.5718156173263944E-005   1.2121212121212121E-002   1.0018022909590298        1.0101010101010102E-002   1.0018022909590298        1.0000000000000000        2.1316282072803006E-014
   9.0908922061261527E-002  -2.9115390071859987E-005   1.2121212121212121E-002   1.0018035287366549        1.0101010101010102E-002   1.0018035287366549        1.0000000000000000        7.1054273576010019E-015
  0.10100989533399685       -3.1602951130068816E-005   1.2121212121212121E-002   1.0018042298774232        1.0101010101010102E-002   1.0018042298774232        1.0000000000000000        7.1054273576010019E-015
  0.11111086576595208       -3.4264718049701915E-005   1.2121212121212121E-002   1.0018042646749667        1.0101010101010102E-002   1.0018042646749667        1.0000000000000000        3.5527136788005009E-015
  0.12121183886941528       -3.7089131277483388E-005   1.2121212121212121E-002   1.0018039201822408        1.0101010101010102E-002   1.0018039201822408        1.0000000000000000        1.9539925233402755E-014
  0.13131281614298121       -3.9196179531891980E-005   1.2121212121212121E-002   1.0018032397580570        1.0101010101010102E-002   1.0018032397580570        1.0000000000000000        8.0824236192711396E-014
  0.14141380264145906       -4.0574569983613078E-005   1.2121212121212121E-002   1.0018022318045026        1.0101010101010102E-002   1.0018022318045026        1.0000000000000000        2.2204460492503131E-014
  0.15151480052590213       -4.1806088535392456E-005   1.2121212121212121E-002   1.0018013121801450        1.0101010101010102E-002   1.0018013121801450        1.0000000000000000       -6.2172489379008766E-015
  0.16161580565655675       -4.3057792715845695E-005   1.2121212121212121E-002   1.0018007667119013        1.0101010101010102E-002   1.0018007667119013        1.0000000000000000       -6.2172489379008766E-015
  0.17171681409178080       -4.4457931274894804E-005   1.2121212121212121E-002   1.0018004860209144        1.0101010101010102E-002   1.0018004860209144        1.0000000000000000       -6.2172489379008766E-015
  0.18181782470716717       -4.6234324800896775E-005   1.2121212121212121E-002   1.0018004369284630        1.0101010101010102E-002   1.0018004369284630        1.0000000000000000       -6.2172489379008766E-015
  0.19191883437831025       -4.8165636580592862E-005   1.2121212121212121E-002   1.0018007579301105        1.0101010101010102E-002   1.0018007579301105        1.0000000000000000       -6.2172489379008766E-015
  0.20201983845817081       -4.9881278567758120E-005   1.2121212121212121E-002   1.0018013113818782        1.0101010101010102E-002   1.0018013113818782        1.0000000000000000       -6.2172489379008766E-015
  0.21212083637407739       -5.1039885142778474E-005   1.2121212121212121E-002   1.0018016166620927        1.0101010101010102E-002   1.0018016166620927        1.0000000000000000       -6.2172489379008766E-015
  0.22222183433226872       -5.1634883076047583E-005   1.2121212121212121E-002   1.0018016090624893        1.0101010101010102E-002   1.0018016090624893        1.0000000000000000       -1.7763568394002505E-015
  0.23232283294438466       -5.1890453199400506E-005   1.2121212121212121E-002   1.0018015786746861        1.0101010101010102E-002   1.0018015786746861        1.0000000000000000       -5.6843418860808015E-014
  0.24242383118165928       -5.1947780560850143E-005   1.2121212121212121E-002   1.0018013362783564        1.0101010101010102E-002   1.0018013362783564        1.0000000000000000       -1.8562928971732617E-013
  0.25252483391390407       -5.1802294974453951E-005   1.2121212121212121E-002   1.0018005082353525        1.0101010101010102E-002   1.0018005082353525        1.0000000000000000        1.8385293287792592E-013
  0.26262584898428992       -5.1385896993213630E-005   1.2121212121212121E-002   1.0017993931212155        1.0101010101010102E-002   1.0017993931212155        1.0000000000000000        5.0626169922907138E-014
  0.27272687502063842       -5.0857073988946478E-005   1.2121212121212121E-002   1.0017987708977580        1.0101010101010102E-002   1.0017987708977580        1.0000000000000000       -6.2172489379008766E-015
  0.28282790304406180       -5.0209851905703058E-005   1.2121212121212121E-002   1.0017990520246123        1.0101010101010102E-002   1.0017990520246123        1.0000000000000000       -6.2172489379008766E-015
  0.29292892296417228       -4.9549638261273589E-005   1.2121212121212121E-002   1.0017998782426634        1.0101010101010102E-002   1.0017998782426634        1.0000000000000000       -6.2172489379008766E-015
  0.30302993323806532       -4.9043535546730346E-005   1.2121212121212121E-002   1.0018003712134071        1.0101010101010102E-002   1.0018003712134071        1.0000000000000000       -6.2172489379008766E-015
  0.31313094263748514       -4.8374707709792504E-005   1.2121212121212121E-002   1.0018000616520273        1.0101010101010102E-002   1.0018000616520273        1.0000000000000000       -6.2172489379008766E-015
  0.32323195994978360       -4.6941116788698216E-005   1.2121212121212121E-002   1.0017994848496565        1.0101010101010102E-002   1.0017994848496565        1.0000000000000000       -6.2172489379008766E-015
  0.33333298173670334       -4.5186127745834531E-005   1.2121212121212121E-002   1.0017992174780033        1.0101010101010102E-002   1.0017992174780033        1.0000000000000000       -6.2172489379008766E-015
  0.34343400366867971       -4.3247899533646885E-005   1.2121212121212121E-002   1.0017989214648508        1.0101010101010102E-002   1.0017989214648508        1.0000000000000000       -6.2172489379008766E-015
  0.35353503109966722       -4.1024087264865146E-005   1.2121212121212121E-002   1.0017984835929281        1.0101010101010102E-002   1.0017984835929281        1.0000000000000000       -6.2172489379008766E-015
  0.36363606241809521       -3.8568805990357233E-005   1.2121212121212121E-002   1.0017983159951505        1.0101010101010102E-002   1.0017983159951505        1.0000000000000000       -6.2172489379008766E-015
  0.37373709325052151       -3.6309501544826660E-005   1.2121212121212121E-002   1.0017984739536703        1.0101010101010102E-002   1.0017984739536703        1.0000000000000000       -6.2172489379008766E-015
  0.38383812079658736       -3.4407353476349446E-005   1.2121212121212121E-002   1.0017985813050554        1.0101010101010102E-002   1.0017985813050554        1.0000000000000000       -6.2172489379008766E-015
  0.39393914931020774       -3.2366526508959750E-005   1.2121212121212121E-002   1.0017985166798022        1.0101010101010102E-002   1.0017985166798022        1.0000000000000000       -6.2172489379008766E-015
  0.40404017860858121       -3.0080328682246107E-005   1.2121212121212121E-002   1.0017985250510850        1.0101010101010102E-002   1.0017985250510850        1.0000000000000000       -6.2172489379008766E-015
  0.41414120664758552       -2.7254020459389225E-005   1.2121212121212121E-002   1.0017984436363143        1.0101010101010102E-002   1.0017984436363143        1.0000000000000000       -6.2172489379008766E-015
  0.42424223734137967       -2.3874800667107358E-005   1.2121212121212121E-002   1.0017981573346622        1.0101010101010102E-002   1.0017981573346622        1.0000000000000000       -6.2172489379008766E-015
  0.43434327147252194       -2.0122826518203567E-005   1.2121212121212121E-002   1.0017979188163932        1.0101010101010102E-002   1.0017979188163932        1.0000000000000000       -6.2172489379008766E-015
  0.44444430719355976       -1.6811130088721549E-005   1.2121212121212121E-002   1.0017979099305887        1.0101010101010102E-002   1.0017979099305887        1.0000000000000000       -6.2172489379008766E-015
  0.45454534112469897       -1.4352077274785738E-005   1.2121212121212121E-002   1.0017979150122964        1.0101010101010102E-002   1.0017979150122964        1.0000000000000000       -6.2172489379008766E-015
  0.46464637639509559       -1.1827730253981470E-005   1.2121212121212121E-002   1.0017977415027266        1.0101010101010102E-002   1.0017977415027266        1.0000000000000000       -6.2172489379008766E-015
  0.47474741426555378       -8.7122694958407628E-006   1.2121212121212121E-002   1.0017976762839245        1.0101010101010102E-002   1.0017976762839245        1.0000000000000000        5.3290705182007514E-015
  0.48484845109731911       -5.2961842534611211E-006   1.2121212121212121E-002   1.0017978832060956        1.0101010101010102E-002   1.0017978832060956        1.0000000000000000       -7.0166095156309893E-014
  0.49494948453854348       -1.7926927220975541E-006   1.2121212121212121E-002   1.0017981540099903        1.0101010101010102E-002   1.0017981540099903        1.0000000000000000       -4.4941828036826337E-013
  0.50505051546165358        1.7926930439837530E-006   1.2121212121212121E-002   1.0017981540098646        1.0101010101010102E-002   1.0017981540098646        1.0000000000000000       -6.9277916736609768E-014
  0.51515154890288084        5.2961841656341349E-006   1.2121212121212121E-002   1.0017978832059591        1.0101010101010102E-002   1.0017978832059591        1.0000000000000000        1.5987211554602254E-014
  0.52525258573464662        8.7122691881295427E-006   1.2121212121212121E-002   1.0017976762841136        1.0101010101010102E-002   1.0017976762841136        1.0000000000000000        1.7763568394002505E-015
  0.53535362360509975        1.1827730491835728E-005   1.2121212121212121E-002   1.0017977415027821        1.0101010101010102E-002   1.0017977415027821        1.0000000000000000        1.7763568394002505E-015
  0.54545465887550038        1.4352077346482157E-005   1.2121212121212121E-002   1.0017979150122223        1.0101010101010102E-002   1.0017979150122223        1.0000000000000000        1.7763568394002505E-015
  0.55555569280663752        1.6811130236587101E-005   1.2121212121212121E-002   1.0017979099306289        1.0101010101010102E-002   1.0017979099306289        1.0000000000000000        1.7763568394002505E-015
  0.56565672852767601        2.0122826449622908E-005   1.2121212121212121E-002   1.0017979188162605        1.0101010101010102E-002   1.0017979188162605        1.0000000000000000        1.7763568394002505E-015
  0.57575776265882073        2.3874800639791724E-005   1.2121212121212121E-002   1.0017981573346126        1.0101010101010102E-002   1.0017981573346126        1.0000000000000000        1.7763568394002505E-015
  0.58585879335261359        2.7254020759068638E-005   1.2121212121212121E-002   1.0017984436364578        1.0101010101010102E-002   1.0017984436364578        1.0000000000000000        1.7763568394002505E-015
  0.59595982139161596        3.0080328691421256E-005   1.2121212121212121E-002   1.0017985250512043        1.0101010101010102E-002   1.0017985250512043        1.0000000000000000        1.7763568394002505E-015
  0.60606085068998894        3.2366526817688026E-005   1.2121212121212121E-002   1.0017985166798238        1.0101010101010102E-002   1.0017985166798238        1.0000000000000000        1.7763568394002505E-015
  0.61616187920360932        3.4407353274729177E-005   1.2121212121212121E-002   1.0017985813049448        1.0101010101010102E-002   1.0017985813049448        1.0000000000000000        1.7763568394002505E-015
  0.62626290674967755        3.6309501571378480E-005   1.2121212121212121E-002   1.0017984739535495        1.0101010101010102E-002   1.0017984739535495        1.0000000000000000        1.7763568394002505E-015
  0.63636393758210408        3.8568805959312236E-005   1.2121212121212121E-002   1.0017983159951518        1.0101010101010102E-002   1.0017983159951518        1.0000000000000000        1.7763568394002505E-015
  0.64646496890053173        4.1024087432708770E-005   1.2121212121212121E-002   1.0017984835929907        1.0101010101010102E-002   1.0017984835929907        1.0000000000000000        1.7763568394002505E-015
  0.65656599633151791        4.3247899368047159E-005   1.2121212121212121E-002   1.0017989214647522        1.0101010101010102E-002   1.0017989214647522        1.0000000000000000        1.7763568394002505E-015
  0.66666701826349806        4.5186127799106229E-005   1.2121212121212121E-002   1.0017992174780070        1.0101010101010102E-002   1.0017992174780070        1.0000000000000000        1.7763568394002505E-015
  0.67676804005041402        4.6941117140943040E-005   1.2121212121212121E-002   1.0017994848498049        1.0101010101010102E-002   1.0017994848498049        1.0000000000000000        1.7763568394002505E-015
  0.68686905736271286        4.8374707644681339E-005   1.2121212121212121E-002   1.0018000616520675        1.0101010101010102E-002   1.0018000616520675        1.0000000000000000        1.7763568394002505E-015
  0.69697006676213158        4.9043535780420238E-005   1.2121212121212121E-002   1.0018003712133676        1.0101010101010102E-002   1.0018003712133676        1.0000000000000000        1.7763568394002505E-015
  0.70707107703602667        4.9549638200465385E-005   1.2121212121212121E-002   1.0017998782426503        1.0101010101010102E-002   1.0017998782426503        1.0000000000000000        1.7763568394002505E-015
  0.71717209695613549        5.0209851987140682E-005   1.2121212121212121E-002   1.0017990520246951        1.0101010101010102E-002   1.0017990520246951        1.0000000000000000        1.7763568394002505E-015
  0.72727312497955865        5.0857073902204659E-005   1.2121212121212121E-002   1.0017987708977842        1.0101010101010102E-002   1.0017987708977842        1.0000000000000000        1.7763568394002505E-015
  0.73737415101590653        5.1385897101841987E-005   1.2121212121212121E-002   1.0017993931210265        1.0101010101010102E-002   1.0017993931210265        1.0000000000000000        1.7763568394002505E-015
  0.74747516608629738        5.1802295022479485E-005   1.2121212121212121E-002   1.0018005082353134        1.0101010101010102E-002   1.0018005082353134        1.0000000000000000        1.7763568394002505E-015
  0.75757616881853818        5.1947780567647352E-005   1.2121212121212121E-002   1.0018013362785652        1.0101010101010102E-002   1.0018013362785652        1.0000000000000000        1.7763568394002505E-015
  0.76767716705581146        5.1890453355743476E-005   1.2121212121212121E-002   1.0018015786745169        1.0101010101010102E-002   1.0018015786745169        1.0000000000000000        1.7763568394002505E-015
  0.77777816566793312        5.1634882948517259E-005   1.2121212121212121E-002   1.0018016090624808        1.0101010101010102E-002   1.0018016090624808        1.0000000000000000        1.7763568394002505E-015
  0.78787916362611898        5.1039885142816197E-005   1.2121212121212121E-002   1.0018016166622910        1.0101010101010102E-002   1.0018016166622910        1.0000000000000000        1.7763568394002505E-015
  0.79798016154202600        4.9881278566171546E-005   1.2121212121212121E-002   1.0018013113816975        1.0101010101010102E-002   1.0018013113816975        1.0000000000000000        1.7763568394002505E-015
  0.80808116562189047        4.8165636865064900E-005   1.2121212121212121E-002   1.0018007579299582        1.0101010101010102E-002   1.0018007579299582        1.0000000000000000        1.7763568394002505E-015
  0.81818217529303294        4.6234324751873069E-005   1.2121212121212121E-002   1.0018004369285369        1.0101010101010102E-002   1.0018004369285369        1.0000000000000000        1.7763568394002505E-015
  0.82828318590841832        4.4457931321287428E-005   1.2121212121212121E-002   1.0018004860211123        1.0101010101010102E-002   1.0018004860211123        1.0000000000000000        1.7763568394002505E-015
  0.83838419434363887        4.3057792726945493E-005   1.2121212121212121E-002   1.0018007667118902        1.0101010101010102E-002   1.0018007667118902        1.0000000000000000        1.7763568394002505E-015
  0.84848519947429735        4.1806088725548819E-005   1.2121212121212121E-002   1.0018013121800058        1.0101010101010102E-002   1.0018013121800058        1.0000000000000000        1.7763568394002505E-015
  0.85858619735873987        4.0574569959742375E-005   1.2121212121212121E-002   1.0018022318045334        1.0101010101010102E-002   1.0018022318045334        1.0000000000000000        1.7763568394002505E-015
  0.86868718385721722        3.9196179634749386E-005   1.2121212121212121E-002   1.0018032397580476        1.0101010101010102E-002   1.0018032397580476        1.0000000000000000        1.7763568394002505E-015
  0.87878816113078406        3.7089131333157969E-005   1.2121212121212121E-002   1.0018039201822981        1.0101010101010102E-002   1.0018039201822981        1.0000000000000000        1.7763568394002505E-015
  0.88888913423424509        3.4264718033783082E-005   1.2121212121212121E-002   1.0018042646750396        1.0101010101010102E-002   1.0018042646750396        1.0000000000000000        1.7763568394002505E-015
  0.89899010466620111        3.1602951084613578E-005   1.2121212121212121E-002   1.0018042298775132        1.0101010101010102E-002   1.0018042298775132        1.0000000000000000        1.7763568394002505E-015
  0.90909107793893340        2.9115390326423467E-005   1.2121212121212121E-002   1.0018035287365212        1.0101010101010102E-002   1.0018035287365212        1.0000000000000000        1.7763568394002505E-015
  0.91919206241858398        2.5718156140064765E-005   1.2121212121212121E-002   1.0018022909589703        1.0101010101010102E-002   1.0018022909589703        1.0000000000000000        1.7763568394002505E-015
  0.92929306105596909        2.1414775139370844E-005   1.2121212121212121E-002   1.0018010508308313        1.0101010101010102E-002   1.0018010508308313        1.0000000000000000        1.7763568394002505E-015
  0.93939407020700860        1.7235334226780167E-005   1.2121212121212121E-002   1.0017999461924574        1.0101010101010102E-002   1.0017999461924574        1.0000000000000000        1.7763568394002505E-015
  0.94949509061382531        1.3725662630963195E-005   1.2121212121212121E-002   1.0017989725984497        1.0101010101010102E-002   1.0017989725984497        1.0000000000000000        1.7763568394002505E-015
  0.95959611940165590        1.0760184346271198E-005   1.2121212121212121E-002   1.0017983656892921        1.0101010101010102E-002   1.0017983656892921        1.0000000000000000        1.7763568394002505E-015
  0.96969715203007945        8.2110702246818349E-006   1.2121212121212121E-002   1.0017982567545689        1.0101010101010102E-002   1.0017982567545689        1.0000000000000000        8.8817841970012523E-016
  0.97979818258826645        6.0409168904889363E-006   1.2121212121212121E-002   1.0017984346586672        1.0101010101010102E-002   1.0017984346586672        1.0000000000000000       -3.2862601528904634E-014
  0.98989921159982897        4.3101316850117874E-006   1.2121212121212121E-002   1.0017988632777444        1.0101010101010102E-002   1.0017988632777444        1.0000000000000000        1.5010215292932116E-013
   1.0000002344986652        3.4522656698084699E-006   1.2121212121212121E-002   1.0017999054631308        1.0101010101010102E-002   1.0017999054631308        1.0000000000000000        1.0436096431476471E-012
   1.0101012445996753       -4.3484258225178171E-006   1.2121212121212121E-002   1.0017988632777490        1.0101010101010102E-002   1.0018005275964084        1.0000000000000000        1.4299672557172016E-013
   1.0202022547006855       -6.0506613265280302E-006   1.2121212121212121E-002   1.0017984346586675        1.0101010101010102E-002   1.0018004249882935        1.0000000000000000       -1.9677833450701065E-002
   1.0303032648016957       -8.2191472461846704E-006   1.2121212121212121E-002   1.0017982567547297        1.0101010101010102E-002   1.0018004115226273        1.0000000000000000       -1.3138325546267744     
   1.0404042749027058       -1.0741106643747059E-005   1.2121212121212121E-002   1.0017983656892611        1.0101010101010102E-002  0.99665637860081713        1.0000000000000000       -4.6453021478719450     
   1.0505052850037160       -1.3680964339039054E-005   1.2121212121212121E-002   1.0017989725982852        1.0101010101010102E-002  0.77867798353909146        1.0000000000000000        107.01218865918355     
  -1.0101244599476422E-002   4.3484257520917904E-006   1.2121212121212121E-002   1.0017988632777444        1.0101010101010102E-002   1.0018005275964155        1.0000000000000000        1.1546319456101628E-014
  -2.0202254700486526E-002   6.0506618598541694E-006   1.2121212121212121E-002   1.0017984346586672        1.0101010101010102E-002   1.0018004249883001        1.0000000000000000        1.9677833450746363E-002
  -3.0303264801496626E-002   8.2191471270745196E-006   1.2121212121212121E-002   1.0017982567545689        1.0101010101010102E-002   1.0018004115226338        1.0000000000000000        1.3138325546268277     
  -4.0404274902506726E-002   1.0741106747784014E-005   1.2121212121212121E-002   1.0017983656892921        1.0101010101010102E-002  0.99665637860082290        1.0000000000000000        4.6453021478716039     
  -5.0505285003516830E-002   1.3680964311037820E-005   1.2121212121212121E-002   1.0017989725984497        1.0101010101010102E-002  0.77867798353909445        1.0000000000000000       -107.01218865918408     
