 # x v h rho m p cs a
   29.250909090914359     
   2.9521021480834119E-014  -5.7602084718217359E-013   1.2121212121212121E-002   1.0017198174219910        1.0101010101010102E-002   1.0017198174219910        1.0000000000000000       -1.2180478847767517E-011
   1.0101806673104310E-002  -3.6454143378208906E-006   1.2121212121212121E-002   1.0017199802134642        1.0101010101010102E-002   1.0017199802134642        1.0000000000000000       -3.3961207745569766E-005
   2.0203610127926781E-002  -7.2762103099060677E-006   1.2121212121212121E-002   1.0017204679226668        1.0101010101010102E-002   1.0017204679226668        1.0000000000000000       -6.7783596625403675E-005
   3.0305407159403559E-002  -1.0877825394112083E-005   1.2121212121212121E-002   1.0017212785595997        1.0101010101010102E-002   1.0017212785595997        1.0000000000000000       -1.0132946287200184E-004
   4.0407194588646306E-002  -1.4435811308451908E-005   1.2121212121212121E-002   1.0017224088196111        1.0101010101010102E-002   1.0017224088196111        1.0000000000000000       -1.3446218357238138E-004
   5.0508969275920565E-002  -1.7935896311856238E-005   1.2121212121212121E-002   1.0017238540956399        1.0101010101010102E-002   1.0017238540956399        1.0000000000000000       -1.6704658865229760E-004
   6.0610728133456457E-002  -2.1364037562638852E-005   1.2121212121212121E-002   1.0017256084959059        1.0101010101010102E-002   1.0017256084959059        1.0000000000000000       -1.9894969533140738E-004
   7.0712468138049725E-002  -2.4706476716767654E-005   1.2121212121212121E-002   1.0017276648690656        1.0101010101010102E-002   1.0017276648690656        1.0000000000000000       -2.3004163655837573E-004
   8.0814186343377628E-002  -2.7949792244368734E-005   1.2121212121212121E-002   1.0017300148381898        1.0101010101010102E-002   1.0017300148381898        1.0000000000000000       -2.6019657227305260E-004
   9.0915879891912119E-002  -3.1080957485654626E-005   1.2121212121212121E-002   1.0017326488350555        1.0101010101010102E-002   1.0017326488350555        1.0000000000000000       -2.8929173642033845E-004
  0.10101754602655499       -3.4087397240800496E-005   1.2121212121212121E-002   1.0017355561346097        1.0101010101010102E-002   1.0017355561346097        1.0000000000000000       -3.1720850910055276E-004
  0.11111918210189772       -3.6957023479576389E-005   1.2121212121212121E-002   1.0017387249049723        1.0101010101010102E-002   1.0017387249049723        1.0000000000000000       -3.4383455363684590E-004
  0.12122078559484104       -3.9678292789651155E-005   1.2121212121212121E-002   1.0017421422595663        1.0101010101010102E-002   1.0017421422595663        1.0000000000000000       -3.6906220606880424E-004
  0.13132235411481610       -4.2240254542582042E-005   1.2121212121212121E-002   1.0017457943071666        1.0101010101010102E-002   1.0017457943071666        1.0000000000000000       -3.9278955903476742E-004
  0.14142388541342921       -4.4632592735236696E-005   1.2121212121212121E-002   1.0017496662086787        1.0101010101010102E-002   1.0017496662086787        1.0000000000000000       -4.1492073661952844E-004
  0.15152537739355781       -4.6845665146925951E-005   1.2121212121212121E-002   1.0017537422408131        1.0101010101010102E-002   1.0017537422408131        1.0000000000000000       -4.3536722604731182E-004
  0.16162682811773388       -4.8870541508491257E-005   1.2121212121212121E-002   1.0017580058650781        1.0101010101010102E-002   1.0017580058650781        1.0000000000000000       -4.5404754705202777E-004
  0.17172823581585553       -5.0699046018284883E-005   1.2121212121212121E-002   1.0017624397921003        1.0101010101010102E-002   1.0017624397921003        1.0000000000000000       -4.7088658245186821E-004
  0.18182959889231476       -5.2323786969931841E-005   1.2121212121212121E-002   1.0017670260508889        1.0101010101010102E-002   1.0017670260508889        1.0000000000000000       -4.8581733488628487E-004
  0.19193091593235098       -5.3738186205956917E-005   1.2121212121212121E-002   1.0017717460693589        1.0101010101010102E-002   1.0017717460693589        1.0000000000000000       -4.9878149035276209E-004
  0.20203218570755335       -5.4936504688580685E-005   1.2121212121212121E-002   1.0017765807489993        1.0101010101010102E-002   1.0017765807489993        1.0000000000000000       -5.0972768768264842E-004
  0.21213340718075052       -5.5913870396124917E-005   1.2121212121212121E-002   1.0017815105401735        1.0101010101010102E-002   1.0017815105401735        1.0000000000000000       -5.1861329921898403E-004
  0.22223457951003461       -5.6666298381540317E-005   1.2121212121212121E-002   1.0017865155242218        1.0101010101010102E-002   1.0017865155242218        1.0000000000000000       -5.2540404568457433E-004
  0.23233570205201101       -5.7190707679377189E-005   1.2121212121212121E-002   1.0017915754941797        1.0101010101010102E-002   1.0017915754941797        1.0000000000000000       -5.3007424558249028E-004
  0.24243677436423774       -5.7484923814125242E-005   1.2121212121212121E-002   1.0017966700391168        1.0101010101010102E-002   1.0017966700391168        1.0000000000000000       -5.3260716209546644E-004
  0.25253779620679329       -5.7547708119129458E-005   1.2121212121212121E-002   1.0018017786248172        1.0101010101010102E-002   1.0018017786248172        1.0000000000000000       -5.3299396570238855E-004
  0.26263876754313165       -5.7378748852983806E-005   1.2121212121212121E-002   1.0018068806761358        1.0101010101010102E-002   1.0018068806761358        1.0000000000000000       -5.3123508517405327E-004
  0.27273968854002367       -5.6978669877756939E-005   1.2121212121212121E-002   1.0018119556617324        1.0101010101010102E-002   1.0018119556617324        1.0000000000000000       -5.2733936967186423E-004
  0.28284055956672832       -5.6349022946530356E-005   1.2121212121212121E-002   1.0018169831760537        1.0101010101010102E-002   1.0018169831760537        1.0000000000000000       -5.2132436121521408E-004
  0.29294138119331814       -5.5492288990714283E-005   1.2121212121212121E-002   1.0018219430204107        1.0101010101010102E-002   1.0018219430204107        1.0000000000000000       -5.1321581181529297E-004
  0.30304215418825114       -5.4411868138790684E-005   1.2121212121212121E-002   1.0018268152843091        1.0101010101010102E-002   1.0018268152843091        1.0000000000000000       -5.0304820638302772E-004
  0.31314287951508407       -5.3112063692299552E-005   1.2121212121212121E-002   1.0018315804239604        1.0101010101010102E-002   1.0018315804239604        1.0000000000000000       -4.9086367824280330E-004
  0.32324355832849794       -5.1598064548597915E-005   1.2121212121212121E-002   1.0018362193399446        1.0101010101010102E-002   1.0018362193399446        1.0000000000000000       -4.7671290462769633E-004
  0.33334419196947684       -4.9875930605798103E-005   1.2121212121212121E-002   1.0018407134533471        1.0101010101010102E-002   1.0018407134533471        1.0000000000000000       -4.6065386254312557E-004
  0.34344478195982525       -4.7952566641556963E-005   1.2121212121212121E-002   1.0018450447777967        1.0101010101010102E-002   1.0018450447777967        1.0000000000000000       -4.4275229575863051E-004
  0.35354532999593441       -4.5835690000200820E-005   1.2121212121212121E-002   1.0018491959917775        1.0101010101010102E-002   1.0018491959917775        1.0000000000000000       -4.2308117568889969E-004
  0.36364583794185767       -4.3533807204582200E-005   1.2121212121212121E-002   1.0018531505040884        1.0101010101010102E-002   1.0018531505040884        1.0000000000000000       -4.0171994377669051E-004
  0.37374630782180207       -4.1056175729792081E-005   1.2121212121212121E-002   1.0018568925206002        1.0101010101010102E-002   1.0018568925206002        1.0000000000000000       -3.7875545420540391E-004
  0.38384674181187461       -3.8412767943479211E-005   1.2121212121212121E-002   1.0018604071062274        1.0101010101010102E-002   1.0018604071062274        1.0000000000000000       -3.5428005337756474E-004
  0.39394714223134825       -3.5614232616149041E-005   1.2121212121212121E-002   1.0018636802404575        1.0101010101010102E-002   1.0018636802404575        1.0000000000000000       -3.2839219162639210E-004
  0.40404751153332724       -3.2671848234892061E-005   1.2121212121212121E-002   1.0018666988735998        1.0101010101010102E-002   1.0018666988735998        1.0000000000000000       -3.0119585582699671E-004
  0.41414785229488821       -2.9597479727536573E-005   1.2121212121212121E-002   1.0018694509762447        1.0101010101010102E-002   1.0018694509762447        1.0000000000000000       -2.7279988744854933E-004
  0.42424816720678304       -2.6403531223049691E-005   1.2121212121212121E-002   1.0018719255877100        1.0101010101010102E-002   1.0018719255877100        1.0000000000000000       -2.4331831661239534E-004
  0.43434845906261016       -2.3102894031211889E-005   1.2121212121212121E-002   1.0018741128562436        1.0101010101010102E-002   1.0018741128562436        1.0000000000000000       -2.1286832608602424E-004
  0.44444873074773211       -1.9708898282755971E-005   1.2121212121212121E-002   1.0018760040750523        1.0101010101010102E-002   1.0018760040750523        1.0000000000000000       -1.8157150194042515E-004
  0.45454898522775083       -1.6235247290346000E-005   1.2121212121212121E-002   1.0018775917210221        1.0101010101010102E-002   1.0018775917210221        1.0000000000000000       -1.4955304310593220E-004
  0.46464922553663129       -1.2695977831687896E-005   1.2121212121212121E-002   1.0018788694804772        1.0101010101010102E-002   1.0018788694804772        1.0000000000000000       -1.1693994332340196E-004
  0.47474945476468816       -9.1053919874279091E-006   1.2121212121212121E-002   1.0018798322714979        1.0101010101010102E-002   1.0018798322714979        1.0000000000000000       -8.3862002166590344E-005
  0.48484967604627488       -5.4779992699752328E-006   1.2121212121212121E-002   1.0018804762660038        1.0101010101010102E-002   1.0018804762660038        1.0000000000000000       -5.0450805820112521E-005
  0.49494989254732102       -1.8284633708772386E-006   1.2121212121212121E-002   1.0018807989042482        1.0101010101010102E-002   1.0018807989042482        1.0000000000000000       -1.6839231650855879E-005
  0.50505010745274215        1.8284633941891519E-006   1.2121212121212121E-002   1.0018807989044467        1.0101010101010102E-002   1.0018807989044467        1.0000000000000000        1.6839191995465796E-005
  0.51515032395378324        5.4779995750131525E-006   1.2121212121212121E-002   1.0018804762660245        1.0101010101010102E-002   1.0018804762660245        1.0000000000000000        5.0450879077956756E-005
  0.52525054523537473        9.1053912468804695E-006   1.2121212121212121E-002   1.0018798322713895        1.0101010101010102E-002   1.0018798322713895        1.0000000000000000        8.3861960340492203E-005
  0.53535077446342960        1.2695978006626561E-005   1.2121212121212121E-002   1.0018788694806053        1.0101010101010102E-002   1.0018788694806053        1.0000000000000000        1.1693993080719167E-004
  0.54545101477230951        1.6235247612110021E-005   1.2121212121212121E-002   1.0018775917213487        1.0101010101010102E-002   1.0018775917213487        1.0000000000000000        1.4955301492136641E-004
  0.55555126925232123        1.9708897737641321E-005   1.2121212121212121E-002   1.0018760040749795        1.0101010101010102E-002   1.0018760040749795        1.0000000000000000        1.8157161573029157E-004
  0.56565154093745218        2.3102894601946084E-005   1.2121212121212121E-002   1.0018741128560753        1.0101010101010102E-002   1.0018741128560753        1.0000000000000000        2.1286823173394254E-004
  0.57575183279327447        2.6403531301056215E-005   1.2121212121212121E-002   1.0018719255878927        1.0101010101010102E-002   1.0018719255878927        1.0000000000000000        2.4331833956736659E-004
  0.58585214770516936        2.9597478921515647E-005   1.2121212121212121E-002   1.0018694509761890        1.0101010101010102E-002   1.0018694509761890        1.0000000000000000        2.7279991024009576E-004
  0.59595248846673188        3.2671848445755479E-005   1.2121212121212121E-002   1.0018666988735563        1.0101010101010102E-002   1.0018666988735563        1.0000000000000000        3.0119583533938510E-004
  0.60605285776871054        3.5614232668821053E-005   1.2121212121212121E-002   1.0018636802406486        1.0101010101010102E-002   1.0018636802406486        1.0000000000000000        3.2839215907110031E-004
  0.61615325818818056        3.8412768337809619E-005   1.2121212121212121E-002   1.0018604071065567        1.0101010101010102E-002   1.0018604071065567        1.0000000000000000        3.5428005092796866E-004
  0.62625369217824978        4.1056175790026187E-005   1.2121212121212121E-002   1.0018568925207625        1.0101010101010102E-002   1.0018568925207625        1.0000000000000000        3.7875550279142800E-004
  0.63635416205819328        4.3533807286956018E-005   1.2121212121212121E-002   1.0018531505035864        1.0101010101010102E-002   1.0018531505035864        1.0000000000000000        4.0172003380156696E-004
  0.64645467000412937        4.5835690162203508E-005   1.2121212121212121E-002   1.0018491959917200        1.0101010101010102E-002   1.0018491959917200        1.0000000000000000        4.2308098726895338E-004
  0.65655521804022710        4.7952566421659092E-005   1.2121212121212121E-002   1.0018450447782985        1.0101010101010102E-002   1.0018450447782985        1.0000000000000000        4.4275236763269277E-004
  0.66665580803057445        4.9875930463611710E-005   1.2121212121212121E-002   1.0018407134530298        1.0101010101010102E-002   1.0018407134530298        1.0000000000000000        4.6065395969385747E-004
  0.67675644167156213        5.1598064768191545E-005   1.2121212121212121E-002   1.0018362193395407        1.0101010101010102E-002   1.0018362193395407        1.0000000000000000        4.7671283792638519E-004
  0.68685712048497594        5.3112063324591538E-005   1.2121212121212121E-002   1.0018315804239550        1.0101010101010102E-002   1.0018315804239550        1.0000000000000000        4.9086365206818527E-004
  0.69695784581180886        5.4411868498655498E-005   1.2121212121212121E-002   1.0018268152846088        1.0101010101010102E-002   1.0018268152846088        1.0000000000000000        5.0304816397428453E-004
  0.70705861880673515        5.5492288632912293E-005   1.2121212121212121E-002   1.0018219430205377        1.0101010101010102E-002   1.0018219430205377        1.0000000000000000        5.1321589499675468E-004
  0.71715944043332880        5.6349022884824825E-005   1.2121212121212121E-002   1.0018169831757988        1.0101010101010102E-002   1.0018169831757988        1.0000000000000000        5.2132436076846034E-004
  0.72726031146003556        5.6978669626250685E-005   1.2121212121212121E-002   1.0018119556615956        1.0101010101010102E-002   1.0018119556615956        1.0000000000000000        5.2733934441384633E-004
  0.73736123245692831        5.7378749604980293E-005   1.2121212121212121E-002   1.0018068806761935        1.0101010101010102E-002   1.0018068806761935        1.0000000000000000        5.3123506910512930E-004
  0.74746220379326400        5.7547707928631802E-005   1.2121212121212121E-002   1.0018017786246460        1.0101010101010102E-002   1.0018017786246460        1.0000000000000000        5.3299402889628311E-004
  0.75756322563582612        5.7484923670571907E-005   1.2121212121212121E-002   1.0017966700389935        1.0101010101010102E-002   1.0017966700389935        1.0000000000000000        5.3260709052338484E-004
  0.76766429794804902        5.7190707522581653E-005   1.2121212121212121E-002   1.0017915754942812        1.0101010101010102E-002   1.0017915754942812        1.0000000000000000        5.3007426896467535E-004
  0.77776542049002673        5.6666298580506913E-005   1.2121212121212121E-002   1.0017865155242716        1.0101010101010102E-002   1.0017865155242716        1.0000000000000000        5.2540403104739397E-004
  0.78786659281930860        5.5913870382321634E-005   1.2121212121212121E-002   1.0017815105401866        1.0101010101010102E-002   1.0017815105401866        1.0000000000000000        5.1861332726144127E-004
  0.79796781429250774        5.4936504642485721E-005   1.2121212121212121E-002   1.0017765807490167        1.0101010101010102E-002   1.0017765807490167        1.0000000000000000        5.0972765185797186E-004
  0.80806908406770850        5.3738186245516242E-005   1.2121212121212121E-002   1.0017717460697213        1.0101010101010102E-002   1.0017717460697213        1.0000000000000000        4.9878145456094813E-004
  0.81817040110773798        5.2323787235904083E-005   1.2121212121212121E-002   1.0017670260509357        1.0101010101010102E-002   1.0017670260509357        1.0000000000000000        4.8581743884046347E-004
  0.82827176418420267        5.0699045498308426E-005   1.2121212121212121E-002   1.0017624397916389        1.0101010101010102E-002   1.0017624397916389        1.0000000000000000        4.7088659196869997E-004
  0.83837317188232929        4.8870541745391390E-005   1.2121212121212121E-002   1.0017580058648783        1.0101010101010102E-002   1.0017580058648783        1.0000000000000000        4.5404747790733779E-004
  0.84847462260650508        4.6845665295369627E-005   1.2121212121212121E-002   1.0017537422412863        1.0101010101010102E-002   1.0017537422412863        1.0000000000000000        4.3536715000680459E-004
  0.85857611458662308        4.4632593072413366E-005   1.2121212121212121E-002   1.0017496662089815        1.0101010101010102E-002   1.0017496662089815        1.0000000000000000        4.1492084699878973E-004
  0.86867764588524066        4.2240254250687861E-005   1.2121212121212121E-002   1.0017457943071764        1.0101010101010102E-002   1.0017457943071764        1.0000000000000000        3.9278951285837138E-004
  0.87877921440521189        3.9678292763052864E-005   1.2121212121212121E-002   1.0017421422597139        1.0101010101010102E-002   1.0017421422597139        1.0000000000000000        3.6906222664256916E-004
  0.88888081789815543        3.6957023849560719E-005   1.2121212121212121E-002   1.0017387249049170        1.0101010101010102E-002   1.0017387249049170        1.0000000000000000        3.4383457081688107E-004
  0.89898245397349918        3.4087396476857165E-005   1.2121212121212121E-002   1.0017355561344115        1.0101010101010102E-002   1.0017355561344115        1.0000000000000000        3.1720852858807547E-004
  0.90908412010814499        3.1080957716352892E-005   1.2121212121212121E-002   1.0017326488347797        1.0101010101010102E-002   1.0017326488347797        1.0000000000000000        2.8929172835301387E-004
  0.91918581365668273        2.7949792351604535E-005   1.2121212121212121E-002   1.0017300148382131        1.0101010101010102E-002   1.0017300148382131        1.0000000000000000        2.6019652006059601E-004
  0.92928753186200619        2.4706476876188691E-005   1.2121212121212121E-002   1.0017276648690170        1.0101010101010102E-002   1.0017276648690170        1.0000000000000000        2.3004170189988571E-004
  0.93938927186660504        2.1364037553524229E-005   1.2121212121212121E-002   1.0017256084958805        1.0101010101010102E-002   1.0017256084958805        1.0000000000000000        1.9894962222277712E-004
  0.94949103072413643        1.7935895699895330E-005   1.2121212121212121E-002   1.0017238540959181        1.0101010101010102E-002   1.0017238540959181        1.0000000000000000        1.6704660248567649E-004
  0.95959280541140846        1.4435811944891729E-005   1.2121212121212121E-002   1.0017224088195469        1.0101010101010102E-002   1.0017224088195469        1.0000000000000000        1.3446223808077917E-004
  0.96969459284065529        1.0877825350184457E-005   1.2121212121212121E-002   1.0017212785594793        1.0101010101010102E-002   1.0017212785594793        1.0000000000000000        1.0132942473628503E-004
  0.97979638987213069        7.2762099571925606E-006   1.2121212121212121E-002   1.0017204679226925        1.0101010101010102E-002   1.0017204679226925        1.0000000000000000        6.7783602605508975E-005
  0.98989819332695372        3.6454145886034562E-006   1.2121212121212121E-002   1.0017199802134760        1.0101010101010102E-002   1.0017199802134760        1.0000000000000000        3.3961202397847501E-005
   1.0000000000000278        7.8375966699774338E-013   1.2121212121212121E-002   1.0017198174219943        1.0101010101010102E-002   1.0017198174219943        1.0000000000000000        2.0838442083004338E-011
   1.0101018066731042       -3.5626360783351089E-006   1.2121212121212121E-002   1.0017199802134642        1.0101010101010102E-002   1.0017199802134642        1.0000000000000000       -3.3961216177935682E-005
   1.0202036101279268       -7.1109920015684136E-006   1.2121212121212121E-002   1.0017204679226668        1.0101010101010102E-002   1.0017204679226668        1.0000000000000000       -6.7783604226434591E-005
   1.0303054071594036       -1.0630840907329036E-005   1.2121212121212121E-002   1.0017212785595997        1.0101010101010102E-002   1.0017212785595997        1.0000000000000000       -1.0132946212326743E-004
   1.0404071945886464       -1.4108067608602696E-005   1.2121212121212121E-002   1.0017224088196111        1.0101010101010102E-002   1.0017224088196111        1.0000000000000000       -1.3446218459112202E-004
   1.0505089692759206       -1.7528729680719156E-005   1.2121212121212121E-002   1.0017238540956399        1.0101010101010102E-002   1.0017238540956399        1.0000000000000000       -1.6704658930688510E-004
   1.0606107281334565       -2.0879108317862652E-005   1.2121212121212121E-002   1.0017256084959059        1.0101010101010102E-002   1.0017256084959059        1.0000000000000000       -1.9894969486244918E-004
   1.0707124681380498       -2.4145761629843344E-005   1.2121212121212121E-002   1.0017276648690656        1.0101010101010102E-002   1.0017276648690656        1.0000000000000000       -2.3004163751760842E-004
   1.0808141863433776       -2.7315574978065775E-005   1.2121212121212121E-002   1.0017300148381898        1.0101010101010102E-002   1.0017300148381898        1.0000000000000000       -2.6019657088571790E-004
   1.0909158798919121       -3.0375820965416647E-005   1.2121212121212121E-002   1.0017326488350555        1.0101010101010102E-002   1.0017326488350555        1.0000000000000000        7.6205254256233843     
   1.1010175460265550       -3.3314213115760126E-005   1.2121212121212121E-002   1.0017355561346097        1.0101010101010102E-002   1.0017355561346097        1.0000000000000000        93.405638357413949     
  -1.0101806673046276E-002   3.5626363292188728E-006   1.2121212121212121E-002   1.0017199802134760        1.0101010101010102E-002   1.0017199802134760        1.0000000000000000        3.3961212538180519E-005
  -2.0203610127869309E-002   7.1109916612528007E-006   1.2121212121212121E-002   1.0017204679226925        1.0101010101010102E-002   1.0017204679226925        1.0000000000000000        6.7783609252636268E-005
  -3.0305407159344711E-002   1.0630840957151065E-005   1.2121212121212121E-002   1.0017212785594793        1.0101010101010102E-002   1.0017212785594793        1.0000000000000000        1.0132942473628503E-004
  -4.0407194588591544E-002   1.4108068072825259E-005   1.2121212121212121E-002   1.0017224088195469        1.0101010101010102E-002   1.0017224088195469        1.0000000000000000        1.3446223807367375E-004
  -5.0508969275863569E-002   1.7528729077795060E-005   1.2121212121212121E-002   1.0017238540959181        1.0101010101010102E-002   1.0017238540959181        1.0000000000000000        1.6704660248212377E-004
  -6.0610728133394964E-002   2.0879108474820168E-005   1.2121212121212121E-002   1.0017256084958805        1.0101010101010102E-002   1.0017256084958805        1.0000000000000000        1.9894962221567170E-004
  -7.0712468137993811E-002   2.4145761630397791E-005   1.2121212121212121E-002   1.0017276648690170        1.0101010101010102E-002   1.0017276648690170        1.0000000000000000        2.3004170189455664E-004
  -8.0814186343317274E-002   2.7315575206023863E-005   1.2121212121212121E-002   1.0017300148382131        1.0101010101010102E-002   1.0017300148382131        1.0000000000000000        2.6019652005704330E-004
  -9.0915879891855012E-002   3.0375821196462647E-005   1.2121212121212121E-002   1.0017326488347797        1.0101010101010102E-002   1.0017326488347797        1.0000000000000000       -7.6205254256174157     
 -0.10101754602650082        3.3314212350458147E-005   1.2121212121212121E-002   1.0017355561344115        1.0101010101010102E-002   1.0017355561344115        1.0000000000000000       -93.405638357395532     
