 # x v h rho m p cs a
   15.602424242422215     
   9.4537547874529947E-015  -2.2037267633619111E-013   1.2121212121212121E-002   1.0017095233419293        1.0101010101010102E-002   1.0017095233419293        1.0000000000000000       -1.5631940186722204E-012
   1.0101908425334266E-002   2.4353607984143138E-006   1.2121212121212121E-002   1.0017097060905054        1.0101010101010102E-002   1.0017097060905054        1.0000000000000000       -3.8124942308037646E-005
   2.0203813237818797E-002   4.8608602410439665E-006   1.2121212121212121E-002   1.0017102536041889        1.0101010101010102E-002   1.0017102536041889        1.0000000000000000       -7.6097126255447733E-005
   3.0305710839099224E-002   7.2666770846200261E-006   1.2121212121212121E-002   1.0017111636901248        1.0101010101010102E-002   1.0017111636901248        1.0000000000000000       -1.1376438923615950E-004
   4.0407597659712011E-002   9.6430721939008436E-006   1.2121212121212121E-002   1.0017124327033948        1.0101010101010102E-002   1.0017124327033948        1.0000000000000000       -1.5097584881740289E-004
   5.0509470173390032E-002   1.1980427224310132E-005   1.2121212121212121E-002   1.0017140555612825        1.0101010101010102E-002   1.0017140555612825        1.0000000000000000       -1.8758232288718091E-004
   6.0611324911205487E-002   1.4269283686850625E-005   1.2121212121212121E-002   1.0017160257632023        1.0101010101010102E-002   1.0017160257632023        1.0000000000000000       -2.2343707192273854E-004
   7.0713158475469537E-002   1.6500381667739691E-005   1.2121212121212121E-002   1.0017183354156753        1.0101010101010102E-002   1.0017183354156753        1.0000000000000000       -2.5839615972955698E-004
   8.0814967553385478E-002   1.8664701807714207E-005   1.2121212121212121E-002   1.0017209752648806        1.0101010101010102E-002   1.0017209752648806        1.0000000000000000       -2.9231963846232389E-004
   9.0916748930295541E-002   2.0753496237280369E-005   1.2121212121212121E-002   1.0017239347326796        1.0101010101010102E-002   1.0017239347326796        1.0000000000000000       -3.2507111206925288E-004
  0.10101849950262322        2.2758327382464597E-005   1.2121212121212121E-002   1.0017272019575707        1.0101010101010102E-002   1.0017272019575707        1.0000000000000000       -3.5651919046308933E-004
  0.11112021629031170        2.4671103376425941E-005   1.2121212121212121E-002   1.0017307638421986        1.0101010101010102E-002   1.0017307638421986        1.0000000000000000       -3.8653738660610060E-004
  0.12122189644881966        2.6484109510649558E-005   1.2121212121212121E-002   1.0017346061047345        1.0101010101010102E-002   1.0017346061047345        1.0000000000000000       -4.1500507392377983E-004
  0.13132353728054644        2.8190037958349696E-005   1.2121212121212121E-002   1.0017387133362410        1.0101010101010102E-002   1.0017387133362410        1.0000000000000000       -4.4180775346180923E-004
  0.14142513624568759        2.9782020309438685E-005   1.2121212121212121E-002   1.0017430690617815        1.0101010101010102E-002   1.0017430690617815        1.0000000000000000       -4.6683755931464788E-004
  0.15152669097244759        3.1253655808206508E-005   1.2121212121212121E-002   1.0017476558041023        1.0101010101010102E-002   1.0017476558041023        1.0000000000000000       -4.8999327796472869E-004
  0.16162819926664065        3.2599031564064768E-005   1.2121212121212121E-002   1.0017524551534092        1.0101010101010102E-002   1.0017524551534092        1.0000000000000000       -5.1118165400687587E-004
  0.17172965912052277        3.3812751097593234E-005   1.2121212121212121E-002   1.0017574478432234        1.0101010101010102E-002   1.0017574478432234        1.0000000000000000       -5.3031729994046373E-004
  0.18183106872087590        3.4889955408234932E-005   1.2121212121212121E-002   1.0017626138244611        1.0101010101010102E-002   1.0017626138244611        1.0000000000000000       -5.4732245480426656E-004
  0.19193242645638739        3.5826340722892472E-005   1.2121212121212121E-002   1.0017679323446822        1.0101010101010102E-002   1.0017679323446822        1.0000000000000000       -5.6212823857482164E-004
  0.20203373092416452        3.6618174269678001E-005   1.2121212121212121E-002   1.0017733820321744        1.0101010101010102E-002   1.0017733820321744        1.0000000000000000       -5.7467446794845500E-004
  0.21213498093544525        3.7262310981180575E-005   1.2121212121212121E-002   1.0017789409819318        1.0101010101010102E-002   1.0017789409819318        1.0000000000000000       -5.8491024155582494E-004
  0.22223617552041144        3.7756204789496486E-005   1.2121212121212121E-002   1.0017845868429103        1.0101010101010102E-002   1.0017845868429103        1.0000000000000000       -5.9279356451114040E-004
  0.23233731393217202        3.8097918124693071E-005   1.2121212121212121E-002   1.0017902969058381        1.0101010101010102E-002   1.0017902969058381        1.0000000000000000       -5.9829184208659569E-004
  0.24243839564984532        3.8286127292580291E-005   1.2121212121212121E-002   1.0017960481947188        1.0101010101010102E-002   1.0017960481947188        1.0000000000000000       -6.0138221006678094E-004
  0.25253942038073340        3.8320128263010617E-005   1.2121212121212121E-002   1.0018018175618038        1.0101010101010102E-002   1.0018018175618038        1.0000000000000000       -6.0205187974116114E-004
  0.26264038806151241        3.8199841072171983E-005   1.2121212121212121E-002   1.0018075817782999        1.0101010101010102E-002   1.0018075817782999        1.0000000000000000       -6.0029692097263165E-004
  0.27274129885862569        3.7925803934025660E-005   1.2121212121212121E-002   1.0018133176268087        1.0101010101010102E-002   1.0018133176268087        1.0000000000000000       -5.9612379873819066E-004
  0.28284215316764938        3.7499175744334607E-005   1.2121212121212121E-002   1.0018190019967586        1.0101010101010102E-002   1.0018190019967586        1.0000000000000000       -5.8954849660075581E-004
  0.29294295161179151        3.6921725352398108E-005   1.2121212121212121E-002   1.0018246119781038        1.0101010101010102E-002   1.0018246119781038        1.0000000000000000       -5.8059705842161691E-004
  0.30304369503940781        3.6195826392456264E-005   1.2121212121212121E-002   1.0018301249534172        1.0101010101010102E-002   1.0018301249534172        1.0000000000000000       -5.6930462905580015E-004
  0.31314438452068005        3.5324449365874436E-005   1.2121212121212121E-002   1.0018355186876735        1.0101010101010102E-002   1.0018355186876735        1.0000000000000000       -5.5571596827252989E-004
  0.32324502134336619        3.4311144916702713E-005   1.2121212121212121E-002   1.0018407714195234        1.0101010101010102E-002   1.0018407714195234        1.0000000000000000       -5.3988525565973333E-004
  0.33334560700767185        3.3160027231261416E-005   1.2121212121212121E-002   1.0018458619512953        1.0101010101010102E-002   1.0018458619512953        1.0000000000000000       -5.2187603263398330E-004
  0.34344614322021710        3.1875763060878754E-005   1.2121212121212121E-002   1.0018507697338632        1.0101010101010102E-002   1.0018507697338632        1.0000000000000000       -5.0176014152025772E-004
  0.35354663188723678        3.0463550417331643E-005   1.2121212121212121E-002   1.0018554749485287        1.0101010101010102E-002   1.0018554749485287        1.0000000000000000       -4.7961818706454551E-004
  0.36364707510693872        2.8929092947552009E-005   1.2121212121212121E-002   1.0018599585896302        1.0101010101010102E-002   1.0018599585896302        1.0000000000000000       -4.5553920200003262E-004
  0.37374747516106277        2.7278579616116044E-005   1.2121212121212121E-002   1.0018642025419966        1.0101010101010102E-002   1.0018642025419966        1.0000000000000000       -4.2961998194801509E-004
  0.38384783450571586        2.5518661723039935E-005   1.2121212121212121E-002   1.0018681896551065        1.0101010101010102E-002   1.0018681896551065        1.0000000000000000       -4.0196496318678498E-004
  0.39394815576146297        2.3656424679713550E-005   1.2121212121212121E-002   1.0018719038114858        1.0101010101010102E-002   1.0018719038114858        1.0000000000000000       -3.7268518663147177E-004
  0.40404844170282056        2.1699356779551656E-005   1.2121212121212121E-002   1.0018753299931222        1.0101010101010102E-002   1.0018753299931222        1.0000000000000000       -3.4189892721858683E-004
  0.41414869524703629        1.9655322069997646E-005   1.2121212121212121E-002   1.0018784543448382        1.0101010101010102E-002   1.0018784543448382        1.0000000000000000       -3.0973043101312214E-004
  0.42424891944232407        1.7532525684119127E-005   1.2121212121212121E-002   1.0018812642298809        1.0101010101010102E-002   1.0018812642298809        1.0000000000000000       -2.7630955826474235E-004
  0.43434911745555399        1.5339489968974363E-005   1.2121212121212121E-002   1.0018837482806942        1.0101010101010102E-002   1.0018837482806942        1.0000000000000000       -2.4177108293521599E-004
  0.44444929255948695        1.3085010573651959E-005   1.2121212121212121E-002   1.0018858964454913        1.0101010101010102E-002   1.0018858964454913        1.0000000000000000       -2.0625458011647169E-004
  0.45454944811954839        1.0778122489013216E-005   1.2121212121212121E-002   1.0018877000312894        1.0101010101010102E-002   1.0018877000312894        1.0000000000000000       -1.6990380212078549E-004
  0.46464958758020802        8.4280706881809925E-006   1.2121212121212121E-002   1.0018891517396387        1.0101010101010102E-002   1.0018891517396387        1.0000000000000000       -1.3286574814230789E-004
  0.47474971445104808        6.0442705141009564E-006   1.2121212121212121E-002   1.0018902456944598        1.0101010101010102E-002   1.0018902456944598        1.0000000000000000       -9.5289969661571661E-005
  0.48484983229260470        3.6362705109974882E-006   1.2121212121212121E-002   1.0018909774672051        1.0101010101010102E-002   1.0018909774672051        1.0000000000000000       -5.7328663261024815E-005
  0.49494994470193171        1.2137107925204576E-006   1.2121212121212121E-002   1.0018913440951829        1.0101010101010102E-002   1.0018913440951829        1.0000000000000000       -1.9135249856638836E-005
  0.50505005529808555       -1.2137105051288644E-006   1.2121212121212121E-002   1.0018913440949080        1.0101010101010102E-002   1.0018913440949080        1.0000000000000000        1.9135307780970834E-005
  0.51515016770741917       -3.6362706014368884E-006   1.2121212121212121E-002   1.0018909774670068        1.0101010101010102E-002   1.0018909774670068        1.0000000000000000        5.7328593173977538E-005
  0.52525028554897346       -6.0442706962435240E-006   1.2121212121212121E-002   1.0018902456945724        1.0101010101010102E-002   1.0018902456945724        1.0000000000000000        9.5289967982914447E-005
  0.53535041241981307       -8.4280703355938077E-006   1.2121212121212121E-002   1.0018891517397410        1.0101010101010102E-002   1.0018891517397410        1.0000000000000000        1.3286575125981415E-004
  0.54545055188047065       -1.0778122778828644E-005   1.2121212121212121E-002   1.0018877000311006        1.0101010101010102E-002   1.0018877000311006        1.0000000000000000        1.6990386534043722E-004
  0.55555070744053814       -1.3085010632212581E-005   1.2121212121212121E-002   1.0018858964451809        1.0101010101010102E-002   1.0018858964451809        1.0000000000000000        2.0625454326594905E-004
  0.56565088254447193       -1.5339489842156010E-005   1.2121212121212121E-002   1.0018837482806937        1.0101010101010102E-002   1.0018837482806937        1.0000000000000000        2.4177105161271584E-004
  0.57575108055770086       -1.7532526023651098E-005   1.2121212121212121E-002   1.0018812642300963        1.0101010101010102E-002   1.0018812642300963        1.0000000000000000        2.7630954174195921E-004
  0.58585130475298475       -1.9655321763677823E-005   1.2121212121212121E-002   1.0018784543449035        1.0101010101010102E-002   1.0018784543449035        1.0000000000000000        3.0973047994109493E-004
  0.59595155829720314       -2.1699357108706531E-005   1.2121212121212121E-002   1.0018753299930541        1.0101010101010102E-002   1.0018753299930541        1.0000000000000000        3.4189890913705057E-004
  0.60605184423855962       -2.3656424428640611E-005   1.2121212121212121E-002   1.0018719038114074        1.0101010101010102E-002   1.0018719038114074        1.0000000000000000        3.7268520858546594E-004
  0.61615216549430940       -2.5518661653652659E-005   1.2121212121212121E-002   1.0018681896550488        1.0101010101010102E-002   1.0018681896550488        1.0000000000000000        4.0196493283684021E-004
  0.62625252483896132       -2.7278579789663070E-005   1.2121212121212121E-002   1.0018642025421418        1.0101010101010102E-002   1.0018642025421418        1.0000000000000000        4.2961997077917147E-004
  0.63635292489308315       -2.8929092705846482E-005   1.2121212121212121E-002   1.0018599585897032        1.0101010101010102E-002   1.0018599585897032        1.0000000000000000        4.5553922644536726E-004
  0.64645336811278586       -3.0463550449217639E-005   1.2121212121212121E-002   1.0018554749485067        1.0101010101010102E-002   1.0018554749485067        1.0000000000000000        4.7961818620567698E-004
  0.65655385677980527       -3.1875763104782695E-005   1.2121212121212121E-002   1.0018507697337955        1.0101010101010102E-002   1.0018507697337955        1.0000000000000000        5.0176015255143369E-004
  0.66665439299235241       -3.3160027691105872E-005   1.2121212121212121E-002   1.0018458619513455        1.0101010101010102E-002   1.0018458619513455        1.0000000000000000        5.2187599368735960E-004
  0.67675497865665535       -3.4311144629231067E-005   1.2121212121212121E-002   1.0018407714197641        1.0101010101010102E-002   1.0018407714197641        1.0000000000000000        5.3988525440473722E-004
  0.68685561547933882       -3.5324449209959096E-005   1.2121212121212121E-002   1.0018355186877566        1.0101010101010102E-002   1.0018355186877566        1.0000000000000000        5.5571600271786536E-004
  0.69695630496061212       -3.6195826408921074E-005   1.2121212121212121E-002   1.0018301249533454        1.0101010101010102E-002   1.0018301249533454        1.0000000000000000        5.6930462835680373E-004
  0.70705704838822914       -3.6921725132627969E-005   1.2121212121212121E-002   1.0018246119780698        1.0101010101010102E-002   1.0018246119780698        1.0000000000000000        5.8059705450119736E-004
  0.71715784683237094       -3.7499175590174373E-005   1.2121212121212121E-002   1.0018190019966500        1.0101010101010102E-002   1.0018190019966500        1.0000000000000000        5.8954851064552116E-004
  0.72725870114139768       -3.7925804592965909E-005   1.2121212121212121E-002   1.0018133176269115        1.0101010101010102E-002   1.0018133176269115        1.0000000000000000        5.9612374335138441E-004
  0.73735961193850530       -3.8199840722425479E-005   1.2121212121212121E-002   1.0018075817783163        1.0101010101010102E-002   1.0018075817783163        1.0000000000000000        6.0029699299413153E-004
  0.74746057961928969       -3.8320128612677521E-005   1.2121212121212121E-002   1.0018018175617522        1.0101010101010102E-002   1.0018018175617522        1.0000000000000000        6.0205182109740463E-004
  0.75756160435017383       -3.8286127138514444E-005   1.2121212121212121E-002   1.0017960481948098        1.0101010101010102E-002   1.0017960481948098        1.0000000000000000        6.0138224255457118E-004
  0.76766268606784860       -3.8097917927839755E-005   1.2121212121212121E-002   1.0017902969057382        1.0101010101010102E-002   1.0017902969057382        1.0000000000000000        5.9829184589776929E-004
  0.77776382447961023       -3.7756205240172143E-005   1.2121212121212121E-002   1.0017845868428950        1.0101010101010102E-002   1.0017845868428950        1.0000000000000000        5.9279354664631967E-004
  0.78786501906457562       -3.7262310595857244E-005   1.2121212121212121E-002   1.0017789409819939        1.0101010101010102E-002   1.0017789409819939        1.0000000000000000        5.8491023908757711E-004
  0.79796626907585588       -3.6618174493168965E-005   1.2121212121212121E-002   1.0017733820322658        1.0101010101010102E-002   1.0017733820322658        1.0000000000000000        5.7467446598025163E-004
  0.80806757354363135       -3.5826340661806231E-005   1.2121212121212121E-002   1.0017679323446238        1.0101010101010102E-002   1.0017679323446238        1.0000000000000000        5.6212827214352501E-004
  0.81816893127914592       -3.4889955604391371E-005   1.2121212121212121E-002   1.0017626138243916        1.0101010101010102E-002   1.0017626138243916        1.0000000000000000        5.4732242501831507E-004
  0.82827034087949747       -3.3812750814282871E-005   1.2121212121212121E-002   1.0017574478432287        1.0101010101010102E-002   1.0017574478432287        1.0000000000000000        5.3031731136865545E-004
  0.83837180073338102       -3.2599031456787767E-005   1.2121212121212121E-002   1.0017524551534565        1.0101010101010102E-002   1.0017524551534565        1.0000000000000000        5.1118163617225321E-004
  0.84847330902757134       -3.1253655294968997E-005   1.2121212121212121E-002   1.0017476558040050        1.0101010101010102E-002   1.0017476558040050        1.0000000000000000        4.8999332404431328E-004
  0.85857486375433656       -2.9782020972793093E-005   1.2121212121212121E-002   1.0017430690618270        1.0101010101010102E-002   1.0017430690618270        1.0000000000000000        4.6683748201736819E-004
  0.86867646271947141       -2.8190037675391567E-005   1.2121212121212121E-002   1.0017387133363114        1.0101010101010102E-002   1.0017387133363114        1.0000000000000000        4.4180783098912713E-004
  0.87877810355120223       -2.6484109757900318E-005   1.2121212121212121E-002   1.0017346061044028        1.0101010101010102E-002   1.0017346061044028        1.0000000000000000        4.1500507750402704E-004
  0.88887978370971421       -2.4671103597887472E-005   1.2121212121212121E-002   1.0017307638422723        1.0101010101010102E-002   1.0017307638422723        1.0000000000000000        3.8653729761950473E-004
  0.89898150049739700       -2.2758327093040239E-005   1.2121212121212121E-002   1.0017272019579400        1.0101010101010102E-002   1.0017272019579400        1.0000000000000000        3.5651921682422483E-004
  0.90908325106972165       -2.0753496046213189E-005   1.2121212121212121E-002   1.0017239347325808        1.0101010101010102E-002   1.0017239347325808        1.0000000000000000        3.2507118146885006E-004
  0.91918503244663774       -1.8664701854148536E-005   1.2121212121212121E-002   1.0017209752648393        1.0101010101010102E-002   1.0017209752648393        1.0000000000000000        2.9231956412445470E-004
  0.92928684152454843       -1.6500381974036227E-005   1.2121212121212121E-002   1.0017183354157153        1.0101010101010102E-002   1.0017183354157153        1.0000000000000000        2.5839621181589223E-004
  0.93938867508881674       -1.4269283112745057E-005   1.2121212121212121E-002   1.0017160257632012        1.0101010101010102E-002   1.0017160257632012        1.0000000000000000        2.2343702839044965E-004
  0.94949052982662785       -1.1980427146088767E-005   1.2121212121212121E-002   1.0017140555611659        1.0101010101010102E-002   1.0017140555611659        1.0000000000000000        1.8758239625693562E-004
  0.95959240234031251       -9.6430722473367624E-006   1.2121212121212121E-002   1.0017124327032010        1.0101010101010102E-002   1.0017124327032010        1.0000000000000000        1.5097578675860035E-004
  0.96969428916092348       -7.2666776607689603E-006   1.2121212121212121E-002   1.0017111636903802        1.0101010101010102E-002   1.0017111636903802        1.0000000000000000        1.1376435620302772E-004
  0.97979618676219982       -4.8608598530500193E-006   1.2121212121212121E-002   1.0017102536044165        1.0101010101010102E-002   1.0017102536044165        1.0000000000000000        7.6097165823796331E-005
  0.98989809157468323       -2.4353608047157794E-006   1.2121212121212121E-002   1.0017097060903086        1.0101010101010102E-002   1.0017097060903086        1.0000000000000000        3.8124993193555667E-005
   1.0000000000000142       -1.1458704988306775E-013   1.2121212121212121E-002   1.0017095233419320        1.0101010101010102E-002   1.0017095233419320        1.0000000000000000       -9.1579188676860213E-011
   1.0101019084253342        2.5274733763808128E-006   1.2121212121212121E-002   1.0017097060905054        1.0101010101010102E-002   1.0017097060905054        1.0000000000000000       -3.8124914267356758E-005
   1.0202038132378188        5.0447163545684802E-006   1.2121212121212121E-002   1.0017102536041889        1.0101010101010102E-002   1.0017102536041889        1.0000000000000000       -7.6097109677597530E-005
   1.0303057108390992        7.5415401139999460E-006   1.2121212121212121E-002   1.0017111636901248        1.0101010101010102E-002   1.0017111636901248        1.0000000000000000       -1.1376438764987284E-004
   1.0404075976597120        1.0007840973865957E-005   1.2121212121212121E-002   1.0017124327033948        1.0101010101010102E-002   1.0017124327033948        1.0000000000000000       -1.5097584882362014E-004
   1.0505094701733901        1.2433640164023929E-005   1.2121212121212121E-002   1.0017140555612825        1.0101010101010102E-002   1.0017140555612825        1.0000000000000000       -1.8758232546733922E-004
   1.0606113249112055        1.4809124704328783E-005   1.2121212121212121E-002   1.0017160257632023        1.0101010101010102E-002   1.0017160257632023        1.0000000000000000       -2.2343707107896904E-004
   1.0707131584754694        1.7124687035030382E-005   1.2121212121212121E-002   1.0017183354156753        1.0101010101010102E-002   1.0017183354156753        1.0000000000000000       -2.5839615695666396E-004
   1.0808149675533856        1.9370969541619301E-005   1.2121212121212121E-002   1.0017209752648806        1.0101010101010102E-002   1.0017209752648806        1.0000000000000000       -2.9231964048026526E-004
   1.0909167489302956        2.1538894904553886E-005   1.2121212121212121E-002   1.0017239347326796        1.0101010101010102E-002   1.0017239347326796        1.0000000000000000        7.6199298896865031     
   1.1010184995026233        2.3619708141533333E-005   1.2121212121212121E-002   1.0017272019575707        1.0101010101010102E-002   1.0017272019575707        1.0000000000000000        93.405307068454206     
  -1.0101908425316775E-002  -2.5274735033916469E-006   1.2121212121212121E-002   1.0017097060903086        1.0101010101010102E-002   1.0017097060903086        1.0000000000000000        3.8124966377672820E-005
  -2.0203813237800183E-002  -5.0447160904910325E-006   1.2121212121212121E-002   1.0017102536044165        1.0101010101010102E-002   1.0017102536044165        1.0000000000000000        7.6097147862164150E-005
  -3.0305710839076516E-002  -7.5415405794753901E-006   1.2121212121212121E-002   1.0017111636903802        1.0101010101010102E-002   1.0017111636903802        1.0000000000000000        1.1376435619414593E-004
  -4.0407597659687489E-002  -1.0007840882863609E-005   1.2121212121212121E-002   1.0017124327032010        1.0101010101010102E-002   1.0017124327032010        1.0000000000000000        1.5097578675771217E-004
  -5.0509470173372151E-002  -1.2433640257241455E-005   1.2121212121212121E-002   1.0017140555611659        1.0101010101010102E-002   1.0017140555611659        1.0000000000000000        1.8758239625427109E-004
  -6.0611324911183262E-002  -1.4809124057617588E-005   1.2121212121212121E-002   1.0017160257632012        1.0101010101010102E-002   1.0017160257632012        1.0000000000000000        2.2343702839577873E-004
  -7.0713158475451565E-002  -1.7124687439303223E-005   1.2121212121212121E-002   1.0017183354157153        1.0101010101010102E-002   1.0017183354157153        1.0000000000000000        2.5839621181500405E-004
  -8.0814967553362260E-002  -1.9370969409472711E-005   1.2121212121212121E-002   1.0017209752648393        1.0101010101010102E-002   1.0017209752648393        1.0000000000000000        2.9231956412267834E-004
  -9.0916748930278346E-002  -2.1538894884011582E-005   1.2121212121212121E-002   1.0017239347325808        1.0101010101010102E-002   1.0017239347325808        1.0000000000000000       -7.6199298896496117     
 -0.10101849950260300       -2.3619707928679642E-005   1.2121212121212121E-002   1.0017272019579400        1.0101010101010102E-002   1.0017272019579400        1.0000000000000000       -93.405307068447684     
