 # x v h rho m p cs a
   19.100606060605685     
   1.0929770627968947E-014  -5.9600755307518247E-013   1.2121212121212121E-002   1.0018902948548110        1.0101010101010102E-002   1.0018902948548110        1.0000000000000000        7.6346928779003065E-011
   1.0100121871178704E-002   2.5879234304529698E-006   1.2121212121212121E-002   1.0018901141530319        1.0101010101010102E-002   1.0018901141530319        1.0000000000000000        3.7686970320471858E-005
   2.0200247313411225E-002   5.1653575567107109E-006   1.2121212121212121E-002   1.0018895727722825        1.0101010101010102E-002   1.0018895727722825        1.0000000000000000        7.5223099432975005E-005
   3.0300379883488032E-002   7.7218597824148595E-006   1.2121212121212121E-002   1.0018886728800314        1.0101010101010102E-002   1.0018886728800314        1.0000000000000000        1.1245814175886437E-004
   4.0400523109654675E-002   1.0247068810374149E-005   1.2121212121212121E-002   1.0018874180792519        1.0101010101010102E-002   1.0018874180792519        1.0000000000000000        1.4924317897868633E-004
   5.0500680477527329E-002   1.2730758315515856E-005   1.2121212121212121E-002   1.0018858133948800        1.0101010101010102E-002   1.0018858133948800        1.0000000000000000        1.8543065649367918E-004
   6.0600855416101211E-002   1.5162867487883688E-005   1.2121212121212121E-002   1.0018838652542672        1.0101010101010102E-002   1.0018838652542672        1.0000000000000000        2.2087577633467248E-004
   7.0701051284035310E-002   1.7533552873601978E-005   1.2121212121212121E-002   1.0018815814595570        1.0101010101010102E-002   1.0018815814595570        1.0000000000000000        2.5543669658834034E-004
   8.0801271356219589E-002   1.9833221703542594E-005   1.2121212121212121E-002   1.0018789711592322        1.0101010101010102E-002   1.0018789711592322        1.0000000000000000        2.8897457051879627E-004
   9.0901518810606624E-002   2.2052574041229141E-005   1.2121212121212121E-002   1.0018760448119468        1.0101010101010102E-002   1.0018760448119468        1.0000000000000000        3.2135505662811426E-004
  0.10100179671549463        2.4182643191359429E-005   1.2121212121212121E-002   1.0018728141439990        1.0101010101010102E-002   1.0018728141439990        1.0000000000000000        3.5244816652646449E-004
  0.11110210801720324        2.6214825251753103E-005   1.2121212121212121E-002   1.0018692921037295        1.0101010101010102E-002   1.0018692921037295        1.0000000000000000        3.8212907615342573E-004
  0.12120245552824968        2.8140922138639073E-005   1.2121212121212121E-002   1.0018654928101276        1.0101010101010102E-002   1.0018654928101276        1.0000000000000000        4.1027847050845168E-004
  0.13130284191604177        2.9953170377995521E-005   1.2121212121212121E-002   1.0018614314976357        1.0101010101010102E-002   1.0018614314976357        1.0000000000000000        4.3678300685190408E-004
  0.14140326969214009        3.1644274391754222E-005   1.2121212121212121E-002   1.0018571244559755        1.0101010101010102E-002   1.0018571244559755        1.0000000000000000        4.6153592960163081E-004
  0.15150374120213370        3.3207432139928668E-005   1.2121212121212121E-002   1.0018525889633729        1.0101010101010102E-002   1.0018525889633729        1.0000000000000000        4.8443779642770579E-004
  0.16160425861623109        3.4636367422508581E-005   1.2121212121212121E-002   1.0018478432195566        1.0101010101010102E-002   1.0018478432195566        1.0000000000000000        5.0539579687125524E-004
  0.17170482392045155        3.5925354406721410E-005   1.2121212121212121E-002   1.0018429062754357        1.0101010101010102E-002   1.0018429062754357        1.0000000000000000        5.2432512607758497E-004
  0.18180543890859496        3.7069234755232269E-005   1.2121212121212121E-002   1.0018377979551196        1.0101010101010102E-002   1.0018377979551196        1.0000000000000000        5.4114921082515366E-004
  0.19190610517498286        3.8063443381115823E-005   1.2121212121212121E-002   1.0018325387762239        1.0101010101010102E-002   1.0018325387762239        1.0000000000000000        5.5579990638676691E-004
  0.20200682410799944        3.8904024701313164E-005   1.2121212121212121E-002   1.0018271498684574        1.0101010101010102E-002   1.0018271498684574        1.0000000000000000        5.6821756674452217E-004
  0.21210759688444200        3.9587646306993349E-005   1.2121212121212121E-002   1.0018216528916219        1.0101010101010102E-002   1.0018216528916219        1.0000000000000000        5.7835109497528236E-004
  0.22220842446467315        4.0111616741481862E-005   1.2121212121212121E-002   1.0018160699488761        1.0101010101010102E-002   1.0018160699488761        1.0000000000000000        5.8615897681946194E-004
  0.23230930758867924        4.0473884446830075E-005   1.2121212121212121E-002   1.0018104234936549        1.0101010101010102E-002   1.0018104234936549        1.0000000000000000        5.9160952010461898E-004
  0.24241024677308343        4.0673057367836435E-005   1.2121212121212121E-002   1.0018047362424503        1.0101010101010102E-002   1.0018047362424503        1.0000000000000000        5.9467939252755286E-004
  0.25251124230891442        4.0708402113727025E-005   1.2121212121212121E-002   1.0017990310871518        1.0101010101010102E-002   1.0017990310871518        1.0000000000000000        5.9535512878117203E-004
  0.26261229426033861        4.0579843707063983E-005   1.2121212121212121E-002   1.0017933309999629        1.0101010101010102E-002   1.0017933309999629        1.0000000000000000        5.9363326271544281E-004
  0.27271340246431941        4.0287967279629490E-005   1.2121212121212121E-002   1.0017876589378181        1.0101010101010102E-002   1.0017876589378181        1.0000000000000000        5.8952030207759520E-004
  0.28281456653125003        3.9834012878329945E-005   1.2121212121212121E-002   1.0017820377531168        1.0101010101010102E-002   1.0017820377531168        1.0000000000000000        5.8303136984250159E-004
  0.29291578584636435        3.9219876041478094E-005   1.2121212121212121E-002   1.0017764901038502        1.0101010101010102E-002   1.0017764901038502        1.0000000000000000        5.7419169626182764E-004
  0.30301705957213859        3.8448090095197933E-005   1.2121212121212121E-002   1.0017710383589014        1.0101010101010102E-002   1.0017710383589014        1.0000000000000000        5.6303618095654429E-004
  0.31311838665158842        3.7521817725739608E-005   1.2121212121212121E-002   1.0017657045062436        1.0101010101010102E-002   1.0017657045062436        1.0000000000000000        5.4960926990332837E-004
  0.32321976581248724        3.6444839013771008E-005   1.2121212121212121E-002   1.0017605100654059        1.0101010101010102E-002   1.0017605100654059        1.0000000000000000        5.3396407089412179E-004
  0.33332119557239243        3.5221537837310435E-005   1.2121212121212121E-002   1.0017554760026040        1.0101010101010102E-002   1.0017554760026040        1.0000000000000000        5.1616275789623245E-004
  0.34342267424453088        3.3856878794227257E-005   1.2121212121212121E-002   1.0017506226426103        1.0101010101010102E-002   1.0017506226426103        1.0000000000000000        4.9627683411568313E-004
  0.35352419994458351        3.2356384561189147E-005   1.2121212121212121E-002   1.0017459695852122        1.0101010101010102E-002   1.0017459695852122        1.0000000000000000        4.7438595756155166E-004
  0.36362577059822404        3.0726120688515385E-005   1.2121212121212121E-002   1.0017415356269379        1.0101010101010102E-002   1.0017415356269379        1.0000000000000000        4.5057796288539009E-004
  0.37372738394944721        2.8972667660753910E-005   1.2121212121212121E-002   1.0017373386850583        1.0101010101010102E-002   1.0017373386850583        1.0000000000000000        4.2494834162365436E-004
  0.38382903756961362        2.7103091858853658E-005   1.2121212121212121E-002   1.0017333957245271        1.0101010101010102E-002   1.0017333957245271        1.0000000000000000        3.9760021690238290E-004
  0.39393072886722141        2.5124915578977060E-005   1.2121212121212121E-002   1.0017297226867181        1.0101010101010102E-002   1.0017297226867181        1.0000000000000000        3.6864398696767608E-004
  0.40403245509836894        2.3046093950469314E-005   1.2121212121212121E-002   1.0017263344239327        1.0101010101010102E-002   1.0017263344239327        1.0000000000000000        3.3819645342436644E-004
  0.41413421337782574        2.0874978943554383E-005   1.2121212121212121E-002   1.0017232446410194        1.0101010101010102E-002   1.0017232446410194        1.0000000000000000        3.0638019289419560E-004
  0.42423600069064255        1.8620283924060120E-005   1.2121212121212121E-002   1.0017204658392271        1.0101010101010102E-002   1.0017204658392271        1.0000000000000000        2.7332372536204019E-004
  0.43433781390433540        1.6291051502080124E-005   1.2121212121212121E-002   1.0017180092628091        1.0101010101010102E-002   1.0017180092628091        1.0000000000000000        2.3916083873309901E-004
  0.44443964978155898        1.3896615864144672E-005   1.2121212121212121E-002   1.0017158848520091        1.0101010101010102E-002   1.0017158848520091        1.0000000000000000        2.0402986116074828E-004
  0.45454150499322815        1.1446571617118771E-005   1.2121212121212121E-002   1.0017141012055977        1.0101010101010102E-002   1.0017141012055977        1.0000000000000000        1.6807238702920557E-004
  0.46464337613192036        8.9507295273328481E-006   1.2121212121212121E-002   1.0017126655456423        1.0101010101010102E-002   1.0017126655456423        1.0000000000000000        1.3143410514349085E-004
  0.47474525972569459        6.4190771586800968E-006   1.2121212121212121E-002   1.0017115836842323        1.0101010101010102E-002   1.0017115836842323        1.0000000000000000        9.4263601607913472E-005
  0.48484715225216662        3.8617456850700787E-006   1.2121212121212121E-002   1.0017108599998616        1.0101010101010102E-002   1.0017108599998616        1.0000000000000000        5.6711518207741562E-005
  0.49494905015279389        1.2889670633048312E-006   1.2121212121212121E-002   1.0017104974225455        1.0101010101010102E-002   1.0017104974225455        1.0000000000000000        1.8929483442065020E-005
  0.50505094984723753       -1.2889672337869784E-006   1.2121212121212121E-002   1.0017104974225604        1.0101010101010102E-002   1.0017104974225604        1.0000000000000000       -1.8929486677699003E-005
  0.51515284774786463       -3.8617454760393769E-006   1.2121212121212121E-002   1.0017108599999747        1.0101010101010102E-002   1.0017108599999747        1.0000000000000000       -5.6711535391329448E-005
  0.52525474027433461       -6.4190773411963515E-006   1.2121212121212121E-002   1.0017115836844499        1.0101010101010102E-002   1.0017115836844499        1.0000000000000000       -9.4263608282574296E-005
  0.53535662386810645       -8.9507292019604694E-006   1.2121212121212121E-002   1.0017126655458701        1.0101010101010102E-002   1.0017126655458701        1.0000000000000000       -1.3143410075677764E-004
  0.54545849500679622       -1.1446571619364630E-005   1.2121212121212121E-002   1.0017141012056388        1.0101010101010102E-002   1.0017141012056388        1.0000000000000000       -1.6807234869631316E-004
  0.55556035021846695       -1.3896615653019911E-005   1.2121212121212121E-002   1.0017158848518362        1.0101010101010102E-002   1.0017158848518362        1.0000000000000000       -2.0402985591871925E-004
  0.56566218609569308       -1.6291051503890478E-005   1.2121212121212121E-002   1.0017180092627889        1.0101010101010102E-002   1.0017180092627889        1.0000000000000000       -2.3916087578523815E-004
  0.57576399930938338       -1.8620284171146092E-005   1.2121212121212121E-002   1.0017204658391521        1.0101010101010102E-002   1.0017204658391521        1.0000000000000000       -2.7332367419496961E-004
  0.58586578662220390       -2.0874979137242514E-005   1.2121212121212121E-002   1.0017232446407562        1.0101010101010102E-002   1.0017232446407562        1.0000000000000000       -3.0638020973139390E-004
  0.59596754490166348       -2.3046093900764788E-005   1.2121212121212121E-002   1.0017263344241527        1.0101010101010102E-002   1.0017263344241527        1.0000000000000000       -3.3819653584910014E-004
  0.60606927113280284       -2.5124915609498730E-005   1.2121212121212121E-002   1.0017297226868727        1.0101010101010102E-002   1.0017297226868727        1.0000000000000000       -3.6864389374091644E-004
  0.61617096243041525       -2.7103092010183731E-005   1.2121212121212121E-002   1.0017333957243195        1.0101010101010102E-002   1.0017333957243195        1.0000000000000000       -3.9760023036361503E-004
  0.62627261605058193       -2.8972667305692152E-005   1.2121212121212121E-002   1.0017373386849153        1.0101010101010102E-002   1.0017373386849153        1.0000000000000000       -4.2494833754425088E-004
  0.63637422940180777       -3.0726121004079962E-005   1.2121212121212121E-002   1.0017415356269739        1.0101010101010102E-002   1.0017415356269739        1.0000000000000000       -4.5057801407377696E-004
  0.64647580005544514       -3.2356384255364845E-005   1.2121212121212121E-002   1.0017459695854896        1.0101010101010102E-002   1.0017459695854896        1.0000000000000000       -4.7438595166138242E-004
  0.65657732575549421       -3.3856878998753737E-005   1.2121212121212121E-002   1.0017506226424779        1.0101010101010102E-002   1.0017506226424779        1.0000000000000000       -4.9627675539731797E-004
  0.66667880442763972       -3.5221537959317562E-005   1.2121212121212121E-002   1.0017554760025287        1.0101010101010102E-002   1.0017554760025287        1.0000000000000000       -5.1616284761646369E-004
  0.67678023418753985       -3.6444838790736167E-005   1.2121212121212121E-002   1.0017605100656661        1.0101010101010102E-002   1.0017605100656661        1.0000000000000000       -5.3396405220862420E-004
  0.68688161334843745       -3.7521817665641049E-005   1.2121212121212121E-002   1.0017657045062394        1.0101010101010102E-002   1.0017657045062394        1.0000000000000000       -5.4960923622449087E-004
  0.69698294042788889       -3.8448090308138417E-005   1.2121212121212121E-002   1.0017710383587608        1.0101010101010102E-002   1.0017710383587608        1.0000000000000000       -5.6303618033926028E-004
  0.70708421415366451       -3.9219875566292353E-005   1.2121212121212121E-002   1.0017764901037156        1.0101010101010102E-002   1.0017764901037156        1.0000000000000000       -5.7419170081729476E-004
  0.71718543346878016       -3.9834013550333041E-005   1.2121212121212121E-002   1.0017820377530227        1.0101010101010102E-002   1.0017820377530227        1.0000000000000000       -5.8303137228232771E-004
  0.72728659753571101       -4.0287966646224608E-005   1.2121212121212121E-002   1.0017876589376140        1.0101010101010102E-002   1.0017876589376140        1.0000000000000000       -5.8952027464442835E-004
  0.73738770573969603       -4.0579843655154843E-005   1.2121212121212121E-002   1.0017933309999016        1.0101010101010102E-002   1.0017933309999016        1.0000000000000000       -5.9363332412765146E-004
  0.74748875769111789       -4.0708402087673924E-005   1.2121212121212121E-002   1.0017990310875864        1.0101010101010102E-002   1.0017990310875864        1.0000000000000000       -5.9535517582176567E-004
  0.75758975322694155       -4.0673057597052536E-005   1.2121212121212121E-002   1.0018047362427553        1.0101010101010102E-002   1.0018047362427553        1.0000000000000000       -5.9467931333756496E-004
  0.76769069241134602       -4.0473884609141991E-005   1.2121212121212121E-002   1.0018104234932816        1.0101010101010102E-002   1.0018104234932816        1.0000000000000000       -5.9160945371683482E-004
  0.77779157553536094       -4.0111616474957585E-005   1.2121212121212121E-002   1.0018160699487770        1.0101010101010102E-002   1.0018160699487770        1.0000000000000000       -5.8615910349324452E-004
  0.78789240311558562       -3.9587646692875939E-005   1.2121212121212121E-002   1.0018216528920141        1.0101010101010102E-002   1.0018216528920141        1.0000000000000000       -5.7835107131509744E-004
  0.79799317589202490       -3.8904024292495179E-005   1.2121212121212121E-002   1.0018271498682796        1.0101010101010102E-002   1.0018271498682796        1.0000000000000000       -5.6821747282231883E-004
  0.80809389482504934       -3.8063443419705865E-005   1.2121212121212121E-002   1.0018325387760236        1.0101010101010102E-002   1.0018325387760236        1.0000000000000000       -5.5579999120158874E-004
  0.81819456109143418       -3.7069234833884333E-005   1.2121212121212121E-002   1.0018377979553745        1.0101010101010102E-002   1.0018377979553745        1.0000000000000000       -5.4114922429171486E-004
  0.82829517607957448       -3.5925354407057621E-005   1.2121212121212121E-002   1.0018429062755458        1.0101010101010102E-002   1.0018429062755458        1.0000000000000000       -5.2432508629873809E-004
  0.83839574138379580       -3.4636367400514998E-005   1.2121212121212121E-002   1.0018478432194411        1.0101010101010102E-002   1.0018478432194411        1.0000000000000000       -5.0539578346775471E-004
  0.84849625879789492       -3.3207432500901279E-005   1.2121212121212121E-002   1.0018525889632139        1.0101010101010102E-002   1.0018525889632139        1.0000000000000000       -4.8443779997509040E-004
  0.85859673030789019       -3.1644274102965224E-005   1.2121212121212121E-002   1.0018571244559327        1.0101010101010102E-002   1.0018571244559327        1.0000000000000000       -4.6153595360554078E-004
  0.86869715808398773       -2.9953170400449023E-005   1.2121212121212121E-002   1.0018614314977250        1.0101010101010102E-002   1.0018614314977250        1.0000000000000000       -4.3678300821170524E-004
  0.87879754447177838       -2.8140921925226730E-005   1.2121212121212121E-002   1.0018654928101227        1.0101010101010102E-002   1.0018654928101227        1.0000000000000000       -4.1027845278218678E-004
  0.88889789198282698       -2.6214825493315421E-005   1.2121212121212121E-002   1.0018692921039427        1.0101010101010102E-002   1.0018692921039427        1.0000000000000000       -3.8212914081370286E-004
  0.89899820328452884       -2.4182643299470730E-005   1.2121212121212121E-002   1.0018728141441959        1.0101010101010102E-002   1.0018728141441959        1.0000000000000000       -3.5244809466572491E-004
  0.90909848118941872       -2.2052574199963257E-005   1.2121212121212121E-002   1.0018760448116102        1.0101010101010102E-002   1.0018760448116102        1.0000000000000000       -3.2135501784846809E-004
  0.91919872864381180       -1.9833221343477541E-005   1.2121212121212121E-002   1.0018789711590383        1.0101010101010102E-002   1.0018789711590383        1.0000000000000000       -2.8897463531762924E-004
  0.92929894871599383       -1.7533552618483451E-005   1.2121212121212121E-002   1.0018815814595265        1.0101010101010102E-002   1.0018815814595265        1.0000000000000000       -2.5543667010641258E-004
  0.93939914458393026       -1.5162867893446536E-005   1.2121212121212121E-002   1.0018838652541155        1.0101010101010102E-002   1.0018838652541155        1.0000000000000000       -2.2087577811191750E-004
  0.94949931952250510       -1.2730757790319073E-005   1.2121212121212121E-002   1.0018858133947515        1.0101010101010102E-002   1.0018858133947515        1.0000000000000000       -1.8543065444909246E-004
  0.95959947689037939       -1.0247069221728691E-005   1.2121212121212121E-002   1.0018874180792197        1.0101010101010102E-002   1.0018874180792197        1.0000000000000000       -1.4924320791820378E-004
  0.96969962011654554       -7.7218593333841746E-006   1.2121212121212121E-002   1.0018886728803291        1.0101010101010102E-002   1.0018886728803291        1.0000000000000000       -1.1245817839977690E-004
  0.97979975268661590       -5.1653581962347883E-006   1.2121212121212121E-002   1.0018895727723638        1.0101010101010102E-002   1.0018895727723638        1.0000000000000000       -7.5223022273362972E-005
  0.98989987812885372       -2.5879231406928441E-006   1.2121212121212121E-002   1.0018901141531023        1.0101010101010102E-002   1.0018901141531023        1.0000000000000000       -3.7687039488254470E-005
   1.0000000000000147        3.0790058421998266E-013   1.2121212121212121E-002   1.0018902948548107        1.0101010101010102E-002   1.0018902948548107        1.0000000000000000        6.2616578588858829E-012
   1.0101001218711787        2.4962414531545897E-006   1.2121212121212121E-002   1.0018901141530319        1.0101010101010102E-002   1.0018901141530319        1.0000000000000000        3.7686991737118092E-005
   1.0202002473134113        4.9823606783107296E-006   1.2121212121212121E-002   1.0018895727722825        1.0101010101010102E-002   1.0018895727722825        1.0000000000000000        7.5223111975830648E-005
   1.0303003798834880        7.4482804511874296E-006   1.2121212121212121E-002   1.0018886728800314        1.0101010101010102E-002   1.0018886728800314        1.0000000000000000        1.1245814331761750E-004
   1.0404005231096547        9.8840019953532342E-006   1.2121212121212121E-002   1.0018874180792519        1.0101010101010102E-002   1.0018874180792519        1.0000000000000000        1.4924317952580424E-004
   1.0505006804775274        1.2279657756164540E-005   1.2121212121212121E-002   1.0018858133948800        1.0101010101010102E-002   1.0018858133948800        1.0000000000000000        1.8543065513121348E-004
   1.0606008554161013        1.4625539410966086E-005   1.2121212121212121E-002   1.0018838652542672        1.0101010101010102E-002   1.0018838652542672        1.0000000000000000        2.2087577617480036E-004
   1.0707010512840354        1.6912148485320624E-005   1.2121212121212121E-002   1.0018815814595570        1.0101010101010102E-002   1.0018815814595570        1.0000000000000000        2.5543669631655774E-004
   1.0808012713562196        1.9130230035185902E-005   1.2121212121212121E-002   1.0018789711592322        1.0101010101010102E-002   1.0018789711592322        1.0000000000000000        2.8897457029319895E-004
   1.0909015188106066        2.1270811020115508E-005   1.2121212121212121E-002   1.0018760448119468        1.0101010101010102E-002   1.0018760448119468        1.0000000000000000        7.6303336702846849     
   1.1010017967154946        2.3325240836210263E-005   1.2121212121212121E-002   1.0018728141439990        1.0101010101010102E-002   1.0018728141439990        1.0000000000000000        93.411090814680207     
  -1.0100121871146284E-002  -2.4962410258936786E-006   1.2121212121212121E-002   1.0018901141531023        1.0101010101010102E-002   1.0018901141531023        1.0000000000000000       -3.7687060604696399E-005
  -2.0200247313384101E-002  -4.9823614633152017E-006   1.2121212121212121E-002   1.0018895727723638        1.0101010101010102E-002   1.0018895727723638        1.0000000000000000       -7.5223036329674642E-005
  -3.0300379883454465E-002  -7.4482799480812127E-006   1.2121212121212121E-002   1.0018886728803291        1.0101010101010102E-002   1.0018886728803291        1.0000000000000000       -1.1245817841221140E-004
  -4.0400523109620612E-002  -9.8840023106445504E-006   1.2121212121212121E-002   1.0018874180792197        1.0101010101010102E-002   1.0018874180792197        1.0000000000000000       -1.4924320791465107E-004
  -5.0500680477494897E-002  -1.2279657267875068E-005   1.2121212121212121E-002   1.0018858133947515        1.0101010101010102E-002   1.0018858133947515        1.0000000000000000       -1.8543065444998064E-004
  -6.0600855416069743E-002  -1.4625539780422597E-005   1.2121212121212121E-002   1.0018838652541155        1.0101010101010102E-002   1.0018838652541155        1.0000000000000000       -2.2087577810481207E-004
  -7.0701051284006167E-002  -1.6912148300769753E-005   1.2121212121212121E-002   1.0018815814595265        1.0101010101010102E-002   1.0018815814595265        1.0000000000000000       -2.5543667009930715E-004
  -8.0801271356188198E-002  -1.9130229542662765E-005   1.2121212121212121E-002   1.0018789711590383        1.0101010101010102E-002   1.0018789711590383        1.0000000000000000       -2.8897463531851741E-004
  -9.0901518810581283E-002  -2.1270811257768311E-005   1.2121212121212121E-002   1.0018760448116102        1.0101010101010102E-002   1.0018760448116102        1.0000000000000000       -7.6303336702642781     
 -0.10100179671547116       -2.3325241113739713E-005   1.2121212121212121E-002   1.0018728141441959        1.0101010101010102E-002   1.0018728141441959        1.0000000000000000       -93.411090814645306     
