 # x v h rho m p cs a
   20.751515151515694     
   1.3479537249666043E-014   9.1752598784684334E-014   1.2121212121212121E-002   1.0018186052523095        1.0101010101010102E-002   1.0018186052523095        1.0000000000000000        5.8887117404538003E-011
   1.0100830296693310E-002  -6.2417907940906109E-006   1.2121212121212121E-002   1.0018185684866159        1.0101010101010102E-002   1.0018185684866159        1.0000000000000000        7.6687270391673223E-006
   2.0201661320050454E-002  -1.2458347008960842E-005   1.2121212121212121E-002   1.0018184583400664        1.0101010101010102E-002   1.0018184583400664        1.0000000000000000        1.5306197307829450E-005
   3.0302493793800508E-002  -1.8624537052440398E-005   1.2121212121212121E-002   1.0018182752614957        1.0101010101010102E-002   1.0018182752614957        1.0000000000000000        2.2881267506491554E-005
   4.0403328435750452E-002  -2.4715435311039842E-005   1.2121212121212121E-002   1.0018180199993143        1.0101010101010102E-002   1.0018180199993143        1.0000000000000000        3.0362651334492341E-005
   5.0504165954822378E-002  -3.0706425381262882E-005   1.2121212121212121E-002   1.0018176935971501        1.0101010101010102E-002   1.0018176935971501        1.0000000000000000        3.7720030539034610E-005
   6.0605007048195873E-002  -3.6573298252887140E-005   1.2121212121212121E-002   1.0018172973882802        1.0101010101010102E-002   1.0018172973882802        1.0000000000000000        4.4923329026502756E-005
   7.0705852398442529E-002  -4.2292351962317053E-005   1.2121212121212121E-002   1.0018168329897537        1.0101010101010102E-002   1.0018168329897537        1.0000000000000000        5.1943452711533666E-005
   8.0806702670785116E-002  -4.7840489036078400E-005   1.2121212121212121E-002   1.0018163022966000        1.0101010101010102E-002   1.0018163022966000        1.0000000000000000        5.8751495888742511E-005
   9.0907558510344946E-002  -5.3195310539588606E-005   1.2121212121212121E-002   1.0018157074749290        1.0101010101010102E-002   1.0018157074749290        1.0000000000000000        6.5319829744225899E-005
  0.10100842053953016       -5.8335208721758210E-005   1.2121212121212121E-002   1.0018150509504222        1.0101010101010102E-002   1.0018150509504222        1.0000000000000000        7.1621925624931748E-005
  0.11110928935552337       -6.3239448211505815E-005   1.2121212121212121E-002   1.0018143353988653        1.0101010101010102E-002   1.0018143353988653        1.0000000000000000        7.7632170392583078E-005
  0.12121016552784923       -6.7888259544312404E-005   1.2121212121212121E-002   1.0018135637350472        1.0101010101010102E-002   1.0018135637350472        1.0000000000000000        8.3326319217924549E-005
  0.13131104959608314       -7.2262912409900732E-005   1.2121212121212121E-002   1.0018127391007228        1.0101010101010102E-002   1.0018127391007228        1.0000000000000000        8.8681256310785272E-005
  0.14141194206765675       -7.6345792260849049E-005   1.2121212121212121E-002   1.0018118648515921        1.0101010101010102E-002   1.0018118648515921        1.0000000000000000        9.3675490764333347E-005
  0.15151284341581939       -8.0120476244924585E-005   1.2121212121212121E-002   1.0018109445413359        1.0101010101010102E-002   1.0018109445413359        1.0000000000000000        9.8289211980961966E-005
  0.16161375407777051       -8.3571788030009929E-005   1.2121212121212121E-002   1.0018099819086457        1.0101010101010102E-002   1.0018099819086457        1.0000000000000000        1.0250363977348798E-004
  0.17171467445286795       -8.6685873680518056E-005   1.2121212121212121E-002   1.0018089808623512        1.0101010101010102E-002   1.0018089808623512        1.0000000000000000        1.0630205662920389E-004
  0.18181560490105139       -8.9450242504305434E-005   1.2121212121212121E-002   1.0018079454631292        1.0101010101010102E-002   1.0018079454631292        1.0000000000000000        1.0966949205304388E-004
  0.19191654574142211       -9.1853826687113041E-005   1.2121212121212121E-002   1.0018068799071138        1.0101010101010102E-002   1.0018068799071138        1.0000000000000000        1.1259269137120498E-004
  0.20201749725098406       -9.3887016842854833E-005   1.2121212121212121E-002   1.0018057885086511        1.0101010101010102E-002   1.0018057885086511        1.0000000000000000        1.1506023127516585E-004
  0.21211845966356868       -9.5541706950651121E-005   1.2121212121212121E-002   1.0018046756840282        1.0101010101010102E-002   1.0018046756840282        1.0000000000000000        1.1706225522445379E-004
  0.22221943316889015       -9.6811320911742931E-005   1.2121212121212121E-002   1.0018035459323797        1.0101010101010102E-002   1.0018035459323797        1.0000000000000000        1.1859134417857575E-004
  0.23232041791185010       -9.7690839638864765E-005   1.2121212121212121E-002   1.0018024038154281        1.0101010101010102E-002   1.0018024038154281        1.0000000000000000        1.1964185807133987E-004
  0.24242141399200301       -9.8176818868772340E-005   1.2121212121212121E-002   1.0018012539412509        1.0101010101010102E-002   1.0018012539412509        1.0000000000000000        1.2020976854110188E-004
  0.25252242146316989       -9.8267399222546798E-005   1.2121212121212121E-002   1.0018001009458588        1.0101010101010102E-002   1.0018001009458588        1.0000000000000000        1.2029325644036248E-004
  0.26262344033326818       -9.7962318926173632E-005   1.2121212121212121E-002   1.0017989494726969        1.0101010101010102E-002   1.0017989494726969        1.0000000000000000        1.1989259150446685E-004
  0.27272447056433763       -9.7262907517546346E-005   1.2121212121212121E-002   1.0017978041541071        1.0101010101010102E-002   1.0017978041541071        1.0000000000000000        1.1900982236578983E-004
  0.28282551207273549       -9.6172078489434218E-005   1.2121212121212121E-002   1.0017966695942171        1.0101010101010102E-002   1.0017966695942171        1.0000000000000000        1.1764877424180753E-004
  0.29292656472949458       -9.4694319106456969E-005   1.2121212121212121E-002   1.0017955503500089        1.0101010101010102E-002   1.0017955503500089        1.0000000000000000        1.1581543984107157E-004
  0.30302762836089570       -9.2835668363281645E-005   1.2121212121212121E-002   1.0017944509121777        1.0101010101010102E-002   1.0017944509121777        1.0000000000000000        1.1351766014300324E-004
  0.31312870274920673       -9.0603695553422597E-005   1.2121212121212121E-002   1.0017933756874873        1.0101010101010102E-002   1.0017933756874873        1.0000000000000000        1.1076510443519538E-004
  0.32322978763360349       -8.8007462040149236E-005   1.2121212121212121E-002   1.0017923289824535        1.0101010101010102E-002   1.0017923289824535        1.0000000000000000        1.0756899485642180E-004
  0.33333088271122818       -8.5057486213784399E-005   1.2121212121212121E-002   1.0017913149864803        1.0101010101010102E-002   1.0017913149864803        1.0000000000000000        1.0394253634782302E-004
  0.34343198763844174       -8.1765703599928497E-005   1.2121212121212121E-002   1.0017903377537056        1.0101010101010102E-002   1.0017903377537056        1.0000000000000000        9.9900732475788345E-005
  0.35353310203224964       -7.8145413881589243E-005   1.2121212121212121E-002   1.0017894011880057        1.0101010101010102E-002   1.0017894011880057        1.0000000000000000        9.5459933602271008E-005
  0.36363422547184471       -7.4211227733511151E-005   1.2121212121212121E-002   1.0017885090282164        1.0101010101010102E-002   1.0017885090282164        1.0000000000000000        9.0638209487181598E-005
  0.37373535750032488       -6.9979004669302314E-005   1.2121212121212121E-002   1.0017876648333046        1.0101010101010102E-002   1.0017876648333046        1.0000000000000000        8.5454996383127479E-005
  0.38383649762653188       -6.5465795535578166E-005   1.2121212121212121E-002   1.0017868719688885        1.0101010101010102E-002   1.0017868719688885        1.0000000000000000        7.9931187073611909E-005
  0.39393764532703213       -6.0689770197072299E-005   1.2121212121212121E-002   1.0017861335934768        1.0101010101010102E-002   1.0017861335934768        1.0000000000000000        7.4089108021979655E-005
  0.40403880004822951       -5.5670139608579824E-005   1.2121212121212121E-002   1.0017854526457168        1.0101010101010102E-002   1.0017854526457168        1.0000000000000000        6.7952286118000416E-005
  0.41413996120860425       -5.0427086317282603E-005   1.2121212121212121E-002   1.0017848318355105        1.0101010101010102E-002   1.0017848318355105        1.0000000000000000        6.1544900617604981E-005
  0.42424112820098941       -4.4981681212554622E-005   1.2121212121212121E-002   1.0017842736326765        1.0101010101010102E-002   1.0017842736326765        1.0000000000000000        5.4892857023425279E-005
  0.43434230039503724       -3.9355797976727636E-005   1.2121212121212121E-002   1.0017837802550582        1.0101010101010102E-002   1.0017837802550582        1.0000000000000000        4.8022814582715512E-005
  0.44444347713974286       -3.3572025817351962E-005   1.2121212121212121E-002   1.0017833536625123        1.0101010101010102E-002   1.0017833536625123        1.0000000000000000        4.0961942619155423E-005
  0.45454465776601660       -2.7653580630599798E-005   1.2121212121212121E-002   1.0017829955500490        1.0101010101010102E-002   1.0017829955500490        1.0000000000000000        3.3738299198837751E-005
  0.46464584158934336       -2.1624213335754988E-005   1.2121212121212121E-002   1.0017827073397654        1.0101010101010102E-002   1.0017827073397654        1.0000000000000000        2.6380766248834675E-005
  0.47474702791252038       -1.5508114231933386E-005   1.2121212121212121E-002   1.0017824901751184        1.0101010101010102E-002   1.0017824901751184        1.0000000000000000        1.8918581274895985E-005
  0.48484821602843176       -9.3298173809230660E-006   1.2121212121212121E-002   1.0017823449183432        1.0101010101010102E-002   1.0017823449183432        1.0000000000000000        1.1381192227766235E-005
  0.49494940522282627       -3.1141017111297607E-006   1.2121212121212121E-002   1.0017822721454672        1.0101010101010102E-002   1.0017822721454672        1.0000000000000000        3.7988398151611591E-006
  0.50505059477720282        3.1141017806086610E-006   1.2121212121212121E-002   1.0017822721451641        1.0101010101010102E-002   1.0017822721451641        1.0000000000000000       -3.7987787910864768E-006
  0.51515178397160499        9.3298175248626815E-006   1.2121212121212121E-002   1.0017823449182961        1.0101010101010102E-002   1.0017823449182961        1.0000000000000000       -1.1381301123769560E-005
  0.52525297208750954        1.5508113879754616E-005   1.2121212121212121E-002   1.0017824901753116        1.0101010101010102E-002   1.0017824901753116        1.0000000000000000       -1.8918527523226203E-005
  0.53535415841068867        2.1624213568836462E-005   1.2121212121212121E-002   1.0017827073396985        1.0101010101010102E-002   1.0017827073396985        1.0000000000000000       -2.6380766017020107E-005
  0.54545534223401504        2.7653580973691750E-005   1.2121212121212121E-002   1.0017829955499145        1.0101010101010102E-002   1.0017829955499145        1.0000000000000000       -3.3738279580752817E-005
  0.55555652286029200        3.3572025638571815E-005   1.2121212121212121E-002   1.0017833536624436        1.0101010101010102E-002   1.0017833536624436        1.0000000000000000       -4.0961980608322790E-005
  0.56565769960499601        3.9355797854142229E-005   1.2121212121212121E-002   1.0017837802551770        1.0101010101010102E-002   1.0017837802551770        1.0000000000000000       -4.8022814208792397E-005
  0.57575887179904250        4.4981681255991400E-005   1.2121212121212121E-002   1.0017842736326772        1.0101010101010102E-002   1.0017842736326772        1.0000000000000000       -5.4892834921993483E-005
  0.58586003879142934        5.0427086154975708E-005   1.2121212121212121E-002   1.0017848318355622        1.0101010101010102E-002   1.0017848318355622        1.0000000000000000       -6.1544933013024661E-005
  0.59596119995180141        5.5670139884212253E-005   1.2121212121212121E-002   1.0017854526458183        1.0101010101010102E-002   1.0017854526458183        1.0000000000000000       -6.7952262235770888E-005
  0.60606235467299885        6.0689769821097677E-005   1.2121212121212121E-002   1.0017861335933149        1.0101010101010102E-002   1.0017861335933149        1.0000000000000000       -7.4089077596539710E-005
  0.61616350237350281        6.5465795724257994E-005   1.2121212121212121E-002   1.0017868719687693        1.0101010101010102E-002   1.0017868719687693        1.0000000000000000       -7.9931223801565920E-005
  0.62626464249970859        6.9979004552275171E-005   1.2121212121212121E-002   1.0017876648333313        1.0101010101010102E-002   1.0017876648333313        1.0000000000000000       -8.5454993229205911E-005
  0.63636577452818932        7.4211227142854477E-005   1.2121212121212121E-002   1.0017885090283132        1.0101010101010102E-002   1.0017885090283132        1.0000000000000000       -9.0638228811279475E-005
  0.64646689796778178        7.8145414611464293E-005   1.2121212121212121E-002   1.0017894011880777        1.0101010101010102E-002   1.0017894011880777        1.0000000000000000       -9.5459906198414046E-005
  0.65656801236159068        8.1765703687776330E-005   1.2121212121212121E-002   1.0017903377536641        1.0101010101010102E-002   1.0017903377536641        1.0000000000000000       -9.9900736676872270E-005
  0.66666911728880451        8.5057486188130427E-005   1.2121212121212121E-002   1.0017913149865749        1.0101010101010102E-002   1.0017913149865749        1.0000000000000000       -1.0394256412737946E-004
  0.67677021236642698        8.8007461722019450E-005   1.2121212121212121E-002   1.0017923289826129        1.0101010101010102E-002   1.0017923289826129        1.0000000000000000       -1.0756897653507735E-004
  0.68687129725082174        9.0603695935472417E-005   1.2121212121212121E-002   1.0017933756871567        1.0101010101010102E-002   1.0017933756871567        1.0000000000000000       -1.1076502022078216E-004
  0.69697237163914239        9.2835668178551647E-005   1.2121212121212121E-002   1.0017944509119368        1.0101010101010102E-002   1.0017944509119368        1.0000000000000000       -1.1351776117773937E-004
  0.70707343527053912        9.4694318558353455E-005   1.2121212121212121E-002   1.0017955503501339        1.0101010101010102E-002   1.0017955503501339        1.0000000000000000       -1.1581541709393406E-004
  0.71717448792729932        9.6172078310658373E-005   1.2121212121212121E-002   1.0017966695942935        1.0101010101010102E-002   1.0017966695942935        1.0000000000000000       -1.1764879366094050E-004
  0.72727552943569496        9.7262907999085728E-005   1.2121212121212121E-002   1.0017978041542865        1.0101010101010102E-002   1.0017978041542865        1.0000000000000000       -1.1900981802437371E-004
  0.73737655966676241        9.7962318695377375E-005   1.2121212121212121E-002   1.0017989494726265        1.0101010101010102E-002   1.0017989494726265        1.0000000000000000       -1.1989254431910012E-004
  0.74747757853686436        9.8267399331529920E-005   1.2121212121212121E-002   1.0018001009456816        1.0101010101010102E-002   1.0018001009456816        1.0000000000000000       -1.2029327890950015E-004
  0.75757858600803152        9.8176818984246038E-005   1.2121212121212121E-002   1.0018012539412260        1.0101010101010102E-002   1.0018012539412260        1.0000000000000000       -1.2020977949855904E-004
  0.76767958208818454        9.7690839893936445E-005   1.2121212121212121E-002   1.0018024038155080        1.0101010101010102E-002   1.0018024038155080        1.0000000000000000       -1.1964187075808042E-004
  0.77778056683114261        9.6811320672530852E-005   1.2121212121212121E-002   1.0018035459324512        1.0101010101010102E-002   1.0018035459324512        1.0000000000000000       -1.1859133154157320E-004
  0.78788154033646463        9.5541707130795297E-005   1.2121212121212121E-002   1.0018046756841084        1.0101010101010102E-002   1.0018046756841084        1.0000000000000000       -1.1706226677521414E-004
  0.79798250274904670        9.3887017194864962E-005   1.2121212121212121E-002   1.0018057885085194        1.0101010101010102E-002   1.0018057885085194        1.0000000000000000       -1.1506017319362627E-004
  0.80808345425861405        9.1853826458255418E-005   1.2121212121212121E-002   1.0018068799069328        1.0101010101010102E-002   1.0018068799069328        1.0000000000000000       -1.1259274032404676E-004
  0.81818439509898366        8.9450242888592410E-005   1.2121212121212121E-002   1.0018079454632949        1.0101010101010102E-002   1.0018079454632949        1.0000000000000000       -1.0966951727464647E-004
  0.82828532554716439        8.6685873227825323E-005   1.2121212121212121E-002   1.0018089808625641        1.0101010101010102E-002   1.0018089808625641        1.0000000000000000       -1.0630204511308250E-004
  0.83838624592225997        8.3571788533754992E-005   1.2121212121212121E-002   1.0018099819086608        1.0101010101010102E-002   1.0018099819086608        1.0000000000000000       -1.0250360339547626E-004
  0.84848715658421259        8.0120475082402724E-005   1.2121212121212121E-002   1.0018109445411474        1.0101010101010102E-002   1.0018109445411474        1.0000000000000000       -9.8289206546198216E-005
  0.85858805793237836        7.6345792773007860E-005   1.2121212121212121E-002   1.0018118648516967        1.0101010101010102E-002   1.0018118648516967        1.0000000000000000       -9.3675560593808882E-005
  0.86868895040394645        7.2262912743897425E-005   1.2121212121212121E-002   1.0018127391009328        1.0101010101010102E-002   1.0018127391009328        1.0000000000000000       -8.8681207807361773E-005
  0.87878983447218073        6.7888259537989405E-005   1.2121212121212121E-002   1.0018135637348231        1.0101010101010102E-002   1.0018135637348231        1.0000000000000000       -8.3326275589712395E-005
  0.88889071064451153        6.3239448152009028E-005   1.2121212121212121E-002   1.0018143353986855        1.0101010101010102E-002   1.0018143353986855        1.0000000000000000       -7.7632221835877147E-005
  0.89899157946050379        5.8335208722889805E-005   1.2121212121212121E-002   1.0018150509505332        1.0101010101010102E-002   1.0018150509505332        1.0000000000000000       -7.1621936458932112E-005
  0.90909244148968693        5.3195310780178361E-005   1.2121212121212121E-002   1.0018157074748930        1.0101010101010102E-002   1.0018157074748930        1.0000000000000000       -6.5319791141327244E-005
  0.91919329732924981        4.7840488598976934E-005   1.2121212121212121E-002   1.0018163022965376        1.0101010101010102E-002   1.0018163022965376        1.0000000000000000       -5.8751524290023838E-005
  0.92929414760159068        4.2292351677133555E-005   1.2121212121212121E-002   1.0018168329897448        1.0101010101010102E-002   1.0018168329897448        1.0000000000000000       -5.1943439387969192E-005
  0.93939499295183937        3.6573298245466115E-005   1.2121212121212121E-002   1.0018172973883774        1.0101010101010102E-002   1.0018172973883774        1.0000000000000000       -4.4923362505500108E-005
  0.94949583404520832        3.0706425701346448E-005   1.2121212121212121E-002   1.0018176935970420        1.0101010101010102E-002   1.0018176935970420        1.0000000000000000       -3.7719953295045627E-005
  0.95959667156428730        2.4715435053781571E-005   1.2121212121212121E-002   1.0018180199992077        1.0101010101010102E-002   1.0018180199992077        1.0000000000000000       -3.0362730311317421E-005
  0.96969750620623285        1.8624537412312063E-005   1.2121212121212121E-002   1.0018182752616880        1.0101010101010102E-002   1.0018182752616880        1.0000000000000000       -2.2881251157791382E-005
  0.97979833867998267        1.2458346936622145E-005   1.2121212121212121E-002   1.0018184583401166        1.0101010101010102E-002   1.0018184583401166        1.0000000000000000       -1.5306184992347482E-005
  0.98989916970333902        6.2417911245529902E-006   1.2121212121212121E-002   1.0018185684864904        1.0101010101010102E-002   1.0018185684864904        1.0000000000000000       -7.6686993963903660E-006
   1.0000000000000226       -5.5193148664292578E-013   1.2121212121212121E-002   1.0018186052523061        1.0101010101010102E-002   1.0018186052523061        1.0000000000000000       -1.1382361719824985E-010
   1.0101008302966934       -6.2595979382479478E-006   1.2121212121212121E-002   1.0018185684866159        1.0101010101010102E-002   1.0018185684866159        1.0000000000000000        7.6687774308581425E-006
   1.0202016613200504       -1.2493888722120741E-005   1.2121212121212121E-002   1.0018184583400664        1.0101010101010102E-002   1.0018184583400664        1.0000000000000000        1.5306233996703611E-005
   1.0303024937938006       -1.8677668452527499E-005   1.2121212121212121E-002   1.0018182752614957        1.0101010101010102E-002   1.0018182752614957        1.0000000000000000        2.2881267267571559E-005
   1.0404033284357506       -2.4785938888209397E-005   1.2121212121212121E-002   1.0018180199993143        1.0101010101010102E-002   1.0018180199993143        1.0000000000000000        3.0362649611426207E-005
   1.0505041659548224       -3.0794013177132098E-005   1.2121212121212121E-002   1.0018176935971501        1.0101010101010102E-002   1.0018176935971501        1.0000000000000000        3.7720029944843247E-005
   1.0606050070481958       -3.6677612489857485E-005   1.2121212121212121E-002   1.0018172973882802        1.0101010101010102E-002   1.0018172973882802        1.0000000000000000        4.4923330436041908E-005
   1.0707058523984425       -4.2412967338049194E-005   1.2121212121212121E-002   1.0018168329897537        1.0101010101010102E-002   1.0018168329897537        1.0000000000000000        5.1943452441527427E-005
   1.0808067026707850       -4.7976913133508710E-005   1.2121212121212121E-002   1.0018163022966000        1.0101010101010102E-002   1.0018163022966000        1.0000000000000000        5.8751496490039301E-005
   1.0909075585103449       -5.3346986792901434E-005   1.2121212121212121E-002   1.0018157074749290        1.0101010101010102E-002   1.0018157074749290        1.0000000000000000        7.6262067682483519     
   1.1010084205395301       -5.8501518845778842E-005   1.2121212121212121E-002   1.0018150509504222        1.0101010101010102E-002   1.0018150509504222        1.0000000000000000        93.408797286487740     
  -1.0100830296660979E-002   6.2595981840631560E-006   1.2121212121212121E-002   1.0018185684864904        1.0101010101010102E-002   1.0018185684864904        1.0000000000000000       -7.6687514907192167E-006
  -2.0201661320017328E-002   1.2493888630752418E-005   1.2121212121212121E-002   1.0018184583401166        1.0101010101010102E-002   1.0018184583401166        1.0000000000000000       -1.5306219597555071E-005
  -3.0302493793767149E-002   1.8677668758432364E-005   1.2121212121212121E-002   1.0018182752616880        1.0101010101010102E-002   1.0018182752616880        1.0000000000000000       -2.2881251157791382E-005
  -4.0403328435712704E-002   2.4785938837532812E-005   1.2121212121212121E-002   1.0018180199992077        1.0101010101010102E-002   1.0018180199992077        1.0000000000000000       -3.0362730317534670E-005
  -5.0504165954791680E-002   3.0794013297625279E-005   1.2121212121212121E-002   1.0018176935970420        1.0101010101010102E-002   1.0018176935970420        1.0000000000000000       -3.7719953297710163E-005
  -6.0605007048160631E-002   3.6677612558717530E-005   1.2121212121212121E-002   1.0018172973883774        1.0101010101010102E-002   1.0018172973883774        1.0000000000000000       -4.4923362511717357E-005
  -7.0705852398409319E-002   4.2412967029317665E-005   1.2121212121212121E-002   1.0018168329897448        1.0101010101010102E-002   1.0018168329897448        1.0000000000000000       -5.1943439394186441E-005
  -8.0806702670750186E-002   4.7976912780582878E-005   1.2121212121212121E-002   1.0018163022965376        1.0101010101010102E-002   1.0018163022965376        1.0000000000000000       -5.8751524290023838E-005
  -9.0907558510313069E-002   5.3346986922303098E-005   1.2121212121212121E-002   1.0018157074748930        1.0101010101010102E-002   1.0018157074748930        1.0000000000000000       -7.6262067682226444     
 -0.10100842053949621        5.8501518874417053E-005   1.2121212121212121E-002   1.0018150509505332        1.0101010101010102E-002   1.0018150509505332        1.0000000000000000       -93.408797286491904     
