 # x v h rho m p cs a
   19.900606060606130     
   1.6066479154107330E-014   4.9123156720794118E-013   1.2121212121212121E-002   1.0018789249893829        1.0101010101010102E-002   1.0018789249893829        1.0000000000000000       -2.7746693831431912E-012
   1.0100234218670822E-002  -3.8304924100617328E-006   1.2121212121212121E-002   1.0018787665214981        1.0101010101010102E-002   1.0018787665214981        1.0000000000000000        3.3050766258924114E-005
   2.0200471569092562E-002  -7.6455839043639829E-006   1.2121212121212121E-002   1.0018782917620759        1.0101010101010102E-002   1.0018782917620759        1.0000000000000000        6.5967248861653616E-005
   3.0300715170327373E-002  -1.1429938423354275E-005   1.2121212121212121E-002   1.0018775026418272        1.0101010101010102E-002   1.0018775026418272        1.0000000000000000        9.8615469773299935E-005
   4.0400968116004292E-002  -1.5168341127935832E-005   1.2121212121212121E-002   1.0018764023708948        1.0101010101010102E-002   1.0018764023708948        1.0000000000000000        1.3086266397532853E-004
   5.0501233461752934E-002  -1.8845762219456344E-005   1.2121212121212121E-002   1.0018749954233048        1.0101010101010102E-002   1.0018749954233048        1.0000000000000000        1.6257809327768769E-004
   6.0601514212822769E-002  -2.2447411482897151E-005   1.2121212121212121E-002   1.0018732875183907        1.0101010101010102E-002   1.0018732875183907        1.0000000000000000        1.9363284691831240E-004
   7.0701813311867687E-002  -2.5958806704385331E-005   1.2121212121212121E-002   1.0018712855994751        1.0101010101010102E-002   1.0018712855994751        1.0000000000000000        2.2390063169819285E-004
   8.0802133626972375E-002  -2.9365826267892252E-005   1.2121212121212121E-002   1.0018689978030086        1.0101010101010102E-002   1.0018689978030086        1.0000000000000000        2.5325893104533037E-004
   9.0902477940056819E-002  -3.2654765312638392E-005   1.2121212121212121E-002   1.0018664334238743        1.0101010101010102E-002   1.0018664334238743        1.0000000000000000        2.8158874662942424E-004
  0.10100284893558435       -3.5812390950213414E-005   1.2121212121212121E-002   1.0018636028764096        1.0101010101010102E-002   1.0018636028764096        1.0000000000000000        3.0877563170328415E-004
  0.11110324918974070       -3.8825995199513268E-005   1.2121212121212121E-002   1.0018605176538373        1.0101010101010102E-002   1.0018605176538373        1.0000000000000000        3.3470901776233575E-004
  0.12120368115993028       -4.1683453770967965E-005   1.2121212121212121E-002   1.0018571902798368        1.0101010101010102E-002   1.0018571902798368        1.0000000000000000        3.5928457770229016E-004
  0.13130414717491048       -4.4373260155678647E-005   1.2121212121212121E-002   1.0018536342527418        1.0101010101010102E-002   1.0018536342527418        1.0000000000000000        3.8240334971195722E-004
  0.14140464942540798       -4.6884581743248300E-005   1.2121212121212121E-002   1.0018498639924911        1.0101010101010102E-002   1.0018498639924911        1.0000000000000000        4.0397211118836651E-004
  0.15150518995528109       -4.9207303777867985E-005   1.2121212121212121E-002   1.0018458947813960        1.0101010101010102E-002   1.0018458947813960        1.0000000000000000        4.2390412953174916E-004
  0.16160577065331225       -5.1332067238911754E-005   1.2121212121212121E-002   1.0018417427016630        1.0101010101010102E-002   1.0018417427016630        1.0000000000000000        4.4211928382953403E-004
  0.17170639324559273       -5.3250306560201012E-005   1.2121212121212121E-002   1.0018374245653179        1.0101010101010102E-002   1.0018374245653179        1.0000000000000000        4.5854542555190392E-004
  0.18180705928871763       -5.4954284440418867E-005   1.2121212121212121E-002   1.0018329578468486        1.0101010101010102E-002   1.0018329578468486        1.0000000000000000        4.7311646331138490E-004
  0.19190777016349161       -5.6437122525258956E-005   1.2121212121212121E-002   1.0018283606143226        1.0101010101010102E-002   1.0018283606143226        1.0000000000000000        4.8577460113463644E-004
  0.20200852706947017       -5.7692835919133442E-005   1.2121212121212121E-002   1.0018236514520551        1.0101010101010102E-002   1.0018236514520551        1.0000000000000000        4.9646982812934226E-004
  0.21210933102021104       -5.8716348342340600E-005   1.2121212121212121E-002   1.0018188493847018        1.0101010101010102E-002   1.0018188493847018        1.0000000000000000        5.0516026768931965E-004
  0.22221018283930541       -5.9503516779514102E-005   1.2121212121212121E-002   1.0018139737993654        1.0101010101010102E-002   1.0018139737993654        1.0000000000000000        5.1181206174977234E-004
  0.23231108315717669       -6.0051147119306969E-005   1.2121212121212121E-002   1.0018090443698489        1.0101010101010102E-002   1.0018090443698489        1.0000000000000000        5.1639913965662032E-004
  0.24241203240859205       -6.0357013338193605E-005   1.2121212121212121E-002   1.0018040809751201        1.0101010101010102E-002   1.0018040809751201        1.0000000000000000        5.1890465087822690E-004
  0.25251303083107862       -6.0419859641334793E-005   1.2121212121212121E-002   1.0017991036159057        1.0101010101010102E-002   1.0017991036159057        1.0000000000000000        5.1931994240295154E-004
  0.26261407846409501       -6.0239408500632853E-005   1.2121212121212121E-002   1.0017941323363140        1.0101010101010102E-002   1.0017941323363140        1.0000000000000000        5.1764450190994182E-004
  0.27271517514898569       -5.9816360742633761E-005   1.2121212121212121E-002   1.0017891871450200        1.0101010101010102E-002   1.0017891871450200        1.0000000000000000        5.1388607267899289E-004
  0.28281632052970496       -5.9152397831615475E-005   1.2121212121212121E-002   1.0017842879330894        1.0101010101010102E-002   1.0017842879330894        1.0000000000000000        5.0806131769576268E-004
  0.29291751405440181       -5.8250172521140948E-005   1.2121212121212121E-002   1.0017794543922454        1.0101010101010102E-002   1.0017794543922454        1.0000000000000000        5.0019504790643765E-004
  0.30301875497776737       -5.7113293070465052E-005   1.2121212121212121E-002   1.0017747059380187        1.0101010101010102E-002   1.0017747059380187        1.0000000000000000        4.9031995913662030E-004
  0.31312004236413066       -5.5746318190634077E-005   1.2121212121212121E-002   1.0017700616334109        1.0101010101010102E-002   1.0017700616334109        1.0000000000000000        4.7847675587586735E-004
  0.32322137509131460       -5.4154736671721851E-005   1.2121212121212121E-002   1.0017655401123082        1.0101010101010102E-002   1.0017655401123082        1.0000000000000000        4.6471413500626113E-004
  0.33332275185524873       -5.2344941481560450E-005   1.2121212121212121E-002   1.0017611595042077        1.0101010101010102E-002   1.0017611595042077        1.0000000000000000        4.4908854263514542E-004
  0.34342417117531765       -5.0324205890271196E-005   1.2121212121212121E-002   1.0017569373625408        1.0101010101010102E-002   1.0017569373625408        1.0000000000000000        4.3166362280011583E-004
  0.35352563140039323       -4.8100655020707525E-005   1.2121212121212121E-002   1.0017528905973898        1.0101010101010102E-002   1.0017528905973898        1.0000000000000000        4.1250984768392840E-004
  0.36362713071550723       -4.5683237510852982E-005   1.2121212121212121E-002   1.0017490354086760        1.0101010101010102E-002   1.0017490354086760        1.0000000000000000        3.9170482123740413E-004
  0.37372866714920572       -4.3081682627835358E-005   1.2121212121212121E-002   1.0017453872200732        1.0101010101010102E-002   1.0017453872200732        1.0000000000000000        3.6933283766593661E-004
  0.38383023858153925       -4.0306462787291287E-005   1.2121212121212121E-002   1.0017419606191260        1.0101010101010102E-002   1.0017419606191260        1.0000000000000000        3.4548400655776135E-004
  0.39393184275260007       -3.7368754908276236E-005   1.2121212121212121E-002   1.0017387693023136        1.0101010101010102E-002   1.0017387693023136        1.0000000000000000        3.2025406440450155E-004
  0.40403347727159261       -3.4280392151595400E-005   1.2121212121212121E-002   1.0017358260209490        1.0101010101010102E-002   1.0017358260209490        1.0000000000000000        2.9374443638108261E-004
  0.41413513962644383       -3.1053819327977584E-005   1.2121212121212121E-002   1.0017331425292091        1.0101010101010102E-002   1.0017331425292091        1.0000000000000000        2.6606172485532653E-004
  0.42423682719391198       -2.7702037157460482E-005   1.2121212121212121E-002   1.0017307295394235        1.0101010101010102E-002   1.0017307295394235        1.0000000000000000        2.3731671852189606E-004
  0.43433853725007554       -2.4238554727176700E-005   1.2121212121212121E-002   1.0017285966812617        1.0101010101010102E-002   1.0017285966812617        1.0000000000000000        2.0762449973865671E-004
  0.44444026698125133       -2.0677334000702796E-005   1.2121212121212121E-002   1.0017267524649391        1.0101010101010102E-002   1.0017267524649391        1.0000000000000000        1.7710355210365236E-004
  0.45454201349520895       -1.7032732679129314E-005   1.2121212121212121E-002   1.0017252042468261        1.0101010101010102E-002   1.0017252042468261        1.0000000000000000        1.4587618414729775E-004
  0.46464377383277322       -1.3319444607678425E-005   1.2121212121212121E-002   1.0017239581995963        1.0101010101010102E-002   1.0017239581995963        1.0000000000000000        1.1406708009165101E-004
  0.47474554497963939       -9.5524432057470705E-006   1.2121212121212121E-002   1.0017230192916158        1.0101010101010102E-002   1.0017230192916158        1.0000000000000000        8.1802885312676210E-005
  0.48484732387836599       -5.7469187614492686E-006   1.2121212121212121E-002   1.0017223912663202        1.0101010101010102E-002   1.0017223912663202        1.0000000000000000        4.9212551372690427E-005
  0.49494910744060927       -1.9182183772544612E-006   1.2121212121212121E-002   1.0017220766268549        1.0101010101010102E-002   1.0017220766268549        1.0000000000000000        1.6425971634426162E-005
  0.50505089255942137        1.9182182396252220E-006   1.2121212121212121E-002   1.0017220766269488        1.0101010101010102E-002   1.0017220766269488        1.0000000000000000       -1.6425992853896787E-005
  0.51515267612166227        5.7469187933093812E-006   1.2121212121212121E-002   1.0017223912663016        1.0101010101010102E-002   1.0017223912663016        1.0000000000000000       -4.9212503399509444E-005
  0.52525445502039114        9.5524431994594450E-006   1.2121212121212121E-002   1.0017230192912483        1.0101010101010102E-002   1.0017230192912483        1.0000000000000000       -8.1802859130952754E-005
  0.53535622616726353        1.3319444750010675E-005   1.2121212121212121E-002   1.0017239581995643        1.0101010101010102E-002   1.0017239581995643        1.0000000000000000       -1.1406717925233067E-004
  0.54545798650482236        1.7032732964770630E-005   1.2121212121212121E-002   1.0017252042472058        1.0101010101010102E-002   1.0017252042472058        1.0000000000000000       -1.4587617494044025E-004
  0.55555973301877659        2.0677333509805969E-005   1.2121212121212121E-002   1.0017267524649878        1.0101010101010102E-002   1.0017267524649878        1.0000000000000000       -1.7710348949329102E-004
  0.56566146274995488        2.4238555091900895E-005   1.2121212121212121E-002   1.0017285966810006        1.0101010101010102E-002   1.0017285966810006        1.0000000000000000       -2.0762449182054610E-004
  0.57576317280612210        2.7702036693432960E-005   1.2121212121212121E-002   1.0017307295394327        1.0101010101010102E-002   1.0017307295394327        1.0000000000000000       -2.3731678842420223E-004
  0.58586486037358654        3.1053819327629209E-005   1.2121212121212121E-002   1.0017331425295435        1.0101010101010102E-002   1.0017331425295435        1.0000000000000000       -2.6606172259402427E-004
  0.59596652272843353        3.4280392605913122E-005   1.2121212121212121E-002   1.0017358260208935        1.0101010101010102E-002   1.0017358260208935        1.0000000000000000       -2.9374435697260282E-004
  0.60606815724743213        3.7368754473694774E-005   1.2121212121212121E-002   1.0017387693022533        1.0101010101010102E-002   1.0017387693022533        1.0000000000000000       -3.2025414243097572E-004
  0.61616976141848878        4.0306463285858112E-005   1.2121212121212121E-002   1.0017419606194267        1.0101010101010102E-002   1.0017419606194267        1.0000000000000000       -3.4548400411171798E-004
  0.62627133285081926        4.3081682361684622E-005   1.2121212121212121E-002   1.0017453872200530        1.0101010101010102E-002   1.0017453872200530        1.0000000000000000       -3.6933277377126927E-004
  0.63637286928452141        4.5683237133689532E-005   1.2121212121212121E-002   1.0017490354084395        1.0101010101010102E-002   1.0017490354084395        1.0000000000000000       -3.9170483935091482E-004
  0.64647436859963736        4.8100655535596207E-005   1.2121212121212121E-002   1.0017528905974289        1.0101010101010102E-002   1.0017528905974289        1.0000000000000000       -4.1250988370311603E-004
  0.65657582882470922        5.0324206061441939E-005   1.2121212121212121E-002   1.0017569373623543        1.0101010101010102E-002   1.0017569373623543        1.0000000000000000       -4.3166354405066443E-004
  0.66667724814478602        5.2344941517334757E-005   1.2121212121212121E-002   1.0017611595040328        1.0101010101010102E-002   1.0017611595040328        1.0000000000000000       -4.4908862111459058E-004
  0.67677862490871610        5.4154736429929309E-005   1.2121212121212121E-002   1.0017655401123549        1.0101010101010102E-002   1.0017655401123549        1.0000000000000000       -4.6471410197757024E-004
  0.68687995763590270        5.5746318279729298E-005   1.2121212121212121E-002   1.0017700616334499        1.0101010101010102E-002   1.0017700616334499        1.0000000000000000       -4.7847679335255577E-004
  0.69698124502226300        5.7113293447396543E-005   1.2121212121212121E-002   1.0017747059382414        1.0101010101010102E-002   1.0017747059382414        1.0000000000000000       -4.9031995627668579E-004
  0.70708248594562650        5.8250171903417180E-005   1.2121212121212121E-002   1.0017794543923080        1.0101010101010102E-002   1.0017794543923080        1.0000000000000000       -5.0019501765241614E-004
  0.71718367947032424        5.9152397841984195E-005   1.2121212121212121E-002   1.0017842879330265        1.0101010101010102E-002   1.0017842879330265        1.0000000000000000       -5.0806132234626489E-004
  0.72728482485104440        5.9816360686273984E-005   1.2121212121212121E-002   1.0017891871451046        1.0101010101010102E-002   1.0017891871451046        1.0000000000000000       -5.1388609696445542E-004
  0.73738592153593185        6.0239408626715124E-005   1.2121212121212121E-002   1.0017941323362063        1.0101010101010102E-002   1.0017941323362063        1.0000000000000000       -5.1764443817869932E-004
  0.74748696916895374        6.0419859813570221E-005   1.2121212121212121E-002   1.0017991036156837        1.0101010101010102E-002   1.0017991036156837        1.0000000000000000       -5.1931998051735206E-004
  0.75758796759143976        6.0357013436834942E-005   1.2121212121212121E-002   1.0018040809750941        1.0101010101010102E-002   1.0018040809750941        1.0000000000000000       -5.1890465472759217E-004
  0.76768891684285601        6.0051146799691697E-005   1.2121212121212121E-002   1.0018090443699350        1.0101010101010102E-002   1.0018090443699350        1.0000000000000000       -5.1639916239043515E-004
  0.77778981716072448        5.9503516681934768E-005   1.2121212121212121E-002   1.0018139737994278        1.0101010101010102E-002   1.0018139737994278        1.0000000000000000       -5.1181203115202578E-004
  0.78789066897982030        5.8716348561219166E-005   1.2121212121212121E-002   1.0018188493846802        1.0101010101010102E-002   1.0018188493846802        1.0000000000000000       -5.0516028281677450E-004
  0.79799147293056061        5.7692835882349654E-005   1.2121212121212121E-002   1.0018236514521803        1.0101010101010102E-002   1.0018236514521803        1.0000000000000000       -4.9646984090667701E-004
  0.80809222983653672        5.6437122812344802E-005   1.2121212121212121E-002   1.0018283606143326        1.0101010101010102E-002   1.0018283606143326        1.0000000000000000       -4.8577456963538879E-004
  0.81819294071131321        5.4954283900519138E-005   1.2121212121212121E-002   1.0018329578468317        1.0101010101010102E-002   1.0018329578468317        1.0000000000000000       -4.7311648195424993E-004
  0.82829360675443542        5.3250306607601314E-005   1.2121212121212121E-002   1.0018374245650288        1.0101010101010102E-002   1.0018374245650288        1.0000000000000000       -4.5854535286515841E-004
  0.83839422934672514        5.1332067398025064E-005   1.2121212121212121E-002   1.0018417427015494        1.0101010101010102E-002   1.0018417427015494        1.0000000000000000       -4.4211939264116040E-004
  0.84849481004474925        4.9207303444517138E-005   1.2121212121212121E-002   1.0018458947814344        1.0101010101010102E-002   1.0018458947814344        1.0000000000000000       -4.2390405128767128E-004
  0.85859535057462799        4.6884581602393572E-005   1.2121212121212121E-002   1.0018498639923556        1.0101010101010102E-002   1.0018498639923556        1.0000000000000000       -4.0397215745890946E-004
  0.86869585282512352        4.4373260545364726E-005   1.2121212121212121E-002   1.0018536342529325        1.0101010101010102E-002   1.0018536342529325        1.0000000000000000       -3.8240336808659237E-004
  0.87879631884010134        4.1683453683211347E-005   1.2121212121212121E-002   1.0018571902800681        1.0101010101010102E-002   1.0018571902800681        1.0000000000000000       -3.5928457574474493E-004
  0.88889675081028852        3.8825995802154110E-005   1.2121212121212121E-002   1.0018605176539250        1.0101010101010102E-002   1.0018605176539250        1.0000000000000000       -3.3470897980691916E-004
  0.89899715106444489        3.5812390823372907E-005   1.2121212121212121E-002   1.0018636028760408        1.0101010101010102E-002   1.0018636028760408        1.0000000000000000       -3.0877557592656757E-004
  0.90909752205998107        3.2654765353214591E-005   1.2121212121212121E-002   1.0018664334238006        1.0101010101010102E-002   1.0018664334238006        1.0000000000000000       -2.8158886402795957E-004
  0.91919786637305823        2.9365826214356748E-005   1.2121212121212121E-002   1.0018689978031936        1.0101010101010102E-002   1.0018689978031936        1.0000000000000000       -2.5325886989158164E-004
  0.92929818668816555        2.5958806499497398E-005   1.2121212121212121E-002   1.0018712855993868        1.0101010101010102E-002   1.0018712855993868        1.0000000000000000       -2.2390063565147500E-004
  0.93939848578721030        2.2447411951395512E-005   1.2121212121212121E-002   1.0018732875184049        1.0101010101010102E-002   1.0018732875184049        1.0000000000000000       -1.9363286316664841E-004
  0.94949876653828036        1.8845761821972473E-005   1.2121212121212121E-002   1.0018749954236092        1.0101010101010102E-002   1.0018749954236092        1.0000000000000000       -1.6257814146491967E-004
  0.95959903188402196        1.5168341238620236E-005   1.2121212121212121E-002   1.0018764023710287        1.0101010101010102E-002   1.0018764023710287        1.0000000000000000       -1.3086257821992575E-004
  0.96969928482970291        1.1429938121444685E-005   1.2121212121212121E-002   1.0018775026415847        1.0101010101010102E-002   1.0018775026415847        1.0000000000000000       -9.8615472162499884E-005
  0.97979952843093931        7.6455841568380398E-006   1.2121212121212121E-002   1.0018782917619395        1.0101010101010102E-002   1.0018782917619395        1.0000000000000000       -6.5967271682509931E-005
  0.98989976578136263        3.8304921477269300E-006   1.2121212121212121E-002   1.0018787665217259        1.0101010101010102E-002   1.0018787665217259        1.0000000000000000       -3.3050821680369324E-005
   1.0000000000000102       -1.2681269125775599E-013   1.2121212121212121E-002   1.0018789249893791        1.0101010101010102E-002   1.0018789249893791        1.0000000000000000        1.0848655307427180E-010
   1.0101002342186709       -3.9101328206065638E-006   1.2121212121212121E-002   1.0018787665214981        1.0101010101010102E-002   1.0018787665214981        1.0000000000000000        3.3050732431760821E-005
   1.0202004715690927       -7.8045412037997321E-006   1.2121212121212121E-002   1.0018782917620759        1.0101010101010102E-002   1.0018782917620759        1.0000000000000000        6.5967225346241776E-005
   1.0303007151703274       -1.1667566115760175E-005   1.2121212121212121E-002   1.0018775026418272        1.0101010101010102E-002   1.0018775026418272        1.0000000000000000        9.8615469942053835E-005
   1.0404009681160042       -1.5483672799080276E-005   1.2121212121212121E-002   1.0018764023708948        1.0101010101010102E-002   1.0018764023708948        1.0000000000000000        1.3086266507134070E-004
   1.0505012334617529       -1.9237516292055714E-005   1.2121212121212121E-002   1.0018749954233048        1.0101010101010102E-002   1.0018749954233048        1.0000000000000000        1.6257809259645484E-004
   1.0606015142128227       -2.2913995929167768E-005   1.2121212121212121E-002   1.0018732875183907        1.0101010101010102E-002   1.0018732875183907        1.0000000000000000        1.9363284922047086E-004
   1.0707018133118678       -2.6498325065477302E-005   1.2121212121212121E-002   1.0018712855994751        1.0101010101010102E-002   1.0018712855994751        1.0000000000000000        2.2390063042188046E-004
   1.0808021336269724       -2.9976086791621926E-005   1.2121212121212121E-002   1.0018689978030086        1.0101010101010102E-002   1.0018689978030086        1.0000000000000000        2.5325893056127313E-004
   1.0909024779400569       -3.3333289497455780E-005   1.2121212121212121E-002   1.0018664334238743        1.0101010101010102E-002   1.0018664334238743        1.0000000000000000        7.6296766176253783     
   1.1010028489355843       -3.6556424529493103E-005   1.2121212121212121E-002   1.0018636028764096        1.0101010101010102E-002   1.0018636028764096        1.0000000000000000        93.410725685709920     
  -1.0100234218637372E-002   3.9101327078528489E-006   1.2121212121212121E-002   1.0018787665217259        1.0101010101010102E-002   1.0018787665217259        1.0000000000000000       -3.3050788693422817E-005
  -2.0200471569060685E-002   7.8045414928581297E-006   1.2121212121212121E-002   1.0018782917619395        1.0101010101010102E-002   1.0018782917619395        1.0000000000000000       -6.5967249565979102E-005
  -3.0300715170297088E-002   1.1667565833146126E-005   1.2121212121212121E-002   1.0018775026415847        1.0101010101010102E-002   1.0018775026415847        1.0000000000000000       -9.8615472174046204E-005
  -4.0400968115978042E-002   1.5483672695819188E-005   1.2121212121212121E-002   1.0018764023710287        1.0101010101010102E-002   1.0018764023710287        1.0000000000000000       -1.3086257822347847E-004
  -5.0501233461719641E-002   1.9237516031888531E-005   1.2121212121212121E-002   1.0018749954236092        1.0101010101010102E-002   1.0018749954236092        1.0000000000000000       -1.6257814146491967E-004
  -6.0601514212789698E-002   2.2913996404499181E-005   1.2121212121212121E-002   1.0018732875184049        1.0101010101010102E-002   1.0018732875184049        1.0000000000000000       -1.9363286317108930E-004
  -7.0701813311834449E-002   2.6498324884732750E-005   1.2121212121212121E-002   1.0018712855993868        1.0101010101010102E-002   1.0018712855993868        1.0000000000000000       -2.2390063564525775E-004
  -8.0802133626941774E-002   2.9976086597909256E-005   1.2121212121212121E-002   1.0018689978031936        1.0101010101010102E-002   1.0018689978031936        1.0000000000000000       -2.5325886989424617E-004
  -9.0902477940018933E-002   3.3333289809586337E-005   1.2121212121212121E-002   1.0018664334238006        1.0101010101010102E-002   1.0018664334238006        1.0000000000000000       -7.6296766177109561     
 -0.10100284893555511        3.6556424288199234E-005   1.2121212121212121E-002   1.0018636028760408        1.0101010101010102E-002   1.0018636028760408        1.0000000000000000       -93.410725685674464     
