 # x v h rho m p cs a
   15.100999999997070     
   1.3094067411854897E-007  -6.7942869157026083E-006   1.2121212121212121E-002   1.0018000086334731        1.0101010101010102E-002   1.0018000086334731        1.0000000000000000        1.2434497875801753E-014
   1.0101154235815011E-002  -6.8505841494799027E-006   1.2121212121212121E-002   1.0017983373539212        1.0101010101010102E-002   1.0017983373539212        1.0000000000000000       -1.4210854715202004E-014
   2.0202192535800221E-002  -7.2905151933480012E-006   1.2121212121212121E-002   1.0017968171881813        1.0101010101010102E-002   1.0017968171881813        1.0000000000000000       -9.9475983006414026E-014
   3.0303245513094872E-002  -7.5157104788663055E-006   1.2121212121212121E-002   1.0017953421828329        1.0101010101010102E-002   1.0017953421828329        1.0000000000000000        6.1284310959308641E-014
   4.0404312814035094E-002  -7.7271123974809801E-006   1.2121212121212121E-002   1.0017938266517783        1.0101010101010102E-002   1.0017938266517783        1.0000000000000000        3.5527136788005009E-015
   5.0505396035120859E-002  -7.9456709392188959E-006   1.2121212121212121E-002   1.0017924668447826        1.0101010101010102E-002   1.0017924668447826        1.0000000000000000        4.4408920985006262E-015
   6.0606490890537518E-002  -8.3026904526954257E-006   1.2121212121212121E-002   1.0017916581409123        1.0101010101010102E-002   1.0017916581409123        1.0000000000000000       -8.8817841970012523E-015
   7.0707589906640250E-002  -8.5949246098350723E-006   1.2121212121212121E-002   1.0017912927337458        1.0101010101010102E-002   1.0017912927337458        1.0000000000000000       -5.1514348342607263E-014
   8.0808691250500303E-002  -9.4095949895806174E-006   1.2121212121212121E-002   1.0017909292444822        1.0101010101010102E-002   1.0017909292444822        1.0000000000000000        2.1316282072803006E-014
   9.0909797149183375E-002  -1.0766888308258292E-005   1.2121212121212121E-002   1.0017904107408462        1.0101010101010102E-002   1.0017904107408462        1.0000000000000000        7.1054273576010019E-015
  0.10101090974578264       -1.2000651098128331E-005   1.2121212121212121E-002   1.0017903189521131        1.0101010101010102E-002   1.0017903189521131        1.0000000000000000        7.1054273576010019E-015
  0.11111201792390833       -1.3054771772760877E-005   1.2121212121212121E-002   1.0017909326940395        1.0101010101010102E-002   1.0017909326940395        1.0000000000000000        3.5527136788005009E-015
  0.12121311765599907       -1.4228502204178058E-005   1.2121212121212121E-002   1.0017918298434243        1.0101010101010102E-002   1.0017918298434243        1.0000000000000000        1.9539925233402755E-014
  0.13131420758930246       -1.5629768446656736E-005   1.2121212121212121E-002   1.0017926851511050        1.0101010101010102E-002   1.0017926851511050        1.0000000000000000        8.0824236192711396E-014
  0.14141529054635307       -1.6871476283206933E-005   1.2121212121212121E-002   1.0017935554924005        1.0101010101010102E-002   1.0017935554924005        1.0000000000000000        2.2204460492503131E-014
  0.15151636350474190       -1.7870444964486735E-005   1.2121212121212121E-002   1.0017945631468050        1.0101010101010102E-002   1.0017945631468050        1.0000000000000000       -6.2172489379008766E-015
  0.16161742632995704       -1.9093312487531516E-005   1.2121212121212121E-002   1.0017955972213566        1.0101010101010102E-002   1.0017955972213566        1.0000000000000000       -6.2172489379008766E-015
  0.17171847892095263       -2.0357133500728557E-005   1.2121212121212121E-002   1.0017966775335998        1.0101010101010102E-002   1.0017966775335998        1.0000000000000000       -6.2172489379008766E-015
  0.18181952026871151       -2.1499224898594216E-005   1.2121212121212121E-002   1.0017977147497785        1.0101010101010102E-002   1.0017977147497785        1.0000000000000000       -6.2172489379008766E-015
  0.19192055200071018       -2.2211540045621593E-005   1.2121212121212121E-002   1.0017984801271762        1.0101010101010102E-002   1.0017984801271762        1.0000000000000000       -6.2172489379008766E-015
  0.20202157792584710       -2.2604743293124762E-005   1.2121212121212121E-002   1.0017987960338370        1.0101010101010102E-002   1.0017987960338370        1.0000000000000000       -6.2172489379008766E-015
  0.21212260363059515       -2.2757805043200264E-005   1.2121212121212121E-002   1.0017988100634101        1.0101010101010102E-002   1.0017988100634101        1.0000000000000000       -6.2172489379008766E-015
  0.22222363007439591       -2.2676415536507534E-005   1.2121212121212121E-002   1.0017989983978617        1.0101010101010102E-002   1.0017989983978617        1.0000000000000000       -1.7763568394002505E-015
  0.23232465229808053       -2.2557106315182506E-005   1.2121212121212121E-002   1.0017995159081718        1.0101010101010102E-002   1.0017995159081718        1.0000000000000000       -5.6843418860808015E-014
  0.24242566807564755       -2.2274756102456907E-005   1.2121212121212121E-002   1.0018001060838593        1.0101010101010102E-002   1.0018001060838593        1.0000000000000000       -1.8562928971732617E-013
  0.25252667828170722       -2.2116762606992549E-005   1.2121212121212121E-002   1.0018005398297944        1.0101010101010102E-002   1.0018005398297944        1.0000000000000000        1.8385293287792592E-013
  0.26262768540488035       -2.2027504176867767E-005   1.2121212121212121E-002   1.0018007603626324        1.0101010101010102E-002   1.0018007603626324        1.0000000000000000        5.0626169922907138E-014
  0.27272869142785561       -2.1905802809430727E-005   1.2121212121212121E-002   1.0018008890335455        1.0101010101010102E-002   1.0018008890335455        1.0000000000000000       -6.2172489379008766E-015
  0.28282969652562356       -2.1782185516003166E-005   1.2121212121212121E-002   1.0018012449302147        1.0101010101010102E-002   1.0018012449302147        1.0000000000000000       -6.2172489379008766E-015
  0.29293069582916459       -2.1616615476113289E-005   1.2121212121212121E-002   1.0018020247724415        1.0101010101010102E-002   1.0018020247724415        1.0000000000000000       -6.2172489379008766E-015
  0.30303168536598085       -2.1405806980439129E-005   1.2121212121212121E-002   1.0018031310162745        1.0101010101010102E-002   1.0018031310162745        1.0000000000000000       -6.2172489379008766E-015
  0.31313266227344966       -2.1120824502872258E-005   1.2121212121212121E-002   1.0018042372060816        1.0101010101010102E-002   1.0018042372060816        1.0000000000000000       -6.2172489379008766E-015
  0.32323362969353808       -2.0534684531889418E-005   1.2121212121212121E-002   1.0018051638331005        1.0101010101010102E-002   1.0018051638331005        1.0000000000000000       -6.2172489379008766E-015
  0.33333458819142964       -1.9840078433113496E-005   1.2121212121212121E-002   1.0018058483350740        1.0101010101010102E-002   1.0018058483350740        1.0000000000000000       -6.2172489379008766E-015
  0.34343554223014666       -1.9096288451416640E-005   1.2121212121212121E-002   1.0018063684685623        1.0101010101010102E-002   1.0018063684685623        1.0000000000000000       -6.2172489379008766E-015
  0.35353649046482044       -1.8360275172469138E-005   1.2121212121212121E-002   1.0018067104030315        1.0101010101010102E-002   1.0018067104030315        1.0000000000000000       -6.2172489379008766E-015
  0.36363743716724739       -1.7203818483675107E-005   1.2121212121212121E-002   1.0018065775938045        1.0101010101010102E-002   1.0018065775938045        1.0000000000000000       -6.2172489379008766E-015
  0.37373838867443948       -1.5989489423311220E-005   1.2121212121212121E-002   1.0018063576816456        1.0101010101010102E-002   1.0018063576816456        1.0000000000000000       -6.2172489379008766E-015
  0.38383934066917835       -1.4978868523130686E-005   1.2121212121212121E-002   1.0018066126735923        1.0101010101010102E-002   1.0018066126735923        1.0000000000000000       -6.2172489379008766E-015
  0.39394028694221478       -1.3952657703543872E-005   1.2121212121212121E-002   1.0018072300566427        1.0101010101010102E-002   1.0018072300566427        1.0000000000000000       -6.2172489379008766E-015
  0.40404122576812812       -1.2633069139323814E-005   1.2121212121212121E-002   1.0018076586829558        1.0101010101010102E-002   1.0018076586829558        1.0000000000000000       -6.2172489379008766E-015
  0.41414216378401042       -1.1274106495014905E-005   1.2121212121212121E-002   1.0018080029436400        1.0101010101010102E-002   1.0018080029436400        1.0000000000000000       -6.2172489379008766E-015
  0.42424309645127206       -1.0276615724908298E-005   1.2121212121212121E-002   1.0018086155323527        1.0101010101010102E-002   1.0018086155323527        1.0000000000000000       -6.2172489379008766E-015
  0.43434402187731386       -9.1485921825661922E-006   1.2121212121212121E-002   1.0018092340960549        1.0101010101010102E-002   1.0018092340960549        1.0000000000000000       -6.2172489379008766E-015
  0.44444494195429857       -7.7347364857397113E-006   1.2121212121212121E-002   1.0018096336571118        1.0101010101010102E-002   1.0018096336571118        1.0000000000000000       -6.2172489379008766E-015
  0.45454585966200844       -6.2239673959873021E-006   1.2121212121212121E-002   1.0018098939436813        1.0101010101010102E-002   1.0018098939436813        1.0000000000000000       -6.2172489379008766E-015
  0.46464677455018683       -5.0923304993941466E-006   1.2121212121212121E-002   1.0018099759724479        1.0101010101010102E-002   1.0018099759724479        1.0000000000000000       -6.2172489379008766E-015
  0.47474769020377428       -4.0399092842268001E-006   1.2121212121212121E-002   1.0018096547306066        1.0101010101010102E-002   1.0018096547306066        1.0000000000000000        5.3290705182007514E-015
  0.48484861191300260       -2.6962314013122828E-006   1.2121212121212121E-002   1.0018092073006548        1.0101010101010102E-002   1.0018092073006548        1.0000000000000000       -7.0166095156309893E-014
  0.49494953698975136       -1.0109955526134542E-006   1.2121212121212121E-002   1.0018089860213761        1.0101010101010102E-002   1.0018089860213761        1.0000000000000000       -4.4941828036826337E-013
  0.50505046301103929        1.0109954254772982E-006   1.2121212121212121E-002   1.0018089860213968        1.0101010101010102E-002   1.0018089860213968        1.0000000000000000       -6.9277916736609768E-014
  0.51515138808778771        2.6962321452230320E-006   1.2121212121212121E-002   1.0018092073007412        1.0101010101010102E-002   1.0018092073007412        1.0000000000000000        1.5987211554602254E-014
  0.52525230979701432        4.0399090164394006E-006   1.2121212121212121E-002   1.0018096547305688        1.0101010101010102E-002   1.0018096547305688        1.0000000000000000        1.7763568394002505E-015
  0.53535322545060426        5.0923306042353151E-006   1.2121212121212121E-002   1.0018099759723003        1.0101010101010102E-002   1.0018099759723003        1.0000000000000000        1.7763568394002505E-015
  0.54545414033878337        6.2239673468394223E-006   1.2121212121212121E-002   1.0018098939435955        1.0101010101010102E-002   1.0018098939435955        1.0000000000000000        1.7763568394002505E-015
  0.55555505804649419        7.7347368362745437E-006   1.2121212121212121E-002   1.0018096336570819        1.0101010101010102E-002   1.0018096336570819        1.0000000000000000        1.7763568394002505E-015
  0.56565597812347845        9.1485920551746155E-006   1.2121212121212121E-002   1.0018092340960345        1.0101010101010102E-002   1.0018092340960345        1.0000000000000000        1.7763568394002505E-015
  0.57575690354952125        1.0276615685781681E-005   1.2121212121212121E-002   1.0018086155324131        1.0101010101010102E-002   1.0018086155324131        1.0000000000000000        1.7763568394002505E-015
  0.58585783621678045        1.1274106745937177E-005   1.2121212121212121E-002   1.0018080029436376        1.0101010101010102E-002   1.0018080029436376        1.0000000000000000        1.7763568394002505E-015
  0.59595877423266508        1.2633069099325312E-005   1.2121212121212121E-002   1.0018076586828404        1.0101010101010102E-002   1.0018076586828404        1.0000000000000000        1.7763568394002505E-015
  0.60605971305857942        1.3952657748818838E-005   1.2121212121212121E-002   1.0018072300569627        1.0101010101010102E-002   1.0018072300569627        1.0000000000000000        1.7763568394002505E-015
  0.61616065933160769        1.4978868660891562E-005   1.2121212121212121E-002   1.0018066126738825        1.0101010101010102E-002   1.0018066126738825        1.0000000000000000        1.7763568394002505E-015
  0.62626161132634817        1.5989489466165450E-005   1.2121212121212121E-002   1.0018063576814471        1.0101010101010102E-002   1.0018063576814471        1.0000000000000000        1.7763568394002505E-015
  0.63636256283354353        1.7203818749467974E-005   1.2121212121212121E-002   1.0018065775936364        1.0101010101010102E-002   1.0018065775936364        1.0000000000000000        1.7763568394002505E-015
  0.64646350953597076        1.8360274946085736E-005   1.2121212121212121E-002   1.0018067104030377        1.0101010101010102E-002   1.0018067104030377        1.0000000000000000        1.7763568394002505E-015
  0.65656445777064343        1.9096288935704818E-005   1.2121212121212121E-002   1.0018063684684049        1.0101010101010102E-002   1.0018063684684049        1.0000000000000000        1.7763568394002505E-015
  0.66666541180936567        1.9840078059417094E-005   1.2121212121212121E-002   1.0018058483352514        1.0101010101010102E-002   1.0018058483352514        1.0000000000000000        1.7763568394002505E-015
  0.67676637030724784        2.0534684727336924E-005   1.2121212121212121E-002   1.0018051638332486        1.0101010101010102E-002   1.0018051638332486        1.0000000000000000        1.7763568394002505E-015
  0.68686733772734199        2.1120824839694703E-005   1.2121212121212121E-002   1.0018042372058222        1.0101010101010102E-002   1.0018042372058222        1.0000000000000000        1.7763568394002505E-015
  0.69696831463481168        2.1405806937230549E-005   1.2121212121212121E-002   1.0018031310163797        1.0101010101010102E-002   1.0018031310163797        1.0000000000000000        1.7763568394002505E-015
  0.70706930417162428        2.1616615627899618E-005   1.2121212121212121E-002   1.0018020247725721        1.0101010101010102E-002   1.0018020247725721        1.0000000000000000        1.7763568394002505E-015
  0.71717030347516597        2.1782185694997935E-005   1.2121212121212121E-002   1.0018012449301064        1.0101010101010102E-002   1.0018012449301064        1.0000000000000000        1.7763568394002505E-015
  0.72727130857293554        2.1905802915064067E-005   1.2121212121212121E-002   1.0018008890332855        1.0101010101010102E-002   1.0018008890332855        1.0000000000000000        1.7763568394002505E-015
  0.73737231459591490        2.2027504162907187E-005   1.2121212121212121E-002   1.0018007603625696        1.0101010101010102E-002   1.0018007603625696        1.0000000000000000        1.7763568394002505E-015
  0.74747332171908543        2.2116762506283865E-005   1.2121212121212121E-002   1.0018005398300491        1.0101010101010102E-002   1.0018005398300491        1.0000000000000000        1.7763568394002505E-015
  0.75757433192514156        2.2274756252867719E-005   1.2121212121212121E-002   1.0018001060838457        1.0101010101010102E-002   1.0018001060838457        1.0000000000000000        1.7763568394002505E-015
  0.76767534770271295        2.2557106541169107E-005   1.2121212121212121E-002   1.0017995159081632        1.0101010101010102E-002   1.0017995159081632        1.0000000000000000        1.7763568394002505E-015
  0.77777636992639354        2.2676415546125306E-005   1.2121212121212121E-002   1.0017989983979485        1.0101010101010102E-002   1.0017989983979485        1.0000000000000000        1.7763568394002505E-015
  0.78787739637019605        2.2757805197182980E-005   1.2121212121212121E-002   1.0017988100633077        1.0101010101010102E-002   1.0017988100633077        1.0000000000000000        1.7763568394002505E-015
  0.79797842207494485        2.2604743273292034E-005   1.2121212121212121E-002   1.0017987960338035        1.0101010101010102E-002   1.0017987960338035        1.0000000000000000        1.7763568394002505E-015
  0.80807944800008191        2.2211539966356819E-005   1.2121212121212121E-002   1.0017984801273294        1.0101010101010102E-002   1.0017984801273294        1.0000000000000000        1.7763568394002505E-015
  0.81818047973207664        2.1499225471937564E-005   1.2121212121212121E-002   1.0017977147496933        1.0101010101010102E-002   1.0017977147496933        1.0000000000000000        1.7763568394002505E-015
  0.82828152107984121        2.0357133127348963E-005   1.2121212121212121E-002   1.0017966775333402        1.0101010101010102E-002   1.0017966775333402        1.0000000000000000        1.7763568394002505E-015
  0.83838257367083757        1.9093312800914682E-005   1.2121212121212121E-002   1.0017955972216308        1.0101010101010102E-002   1.0017955972216308        1.0000000000000000        1.7763568394002505E-015
  0.84848363649604530        1.7870445135850689E-005   1.2121212121212121E-002   1.0017945631469520        1.0101010101010102E-002   1.0017945631469520        1.0000000000000000        1.7763568394002505E-015
  0.85858470945443788        1.6871476059346805E-005   1.2121212121212121E-002   1.0017935554920239        1.0101010101010102E-002   1.0017935554920239        1.0000000000000000        1.7763568394002505E-015
  0.86868579241149413        1.5629768701862254E-005   1.2121212121212121E-002   1.0017926851512104        1.0101010101010102E-002   1.0017926851512104        1.0000000000000000        1.7763568394002505E-015
  0.87878688234478863        1.4228502191185999E-005   1.2121212121212121E-002   1.0017918298434394        1.0101010101010102E-002   1.0017918298434394        1.0000000000000000        1.7763568394002505E-015
  0.88888798207688779        1.3054771907835210E-005   1.2121212121212121E-002   1.0017909326938665        1.0101010101010102E-002   1.0017909326938665        1.0000000000000000        1.7763568394002505E-015
  0.89898909025500950        1.2000651342878012E-005   1.2121212121212121E-002   1.0017903189522868        1.0101010101010102E-002   1.0017903189522868        1.0000000000000000        1.7763568394002505E-015
  0.90909020285160858        1.0766888354185765E-005   1.2121212121212121E-002   1.0017904107409850        1.0101010101010102E-002   1.0017904107409850        1.0000000000000000        1.7763568394002505E-015
  0.91919130875028898        9.4095949931541291E-006   1.2121212121212121E-002   1.0017909292444847        1.0101010101010102E-002   1.0017909292444847        1.0000000000000000        1.7763568394002505E-015
  0.92929241009415176        8.5949247015990134E-006   1.2121212121212121E-002   1.0017912927336603        1.0101010101010102E-002   1.0017912927336603        1.0000000000000000        1.7763568394002505E-015
  0.93939350911025332        8.3026904920293302E-006   1.2121212121212121E-002   1.0017916581406943        1.0101010101010102E-002   1.0017916581406943        1.0000000000000000        1.7763568394002505E-015
  0.94949460396567598        7.9456709121752616E-006   1.2121212121212121E-002   1.0017924668447373        1.0101010101010102E-002   1.0017924668447373        1.0000000000000000        1.7763568394002505E-015
  0.95959568718675692        7.7271128070052148E-006   1.2121212121212121E-002   1.0017938266520368        1.0101010101010102E-002   1.0017938266520368        1.0000000000000000        1.7763568394002505E-015
  0.96969675448769577        7.5157103768342693E-006   1.2121212121212121E-002   1.0017953421828039        1.0101010101010102E-002   1.0017953421828039        1.0000000000000000        8.8817841970012523E-016
  0.97979780746499268        7.2905150800036994E-006   1.2121212121212121E-002   1.0017968171880303        1.0101010101010102E-002   1.0017968171880303        1.0000000000000000       -3.2862601528904634E-014
  0.98989884576497944        6.8505844343023300E-006   1.2121212121212121E-002   1.0017983373541124        1.0101010101010102E-002   1.0017983373541124        1.0000000000000000        1.5010215292932116E-013
  0.99999986906011451        6.7942870289011137E-006   1.2121212121212121E-002   1.0018000086337384        1.0101010101010102E-002   1.0018000086337384        1.0000000000000000        1.0436096431476471E-012
   1.0101008791611246       -6.9368053698286393E-006   1.2121212121212121E-002   1.0017983373539212        1.0101010101010102E-002   1.0018006832713435        1.0000000000000000        1.4299672557172016E-013
   1.0202018892621347       -7.3669302714904896E-006   1.2121212121212121E-002   1.0017968171881813        1.0101010101010102E-002   1.0018004378200467        1.0000000000000000       -1.9677833450701065E-002
   1.0303028993631449       -7.5928758703056210E-006   1.2121212121212121E-002   1.0017953421828329        1.0101010101010102E-002   1.0018004115226273        1.0000000000000000       -1.3138325546267744     
   1.0404039094641551       -7.8098872242245499E-006   1.2121212121212121E-002   1.0017938266517783        1.0101010101010102E-002  0.99665637860081713        1.0000000000000000       -4.6453021478719450     
   1.0505049195651652       -8.0062879583661745E-006   1.2121212121212121E-002   1.0017924668447826        1.0101010101010102E-002  0.77867798353909146        1.0000000000000000        107.01218865918355     
  -1.0100879160335984E-002   6.9368056845995554E-006   1.2121212121212121E-002   1.0017983373541124        1.0101010101010102E-002   1.0018006832713255        1.0000000000000000        1.1546319456101628E-014
  -2.0201889261346084E-002   7.3669301651801171E-006   1.2121212121212121E-002   1.0017968171880303        1.0101010101010102E-002   1.0018004378200529        1.0000000000000000        1.9677833450746363E-002
  -3.0302899362356184E-002   7.5928757474133817E-006   1.2121212121212121E-002   1.0017953421828039        1.0101010101010102E-002   1.0018004115226335        1.0000000000000000        1.3138325546268277     
  -4.0403909463366292E-002   7.8098876240658631E-006   1.2121212121212121E-002   1.0017938266520368        1.0101010101010102E-002  0.99665637860082268        1.0000000000000000        4.6453021478716039     
  -5.0504919564376395E-002   8.0062879724283258E-006   1.2121212121212121E-002   1.0017924668447373        1.0101010101010102E-002  0.77867798353909445        1.0000000000000000       -107.01218865918408     
