 # x v h rho m p cs a
   22.652121212122811     
   1.8653645509153539E-014  -8.5007072088542526E-013   1.2121212121212121E-002   1.0018012813958725        1.0101010101010102E-002   1.0018012813958725        1.0000000000000000       -6.9277916736609768E-013
   1.0101001504152499E-002  -6.3518133946916253E-006   1.2121212121212121E-002   1.0018012796561502        1.0101010101010102E-002   1.0018012796561502        1.0000000000000000        3.6289581739623600E-007
   2.0202003042673881E-002  -1.2677931175142906E-005   1.2121212121212121E-002   1.0018012744434499        1.0101010101010102E-002   1.0018012744434499        1.0000000000000000        7.2440274223595225E-007
   3.0303004649840717E-002  -1.8952768932109128E-005   1.2121212121212121E-002   1.0018012657783915        1.0101010101010102E-002   1.0018012657783915        1.0000000000000000        1.0830190220190161E-006
   4.0404006359632205E-002  -2.5150948330938003E-005   1.2121212121212121E-002   1.0018012536946224        1.0101010101010102E-002   1.0018012536946224        1.0000000000000000        1.4375079064876672E-006
   5.0505008205643256E-002  -3.1247401895964534E-005   1.2121212121212121E-002   1.0018012382397667        1.0101010101010102E-002   1.0018012382397667        1.0000000000000000        1.7861786174577787E-006
   6.0606010220912263E-002  -3.7217485335474276E-005   1.2121212121212121E-002   1.0018012194753880        1.0101010101010102E-002   1.0018012194753880        1.0000000000000000        2.1278309656480587E-006
   7.0707012437812439E-002  -4.3037071400121040E-005   1.2121212121212121E-002   1.0018011974742296        1.0101010101010102E-002   1.0018011974742296        1.0000000000000000        2.4613307054721645E-006
   8.0808014887948643E-002  -4.8682645505523998E-005   1.2121212121212121E-002   1.0018011723222082        1.0101010101010102E-002   1.0018011723222082        1.0000000000000000        2.7850733674839034E-006
   9.0909017601997766E-002  -5.4131405767551098E-005   1.2121212121212121E-002   1.0018011441191950        1.0101010101010102E-002   1.0018011441191950        1.0000000000000000        3.0977311702429233E-006
  0.10101002060958734       -5.9361357289336981E-005   1.2121212121212121E-002   1.0018011129767643        1.0101010101010102E-002   1.0018011129767643        1.0000000000000000        3.3981910263491955E-006
  0.11111102393918754       -6.4351402239226567E-005   1.2121212121212121E-002   1.0018010790169072        1.0101010101010102E-002   1.0018010790169072        1.0000000000000000        3.6854160807564540E-006
  0.12121202761801697       -6.9081418138444616E-005   1.2121212121212121E-002   1.0018010423729156        1.0101010101010102E-002   1.0018010423729156        1.0000000000000000        3.9580805051286916E-006
  0.13131303167191349       -7.3532346095813087E-005   1.2121212121212121E-002   1.0018010031901465        1.0101010101010102E-002   1.0018010031901465        1.0000000000000000        4.2149824999171415E-006
  0.14141403612522005       -7.7686264827691692E-005   1.2121212121212121E-002   1.0018009616240333        1.0101010101010102E-002   1.0018009616240333        1.0000000000000000        4.4552076721160461E-006
  0.15151504100070132       -8.1526468293140544E-005   1.2121212121212121E-002   1.0018009178387941        1.0101010101010102E-002   1.0018009178387941        1.0000000000000000        4.6778740792063900E-006
  0.16161604631945398       -8.5037523910545988E-005   1.2121212121212121E-002   1.0018008720067653        1.0101010101010102E-002   1.0018008720067653        1.0000000000000000        4.8821556175582259E-006
  0.17171705210084134       -8.8205337548890396E-005   1.2121212121212121E-002   1.0018008243104006        1.0101010101010102E-002   1.0018008243104006        1.0000000000000000        5.0667638094026302E-006
  0.18181805836235099       -9.1017211953742575E-005   1.2121212121212121E-002   1.0018007749400586        1.0101010101010102E-002   1.0018007749400586        1.0000000000000000        5.2313271101667169E-006
  0.19191906511958071       -9.3461900359586466E-005   1.2121212121212121E-002   1.0018007240915709        1.0101010101010102E-002   1.0018007240915709        1.0000000000000000        5.3750901489735270E-006
  0.20202007238614997       -9.5529639769492415E-005   1.2121212121212121E-002   1.0018006719668997        1.0101010101010102E-002   1.0018006719668997        1.0000000000000000        5.4975479413243988E-006
  0.21212108017366610       -9.7212193700123666E-005   1.2121212121212121E-002   1.0018006187743309        1.0101010101010102E-002   1.0018006187743309        1.0000000000000000        5.5978405368861672E-006
  0.22222208849163236       -9.8502886536911997E-005   1.2121212121212121E-002   1.0018005647277701        1.0101010101010102E-002   1.0018005647277701        1.0000000000000000        5.6756880004726895E-006
  0.23232309734742090       -9.9396633581532950E-005   1.2121212121212121E-002   1.0018005100421776        1.0101010101010102E-002   1.0018005100421776        1.0000000000000000        5.7311452916763983E-006
  0.24242410674629264       -9.9889947567709809E-005   1.2121212121212121E-002   1.0018004549361870        1.0101010101010102E-002   1.0018004549361870        1.0000000000000000        5.7633942276424932E-006
  0.25252511669130095       -9.9980952788337215E-005   1.2121212121212121E-002   1.0018003996327258        1.0101010101010102E-002   1.0018003996327258        1.0000000000000000        5.7723508328777484E-006
  0.26262612718329303       -9.9669400155648740E-005   1.2121212121212121E-002   1.0018003443542201        1.0101010101010102E-002   1.0018003443542201        1.0000000000000000        5.7581767016756658E-006
  0.27272713822092887       -9.8956665374899105E-005   1.2121212121212121E-002   1.0018002893230122        1.0101010101010102E-002   1.0018002893230122        1.0000000000000000        5.7207834025518878E-006
  0.28282814980066012       -9.7845730342571558E-005   1.2121212121212121E-002   1.0018002347603965        1.0101010101010102E-002   1.0018002347603965        1.0000000000000000        5.6604522908898502E-006
  0.29292916191677620       -9.6341172807100638E-005   1.2121212121212121E-002   1.0018001808875898        1.0101010101010102E-002   1.0018001808875898        1.0000000000000000        5.5769053464160834E-006
  0.30303017456135467       -9.4449158570241996E-005   1.2121212121212121E-002   1.0018001279239217        1.0101010101010102E-002   1.0018001279239217        1.0000000000000000        5.4708132539715848E-006
  0.31313118772434545       -9.2177402022399334E-005   1.2121212121212121E-002   1.0018000760835923        1.0101010101010102E-002   1.0018000760835923        1.0000000000000000        5.3425919297467317E-006
  0.32323220139359482       -8.9535138178169227E-005   1.2121212121212121E-002   1.0018000255762294        1.0101010101010102E-002   1.0018000255762294        1.0000000000000000        5.1927902644521851E-006
  0.33333321555491258       -8.6533078015825713E-005   1.2121212121212121E-002   1.0017999766080090        1.0101010101010102E-002   1.0017999766080090        1.0000000000000000        5.0215472109371717E-006
  0.34343423019206809       -8.3183375344849012E-005   1.2121212121212121E-002   1.0017999293797837        1.0101010101010102E-002   1.0017999293797837        1.0000000000000000        4.8298460271212207E-006
  0.35353524528689578       -7.9499572946680529E-005   1.2121212121212121E-002   1.0017998840834137        1.0101010101010102E-002   1.0017998840834137        1.0000000000000000        4.6185767033080083E-006
  0.36363626081937789       -7.5496539925597175E-005   1.2121212121212121E-002   1.0017998409036593        1.0101010101010102E-002   1.0017998409036593        1.0000000000000000        4.3883594447180485E-006
  0.37373727676769686       -7.1190417158103757E-005   1.2121212121212121E-002   1.0017998000176880        1.0101010101010102E-002   1.0017998000176880        1.0000000000000000        4.1401173263011515E-006
  0.38383829310833278       -6.6598550799439439E-005   1.2121212121212121E-002   1.0017997615940344        1.0101010101010102E-002   1.0017997615940344        1.0000000000000000        3.8747337649525093E-006
  0.39393930981613345       -6.1739430618060794E-005   1.2121212121212121E-002   1.0017997257899964        1.0101010101010102E-002   1.0017997257899964        1.0000000000000000        3.5936931643831826E-006
  0.40404032686447039       -5.6632599777571246E-005   1.2121212121212121E-002   1.0017996927514394        1.0101010101010102E-002   1.0017996927514394        1.0000000000000000        3.2978890223134272E-006
  0.41414134422531373       -5.1298583721611868E-005   1.2121212121212121E-002   1.0017996626151913        1.0101010101010102E-002   1.0017996626151913        1.0000000000000000        2.9883055558954652E-006
  0.42424236186932673       -4.5758813454137462E-005   1.2121212121212121E-002   1.0017996355064949        1.0101010101010102E-002   1.0017996355064949        1.0000000000000000        2.6663526755399403E-006
  0.43434337976600107       -4.0035536305702625E-005   1.2121212121212121E-002   1.0017996115367080        1.0101010101010102E-002   1.0017996115367080        1.0000000000000000        2.3335467025376033E-006
  0.44444439788379991       -3.4151725566830452E-005   1.2121212121212121E-002   1.0017995908034609        1.0101010101010102E-002   1.0017995908034609        1.0000000000000000        1.9912545825562233E-006
  0.45454541619028849       -2.8130984513228666E-005   1.2121212121212121E-002   1.0017995733922769        1.0101010101010102E-002   1.0017995733922769        1.0000000000000000        1.6405922895756930E-006
  0.46464643465224120       -2.1997463444378752E-005   1.2121212121212121E-002   1.0017995593769362        1.0101010101010102E-002   1.0017995593769362        1.0000000000000000        1.2829075455300654E-006
  0.47474745323575673       -1.5775761694096763E-005   1.2121212121212121E-002   1.0017995488148221        1.0101010101010102E-002   1.0017995488148221        1.0000000000000000        9.2026014897328423E-007
  0.48484847190647956       -9.4908232684959174E-006   1.2121212121212121E-002   1.0017995417488033        1.0101010101010102E-002   1.0017995417488033        1.0000000000000000        5.5365383744288010E-007
  0.49494949062966265       -3.1678402761221591E-006   1.2121212121212121E-002   1.0017995382081386        1.0101010101010102E-002   1.0017995382081386        1.0000000000000000        1.8491478925852789E-007
  0.50505050937037077        3.1678404305173697E-006   1.2121212121212121E-002   1.0017995382077474        1.0101010101010102E-002   1.0017995382077474        1.0000000000000000       -1.8483667307833684E-007
  0.51515152809356379        9.4908234922273021E-006   1.2121212121212121E-002   1.0017995417487633        1.0101010101010102E-002   1.0017995417487633        1.0000000000000000       -5.5379824992485283E-007
  0.52525254676427724        1.5775761366430619E-005   1.2121212121212121E-002   1.0017995488150453        1.0101010101010102E-002   1.0017995488150453        1.0000000000000000       -9.2017397967936176E-007
  0.53535356534779643        2.1997463477041915E-005   1.2121212121212121E-002   1.0017995593767266        1.0101010101010102E-002   1.0017995593767266        1.0000000000000000       -1.2829075020093228E-006
  0.54545458380975087        2.8130984333116850E-005   1.2121212121212121E-002   1.0017995733922487        1.0101010101010102E-002   1.0017995733922487        1.0000000000000000       -1.6406204084162823E-006
  0.55555560211623778        3.4151725329868750E-005   1.2121212121212121E-002   1.0017995908034127        1.0101010101010102E-002   1.0017995908034127        1.0000000000000000       -1.9912303024227640E-006
  0.56565662023403962        4.0035536445250341E-005   1.2121212121212121E-002   1.0017996115368157        1.0101010101010102E-002   1.0017996115368157        1.0000000000000000       -2.3336036489851608E-006
  0.57575763813070857        4.5758814060543650E-005   1.2121212121212121E-002   1.0017996355065959        1.0101010101010102E-002   1.0017996355065959        1.0000000000000000       -2.6662896646101331E-006
  0.58585865577472429        5.1298583407387757E-005   1.2121212121212121E-002   1.0017996626149546        1.0101010101010102E-002   1.0017996626149546        1.0000000000000000       -2.9883025103316641E-006
  0.59595967313557086        5.6632599850636762E-005   1.2121212121212121E-002   1.0017996927515105        1.0101010101010102E-002   1.0017996927515105        1.0000000000000000       -3.2979513822084527E-006
  0.60606069018390241        6.1739430618027889E-005   1.2121212121212121E-002   1.0017997257900044        1.0101010101010102E-002   1.0017997257900044        1.0000000000000000       -3.5936222824162201E-006
  0.61616170689170824        6.6598550804828385E-005   1.2121212121212121E-002   1.0017997615939265        1.0101010101010102E-002   1.0017997615939265        1.0000000000000000       -3.8747779118608605E-006
  0.62626272323234156        7.1190416592929764E-005   1.2121212121212121E-002   1.0017998000177009        1.0101010101010102E-002   1.0017998000177009        1.0000000000000000       -4.1400987225159724E-006
  0.63636373918066280        7.5496540420616403E-005   1.2121212121212121E-002   1.0017998409037552        1.0101010101010102E-002   1.0017998409037552        1.0000000000000000       -4.3883979152781194E-006
  0.64646475471314047        7.9499572681178811E-005   1.2121212121212121E-002   1.0017998840834248        1.0101010101010102E-002   1.0017998840834248        1.0000000000000000       -4.6185167184020770E-006
  0.65656576980797221        8.3183375346732949E-005   1.2121212121212121E-002   1.0017999293796398        1.0101010101010102E-002   1.0017999293796398        1.0000000000000000       -4.8298760697562670E-006
  0.66666678444512728        8.6533078039032342E-005   1.2121212121212121E-002   1.0017999766081054        1.0101010101010102E-002   1.0017999766081054        1.0000000000000000       -5.0215664790798087E-006
  0.67676779860644298        8.9535137994426815E-005   1.2121212121212121E-002   1.0018000255762549        1.0101010101010102E-002   1.0018000255762549        1.0000000000000000       -5.1927579240995669E-006
  0.68686881227569363        9.2177402150826822E-005   1.2121212121212121E-002   1.0018000760833843        1.0101010101010102E-002   1.0018000760833843        1.0000000000000000       -5.3425703026022120E-006
  0.69696982543868768        9.4449157949322556E-005   1.2121212121212121E-002   1.0018001279237541        1.0101010101010102E-002   1.0018001279237541        1.0000000000000000       -5.4708465526687178E-006
  0.70707083808326687        9.6341173606637331E-005   1.2121212121212121E-002   1.0018001808878234        1.0101010101010102E-002   1.0018001808878234        1.0000000000000000       -5.5769566404961779E-006
  0.71717185019937668        9.7845730254597944E-005   1.2121212121212121E-002   1.0018002347605273        1.0101010101010102E-002   1.0018002347605273        1.0000000000000000       -5.6603811007249760E-006
  0.72727286177911155        9.8956665502016348E-005   1.2121212121212121E-002   1.0018002893229765        1.0101010101010102E-002   1.0018002893229765        1.0000000000000000       -5.7208175610057310E-006
  0.73737387281674505        9.9669400085263012E-005   1.2121212121212121E-002   1.0018003443543213        1.0101010101010102E-002   1.0018003443543213        1.0000000000000000       -5.7581686956353906E-006
  0.74747488330873713        9.9980952734110749E-005   1.2121212121212121E-002   1.0018003996328184        1.0101010101010102E-002   1.0018003996328184        1.0000000000000000       -5.7723639068640864E-006
  0.75757589325374386        9.9889947595329141E-005   1.2121212121212121E-002   1.0018004549363539        1.0101010101010102E-002   1.0018004549363539        1.0000000000000000       -5.7633916892285697E-006
  0.76767690265261312        9.9396633619447744E-005   1.2121212121212121E-002   1.0018005100420289        1.0101010101010102E-002   1.0018005100420289        1.0000000000000000       -5.7310810017696667E-006
  0.77777791150840758        9.8502886520567283E-005   1.2121212121212121E-002   1.0018005647275863        1.0101010101010102E-002   1.0018005647275863        1.0000000000000000       -5.6757469506507618E-006
  0.78787891982637226        9.7212193482191847E-005   1.2121212121212121E-002   1.0018006187744730        1.0101010101010102E-002   1.0018006187744730        1.0000000000000000       -5.5978470161477389E-006
  0.79797992761388603        9.5529640019838952E-005   1.2121212121212121E-002   1.0018006719667873        1.0101010101010102E-002   1.0018006719667873        1.0000000000000000       -5.4974923040518320E-006
  0.80808093488046051        9.3461900047123642E-005   1.2121212121212121E-002   1.0018007240915252        1.0101010101010102E-002   1.0018007240915252        1.0000000000000000       -5.3751565936011048E-006
  0.81818194163768621        9.1017212823849174E-005   1.2121212121212121E-002   1.0018007749402515        1.0101010101010102E-002   1.0018007749402515        1.0000000000000000       -5.2313150940008768E-006
  0.82828294789919554        8.8205337382973460E-005   1.2121212121212121E-002   1.0018008243105216        1.0101010101010102E-002   1.0018008243105216        1.0000000000000000       -5.0667597513154305E-006
  0.83838395368058027        8.5037524171694526E-005   1.2121212121212121E-002   1.0018008720065013        1.0101010101010102E-002   1.0018008720065013        1.0000000000000000       -4.8820724982689967E-006
  0.84848495899934129        8.1526467879002176E-005   1.2121212121212121E-002   1.0018009178384559        1.0101010101010102E-002   1.0018009178384559        1.0000000000000000       -4.6779447870903823E-006
  0.85858596387482200        7.7686264661739831E-005   1.2121212121212121E-002   1.0018009616242289        1.0101010101010102E-002   1.0018009616242289        1.0000000000000000       -4.4552505906736428E-006
  0.86868696832812420        7.3532346107677688E-005   1.2121212121212121E-002   1.0018010031903140        1.0101010101010102E-002   1.0018010031903140        1.0000000000000000       -4.2149363004284623E-006
  0.87878797238202133        6.9081418256401964E-005   1.2121212121212121E-002   1.0018010423727892        1.0101010101010102E-002   1.0018010423727892        1.0000000000000000       -3.9580607724687411E-006
  0.88888897606085338        6.4351402023888498E-005   1.2121212121212121E-002   1.0018010790168881        1.0101010101010102E-002   1.0018010790168881        1.0000000000000000       -3.6854597897928443E-006
  0.89898997939045155        5.9361357102778618E-005   1.2121212121212121E-002   1.0018011129769693        1.0101010101010102E-002   1.0018011129769693        1.0000000000000000       -3.3981963936113857E-006
  0.90909098239803821        5.4131405944974698E-005   1.2121212121212121E-002   1.0018011441191288        1.0101010101010102E-002   1.0018011441191288        1.0000000000000000       -3.0976666387516616E-006
  0.91919198511209155        4.8682645678177068E-005   1.2121212121212121E-002   1.0018011723218598        1.0101010101010102E-002   1.0018011723218598        1.0000000000000000       -2.7850754049651982E-006
  0.92929298756223133        4.3037070816176770E-005   1.2121212121212121E-002   1.0018011974741214        1.0101010101010102E-002   1.0018011974741214        1.0000000000000000       -2.4613814364471409E-006
  0.93939398977913013        3.7217485498979553E-005   1.2121212121212121E-002   1.0018012194755657        1.0101010101010102E-002   1.0018012194755657        1.0000000000000000       -2.1278420092585293E-006
  0.94949499179439623        3.1247402363079901E-005   1.2121212121212121E-002   1.0018012382398069        1.0101010101010102E-002   1.0018012382398069        1.0000000000000000       -1.7861392729301429E-006
  0.95959599364040971        2.5150948338404331E-005   1.2121212121212121E-002   1.0018012536946788        1.0101010101010102E-002   1.0018012536946788        1.0000000000000000       -1.4375489971740762E-006
  0.96969699535019793        1.8952768937767742E-005   1.2121212121212121E-002   1.0018012657786155        1.0101010101010102E-002   1.0018012657786155        1.0000000000000000       -1.0830155314778267E-006
  0.97979799695736314        1.2677931031160976E-005   1.2121212121212121E-002   1.0018012744435685        1.0101010101010102E-002   1.0018012744435685        1.0000000000000000       -7.2438091880400179E-007
  0.98989899849588336        6.3518136627995759E-006   1.2121212121212121E-002   1.0018012796559386        1.0101010101010102E-002   1.0018012796559386        1.0000000000000000       -3.6284805293718136E-007
   1.0000000000000235        5.0328691759517832E-013   1.2121212121212121E-002   1.0018012813958725        1.0101010101010102E-002   1.0018012813958725        1.0000000000000000       -9.2594376610577456E-011
   1.0101010015041525       -6.3518962976152082E-006   1.2121212121212121E-002   1.0018012796561502        1.0101010101010102E-002   1.0018012796561502        1.0000000000000000        3.6292376393021186E-007
   1.0202020030426739       -1.2678097003521814E-005   1.2121212121212121E-002   1.0018012744434499        1.0101010101010102E-002   1.0018012744434499        1.0000000000000000        7.2442017540197412E-007
   1.0303030046498407       -1.8953017100344181E-005   1.2121212121212121E-002   1.0018012657783915        1.0101010101010102E-002   1.0018012657783915        1.0000000000000000        1.0830201881972812E-006
   1.0404040063596323       -2.5151278488017861E-005   1.2121212121212121E-002   1.0018012536946224        1.0101010101010102E-002   1.0018012536946224        1.0000000000000000        1.4375071843986120E-006
   1.0505050082056433       -3.1247813034942486E-005   1.2121212121212121E-002   1.0018012382397667        1.0101010101010102E-002   1.0018012382397667        1.0000000000000000        1.7861780579053743E-006
   1.0606060102209123       -3.7217976493666105E-005   1.2121212121212121E-002   1.0018012194753880        1.0101010101010102E-002   1.0018012194753880        1.0000000000000000        2.1278310002870171E-006
   1.0707070124378124       -4.3037641807988511E-005   1.2121212121212121E-002   1.0018011974742296        1.0101010101010102E-002   1.0018011974742296        1.0000000000000000        2.4613314719701407E-006
   1.0808080148879486       -4.8683293607160463E-005   1.2121212121212121E-002   1.0018011723222082        1.0101010101010102E-002   1.0018011723222082        1.0000000000000000        2.7850735317969111E-006
   1.0909090176019978       -5.4132129734393126E-005   1.2121212121212121E-002   1.0018011441191950        1.0101010101010102E-002   1.0018011441191950        1.0000000000000000        7.6252105637246075     
   1.1010100206095874       -5.9362155344163245E-005   1.2121212121212121E-002   1.0018011129767643        1.0101010101010102E-002   1.0018011129767643        1.0000000000000000        93.408243514315615     
  -1.0101001504116636E-002   6.3518964363850022E-006   1.2121212121212121E-002   1.0018012796559386        1.0101010101010102E-002   1.0018012796559386        1.0000000000000000       -3.6287566906878510E-007
  -2.0202003042636862E-002   1.2678096815084669E-005   1.2121212121212121E-002   1.0018012744435685        1.0101010101010102E-002   1.0018012744435685        1.0000000000000000       -7.2439934761803215E-007
  -3.0303004649802068E-002   1.8953017099188045E-005   1.2121212121212121E-002   1.0018012657786155        1.0101010101010102E-002   1.0018012657786155        1.0000000000000000       -1.0830155394714325E-006
  -4.0404006359590294E-002   2.5151278600154669E-005   1.2121212121212121E-002   1.0018012536946788        1.0101010101010102E-002   1.0018012536946788        1.0000000000000000       -1.4375490025031468E-006
  -5.0505008205603774E-002   3.1247813389772719E-005   1.2121212121212121E-002   1.0018012382398069        1.0101010101010102E-002   1.0018012382398069        1.0000000000000000       -1.7861392844764623E-006
  -6.0606010220869866E-002   3.7217976675079211E-005   1.2121212121212121E-002   1.0018012194755657        1.0101010101010102E-002   1.0018012194755657        1.0000000000000000       -2.1278420136994214E-006
  -7.0707012437768668E-002   4.3037641380015912E-005   1.2121212121212121E-002   1.0018011974741214        1.0101010101010102E-002   1.0018011974741214        1.0000000000000000       -2.4613814382234978E-006
  -8.0808014887908453E-002   4.8683293769464370E-005   1.2121212121212121E-002   1.0018011723218598        1.0101010101010102E-002   1.0018011723218598        1.0000000000000000       -2.7850754138469824E-006
  -9.0909017601961795E-002   5.4132129745741362E-005   1.2121212121212121E-002   1.0018011441191288        1.0101010101010102E-002   1.0018011441191288        1.0000000000000000       -7.6252105636787348     
 -0.10101002060954845        5.9362155180621085E-005   1.2121212121212121E-002   1.0018011129769693        1.0101010101010102E-002   1.0018011129769693        1.0000000000000000       -93.408243514322621     
