 # x v h rho m p cs a
   21.350303030303905     
   1.6128093453121271E-014   7.3706105192259149E-013   1.2121212121212121E-002   1.0017205529931565        1.0101010101010102E-002   1.0017205529931565        1.0000000000000000        1.2795986492619704E-011
   1.0101799400895010E-002   3.7052454629200299E-006   1.2121212121212121E-002   1.0017207133565353        1.0101010101010102E-002   1.0017207133565353        1.0000000000000000       -3.3454297074797523E-005
   2.0203595631548200E-002   7.3955393643369199E-006   1.2121212121212121E-002   1.0017211938074801        1.0101010101010102E-002   1.0017211938074801        1.0000000000000000       -6.6775191085888252E-005
   3.0305385534403591E-002   1.1055994610079155E-005   1.2121212121212121E-002   1.0017219924327343        1.0101010101010102E-002   1.0017219924327343        1.0000000000000000       -9.9830216275798023E-005
   4.0407165977069094E-002   1.4671842512468630E-005   1.2121212121212121E-002   1.0017231060496705        1.0101010101010102E-002   1.0017231060496705        1.0000000000000000       -1.3248691186795725E-004
   5.0508933864920273E-002   1.8228493003434699E-005   1.2121212121212121E-002   1.0017245302190962        1.0101010101010102E-002   1.0017245302190962        1.0000000000000000       -1.6461551698387922E-004
   6.0610686153369966E-002   2.1711600669835709E-005   1.2121212121212121E-002   1.0017262592656011        1.0101010101010102E-002   1.0017262592656011        1.0000000000000000       -1.9608781439295342E-004
   7.0712419860036485E-002   2.5107117488528325E-005   1.2121212121212121E-002   1.0017282862967878        1.0101010101010102E-002   1.0017282862967878        1.0000000000000000       -2.2677808922022535E-004
   8.0814132076646644E-002   2.8401350210456763E-005   1.2121212121212121E-002   1.0017306032288003        1.0101010101010102E-002   1.0017306032288003        1.0000000000000000       -2.5656338277446622E-004
   9.0915819980697560E-002   3.1581013358872048E-005   1.2121212121212121E-002   1.0017332008185900        1.0101010101010102E-002   1.0017332008185900        1.0000000000000000       -2.8532480870868682E-004
  0.10101748084672255        3.4633289529318074E-005   1.2121212121212121E-002   1.0017360687030461        1.0101010101010102E-002   1.0017360687030461        1.0000000000000000       -3.1294754600352803E-004
  0.11111911205715859        3.7545880698599139E-005   1.2121212121212121E-002   1.0017391954350494        1.0101010101010102E-002   1.0017391954350494        1.0000000000000000       -3.3932025182714654E-004
  0.12122071111291870        4.0307048505698439E-005   1.2121212121212121E-002   1.0017425685272958        1.0101010101010102E-002   1.0017425685272958        1.0000000000000000       -3.6433723835394005E-004
  0.13132227564339241        4.2905670359815574E-005   1.2121212121212121E-002   1.0017461745046090        1.0101010101010102E-002   1.0017461745046090        1.0000000000000000       -3.8789810411365977E-004
  0.14142380341596547        4.5331282791427580E-005   1.2121212121212121E-002   1.0017499989555638        1.0101010101010102E-002   1.0017499989555638        1.0000000000000000       -4.0990799761253527E-004
  0.15152529234500697        4.7574124835905131E-005   1.2121212121212121E-002   1.0017540265874698        1.0101010101010102E-002   1.0017540265874698        1.0000000000000000       -4.3027791842842333E-004
  0.16162674050029902        4.9625172000231657E-005   1.2121212121212121E-002   1.0017582412848058        1.0101010101010102E-002   1.0017582412848058        1.0000000000000000       -4.4892525693818186E-004
  0.17172814611487658        5.1476176440746250E-005   1.2121212121212121E-002   1.0017626261756674        1.0101010101010102E-002   1.0017626261756674        1.0000000000000000       -4.6577490174826153E-004
  0.18182950759212757        5.3119698503298297E-005   1.2121212121212121E-002   1.0017671636983174        1.0101010101010102E-002   1.0017671636983174        1.0000000000000000       -4.8075813871850670E-004
  0.19193082351231427        5.4549143081587074E-005   1.2121212121212121E-002   1.0017718356670287        1.0101010101010102E-002   1.0017718356670287        1.0000000000000000       -4.9381359587563622E-004
  0.20203209263838565        5.5758771452904688E-005   1.2121212121212121E-002   1.0017766233452552        1.0101010101010102E-002   1.0017766233452552        1.0000000000000000       -5.0488780363711072E-004
  0.21213331392104173        5.6743738240219249E-005   1.2121212121212121E-002   1.0017815075214007        1.0101010101010102E-002   1.0017815075214007        1.0000000000000000       -5.1393527702181530E-004
  0.22223448650304534        5.7500103883218856E-005   1.2121212121212121E-002   1.0017864685853193        1.0101010101010102E-002   1.0017864685853193        1.0000000000000000       -5.2091846614210624E-004
  0.23233560972276834        5.8024851343631516E-005   1.2121212121212121E-002   1.0017914866032969        1.0101010101010102E-002   1.0017914866032969        1.0000000000000000       -5.2580755104170152E-004
  0.24243668311703587        5.8315896302326690E-005   1.2121212121212121E-002   1.0017965413993259        1.0101010101010102E-002   1.0017965413993259        1.0000000000000000       -5.2858191534443932E-004
  0.25253770642305423        5.8372097372137320E-005   1.2121212121212121E-002   1.0018016126367835        1.0101010101010102E-002   1.0018016126367835        1.0000000000000000       -5.2922880320593890E-004
  0.26263867957963849        5.8193260541688420E-005   1.2121212121212121E-002   1.0018066798991410        1.0101010101010102E-002   1.0018066798991410        1.0000000000000000       -5.2774447639780675E-004
  0.27273960272755277        5.7780136158120497E-005   1.2121212121212121E-002   1.0018117227731875        1.0101010101010102E-002   1.0018117227731875        1.0000000000000000       -5.2413345495150310E-004
  0.28284047620907948        5.7134417684749505E-005   1.2121212121212121E-002   1.0018167209283355        1.0101010101010102E-002   1.0018167209283355        1.0000000000000000       -5.1840860317842186E-004
  0.29294130056681239        5.6258735014469952E-005   1.2121212121212121E-002   1.0018216542016496        1.0101010101010102E-002   1.0018216542016496        1.0000000000000000       -5.1059214434090450E-004
  0.30304207654153004        5.5156642846526687E-005   1.2121212121212121E-002   1.0018265026803646        1.0101010101010102E-002   1.0018265026803646        1.0000000000000000       -5.0071417699726339E-004
  0.31314280506935688        5.3832603779166714E-005   1.2121212121212121E-002   1.0018312467804091        1.0101010101010102E-002   1.0018312467804091        1.0000000000000000       -4.8881328308336691E-004
  0.32324348727809643        5.2291974080341586E-005   1.2121212121212121E-002   1.0018358673265038        1.0101010101010102E-002   1.0018358673265038        1.0000000000000000       -4.7493622614602771E-004
  0.33334412448280615        5.0540978148444329E-005   1.2121212121212121E-002   1.0018403456316460        1.0101010101010102E-002   1.0018403456316460        1.0000000000000000       -4.5913821588960957E-004
  0.34344471818056027        4.8586682810334694E-005   1.2121212121212121E-002   1.0018446635746951        1.0101010101010102E-002   1.0018446635746951        1.0000000000000000       -4.4148214377415229E-004
  0.35354527004448477        4.6436972457367291E-005   1.2121212121212121E-002   1.0018488036719826        1.0101010101010102E-002   1.0018488036719826        1.0000000000000000       -4.2203817336528004E-004
  0.36364578191712243        4.4100514551476068E-005   1.2121212121212121E-002   1.0018527491507718        1.0101010101010102E-002   1.0018527491507718        1.0000000000000000       -4.0088446566688418E-004
  0.37374625580300658        4.1586722969904163E-005   1.2121212121212121E-002   1.0018564840187649        1.0101010101010102E-002   1.0018564840187649        1.0000000000000000       -3.7810569187435306E-004
  0.38384669386065484        3.8905723692307321E-005   1.2121212121212121E-002   1.0018599931294359        1.0101010101010102E-002   1.0018599931294359        1.0000000000000000       -3.5379363853849100E-004
  0.39394709839385889        3.6068310563386356E-005   1.2121212121212121E-002   1.0018632622455608        1.0101010101010102E-002   1.0018632622455608        1.0000000000000000       -3.2804617266801728E-004
  0.40404747184241685        3.3085902853617517E-005   1.2121212121212121E-002   1.0018662780969958        1.0101010101010102E-002   1.0018662780969958        1.0000000000000000       -3.0096714390204227E-004
  0.41414781677229173        2.9970501975206244E-005   1.2121212121212121E-002   1.0018690284367475        1.0101010101010102E-002   1.0018690284367475        1.0000000000000000       -2.7266608212705989E-004
  0.42424813586523263        2.6734638921503220E-005   1.2121212121212121E-002   1.0018715020925990        1.0101010101010102E-002   1.0018715020925990        1.0000000000000000       -2.4325761721666339E-004
  0.43434843190791345        2.3391327752822620E-005   1.2121212121212121E-002   1.0018736890131092        1.0101010101010102E-002   1.0018736890131092        1.0000000000000000       -2.1286083050675586E-004
  0.44444870778064677        1.9954009586292469E-005   1.2121212121212121E-002   1.0018755803080499        1.0101010101010102E-002   1.0018755803080499        1.0000000000000000       -1.8159877536749747E-004
  0.45454896644573217        1.6436503732628712E-005   1.2121212121212121E-002   1.0018771682868306        1.0101010101010102E-002   1.0018771682868306        1.0000000000000000       -1.4959852431317699E-004
  0.46464921093540590        1.2852949255965175E-005   1.2121212121212121E-002   1.0018784464914667        1.0101010101010102E-002   1.0018784464914667        1.0000000000000000       -1.1699003895948579E-004
  0.47474944433953914        9.2177461579090039E-006   1.2121212121212121E-002   1.0018794097236239        1.0101010101010102E-002   1.0018794097236239        1.0000000000000000       -8.3905995446720283E-005
  0.48484966979305161        5.5455050716866515E-006   1.2121212121212121E-002   1.0018800540643842        1.0101010101010102E-002   1.0018800540643842        1.0000000000000000       -5.0480444103939703E-005
  0.49494989046322763        1.8509800442977223E-006   1.2121212121212121E-002   1.0018803768909068        1.0101010101010102E-002   1.0018803768909068        1.0000000000000000       -1.6849574637767262E-005
  0.50505010953680374       -1.8509802566232999E-006   1.2121212121212121E-002   1.0018803768907651        1.0101010101010102E-002   1.0018803768907651        1.0000000000000000        1.6849606940816386E-005
  0.51515033020698286       -5.5455045457980249E-006   1.2121212121212121E-002   1.0018800540641566        1.0101010101010102E-002   1.0018800540641566        1.0000000000000000        5.0480427972843245E-005
  0.52525055566049739       -9.2177466258846868E-006   1.2121212121212121E-002   1.0018794097236736        1.0101010101010102E-002   1.0018794097236736        1.0000000000000000        8.3905951825613556E-005
  0.53535078906462696       -1.2852949127900866E-005   1.2121212121212121E-002   1.0018784464914536        1.0101010101010102E-002   1.0018784464914536        1.0000000000000000        1.1699009708010522E-004
  0.54545103355430424       -1.6436503717611577E-005   1.2121212121212121E-002   1.0018771682865639        1.0101010101010102E-002   1.0018771682865639        1.0000000000000000        1.4959852063256562E-004
  0.55555129221939237       -1.9954010109724512E-005   1.2121212121212121E-002   1.0018755803080810        1.0101010101010102E-002   1.0018755803080810        1.0000000000000000        1.8159871361245195E-004
  0.56565156809212236       -2.3391327304826142E-005   1.2121212121212121E-002   1.0018736890134261        1.0101010101010102E-002   1.0018736890134261        1.0000000000000000        2.1286083242522125E-004
  0.57575186413479895       -2.6734639172328036E-005   1.2121212121212121E-002   1.0018715020925015        1.0101010101010102E-002   1.0018715020925015        1.0000000000000000        2.4325770195066099E-004
  0.58585218322774668       -2.9970501641292666E-005   1.2121212121212121E-002   1.0018690284365863        1.0101010101010102E-002   1.0018690284365863        1.0000000000000000        2.7266601330655504E-004
  0.59595252815761846       -3.3085902906422574E-005   1.2121212121212121E-002   1.0018662780970735        1.0101010101010102E-002   1.0018662780970735        1.0000000000000000        3.0096716241878596E-004
  0.60605290160617720       -3.6068310363250732E-005   1.2121212121212121E-002   1.0018632622454664        1.0101010101010102E-002   1.0018632622454664        1.0000000000000000        3.2804618780257755E-004
  0.61615330613938257       -3.8905723758650953E-005   1.2121212121212121E-002   1.0018599931292813        1.0101010101010102E-002   1.0018599931292813        1.0000000000000000        3.5379364126253421E-004
  0.62625374419703284       -4.1586722984581977E-005   1.2121212121212121E-002   1.0018564840187341        1.0101010101010102E-002   1.0018564840187341        1.0000000000000000        3.7810565872398172E-004
  0.63635421808291592       -4.4100514269538007E-005   1.2121212121212121E-002   1.0018527491510352        1.0101010101010102E-002   1.0018527491510352        1.0000000000000000        4.0088443484709302E-004
  0.64645472995554876       -4.6436972407024247E-005   1.2121212121212121E-002   1.0018488036721429        1.0101010101010102E-002   1.0018488036721429        1.0000000000000000        4.2203822918640554E-004
  0.65655528181947442       -4.8586683032543020E-005   1.2121212121212121E-002   1.0018446635744938        1.0101010101010102E-002   1.0018446635744938        1.0000000000000000        4.4148216337536184E-004
  0.66665587551723249       -5.0540977805960767E-005   1.2121212121212121E-002   1.0018403456316851        1.0101010101010102E-002   1.0018403456316851        1.0000000000000000        4.5913814792974961E-004
  0.67675651272193715       -5.2291973967489638E-005   1.2121212121212121E-002   1.0018358673266274        1.0101010101010102E-002   1.0018358673266274        1.0000000000000000        4.7493627220962509E-004
  0.68685719493067887       -5.3832604550773641E-005   1.2121212121212121E-002   1.0018312467803601        1.0101010101010102E-002   1.0018312467803601        1.0000000000000000        4.8881327623817583E-004
  0.69695792345850471       -5.5156642709248545E-005   1.2121212121212121E-002   1.0018265026802571        1.0101010101010102E-002   1.0018265026802571        1.0000000000000000        5.0071419654607041E-004
  0.70705869943322597       -5.6258735376878460E-005   1.2121212121212121E-002   1.0018216542017537        1.0101010101010102E-002   1.0018216542017537        1.0000000000000000        5.1059207856507527E-004
  0.71715952379095294       -5.7134417394787562E-005   1.2121212121212121E-002   1.0018167209285012        1.0101010101010102E-002   1.0018167209285012        1.0000000000000000        5.1840865575059070E-004
  0.72726039727248193       -5.7780135952817647E-005   1.2121212121212121E-002   1.0018117227732026        1.0101010101010102E-002   1.0018117227732026        1.0000000000000000        5.2413343189350314E-004
  0.73736132042039404       -5.8193260265893428E-005   1.2121212121212121E-002   1.0018066798991943        1.0101010101010102E-002   1.0018066798991943        1.0000000000000000        5.2774449673886892E-004
  0.74746229357697891       -5.8372097575869439E-005   1.2121212121212121E-002   1.0018016126366311        1.0101010101010102E-002   1.0018016126366311        1.0000000000000000        5.2922882191719367E-004
  0.75756331688300016       -5.8315896311443543E-005   1.2121212121212121E-002   1.0017965413992045        1.0101010101010102E-002   1.0017965413992045        1.0000000000000000        5.2858189710214276E-004
  0.76766439027726696       -5.8024851327713469E-005   1.2121212121212121E-002   1.0017914866031392        1.0101010101010102E-002   1.0017914866031392        1.0000000000000000        5.2580757083209306E-004
  0.77776551349699463       -5.7500103973474126E-005   1.2121212121212121E-002   1.0017864685855566        1.0101010101010102E-002   1.0017864685855566        1.0000000000000000        5.2091836140188974E-004
  0.78786668607898835       -5.6743738379326339E-005   1.2121212121212121E-002   1.0017815075217242        1.0101010101010102E-002   1.0017815075217242        1.0000000000000000        5.1393536413169016E-004
  0.79796790736164691       -5.5758772063985799E-005   1.2121212121212121E-002   1.0017766233450975        1.0101010101010102E-002   1.0017766233450975        1.0000000000000000        5.0488781899726831E-004
  0.80806917648771970       -5.4549142267918253E-005   1.2121212121212121E-002   1.0017718356667897        1.0101010101010102E-002   1.0017718356667897        1.0000000000000000        4.9381360559319631E-004
  0.81817049240790996       -5.3119698772927099E-005   1.2121212121212121E-002   1.0017671636982088        1.0101010101010102E-002   1.0017671636982088        1.0000000000000000        4.8075809218506294E-004
  0.82827185388516011       -5.1476176336587937E-005   1.2121212121212121E-002   1.0017626261759665        1.0101010101010102E-002   1.0017626261759665        1.0000000000000000        4.6577486438703630E-004
  0.83837325949973140       -4.9625172141491349E-005   1.2121212121212121E-002   1.0017582412848687        1.0101010101010102E-002   1.0017582412848687        1.0000000000000000        4.4892534389795458E-004
  0.84847470765502864       -4.7574124361517350E-005   1.2121212121212121E-002   1.0017540265873723        1.0101010101010102E-002   1.0017540265873723        1.0000000000000000        4.3027786636606891E-004
  0.85857619658406781       -4.5331282983989279E-005   1.2121212121212121E-002   1.0017499989558043        1.0101010101010102E-002   1.0017499989558043        1.0000000000000000        4.0990797830264825E-004
  0.86867772435663770       -4.2905670163639348E-005   1.2121212121212121E-002   1.0017461745047942        1.0101010101010102E-002   1.0017461745047942        1.0000000000000000        3.8789813107076299E-004
  0.87877928888711054       -4.0307048692483251E-005   1.2121212121212121E-002   1.0017425685271855        1.0101010101010102E-002   1.0017425685271855        1.0000000000000000        3.6433727936113769E-004
  0.88888088794287390       -3.7545880393897467E-005   1.2121212121212121E-002   1.0017391954347743        1.0101010101010102E-002   1.0017391954347743        1.0000000000000000        3.3932024582306042E-004
  0.89898251915331284       -3.4633289979072200E-005   1.2121212121212121E-002   1.0017360687030124        1.0101010101010102E-002   1.0017360687030124        1.0000000000000000        3.1294749746724193E-004
  0.90908418001933544       -3.1581013219190087E-005   1.2121212121212121E-002   1.0017332008187030        1.0101010101010102E-002   1.0017332008187030        1.0000000000000000        2.8532482841825413E-004
  0.91918586792338564       -2.8401349995954939E-005   1.2121212121212121E-002   1.0017306032286040        1.0101010101010102E-002   1.0017306032286040        1.0000000000000000        2.5656342556512612E-004
  0.92928758014000135       -2.5107117701546536E-005   1.2121212121212121E-002   1.0017282862967787        1.0101010101010102E-002   1.0017282862967787        1.0000000000000000        2.2677800955683836E-004
  0.93938931384666235       -2.1711600507871994E-005   1.2121212121212121E-002   1.0017262592657179        1.0101010101010102E-002   1.0017262592657179        1.0000000000000000        1.9608786627500763E-004
  0.94949106613511458       -1.8228493162450702E-005   1.2121212121212121E-002   1.0017245302189794        1.0101010101010102E-002   1.0017245302189794        1.0000000000000000        1.6461551586921530E-004
  0.95959283402296602       -1.4671842289300941E-005   1.2121212121212121E-002   1.0017231060495950        1.0101010101010102E-002   1.0017231060495950        1.0000000000000000        1.3248690286005171E-004
  0.96969461446563332       -1.1055994881415955E-005   1.2121212121212121E-002   1.0017219924330008        1.0101010101010102E-002   1.0017219924330008        1.0000000000000000        9.9830152259450244E-005
  0.97979640436848070       -7.3955392112559647E-006   1.2121212121212121E-002   1.0017211938075632        1.0101010101010102E-002   1.0017211938075632        1.0000000000000000        6.6775294715881728E-005
  0.98989820059914002       -3.7052455287488649E-006   1.2121212121212121E-002   1.0017207133562995        1.0101010101010102E-002   1.0017207133562995        1.0000000000000000        3.3454262996279738E-005
   1.0000000000000184       -8.1487859180997778E-013   1.2121212121212121E-002   1.0017205529931585        1.0101010101010102E-002   1.0017205529931585        1.0000000000000000       -3.0641267301234620E-011
   1.0101017994008950        3.7858781828483453E-006   1.2121212121212121E-002   1.0017207133565353        1.0101010101010102E-002   1.0017207133565353        1.0000000000000000       -3.3454282771572252E-005
   1.0202035956315483        7.5564833862187565E-006   1.2121212121212121E-002   1.0017211938074801        1.0101010101010102E-002   1.0017211938074801        1.0000000000000000       -6.6775184584422220E-005
   1.0303053855344035        1.1296609105760604E-005   1.2121212121212121E-002   1.0017219924327343        1.0101010101010102E-002   1.0017219924327343        1.0000000000000000       -9.9830215325447114E-005
   1.0404071659770691        1.4991167479808609E-005   1.2121212121212121E-002   1.0017231060496705        1.0101010101010102E-002   1.0017231060496705        1.0000000000000000       -1.3248691120359979E-004
   1.0505089338649203        1.8625255843542836E-005   1.2121212121212121E-002   1.0017245302190962        1.0101010101010102E-002   1.0017245302190962        1.0000000000000000       -1.6461551792534834E-004
   1.0606106861533700        2.2184219667027511E-005   1.2121212121212121E-002   1.0017262592656011        1.0101010101010102E-002   1.0017262592656011        1.0000000000000000       -1.9608781459901081E-004
   1.0707124198600364        2.5653707917264519E-005   1.2121212121212121E-002   1.0017282862967878        1.0101010101010102E-002   1.0017282862967878        1.0000000000000000       -2.2677808718540859E-004
   1.0808141320766467        2.9019730992732546E-005   1.2121212121212121E-002   1.0017306032288003        1.0101010101010102E-002   1.0017306032288003        1.0000000000000000       -2.5656338332868955E-004
   1.0909158199806976        3.2268717041906872E-005   1.2121212121212121E-002   1.0017332008185900        1.0101010101010102E-002   1.0017332008185900        1.0000000000000000        7.6205637419966905     
   1.1010174808467226        3.5387571873261906E-005   1.2121212121212121E-002   1.0017360687030461        1.0101010101010102E-002   1.0017360687030461        1.0000000000000000        93.405659608440715     
  -1.0101799400859979E-002  -3.7858781677086821E-006   1.2121212121212121E-002   1.0017207133562995        1.0101010101010102E-002   1.0017207133562995        1.0000000000000000        3.3454250107034511E-005
  -2.0203595631519300E-002  -7.5564834893422861E-006   1.2121212121212121E-002   1.0017211938075632        1.0101010101010102E-002   1.0017211938075632        1.0000000000000000        6.6775286025944069E-005
  -3.0305385534366680E-002  -1.1296609209015289E-005   1.2121212121212121E-002   1.0017219924330008        1.0101010101010102E-002   1.0017219924330008        1.0000000000000000        9.9830152267443850E-005
  -4.0407165977033976E-002  -1.4991167249932751E-005   1.2121212121212121E-002   1.0017231060495950        1.0101010101010102E-002   1.0017231060495950        1.0000000000000000        1.3248690285294629E-004
  -5.0508933864885419E-002  -1.8625255990211544E-005   1.2121212121212121E-002   1.0017245302189794        1.0101010101010102E-002   1.0017245302189794        1.0000000000000000        1.6461551587632073E-004
  -6.0610686153337645E-002  -2.2184219637622004E-005   1.2121212121212121E-002   1.0017262592657179        1.0101010101010102E-002   1.0017262592657179        1.0000000000000000        1.9608786627234309E-004
  -7.0712419859998654E-002  -2.5653707927970761E-005   1.2121212121212121E-002   1.0017282862967787        1.0101010101010102E-002   1.0017282862967787        1.0000000000000000        2.2677800956927285E-004
  -8.0814132076614364E-002  -2.9019730889395133E-005   1.2121212121212121E-002   1.0017306032286040        1.0101010101010102E-002   1.0017306032286040        1.0000000000000000        2.5656342556157341E-004
  -9.0915819980664558E-002  -3.2268716958714142E-005   1.2121212121212121E-002   1.0017332008187030        1.0101010101010102E-002   1.0017332008187030        1.0000000000000000       -7.6205637419768237     
 -0.10101748084668716       -3.5387572181956070E-005   1.2121212121212121E-002   1.0017360687030124        1.0101010101010102E-002   1.0017360687030124        1.0000000000000000       -93.405659608463125     
