 # x v h rho m p cs a
   12.250999999998649     
   1.5569173169177888E-006  -2.0316724382490609E-005   1.2121212121212121E-002   1.0018007213037969        1.0101010101010102E-002   1.0018007213037969        1.0000000000000000        1.2434497875801753E-014
   1.0102578266448427E-002  -2.0323198539197539E-005   1.2121212121212121E-002   1.0017982911079701        1.0101010101010102E-002   1.0017982911079701        1.0000000000000000       -1.4210854715202004E-014
   2.0203620022758922E-002  -2.0207536102866826E-005   1.2121212121212121E-002   1.0017962941436682        1.0101010101010102E-002   1.0017962941436682        1.0000000000000000       -9.9475983006414026E-014
   3.0304680175147362E-002  -2.0124358942600065E-005   1.2121212121212121E-002   1.0017945430388591        1.0101010101010102E-002   1.0017945430388591        1.0000000000000000        6.1284310959308641E-014
   4.0405756130978826E-002  -1.9661892361902874E-005   1.2121212121212121E-002   1.0017927502097608        1.0101010101010102E-002   1.0017927502097608        1.0000000000000000        3.5527136788005009E-015
   5.0506851211317337E-002  -1.8829408562730233E-005   1.2121212121212121E-002   1.0017906362499966        1.0101010101010102E-002   1.0017906362499966        1.0000000000000000        4.4408920985006262E-015
   6.0607969430465494E-002  -1.8189657227959357E-005   1.2121212121212121E-002   1.0017884818646974        1.0101010101010102E-002   1.0017884818646974        1.0000000000000000       -8.8817841970012523E-015
   7.0709107603256965E-002  -1.8162368250921703E-005   1.2121212121212121E-002   1.0017865981979581        1.0101010101010102E-002   1.0017865981979581        1.0000000000000000       -5.1514348342607263E-014
   8.0810262837907182E-002  -1.7864737449056468E-005   1.2121212121212121E-002   1.0017848943746468        1.0101010101010102E-002   1.0017848943746468        1.0000000000000000        2.1316282072803006E-014
   9.0911434684941533E-002  -1.7313984544765842E-005   1.2121212121212121E-002   1.0017833763534387        1.0101010101010102E-002   1.0017833763534387        1.0000000000000000        7.1054273576010019E-015
  0.10101262017389089       -1.6943640105712000E-005   1.2121212121212121E-002   1.0017822019727034        1.0101010101010102E-002   1.0017822019727034        1.0000000000000000        7.1054273576010019E-015
  0.11111381544384884       -1.6863914493339718E-005   1.2121212121212121E-002   1.0017815097799883        1.0101010101010102E-002   1.0017815097799883        1.0000000000000000        3.5527136788005009E-015
  0.12121501465517197       -1.6676353334707654E-005   1.2121212121212121E-002   1.0017813130527440        1.0101010101010102E-002   1.0017813130527440        1.0000000000000000        1.9539925233402755E-014
  0.13131621336068033       -1.6537568492339118E-005   1.2121212121212121E-002   1.0017813370568689        1.0101010101010102E-002   1.0017813370568689        1.0000000000000000        8.0824236192711396E-014
  0.14141741170926819       -1.6683128440240661E-005   1.2121212121212121E-002   1.0017813553559791        1.0101010101010102E-002   1.0017813553559791        1.0000000000000000        2.2204460492503131E-014
  0.15151861040079750       -1.6968345667577021E-005   1.2121212121212121E-002   1.0017815943025634        1.0101010101010102E-002   1.0017815943025634        1.0000000000000000       -6.2172489379008766E-015
  0.16161980497748213       -1.7472631084144566E-005   1.2121212121212121E-002   1.0017826089429855        1.0101010101010102E-002   1.0017826089429855        1.0000000000000000       -6.2172489379008766E-015
  0.17172098355220242       -1.8411056861710643E-005   1.2121212121212121E-002   1.0017843631154641        1.0101010101010102E-002   1.0017843631154641        1.0000000000000000       -6.2172489379008766E-015
  0.18182214255431273       -1.9576612970990166E-005   1.2121212121212121E-002   1.0017863247089172        1.0101010101010102E-002   1.0017863247089172        1.0000000000000000       -6.2172489379008766E-015
  0.19192328217179203       -2.0684271772455039E-005   1.2121212121212121E-002   1.0017883547308677        1.0101010101010102E-002   1.0017883547308677        1.0000000000000000       -6.2172489379008766E-015
  0.20202440142130743       -2.1337484937443635E-005   1.2121212121212121E-002   1.0017906659515130        1.0101010101010102E-002   1.0017906659515130        1.0000000000000000       -6.2172489379008766E-015
  0.21212549570166422       -2.1950455635429653E-005   1.2121212121212121E-002   1.0017934190591844        1.0101010101010102E-002   1.0017934190591844        1.0000000000000000       -6.2172489379008766E-015
  0.22222655961359369       -2.2487434204504146E-005   1.2121212121212121E-002   1.0017960642905002        1.0101010101010102E-002   1.0017960642905002        1.0000000000000000       -1.7763568394002505E-015
  0.23232760095415236       -2.3297434222509841E-005   1.2121212121212121E-002   1.0017982017938585        1.0101010101010102E-002   1.0017982017938585        1.0000000000000000       -5.6843418860808015E-014
  0.24242862319861247       -2.4092119934753056E-005   1.2121212121212121E-002   1.0018001408182731        1.0101010101010102E-002   1.0018001408182731        1.0000000000000000       -1.8562928971732617E-013
  0.25252962659635564       -2.4702472362218291E-005   1.2121212121212121E-002   1.0018020996233217        1.0101010101010102E-002   1.0018020996233217        1.0000000000000000        1.8385293287792592E-013
  0.26263060969171648       -2.4636747060670391E-005   1.2121212121212121E-002   1.0018038340668334        1.0101010101010102E-002   1.0018038340668334        1.0000000000000000        5.0626169922907138E-014
  0.27273157860949271       -2.3821095399392058E-005   1.2121212121212121E-002   1.0018052344713835        1.0101010101010102E-002   1.0018052344713835        1.0000000000000000       -6.2172489379008766E-015
  0.28283253464671554       -2.2840124129022739E-005   1.2121212121212121E-002   1.0018066352431187        1.0101010101010102E-002   1.0018066352431187        1.0000000000000000       -6.2172489379008766E-015
  0.29293347580032192       -2.2045159302990971E-005   1.2121212121212121E-002   1.0018080110615699        1.0101010101010102E-002   1.0018080110615699        1.0000000000000000       -6.2172489379008766E-015
  0.30303440449916408       -2.1564918049537563E-005   1.2121212121212121E-002   1.0018092887529990        1.0101010101010102E-002   1.0018092887529990        1.0000000000000000       -6.2172489379008766E-015
  0.31313532076431777       -2.0703134812752065E-005   1.2121212121212121E-002   1.0018106674643943        1.0101010101010102E-002   1.0018106674643943        1.0000000000000000       -6.2172489379008766E-015
  0.32323622227968107       -1.9970172269231212E-005   1.2121212121212121E-002   1.0018121809693290        1.0101010101010102E-002   1.0018121809693290        1.0000000000000000       -6.2172489379008766E-015
  0.33333710828289570       -1.9489984197539482E-005   1.2121212121212121E-002   1.0018136309423853        1.0101010101010102E-002   1.0018136309423853        1.0000000000000000       -6.2172489379008766E-015
  0.34343798117393126       -1.9107116994701025E-005   1.2121212121212121E-002   1.0018150457776454        1.0101010101010102E-002   1.0018150457776454        1.0000000000000000       -6.2172489379008766E-015
  0.35353883984305429       -1.8518014147357373E-005   1.2121212121212121E-002   1.0018167701134144        1.0101010101010102E-002   1.0018167701134144        1.0000000000000000       -6.2172489379008766E-015
  0.36363967844883821       -1.7746612809885548E-005   1.2121212121212121E-002   1.0018186806313769        1.0101010101010102E-002   1.0018186806313769        1.0000000000000000       -6.2172489379008766E-015
  0.37374049871283199       -1.7039090321889369E-005   1.2121212121212121E-002   1.0018203996062496        1.0101010101010102E-002   1.0018203996062496        1.0000000000000000       -6.2172489379008766E-015
  0.38384130346962564       -1.5961948287344806E-005   1.2121212121212121E-002   1.0018219669778103        1.0101010101010102E-002   1.0018219669778103        1.0000000000000000       -6.2172489379008766E-015
  0.39394209289852061       -1.4651122188120379E-005   1.2121212121212121E-002   1.0018234410041649        1.0101010101010102E-002   1.0018234410041649        1.0000000000000000       -6.2172489379008766E-015
  0.40404286805029138       -1.3231171815999612E-005   1.2121212121212121E-002   1.0018245350843578        1.0101010101010102E-002   1.0018245350843578        1.0000000000000000       -6.2172489379008766E-015
  0.41414363546008515       -1.1843507556282788E-005   1.2121212121212121E-002   1.0018250107936546        1.0101010101010102E-002   1.0018250107936546        1.0000000000000000       -6.2172489379008766E-015
  0.42424440149410486       -1.0373644809412269E-005   1.2121212121212121E-002   1.0018250406690681        1.0101010101010102E-002   1.0018250406690681        1.0000000000000000       -6.2172489379008766E-015
  0.43434516895505138       -8.9141463807904944E-006   1.2121212121212121E-002   1.0018250434422848        1.0101010101010102E-002   1.0018250434422848        1.0000000000000000       -6.2172489379008766E-015
  0.44444593571142055       -7.7512870027988366E-006   1.2121212121212121E-002   1.0018255031431205        1.0101010101010102E-002   1.0018255031431205        1.0000000000000000       -6.2172489379008766E-015
  0.45454669427072247       -6.7495267183750044E-006   1.2121212121212121E-002   1.0018265156462653        1.0101010101010102E-002   1.0018265156462653        1.0000000000000000       -6.2172489379008766E-015
  0.46464744009690195       -5.3665275999231237E-006   1.2121212121212121E-002   1.0018275332031044        1.0101010101010102E-002   1.0018275332031044        1.0000000000000000       -6.2172489379008766E-015
  0.47474817794225077       -3.5791948685564867E-006   1.2121212121212121E-002   1.0018281894884336        1.0101010101010102E-002   1.0018281894884336        1.0000000000000000        5.3290705182007514E-015
  0.48484891132831703       -1.9663723237581131E-006   1.2121212121212121E-002   1.0018287522083078        1.0101010101010102E-002   1.0018287522083078        1.0000000000000000       -7.0166095156309893E-014
  0.49494963802241604       -5.9737467516972192E-007   1.2121212121212121E-002   1.0018292000290878        1.0101010101010102E-002   1.0018292000290878        1.0000000000000000       -4.4941828036826337E-013
  0.50505036197814102        5.9737485004444903E-007   1.2121212121212121E-002   1.0018292000291520        1.0101010101010102E-002   1.0018292000291520        1.0000000000000000       -6.9277916736609768E-014
  0.51515108867223858        1.9663722285231686E-006   1.2121212121212121E-002   1.0018287522084064        1.0101010101010102E-002   1.0018287522084064        1.0000000000000000        1.5987211554602254E-014
  0.52525182205830434        3.5791950894191050E-006   1.2121212121212121E-002   1.0018281894885330        1.0101010101010102E-002   1.0018281894885330        1.0000000000000000        1.7763568394002505E-015
  0.53535255990365116        5.3665275137181581E-006   1.2121212121212121E-002   1.0018275332029409        1.0101010101010102E-002   1.0018275332029409        1.0000000000000000        1.7763568394002505E-015
  0.54545330572983663        6.7495269028352608E-006   1.2121212121212121E-002   1.0018265156462509        1.0101010101010102E-002   1.0018265156462509        1.0000000000000000        1.7763568394002505E-015
  0.55555406428913290        7.7512870098057625E-006   1.2121212121212121E-002   1.0018255031432661        1.0101010101010102E-002   1.0018255031432661        1.0000000000000000        1.7763568394002505E-015
  0.56565483104550374        8.9141465329268952E-006   1.2121212121212121E-002   1.0018250434420284        1.0101010101010102E-002   1.0018250434420284        1.0000000000000000        1.7763568394002505E-015
  0.57575559850645508        1.0373644701008991E-005   1.2121212121212121E-002   1.0018250406691473        1.0101010101010102E-002   1.0018250406691473        1.0000000000000000        1.7763568394002505E-015
  0.58585636454046808        1.1843508037282261E-005   1.2121212121212121E-002   1.0018250107939102        1.0101010101010102E-002   1.0018250107939102        1.0000000000000000        1.7763568394002505E-015
  0.59595713195026256        1.3231171831827663E-005   1.2121212121212121E-002   1.0018245350842587        1.0101010101010102E-002   1.0018245350842587        1.0000000000000000        1.7763568394002505E-015
  0.60605790710203500        1.4651122411338338E-005   1.2121212121212121E-002   1.0018234410039331        1.0101010101010102E-002   1.0018234410039331        1.0000000000000000        1.7763568394002505E-015
  0.61615869653093336        1.5961948021998081E-005   1.2121212121212121E-002   1.0018219669777382        1.0101010101010102E-002   1.0018219669777382        1.0000000000000000        1.7763568394002505E-015
  0.62625950128772501        1.7039090537258301E-005   1.2121212121212121E-002   1.0018203996063206        1.0101010101010102E-002   1.0018203996063206        1.0000000000000000        1.7763568394002505E-015
  0.63636032155171895        1.7746612450223995E-005   1.2121212121212121E-002   1.0018186806313594        1.0101010101010102E-002   1.0018186806313594        1.0000000000000000        1.7763568394002505E-015
  0.64646116015750332        1.8518014651071190E-005   1.2121212121212121E-002   1.0018167701134342        1.0101010101010102E-002   1.0018167701134342        1.0000000000000000        1.7763568394002505E-015
  0.65656201882662546        1.9107117094545975E-005   1.2121212121212121E-002   1.0018150457776753        1.0101010101010102E-002   1.0018150457776753        1.0000000000000000        1.7763568394002505E-015
  0.66666289171766113        1.9489984123075772E-005   1.2121212121212121E-002   1.0018136309423478        1.0101010101010102E-002   1.0018136309423478        1.0000000000000000        1.7763568394002505E-015
  0.67676377772087692        1.9970172566585831E-005   1.2121212121212121E-002   1.0018121809695080        1.0101010101010102E-002   1.0018121809695080        1.0000000000000000        1.7763568394002505E-015
  0.68686467923623529        2.0703134584135694E-005   1.2121212121212121E-002   1.0018106674646348        1.0101010101010102E-002   1.0018106674646348        1.0000000000000000        1.7763568394002505E-015
  0.69696559550138826        2.1564918179480396E-005   1.2121212121212121E-002   1.0018092887528169        1.0101010101010102E-002   1.0018092887528169        1.0000000000000000        1.7763568394002505E-015
  0.70706652420023564        2.2045159497756490E-005   1.2121212121212121E-002   1.0018080110614349        1.0101010101010102E-002   1.0018080110614349        1.0000000000000000        1.7763568394002505E-015
  0.71716746535383957        2.2840124019785288E-005   1.2121212121212121E-002   1.0018066352430970        1.0101010101010102E-002   1.0018066352430970        1.0000000000000000        1.7763568394002505E-015
  0.72726842139106451        2.3821095753572475E-005   1.2121212121212121E-002   1.0018052344711010        1.0101010101010102E-002   1.0018052344711010        1.0000000000000000        1.7763568394002505E-015
  0.73736939030884530        2.4636746981677172E-005   1.2121212121212121E-002   1.0018038340668534        1.0101010101010102E-002   1.0018038340668534        1.0000000000000000        1.7763568394002505E-015
  0.74747037340420097        2.4702472429184557E-005   1.2121212121212121E-002   1.0018020996235344        1.0101010101010102E-002   1.0018020996235344        1.0000000000000000        1.7763568394002505E-015
  0.75757137680194431        2.4092119817276342E-005   1.2121212121212121E-002   1.0018001408182466        1.0101010101010102E-002   1.0018001408182466        1.0000000000000000        1.7763568394002505E-015
  0.76767239904640538        2.3297434673862412E-005   1.2121212121212121E-002   1.0017982017938880        1.0101010101010102E-002   1.0017982017938880        1.0000000000000000        1.7763568394002505E-015
  0.77777344038696228        2.2487433855059782E-005   1.2121212121212121E-002   1.0017960642904948        1.0101010101010102E-002   1.0017960642904948        1.0000000000000000        1.7763568394002505E-015
  0.78787450429889372        2.1950456022208200E-005   1.2121212121212121E-002   1.0017934190591737        1.0101010101010102E-002   1.0017934190591737        1.0000000000000000        1.7763568394002505E-015
  0.79797559857924860        2.1337485168097286E-005   1.2121212121212121E-002   1.0017906659514149        1.0101010101010102E-002   1.0017906659514149        1.0000000000000000        1.7763568394002505E-015
  0.80807671782876789        2.0684271464634565E-005   1.2121212121212121E-002   1.0017883547307278        1.0101010101010102E-002   1.0017883547307278        1.0000000000000000        1.7763568394002505E-015
  0.81817785744624683        1.9576613193843989E-005   1.2121212121212121E-002   1.0017863247091230        1.0101010101010102E-002   1.0017863247091230        1.0000000000000000        1.7763568394002505E-015
  0.82827901644835256        1.8411057182384106E-005   1.2121212121212121E-002   1.0017843631155519        1.0101010101010102E-002   1.0017843631155519        1.0000000000000000        1.7763568394002505E-015
  0.83838019502307559        1.7472630938132315E-005   1.2121212121212121E-002   1.0017826089428856        1.0101010101010102E-002   1.0017826089428856        1.0000000000000000        1.7763568394002505E-015
  0.84848138959976005        1.6968345702126807E-005   1.2121212121212121E-002   1.0017815943026085        1.0101010101010102E-002   1.0017815943026085        1.0000000000000000        1.7763568394002505E-015
  0.85858258829128842        1.6683128634393274E-005   1.2121212121212121E-002   1.0017813553560619        1.0101010101010102E-002   1.0017813553560619        1.0000000000000000        1.7763568394002505E-015
  0.86868378663987533        1.6537568484604593E-005   1.2121212121212121E-002   1.0017813370568560        1.0101010101010102E-002   1.0017813370568560        1.0000000000000000        1.7763568394002505E-015
  0.87878498534538529        1.6676353310498450E-005   1.2121212121212121E-002   1.0017813130528259        1.0101010101010102E-002   1.0017813130528259        1.0000000000000000        1.7763568394002505E-015
  0.88888618455670476        1.6863914713372993E-005   1.2121212121212121E-002   1.0017815097799079        1.0101010101010102E-002   1.0017815097799079        1.0000000000000000        1.7763568394002505E-015
  0.89898737982666754        1.6943640201034648E-005   1.2121212121212121E-002   1.0017822019722686        1.0101010101010102E-002   1.0017822019722686        1.0000000000000000        1.7763568394002505E-015
  0.90908856531562210        1.7313984760731027E-005   1.2121212121212121E-002   1.0017833763534438        1.0101010101010102E-002   1.0017833763534438        1.0000000000000000        1.7763568394002505E-015
  0.91918973716265107        1.7864737192288351E-005   1.2121212121212121E-002   1.0017848943750580        1.0101010101010102E-002   1.0017848943750580        1.0000000000000000        1.7763568394002505E-015
  0.92929089239729734        1.8162368429406771E-005   1.2121212121212121E-002   1.0017865981980905        1.0101010101010102E-002   1.0017865981980905        1.0000000000000000        1.7763568394002505E-015
  0.93939203057009013        1.8189657376102326E-005   1.2121212121212121E-002   1.0017884818645124        1.0101010101010102E-002   1.0017884818645124        1.0000000000000000        1.7763568394002505E-015
  0.94949314878924118        1.8829408664712444E-005   1.2121212121212121E-002   1.0017906362498383        1.0101010101010102E-002   1.0017906362498383        1.0000000000000000        1.7763568394002505E-015
  0.95959424386958048        1.9661892650349244E-005   1.2121212121212121E-002   1.0017927502099215        1.0101010101010102E-002   1.0017927502099215        1.0000000000000000        1.7763568394002505E-015
  0.96969531982540702        2.0124358669231640E-005   1.2121212121212121E-002   1.0017945430388366        1.0101010101010102E-002   1.0017945430388366        1.0000000000000000        8.8817841970012523E-016
  0.97979637997780111        2.0207536289002767E-005   1.2121212121212121E-002   1.0017962941435992        1.0101010101010102E-002   1.0017962941435992        1.0000000000000000       -3.2862601528904634E-014
  0.98989742173410766        2.0323198883676402E-005   1.2121212121212121E-002   1.0017982911080394        1.0101010101010102E-002   1.0017982911080394        1.0000000000000000        1.5010215292932116E-013
  0.99999844308324115        2.0316724195334001E-005   1.2121212121212121E-002   1.0018007213037070        1.0101010101010102E-002   1.0018007213037070        1.0000000000000000        1.0436096431476471E-012
   1.0100994531842513       -2.0444859127824932E-005   1.2121212121212121E-002   1.0017982911079701        1.0101010101010102E-002   1.0018013255249170        1.0000000000000000        1.4299672557172016E-013
   1.0202004632852615       -2.0301980797188455E-005   1.2121212121212121E-002   1.0017962941436682        1.0101010101010102E-002   1.0018004896424675        1.0000000000000000       -1.9677833450701065E-002
   1.0303014733862716       -2.0209121908593754E-005   1.2121212121212121E-002   1.0017945430388591        1.0101010101010102E-002   1.0018004115226273        1.0000000000000000       -1.3138325546267744     
   1.0404024834872818       -1.9763207072572306E-005   1.2121212121212121E-002   1.0017927502097608        1.0101010101010102E-002  0.99665637860081713        1.0000000000000000       -4.6453021478719450     
   1.0505034935882920       -1.8949502796342600E-005   1.2121212121212121E-002   1.0017906362499966        1.0101010101010102E-002  0.77867798353909146        1.0000000000000000        107.01218865918355     
  -1.0099453183693183E-002   2.0444859454867964E-005   1.2121212121212121E-002   1.0017982911080394        1.0101010101010102E-002   1.0018013255249401        1.0000000000000000        1.1546319456101628E-014
  -2.0200463284703287E-002   2.0301981014155287E-005   1.2121212121212121E-002   1.0017962941435992        1.0101010101010102E-002   1.0018004896424748        1.0000000000000000        1.9677833450746363E-002
  -3.0301473385713387E-002   2.0209121598719865E-005   1.2121212121212121E-002   1.0017945430388366        1.0101010101010102E-002   1.0018004115226338        1.0000000000000000        1.3138325546268277     
  -4.0402483486723491E-002   1.9763207379566506E-005   1.2121212121212121E-002   1.0017927502099215        1.0101010101010102E-002  0.99665637860082290        1.0000000000000000        4.6453021478716039     
  -5.0503493587733594E-002   1.8949502912957997E-005   1.2121212121212121E-002   1.0017906362498383        1.0101010101010102E-002  0.77867798353909445        1.0000000000000000       -107.01218865918408     
