 # x v h rho m p cs a
   14.201212121210341     
   8.9770060581940933E-015   4.1519918816199755E-013   1.2121212121212121E-002   1.0018983632290450        1.0101010101010102E-002   1.0018983632290450        1.0000000000000000        6.3948846218409017E-012
   1.0100042146614471E-002  -6.4438033900947096E-007   1.2121212121212121E-002   1.0018981659421000        1.0101010101010102E-002   1.0018981659421000        1.0000000000000000        4.1145628093985920E-005
   2.0200088192001645E-002  -1.2862389566567838E-006   1.2121212121212121E-002   1.0018975748780838        1.0101010101010102E-002   1.0018975748780838        1.0000000000000000        8.2125153690881803E-005
   3.0300142019207502E-002  -1.9230582071020128E-006   1.2121212121212121E-002   1.0018965924212950        1.0101010101010102E-002   1.0018965924212950        1.0000000000000000        1.2277374111402395E-004
   4.0400207479923816E-002  -2.5523419826738496E-006   1.2121212121212121E-002   1.0018952225339313        1.0101010101010102E-002   1.0018952225339313        1.0000000000000000        1.6292731175582276E-004
   5.0500288378934804E-002  -3.1716224929427067E-006   1.2121212121212121E-002   1.0018934707415166        1.0101010101010102E-002   1.0018934707415166        1.0000000000000000        2.0242403355830163E-004
   6.0600388458799448E-002  -3.7784665946920289E-006   1.2121212121212121E-002   1.0018913441105779        1.0101010101010102E-002   1.0018913441105779        1.0000000000000000        2.4110446624714399E-004
   7.0700511384729103E-002  -4.3704826331620729E-006   1.2121212121212121E-002   1.0018888512186233        1.0101010101010102E-002   1.0018888512186233        1.0000000000000000        2.7881306438981568E-004
   8.0800660729865026E-002  -4.9453365050242782E-006   1.2121212121212121E-002   1.0018860021188141        1.0101010101010102E-002   1.0018860021188141        1.0000000000000000        3.1539770863009409E-004
   9.0900839960857710E-002  -5.5007545937531638E-006   1.2121212121212121E-002   1.0018828083020233        1.0101010101010102E-002   1.0018828083020233        1.0000000000000000        3.5071076041592875E-004
  0.10100105242387761       -6.0345353340689485E-006   1.2121212121212121E-002   1.0018792826489338        1.0101010101010102E-002   1.0018792826489338        1.0000000000000000        3.8461004690137912E-004
  0.11110130133114716       -6.5445542695582286E-006   1.2121212121212121E-002   1.0018754393765776        1.0101010101010102E-002   1.0018754393765776        1.0000000000000000        4.1695909632011308E-004
  0.12120158974800825       -7.0287728055387289E-006   1.2121212121212121E-002   1.0018712939814109        1.0101010101010102E-002   1.0018712939814109        1.0000000000000000        4.4762757531824349E-004
  0.13130192058057391       -7.4852500937605622E-006   1.2121212121212121E-002   1.0018668631777325        1.0101010101010102E-002   1.0018668631777325        1.0000000000000000        4.7649180621256448E-004
  0.14140229656400702       -7.9121492472787675E-006   1.2121212121212121E-002   1.0018621648298640        1.0101010101010102E-002   1.0018621648298640        1.0000000000000000        5.0343559119880865E-004
  0.15150272025150890       -8.3077384561901638E-006   1.2121212121212121E-002   1.0018572178782672        1.0101010101010102E-002   1.0018572178782672        1.0000000000000000        5.2835064755107908E-004
  0.16160319400406178       -8.6704056850097030E-006   1.2121212121212121E-002   1.0018520422634636        1.0101010101010102E-002   1.0018520422634636        1.0000000000000000        5.5113662286121468E-004
  0.17170371998091544       -8.9986639268653616E-006   1.2121212121212121E-002   1.0018466588467148        1.0101010101010102E-002   1.0018466588467148        1.0000000000000000        5.7170172942822006E-004
  0.18180430013089044       -9.2911568839628737E-006   1.2121212121212121E-002   1.0018410893253704        1.0101010101010102E-002   1.0018410893253704        1.0000000000000000        5.8996325566340602E-004
  0.19190493618453555       -9.5466628447980735E-006   1.2121212121212121E-002   1.0018353561435687        1.0101010101010102E-002   1.0018353561435687        1.0000000000000000        6.0584805021157706E-004
  0.20200562964719873       -9.7641010208516723E-006   1.2121212121212121E-002   1.0018294824017948        1.0101010101010102E-002   1.0018294824017948        1.0000000000000000        6.1929221007339663E-004
  0.21210638179297159       -9.9425413663084433E-006   1.2121212121212121E-002   1.0018234917663491        1.0101010101010102E-002   1.0018234917663491        1.0000000000000000        6.3024146149803784E-004
  0.22220719365953340       -1.0081205696488170E-005   1.2121212121212121E-002   1.0018174083716773        1.0101010101010102E-002   1.0018174083716773        1.0000000000000000        6.3865224467640758E-004
  0.23230806604403581       -1.0179469309736218E-005   1.2121212121212121E-002   1.0018112567219910        1.0101010101010102E-002   1.0018112567219910        1.0000000000000000        6.4449082140694003E-004
  0.24240899949989206       -1.0236865527973125E-005   1.2121212121212121E-002   1.0018050615940697        1.0101010101010102E-002   1.0018050615940697        1.0000000000000000        6.4773388905514651E-004
  0.25250999433457411       -1.0253095928607888E-005   1.2121212121212121E-002   1.0017988479375757        1.0101010101010102E-002   1.0017988479375757        1.0000000000000000        6.4836846501847845E-004
  0.26261105060837342       -1.0228023168699336E-005   1.2121212121212121E-002   1.0017926407740814        1.0101010101010102E-002   1.0017926407740814        1.0000000000000000        6.4639233413377184E-004
  0.27271216813419308       -1.0161677820060432E-005   1.2121212121212121E-002   1.0017864650953383        1.0101010101010102E-002   1.0017864650953383        1.0000000000000000        6.4181373227611971E-004
  0.28281334647832368       -1.0054255256817054E-005   1.2121212121212121E-002   1.0017803457635046        1.0101010101010102E-002   1.0017803457635046        1.0000000000000000        6.3465125200234951E-004
  0.29291458496220441       -9.9061225193711249E-006   1.2121212121212121E-002   1.0017743074118914        1.0101010101010102E-002   1.0017743074118914        1.0000000000000000        6.2493383013517700E-004
  0.30301588266515861       -9.7178133329459639E-006   1.2121212121212121E-002   1.0017683743449821        1.0101010101010102E-002   1.0017683743449821        1.0000000000000000        6.1270093126264413E-004
  0.31311723842813588       -9.4900269044494433E-006   1.2121212121212121E-002   1.0017625704402073        1.0101010101010102E-002   1.0017625704402073        1.0000000000000000        5.9800199542348054E-004
  0.32321865085839241       -9.2236256807771164E-006   1.2121212121212121E-002   1.0017569190528708        1.0101010101010102E-002   1.0017569190528708        1.0000000000000000        5.8089634025115799E-004
  0.33332011833510938       -8.9196367339905443E-006   1.2121212121212121E-002   1.0017514429221750        1.0101010101010102E-002   1.0017514429221750        1.0000000000000000        5.6145300473176007E-004
  0.34342163901593598       -8.5792454290478517E-006   1.2121212121212121E-002   1.0017461640801364        1.0101010101010102E-002   1.0017461640801364        1.0000000000000000        5.3975033537145833E-004
  0.35352321084440863       -8.2037903678956641E-006   1.2121212121212121E-002   1.0017411037628576        1.0101010101010102E-002   1.0017411037628576        1.0000000000000000        5.1587590516355419E-004
  0.36362483155825087       -7.7947586827748227E-006   1.2121212121212121E-002   1.0017362823248011        1.0101010101010102E-002   1.0017362823248011        1.0000000000000000        4.8992597272423666E-004
  0.37372649869849223       -7.3537834893726864E-006   1.2121212121212121E-002   1.0017317191577206        1.0101010101010102E-002   1.0017317191577206        1.0000000000000000        4.6200502990778602E-004
  0.38382820961937253       -6.8826366778186048E-006   1.2121212121212121E-002   1.0017274326139560        1.0101010101010102E-002   1.0017274326139560        1.0000000000000000        4.3222535391418404E-004
  0.39392996149897525       -6.3832167190778181E-006   1.2121212121212121E-002   1.0017234399317767        1.0101010101010102E-002   1.0017234399317767        1.0000000000000000        4.0070706531025735E-004
  0.40403175135061353       -5.8575465822499696E-006   1.2121212121212121E-002   1.0017197571649401        1.0101010101010102E-002   1.0017197571649401        1.0000000000000000        3.6757713831292449E-004
  0.41413357603486772       -5.3077646295906705E-006   1.2121212121212121E-002   1.0017163991211497        1.0101010101010102E-002   1.0017163991211497        1.0000000000000000        3.3296856550357745E-004
  0.42423543227217669       -4.7361162048185262E-006   1.2121212121212121E-002   1.0017133793022022        1.0101010101010102E-002   1.0017133793022022        1.0000000000000000        2.9702081729254814E-004
  0.43433731665606551       -4.1449380976987670E-006   1.2121212121212121E-002   1.0017107098481035        1.0101010101010102E-002   1.0017107098481035        1.0000000000000000        2.5987857561737826E-004
  0.44443922566685246       -3.5366568907664056E-006   1.2121212121212121E-002   1.0017084014898268        1.0101010101010102E-002   1.0017084014898268        1.0000000000000000        2.2169121477855214E-004
  0.45454115568580439       -2.9137732764079925E-006   1.2121212121212121E-002   1.0017064635065687        1.0101010101010102E-002   1.0017064635065687        1.0000000000000000        1.8261229223792697E-004
  0.46464310300969552       -2.2788539800531126E-006   1.2121212121212121E-002   1.0017049036893819        1.0101010101010102E-002   1.0017049036893819        1.0000000000000000        1.4279882689471890E-004
  0.47474506386567628       -1.6345157316077927E-006   1.2121212121212121E-002   1.0017037283077859        1.0101010101010102E-002   1.0017037283077859        1.0000000000000000        1.0241136673716511E-004
  0.48484703442650373       -9.8342022034209316E-007   1.2121212121212121E-002   1.0017029420848245        1.0101010101010102E-002   1.0017029420848245        1.0000000000000000        6.1612119859333347E-005
  0.49494901082590703       -3.2825904436568379E-007   1.2121212121212121E-002   1.0017025481814583        1.0101010101010102E-002   1.0017025481814583        1.0000000000000000        2.0564915661047678E-005
  0.50505098917411062        3.2825906174242907E-007   1.2121212121212121E-002   1.0017025481815593        1.0101010101010102E-002   1.0017025481815593        1.0000000000000000       -2.0564938221667717E-005
  0.51515296557351153        9.8342042839631271E-007   1.2121212121212121E-002   1.0017029420849046        1.0101010101010102E-002   1.0017029420849046        1.0000000000000000       -6.1612091259988233E-005
  0.52525493613433938        1.6345160047573152E-006   1.2121212121212121E-002   1.0017037283076278        1.0101010101010102E-002   1.0017037283076278        1.0000000000000000       -1.0241134699828791E-004
  0.53535689699032363        2.2788531801022296E-006   1.2121212121212121E-002   1.0017049036893815        1.0101010101010102E-002   1.0017049036893815        1.0000000000000000       -1.4279887597279384E-004
  0.54545884431421088        2.9137734259178631E-006   1.2121212121212121E-002   1.0017064635065396        1.0101010101010102E-002   1.0017064635065396        1.0000000000000000       -1.8261223948545791E-004
  0.55556077433316731        3.5366572926912662E-006   1.2121212121212121E-002   1.0017084014897841        1.0101010101010102E-002   1.0017084014897841        1.0000000000000000       -2.2169126735871458E-004
  0.56566268334395098        4.1449378980959273E-006   1.2121212121212121E-002   1.0017107098482207        1.0101010101010102E-002   1.0017107098482207        1.0000000000000000       -2.5987855239684166E-004
  0.57576456772783990        4.7361158927652349E-006   1.2121212121212121E-002   1.0017133793020456        1.0101010101010102E-002   1.0017133793020456        1.0000000000000000       -2.9702078441840030E-004
  0.58586642396515243        5.3077649755417114E-006   1.2121212121212121E-002   1.0017163991210236        1.0101010101010102E-002   1.0017163991210236        1.0000000000000000       -3.3296860356202274E-004
  0.59596824864940601        5.8575466142025740E-006   1.2121212121212121E-002   1.0017197571651018        1.0101010101010102E-002   1.0017197571651018        1.0000000000000000       -3.6757716302115995E-004
  0.60607003850104113        6.3832168376935507E-006   1.2121212121212121E-002   1.0017234399319088        1.0101010101010102E-002   1.0017234399319088        1.0000000000000000       -4.0070703722339118E-004
  0.61617179038064418        6.8826359631662405E-006   1.2121212121212121E-002   1.0017274326139023        1.0101010101010102E-002   1.0017274326139023        1.0000000000000000       -4.3222533691267273E-004
  0.62627350130152515        7.3537840389826850E-006   1.2121212121212121E-002   1.0017317191574686        1.0101010101010102E-002   1.0017317191574686        1.0000000000000000       -4.6200500522530774E-004
  0.63637516844177155        7.7947588117516842E-006   1.2121212121212121E-002   1.0017362823247726        1.0101010101010102E-002   1.0017362823247726        1.0000000000000000       -4.8992604654696237E-004
  0.64647678915560935        8.2037904365472965E-006   1.2121212121212121E-002   1.0017411037630819        1.0101010101010102E-002   1.0017411037630819        1.0000000000000000       -5.1587588646828664E-004
  0.65657836098408129        8.5792456250728463E-006   1.2121212121212121E-002   1.0017461640802052        1.0101010101010102E-002   1.0017461640802052        1.0000000000000000       -5.3975032240760612E-004
  0.66667988166490733        8.9196363907062258E-006   1.2121212121212121E-002   1.0017514429221026        1.0101010101010102E-002   1.0017514429221026        1.0000000000000000       -5.6145298172527447E-004
  0.67678134914162635        9.2236256708693940E-006   1.2121212121212121E-002   1.0017569190527298        1.0101010101010102E-002   1.0017569190527298        1.0000000000000000       -5.8089635266167505E-004
  0.68688276157188422        9.4900265094715323E-006   1.2121212121212121E-002   1.0017625704403157        1.0101010101010102E-002   1.0017625704403157        1.0000000000000000       -5.9800203426974008E-004
  0.69698411733485743        9.7178138735178050E-006   1.2121212121212121E-002   1.0017683743450412        1.0101010101010102E-002   1.0017683743450412        1.0000000000000000       -6.1270088386766730E-004
  0.70708541503781452        9.9061222408925653E-006   1.2121212121212121E-002   1.0017743074118897        1.0101010101010102E-002   1.0017743074118897        1.0000000000000000       -6.2493386392237227E-004
  0.71718665352169275        1.0054255329039730E-005   1.2121212121212121E-002   1.0017803457636267        1.0101010101010102E-002   1.0017803457636267        1.0000000000000000       -6.3465124422545927E-004
  0.72728783186582313        1.0161677676835065E-005   1.2121212121212121E-002   1.0017864650954198        1.0101010101010102E-002   1.0017864650954198        1.0000000000000000       -6.4181373269800446E-004
  0.73738894939164124        1.0228023631781635E-005   1.2121212121212121E-002   1.0017926407740223        1.0101010101010102E-002   1.0017926407740223        1.0000000000000000       -6.4639230171437134E-004
  0.74749000566544344        1.0253095782110894E-005   1.2121212121212121E-002   1.0017988479374775        1.0101010101010102E-002   1.0017988479374775        1.0000000000000000       -6.4836848860050367E-004
  0.75759100050012484        1.0236865488992450E-005   1.2121212121212121E-002   1.0018050615941183        1.0101010101010102E-002   1.0018050615941183        1.0000000000000000       -6.4773390085814952E-004
  0.76769193395598079        1.0179469486051449E-005   1.2121212121212121E-002   1.0018112567221622        1.0101010101010102E-002   1.0018112567221622        1.0000000000000000       -6.4449083278628194E-004
  0.77779280634047920        1.0081205461059537E-005   1.2121212121212121E-002   1.0018174083714730        1.0101010101010102E-002   1.0018174083714730        1.0000000000000000       -6.3865215300751288E-004
  0.78789361820704962        9.9425414510256717E-006   1.2121212121212121E-002   1.0018234917660866        1.0101010101010102E-002   1.0018234917660866        1.0000000000000000       -6.3024154103619168E-004
  0.79799437035281984        9.7641009092379409E-006   1.2121212121212121E-002   1.0018294824019005        1.0101010101010102E-002   1.0018294824019005        1.0000000000000000       -6.1929220807943608E-004
  0.80809506381548268        9.5466628640288690E-006   1.2121212121212121E-002   1.0018353561435847        1.0101010101010102E-002   1.0018353561435847        1.0000000000000000       -6.0584803711538626E-004
  0.81819569986912788        9.2911571604389881E-006   1.2121212121212121E-002   1.0018410893253025        1.0101010101010102E-002   1.0018410893253025        1.0000000000000000       -5.8996324747173645E-004
  0.82829628001910438        8.9986638887497074E-006   1.2121212121212121E-002   1.0018466588466992        1.0101010101010102E-002   1.0018466588466992        1.0000000000000000       -5.7170174919818351E-004
  0.83839680599595678        8.6704052538893129E-006   1.2121212121212121E-002   1.0018520422634758        1.0101010101010102E-002   1.0018520422634758        1.0000000000000000       -5.5113660851358048E-004
  0.84849727974851052        8.3077391177856760E-006   1.2121212121212121E-002   1.0018572178782343        1.0101010101010102E-002   1.0018572178782343        1.0000000000000000       -5.2835065351253263E-004
  0.85859770343601249        7.9121486833032316E-006   1.2121212121212121E-002   1.0018621648299391        1.0101010101010102E-002   1.0018621648299391        1.0000000000000000       -5.0343560754217975E-004
  0.86869807941944388        7.4852506085146391E-006   1.2121212121212121E-002   1.0018668631778307        1.0101010101010102E-002   1.0018668631778307        1.0000000000000000       -4.7649179578712619E-004
  0.87879841025200911        7.0287722592475469E-006   1.2121212121212121E-002   1.0018712939814096        1.0101010101010102E-002   1.0018712939814096        1.0000000000000000       -4.4762756367244805E-004
  0.88889869866887072        6.5445541089428162E-006   1.2121212121212121E-002   1.0018754393765135        1.0101010101010102E-002   1.0018754393765135        1.0000000000000000       -4.1695909326300296E-004
  0.89899894757614118        6.0345355090485498E-006   1.2121212121212121E-002   1.0018792826489094        1.0101010101010102E-002   1.0018792826489094        1.0000000000000000       -3.8461006017609378E-004
  0.90909916003916080        5.5007546160696918E-006   1.2121212121212121E-002   1.0018828083021085        1.0101010101010102E-002   1.0018828083021085        1.0000000000000000       -3.5071076978976379E-004
  0.91919933927015174        4.9453362116353917E-006   1.2121212121212121E-002   1.0018860021188305        1.0101010101010102E-002   1.0018860021188305        1.0000000000000000       -3.1539768614052832E-004
  0.92929948861528922        4.3704829481792393E-006   1.2121212121212121E-002   1.0018888512186290        1.0101010101010102E-002   1.0018888512186290        1.0000000000000000       -2.7881308450528053E-004
  0.93939961154121721        3.7784661699199124E-006   1.2121212121212121E-002   1.0018913441105604        1.0101010101010102E-002   1.0018913441105604        1.0000000000000000       -2.4110443758917910E-004
  0.94949971162108349        3.1716225909838307E-006   1.2121212121212121E-002   1.0018934707413036        1.0101010101010102E-002   1.0018934707413036        1.0000000000000000       -2.0242402509484947E-004
  0.95959979252009786        2.5523424507117522E-006   1.2121212121212121E-002   1.0018952225339435        1.0101010101010102E-002   1.0018952225339435        1.0000000000000000       -1.6292736360234983E-004
  0.96969985798081004        1.9230582771636870E-006   1.2121212121212121E-002   1.0018965924212937        1.0101010101010102E-002   1.0018965924212937        1.0000000000000000       -1.2277369085378353E-004
  0.97979991180802017        1.2862389908811767E-006   1.2121212121212121E-002   1.0018975748781109        1.0101010101010102E-002   1.0018975748781109        1.0000000000000000       -8.2125208336059075E-005
  0.98989995785340257        6.4438015359634616E-007   1.2121212121212121E-002   1.0018981659421673        1.0101010101010102E-002   1.0018981659421673        1.0000000000000000       -4.1145582165391659E-005
   1.0000000000000113       -4.4038811950751572E-013   1.2121212121212121E-002   1.0018983632290468        1.0101010101010102E-002   1.0018983632290468        1.0000000000000000       -3.7931435770133248E-011
   1.0101000421466144       -7.4404285383160235E-007   1.2121212121212121E-002   1.0018981659421000        1.0101010101010102E-002   1.0018981659421000        1.0000000000000000        4.1145642498463531E-005
   1.0202000881920017       -1.4851615219399496E-006   1.2121212121212121E-002   1.0018975748780838        1.0101010101010102E-002   1.0018975748780838        1.0000000000000000        8.2125161600110630E-005
   1.0303001420192075       -2.2204392226259376E-006   1.2121212121212121E-002   1.0018965924212950        1.0101010101010102E-002   1.0018965924212950        1.0000000000000000        1.2277374138935926E-004
   1.0404002074799239       -2.9469823705774225E-006   1.2121212121212121E-002   1.0018952225339313        1.0101010101010102E-002   1.0018952225339313        1.0000000000000000        1.6292730956202206E-004
   1.0505002883789347       -3.6619310559353659E-006   1.2121212121212121E-002   1.0018934707415166        1.0101010101010102E-002   1.0018934707415166        1.0000000000000000        2.0242403535064568E-004
   1.0606003884587993       -4.3624659027808258E-006   1.2121212121212121E-002   1.0018913441105779        1.0101010101010102E-002   1.0018913441105779        1.0000000000000000        2.4110446883707226E-004
   1.0707005113847292       -5.0458186047638723E-006   1.2121212121212121E-002   1.0018888512186233        1.0101010101010102E-002   1.0018888512186233        1.0000000000000000        2.7881306140464801E-004
   1.0808006607298650       -5.7092864807702805E-006   1.2121212121212121E-002   1.0018860021188141        1.0101010101010102E-002   1.0018860021188141        1.0000000000000000        3.1539770888322494E-004
   1.0909008399608577       -6.3502383409032509E-006   1.2121212121212121E-002   1.0018828083020233        1.0101010101010102E-002   1.0018828083020233        1.0000000000000000        7.6307965166647875     
   1.1010010524238776       -6.9661281591450903E-006   1.2121212121212121E-002   1.0018792826489338        1.0101010101010102E-002   1.0018792826489338        1.0000000000000000        93.411347957027530     
  -1.0100042146597432E-002   7.4404256571383143E-007   1.2121212121212121E-002   1.0018981659421673        1.0101010101010102E-002   1.0018981659421673        1.0000000000000000       -4.1145595283786918E-005
  -2.0200088191979826E-002   1.4851616841406252E-006   1.2121212121212121E-002   1.0018975748781109        1.0101010101010102E-002   1.0018975748781109        1.0000000000000000       -8.2125217206296952E-005
  -3.0300142019189957E-002   2.2204391806899280E-006   1.2121212121212121E-002   1.0018965924212937        1.0101010101010102E-002   1.0018965924212937        1.0000000000000000       -1.2277369084312539E-004
  -4.0400207479902139E-002   2.9469829398945794E-006   1.2121212121212121E-002   1.0018952225339435        1.0101010101010102E-002   1.0018952225339435        1.0000000000000000       -1.6292736360679072E-004
  -5.0500288378916514E-002   3.6619311329465783E-006   1.2121212121212121E-002   1.0018934707413036        1.0101010101010102E-002   1.0018934707413036        1.0000000000000000       -2.0242402509129676E-004
  -6.0600388458782795E-002   4.3624654365054776E-006   1.2121212121212121E-002   1.0018913441105604        1.0101010101010102E-002   1.0018913441105604        1.0000000000000000       -2.4110443758829092E-004
  -7.0700511384710785E-002   5.0458189418982963E-006   1.2121212121212121E-002   1.0018888512186290        1.0101010101010102E-002   1.0018888512186290        1.0000000000000000       -2.7881308451060960E-004
  -8.0800660729848262E-002   5.7092861524851333E-006   1.2121212121212121E-002   1.0018860021188305        1.0101010101010102E-002   1.0018860021188305        1.0000000000000000       -3.1539768614141650E-004
  -9.0900839960839197E-002   6.3502383822418689E-006   1.2121212121212121E-002   1.0018828083021085        1.0101010101010102E-002   1.0018828083021085        1.0000000000000000       -7.6307965166718787     
 -0.10100105242385882        6.9661283508536667E-006   1.2121212121212121E-002   1.0018792826489094        1.0101010101010102E-002   1.0018792826489094        1.0000000000000000       -93.411347957033769     
