 # x v h rho m p cs a
   15.052121212119282     
   8.6202313932851637E-015  -5.4080699514584616E-013   1.2121212121212121E-002   1.0018662487405792        1.0101010101010102E-002   1.0018662487405792        1.0000000000000000        4.8014037190569070E-011
   1.0100359479025557E-002  -4.7195172286530197E-006   1.2121212121212121E-002   1.0018661158847701        1.0101010101010102E-002   1.0018661158847701        1.0000000000000000        2.7709519298646512E-005
   2.0200721583706231E-002  -9.4200187482937039E-006   1.2121212121212121E-002   1.0018657178578221        1.0101010101010102E-002   1.0018657178578221        1.0000000000000000        5.5306467247717706E-005
   3.0301088929052630E-002  -1.4082571032899377E-005   1.2121212121212121E-002   1.0018650562771891        1.0101010101010102E-002   1.0018650562771891        1.0000000000000000        8.2678686855075512E-005
   4.0401464108769630E-002  -1.8688388669549278E-005   1.2121212121212121E-002   1.0018641338311987        1.0101010101010102E-002   1.0018641338311987        1.0000000000000000        1.0971511371771214E-004
   5.0501849684748336E-002  -2.3218916551173222E-005   1.2121212121212121E-002   1.0018629542674951        1.0101010101010102E-002   1.0018629542674951        1.0000000000000000        1.3630591983115892E-004
   6.0602248176657721E-002  -2.7655902836567658E-005   1.2121212121212121E-002   1.0018615223785443        1.0101010101010102E-002   1.0018615223785443        1.0000000000000000        1.6234306474327553E-004
   7.0702662051707679E-002  -3.1981474744104899E-005   1.2121212121212121E-002   1.0018598439810482        1.0101010101010102E-002   1.0018598439810482        1.0000000000000000        1.8772102734310181E-004
   8.0803093714647542E-002  -3.6178207955309905E-005   1.2121212121212121E-002   1.0018579258899618        1.0101010101010102E-002   1.0018579258899618        1.0000000000000000        2.1233717390067852E-004
   9.0903545498051366E-002  -4.0229197520462067E-005   1.2121212121212121E-002   1.0018557758922157        1.0101010101010102E-002   1.0018557758922157        1.0000000000000000        2.3609144725345033E-004
  0.10100401965282539       -4.4118126000033771E-005   1.2121212121212121E-002   1.0018534027152186        1.0101010101010102E-002   1.0018534027152186        1.0000000000000000        2.5888776679661163E-004
  0.11110451833911091       -4.7829331462053130E-005   1.2121212121212121E-002   1.0018508159881434        1.0101010101010102E-002   1.0018508159881434        1.0000000000000000        2.8063415499790523E-004
  0.12120504361756639       -5.1347866814032615E-005   1.2121212121212121E-002   1.0018480262019940        1.0101010101010102E-002   1.0018480262019940        1.0000000000000000        3.0124286548360857E-004
  0.13130559744105688       -5.4659564089771868E-005   1.2121212121212121E-002   1.0018450446680207        1.0101010101010102E-002   1.0018450446680207        1.0000000000000000        3.2063054961639637E-004
  0.14140618164675051       -5.7751087493415409E-005   1.2121212121212121E-002   1.0018418834709957        1.0101010101010102E-002   1.0018418834709957        1.0000000000000000        3.3871920388683918E-004
  0.15150679794872912       -6.0609989223844137E-005   1.2121212121212121E-002   1.0018385554172027        1.0101010101010102E-002   1.0018385554172027        1.0000000000000000        3.5543632858203722E-004
  0.16160744793112020       -6.3224760793949435E-005   1.2121212121212121E-002   1.0018350739821060        1.0101010101010102E-002   1.0018350739821060        1.0000000000000000        3.7071484435990953E-004
  0.17170813304173674       -6.5584878013575379E-005   1.2121212121212121E-002   1.0018314532561750        1.0101010101010102E-002   1.0018314532561750        1.0000000000000000        3.8449348893720980E-004
  0.18180885458627713       -6.7680840672355299E-005   1.2121212121212121E-002   1.0018277078877336        1.0101010101010102E-002   1.0018277078877336        1.0000000000000000        3.9671711799815768E-004
  0.19190961372308740       -6.9504214806643763E-005   1.2121212121212121E-002   1.0018238530201973        1.0101010101010102E-002   1.0018238530201973        1.0000000000000000        4.0733756663513532E-004
  0.20201041145861184       -7.1047666904479190E-005   1.2121212121212121E-002   1.0018199042301479        1.0101010101010102E-002   1.0018199042301479        1.0000000000000000        4.1631258853769282E-004
  0.21211124864337838       -7.2304989576253952E-005   1.2121212121212121E-002   1.0018158774665185        1.0101010101010102E-002   1.0018158774665185        1.0000000000000000        4.2360670309182780E-004
  0.22221212596863663       -7.3271128433143322E-005   1.2121212121212121E-002   1.0018117889840106        1.0101010101010102E-002   1.0018117889840106        1.0000000000000000        4.2919150471920631E-004
  0.23231304396367047       -7.3942200330007931E-005   1.2121212121212121E-002   1.0018076552769337        1.0101010101010102E-002   1.0018076552769337        1.0000000000000000        4.3304535074195627E-004
  0.24241400299373894       -7.4315515105247853E-005   1.2121212121212121E-002   1.0018034930119823        1.0101010101010102E-002   1.0018034930119823        1.0000000000000000        4.3515386203463180E-004
  0.25251500325871729       -7.4389579072791327E-005   1.2121212121212121E-002   1.0017993189604713        1.0101010101010102E-002   1.0017993189604713        1.0000000000000000        4.3550948973081205E-004
  0.26261604479238249       -7.4164104615411511E-005   1.2121212121212121E-002   1.0017951499329067        1.0101010101010102E-002   1.0017951499329067        1.0000000000000000        4.3411151013827975E-004
  0.27271712746233506       -7.3640007320060702E-005   1.2121212121212121E-002   1.0017910027096979        1.0101010101010102E-002   1.0017910027096979        1.0000000000000000        4.3096684326204837E-004
  0.28281825097065993       -7.2819410323435855E-005   1.2121212121212121E-002   1.0017868939715424        1.0101010101010102E-002   1.0017868939715424        1.0000000000000000        4.2608928715814898E-004
  0.29291941485523543       -7.1705626599772901E-005   1.2121212121212121E-002   1.0017828402356499        1.0101010101010102E-002   1.0017828402356499        1.0000000000000000        4.1949906064608911E-004
  0.30302061849164069       -7.0303149851300958E-005   1.2121212121212121E-002   1.0017788577903537        1.0101010101010102E-002   1.0017788577903537        1.0000000000000000        4.1122357977130264E-004
  0.31312186109575629       -6.8617634835734258E-005   1.2121212121212121E-002   1.0017749626273780        1.0101010101010102E-002   1.0017749626273780        1.0000000000000000        4.0129723137649620E-004
  0.32322314172702116       -6.6655878383337344E-005   1.2121212121212121E-002   1.0017711703777412        1.0101010101010102E-002   1.0017711703777412        1.0000000000000000        3.8976082488328956E-004
  0.33332445929230159       -6.4425786119474428E-005   1.2121212121212121E-002   1.0017674962520673        1.0101010101010102E-002   1.0017674962520673        1.0000000000000000        3.7666115579870763E-004
  0.34342581255032179       -6.1936342702165892E-005   1.2121212121212121E-002   1.0017639549812432        1.0101010101010102E-002   1.0017639549812432        1.0000000000000000        3.6205142758660713E-004
  0.35352720011670152       -5.9197577140919971E-005   1.2121212121212121E-002   1.0017605607548723        1.0101010101010102E-002   1.0017605607548723        1.0000000000000000        3.4599131515467008E-004
  0.36362862046961708       -5.6220521201615213E-005   1.2121212121212121E-002   1.0017573271648481        1.0101010101010102E-002   1.0017573271648481        1.0000000000000000        3.2854580301933112E-004
  0.37373007195595759       -5.3017165683682110E-005   1.2121212121212121E-002   1.0017542671553585        1.0101010101010102E-002   1.0017542671553585        1.0000000000000000        3.0978497310041320E-004
  0.38383155279796122       -4.9600409276488893E-005   1.2121212121212121E-002   1.0017513929716482        1.0101010101010102E-002   1.0017513929716482        1.0000000000000000        2.8978450539529632E-004
  0.39393306110038800       -4.5984009614590142E-005   1.2121212121212121E-002   1.0017487161089091        1.0101010101010102E-002   1.0017487161089091        1.0000000000000000        2.6862518753389963E-004
  0.40403459485817927       -4.2182526982348354E-005   1.2121212121212121E-002   1.0017462472680265        1.0101010101010102E-002   1.0017462472680265        1.0000000000000000        2.4639194085729343E-004
  0.41413615196450221       -3.8211267297664746E-005   1.2121212121212121E-002   1.0017439963160197        1.0101010101010102E-002   1.0017439963160197        1.0000000000000000        2.2317378894065598E-004
  0.42423773021918398       -3.4086214587695498E-005   1.2121212121212121E-002   1.0017419722464804        1.0101010101010102E-002   1.0017419722464804        1.0000000000000000        1.9906391992741135E-004
  0.43433932733754499       -2.9823975598737622E-005   1.2121212121212121E-002   1.0017401831430557        1.0101010101010102E-002   1.0017401831430557        1.0000000000000000        1.7415899498374188E-004
  0.44444094095956144       -2.5441705781113887E-005   1.2121212121212121E-002   1.0017386361490883        1.0101010101010102E-002   1.0017386361490883        1.0000000000000000        1.4855856929951727E-004
  0.45454256865929221       -2.0957043632521833E-005   1.2121212121212121E-002   1.0017373374397252        1.0101010101010102E-002   1.0017373374397252        1.0000000000000000        1.2236507757812376E-004
  0.46464420795459943       -1.6388038595947259E-005   1.2121212121212121E-002   1.0017362921990172        1.0101010101010102E-002   1.0017362921990172        1.0000000000000000        9.5682878993308407E-005
  0.47474585631702126       -1.1753080063819412E-005   1.2121212121212121E-002   1.0017355045982450        1.0101010101010102E-002   1.0017355045982450        1.0000000000000000        6.8618972375311671E-005
  0.48484751118192598       -7.0708211852732683E-006   1.2121212121212121E-002   1.0017349777781861        1.0101010101010102E-002   1.0017349777781861        1.0000000000000000        4.1281376199187036E-005
  0.49494916995874783       -2.3601065227620131E-006   1.2121212121212121E-002   1.0017347138412092        1.0101010101010102E-002   1.0017347138412092        1.0000000000000000        1.3778768514605133E-005
  0.50505083004127493        2.3601067016709586E-006   1.2121212121212121E-002   1.0017347138413819        1.0101010101010102E-002   1.0017347138413819        1.0000000000000000       -1.3778804415665036E-005
  0.51515248881809261        7.0708210941653000E-006   1.2121212121212121E-002   1.0017349777783082        1.0101010101010102E-002   1.0017349777783082        1.0000000000000000       -4.1281332205933552E-005
  0.52525414368299894        1.1753080196736875E-005   1.2121212121212121E-002   1.0017355045982190        1.0101010101010102E-002   1.0017355045982190        1.0000000000000000       -6.8618983505075448E-005
  0.53535579204542005        1.6388038702786750E-005   1.2121212121212121E-002   1.0017362921990400        1.0101010101010102E-002   1.0017362921990400        1.0000000000000000       -9.5682875995706240E-005
  0.54545743134072733        2.0957043321654951E-005   1.2121212121212121E-002   1.0017373374397014        1.0101010101010102E-002   1.0017373374397014        1.0000000000000000       -1.2236507297291865E-004
  0.55555905904045866        2.5441705588942165E-005   1.2121212121212121E-002   1.0017386361490892        1.0101010101010102E-002   1.0017386361490892        1.0000000000000000       -1.4855857904017000E-004
  0.56566067266247455        2.9823975414254273E-005   1.2121212121212121E-002   1.0017401831430888        1.0101010101010102E-002   1.0017401831430888        1.0000000000000000       -1.7415899044337380E-004
  0.57576226978083522        3.4086215276930321E-005   1.2121212121212121E-002   1.0017419722464296        1.0101010101010102E-002   1.0017419722464296        1.0000000000000000       -1.9906390867152624E-004
  0.58586384803551872        3.8211266892487017E-005   1.2121212121212121E-002   1.0017439963160837        1.0101010101010102E-002   1.0017439963160837        1.0000000000000000       -2.2317382322167845E-004
  0.59596540514183849        4.2182527106167698E-005   1.2121212121212121E-002   1.0017462472681118        1.0101010101010102E-002   1.0017462472681118        1.0000000000000000       -2.4639191064235177E-004
  0.60606693889963104        4.5984009478381735E-005   1.2121212121212121E-002   1.0017487161089162        1.0101010101010102E-002   1.0017487161089162        1.0000000000000000       -2.6862520378312382E-004
  0.61616844720205688        4.9600409367608042E-005   1.2121212121212121E-002   1.0017513929718145        1.0101010101010102E-002   1.0017513929718145        1.0000000000000000       -2.8978452164984958E-004
  0.62626992804405768        5.3017165806344285E-005   1.2121212121212121E-002   1.0017542671554180        1.0101010101010102E-002   1.0017542671554180        1.0000000000000000       -3.0978493444511201E-004
  0.63637137953039957        5.6220521278538354E-005   1.2121212121212121E-002   1.0017573271646489        1.0101010101010102E-002   1.0017573271646489        1.0000000000000000       -3.2854578481700258E-004
  0.64647279988331818        5.9197577168217837E-005   1.2121212121212121E-002   1.0017605607547075        1.0101010101010102E-002   1.0017605607547075        1.0000000000000000       -3.4599134134616349E-004
  0.65657418744969842        6.1936342717916408E-005   1.2121212121212121E-002   1.0017639549812822        1.0101010101010102E-002   1.0017639549812822        1.0000000000000000       -3.6205144645240495E-004
  0.66667554070771684        6.4425785998806521E-005   1.2121212121212121E-002   1.0017674962520284        1.0101010101010102E-002   1.0017674962520284        1.0000000000000000       -3.7666111667977731E-004
  0.67677685827299960        6.6655878006660328E-005   1.2121212121212121E-002   1.0017711703775434        1.0101010101010102E-002   1.0017711703775434        1.0000000000000000       -3.8976083543929008E-004
  0.68687813890426730        6.8617635264296757E-005   1.2121212121212121E-002   1.0017749626276662        1.0101010101010102E-002   1.0017749626276662        1.0000000000000000       -4.0129732141025443E-004
  0.69697938150837324        7.0303149866799886E-005   1.2121212121212121E-002   1.0017788577905185        1.0101010101010102E-002   1.0017788577905185        1.0000000000000000       -4.1122346442268309E-004
  0.70708058514478433        7.1705626501652699E-005   1.2121212121212121E-002   1.0017828402353746        1.0101010101010102E-002   1.0017828402353746        1.0000000000000000       -4.1949908283456239E-004
  0.71718174902936072        7.2819410009215959E-005   1.2121212121212121E-002   1.0017868939715053        1.0101010101010102E-002   1.0017868939715053        1.0000000000000000       -4.2608930944609824E-004
  0.72728287253768498        7.3640007798636933E-005   1.2121212121212121E-002   1.0017910027097126        1.0101010101010102E-002   1.0017910027097126        1.0000000000000000       -4.3096684109844574E-004
  0.73738395520763800        7.4164104300410814E-005   1.2121212121212121E-002   1.0017951499329898        1.0101010101010102E-002   1.0017951499329898        1.0000000000000000       -4.3411152086658689E-004
  0.74748499674130053        7.4389579348773337E-005   1.2121212121212121E-002   1.0017993189603243        1.0101010101010102E-002   1.0017993189603243        1.0000000000000000       -4.3550943051950952E-004
  0.75758599700628504        7.4315514993788265E-005   1.2121212121212121E-002   1.0018034930119379        1.0101010101010102E-002   1.0018034930119379        1.0000000000000000       -4.3515394682902553E-004
  0.76768695603634873        7.3942200461814118E-005   1.2121212121212121E-002   1.0018076552772350        1.0101010101010102E-002   1.0018076552772350        1.0000000000000000       -4.3304533742549722E-004
  0.77778787403137994        7.3271128113080552E-005   1.2121212121212121E-002   1.0018117889838680        1.0101010101010102E-002   1.0018117889838680        1.0000000000000000       -4.2919142345798633E-004
  0.78788875135664393        7.2304989498529464E-005   1.2121212121212121E-002   1.0018158774660939        1.0101010101010102E-002   1.0018158774660939        1.0000000000000000       -4.2360672290442380E-004
  0.79798958854141444        7.1047667327408840E-005   1.2121212121212121E-002   1.0018199042301772        1.0101010101010102E-002   1.0018199042301772        1.0000000000000000       -4.1631266303543413E-004
  0.80809038627693364        6.9504214540560560E-005   1.2121212121212121E-002   1.0018238530203512        1.0101010101010102E-002   1.0018238530203512        1.0000000000000000       -4.0733752593524741E-004
  0.81819114541374605        6.7680840677707626E-005   1.2121212121212121E-002   1.0018277078879299        1.0101010101010102E-002   1.0018277078879299        1.0000000000000000       -3.9671716562139636E-004
  0.82829186695828028        6.5584877589545672E-005   1.2121212121212121E-002   1.0018314532563135        1.0101010101010102E-002   1.0018314532563135        1.0000000000000000       -3.8449342669188979E-004
  0.83839255206889995        6.3224761370845659E-005   1.2121212121212121E-002   1.0018350739820381        1.0101010101010102E-002   1.0018350739820381        1.0000000000000000       -3.7071486413253751E-004
  0.84849320205128964        6.0609989113471577E-005   1.2121212121212121E-002   1.0018385554171385        1.0101010101010102E-002   1.0018385554171385        1.0000000000000000       -3.5543630630474610E-004
  0.85859381835327075        5.7751087360332587E-005   1.2121212121212121E-002   1.0018418834708842        1.0101010101010102E-002   1.0018418834708842        1.0000000000000000       -3.3871921839523367E-004
  0.86869440255896435        5.4659563781529246E-005   1.2121212121212121E-002   1.0018450446680154        1.0101010101010102E-002   1.0018450446680154        1.0000000000000000       -3.2063056039088877E-004
  0.87879495638245508        5.1347867587888875E-005   1.2121212121212121E-002   1.0018480262021239        1.0101010101010102E-002   1.0018480262021239        1.0000000000000000       -3.0124287996979859E-004
  0.88889548166090693        4.7829331067180464E-005   1.2121212121212121E-002   1.0018508159879678        1.0101010101010102E-002   1.0018508159879678        1.0000000000000000       -2.8063407526612849E-004
  0.89899598034720019        4.4118126098354374E-005   1.2121212121212121E-002   1.0018534027150980        1.0101010101010102E-002   1.0018534027150980        1.0000000000000000       -2.5888786176420098E-004
  0.90909645450196963        4.0229197417487337E-005   1.2121212121212121E-002   1.0018557758925475        1.0101010101010102E-002   1.0018557758925475        1.0000000000000000       -2.3609144338365695E-004
  0.91919690628536987        3.6178208264708916E-005   1.2121212121212121E-002   1.0018579258899152        1.0101010101010102E-002   1.0018579258899152        1.0000000000000000       -2.1233710463963718E-004
  0.92929733794831504        3.1981474861601962E-005   1.2121212121212121E-002   1.0018598439810007        1.0101010101010102E-002   1.0018598439810007        1.0000000000000000       -1.8772108929354658E-004
  0.93939775182336072        2.7655902688669288E-005   1.2121212121212121E-002   1.0018615223785694        1.0101010101010102E-002   1.0018615223785694        1.0000000000000000       -1.6234302007767099E-004
  0.94949815031527363        2.3218916674050021E-005   1.2121212121212121E-002   1.0018629542674657        1.0101010101010102E-002   1.0018629542674657        1.0000000000000000       -1.3630595573843607E-004
  0.95959853589124966        1.8688388749905305E-005   1.2121212121212121E-002   1.0018641338312408        1.0101010101010102E-002   1.0018641338312408        1.0000000000000000       -1.0971509058865792E-004
  0.96969891107096817        1.4082570702671420E-005   1.2121212121212121E-002   1.0018650562771345        1.0101010101010102E-002   1.0018650562771345        1.0000000000000000       -8.2678690263904286E-005
  0.97979927841631420        9.4200192101442561E-006   1.2121212121212121E-002   1.0018657178577077        1.0101010101010102E-002   1.0018657178577077        1.0000000000000000       -5.5306450520653527E-005
  0.98989964052099777        4.7195169065659125E-006   1.2121212121212121E-002   1.0018661158847431        1.0101010101010102E-002   1.0018661158847431        1.0000000000000000       -2.7709553958032984E-005
   1.0000000000000122        2.4469565471431963E-013   1.2121212121212121E-002   1.0018662487405743        1.0101010101010102E-002   1.0018662487405743        1.0000000000000000       -1.8785861755077349E-011
   1.0101003594790257       -4.7860979085767408E-006   1.2121212121212121E-002   1.0018661158847701        1.0101010101010102E-002   1.0018661158847701        1.0000000000000000        2.7709538843012638E-005
   1.0202007215837063       -9.5529097106089018E-006   1.2121212121212121E-002   1.0018657178578221        1.0101010101010102E-002   1.0018657178578221        1.0000000000000000        5.5306479486816329E-005
   1.0303010889290527       -1.4281232171113460E-005   1.2121212121212121E-002   1.0018650562771891        1.0101010101010102E-002   1.0018650562771891        1.0000000000000000        8.2678685660475537E-005
   1.0404014641087695       -1.8952013101563329E-005   1.2121212121212121E-002   1.0018641338311987        1.0101010101010102E-002   1.0018641338311987        1.0000000000000000        1.0971511556068236E-004
   1.0505018496847482       -2.3546433477172097E-005   1.2121212121212121E-002   1.0018629542674951        1.0101010101010102E-002   1.0018629542674951        1.0000000000000000        1.3630592149205256E-004
   1.0606022481766577       -2.8045981884150290E-005   1.2121212121212121E-002   1.0018615223785443        1.0101010101010102E-002   1.0018615223785443        1.0000000000000000        1.6234306435602974E-004
   1.0707026620517077       -3.2432531921905743E-005   1.2121212121212121E-002   1.0018598439810482        1.0101010101010102E-002   1.0018598439810482        1.0000000000000000        1.8772102621955611E-004
   1.0808030937146476       -3.6688412640270564E-005   1.2121212121212121E-002   1.0018579258899618        1.0101010101010102E-002   1.0018579258899618        1.0000000000000000        2.1233717396995644E-004
   1.0909035454980514       -4.0796478700647942E-005   1.2121212121212121E-002   1.0018557758922157        1.0101010101010102E-002   1.0018557758922157        1.0000000000000000        7.6289475673117835     
   1.1010040196528255       -4.4740181830383089E-005   1.2121212121212121E-002   1.0018534027152186        1.0101010101010102E-002   1.0018534027152186        1.0000000000000000        93.410320568931439     
  -1.0100359479002230E-002   4.7860976819725820E-006   1.2121212121212121E-002   1.0018661158847431        1.0101010101010102E-002   1.0018661158847431        1.0000000000000000       -2.7709574395018421E-005
  -2.0200721583685799E-002   9.5529100995233206E-006   1.2121212121212121E-002   1.0018657178577077        1.0101010101010102E-002   1.0018657178577077        1.0000000000000000       -5.5306464061821714E-005
  -3.0301088929031827E-002   1.4281231873931123E-005   1.2121212121212121E-002   1.0018650562771345        1.0101010101010102E-002   1.0018650562771345        1.0000000000000000       -8.2678690258575216E-005
  -4.0401464108750340E-002   1.8952013120906343E-005   1.2121212121212121E-002   1.0018641338312408        1.0101010101010102E-002   1.0018641338312408        1.0000000000000000       -1.0971509058954609E-004
  -5.0501849684726374E-002   2.3546433674761390E-005   1.2121212121212121E-002   1.0018629542674657        1.0101010101010102E-002   1.0018629542674657        1.0000000000000000       -1.3630595573133064E-004
  -6.0602248176639284E-002   2.8045981645295991E-005   1.2121212121212121E-002   1.0018615223785694        1.0101010101010102E-002   1.0018615223785694        1.0000000000000000       -1.6234302008211188E-004
  -7.0702662051684961E-002   3.2432532182497503E-005   1.2121212121212121E-002   1.0018598439810007        1.0101010101010102E-002   1.0018598439810007        1.0000000000000000       -1.8772108928999387E-004
  -8.0803093714630125E-002   3.6688412773928677E-005   1.2121212121212121E-002   1.0018579258899152        1.0101010101010102E-002   1.0018579258899152        1.0000000000000000       -2.1233710463963718E-004
  -9.0903545498030369E-002   4.0796478596836702E-005   1.2121212121212121E-002   1.0018557758925475        1.0101010101010102E-002   1.0018557758925475        1.0000000000000000       -7.6289475672945315     
 -0.10100401965279981        4.4740182146824169E-005   1.2121212121212121E-002   1.0018534027150980        1.0101010101010102E-002   1.0018534027150980        1.0000000000000000       -93.410320568980396     
