 # x v h rho m p cs a
   27.750303030307464     
   2.7034508169492857E-014  -3.5814691280007262E-013   1.2121212121212121E-002   1.0018956228606757        1.0101010101010102E-002   1.0018956228606757        1.0000000000000000        1.3193002246225660E-011
   1.0100069224682515E-002   1.6162346719971456E-006   1.2121212121212121E-002   1.0018954314024360        1.0101010101010102E-002   1.0018954314024360        1.0000000000000000        3.9930071912941401E-005
   2.0200142232946031E-002   3.2258346982193493E-006   1.2121212121212121E-002   1.0018948577970219        1.0101010101010102E-002   1.0018948577970219        1.0000000000000000        7.9699793316123646E-005
   3.0300222793227204E-002   4.8221934739582811E-006   1.2121212121212121E-002   1.0018939043444857        1.0101010101010102E-002   1.0018939043444857        1.0000000000000000        1.1915035804488383E-004
   4.0400314643701585E-002   6.3987603466071672E-006   1.2121212121212121E-002   1.0018925748644352        1.0101010101010102E-002   1.0018925748644352        1.0000000000000000        1.5812385496971615E-004
   5.0500421477345001E-002   7.9490735119119961E-006   1.2121212121212121E-002   1.0018908746844288        1.0101010101010102E-002   1.0018908746844288        1.0000000000000000        1.9646384060045818E-004
   6.0600546927111608E-002   9.4667840380864995E-006   1.2121212121212121E-002   1.0018888106206096        1.0101010101010102E-002   1.0018888106206096        1.0000000000000000        2.3401638358500065E-004
   7.0700694551347198E-002   1.0945680586941123E-005   1.2121212121212121E-002   1.0018863909487781        1.0101010101010102E-002   1.0018863909487781        1.0000000000000000        2.7063110273051194E-004
   8.0800867819542530E-002   1.2379721793233052E-005   1.2121212121212121E-002   1.0018836253691614        1.0101010101010102E-002   1.0018836253691614        1.0000000000000000        3.0616144361861330E-004
   9.0901070098448292E-002   1.3763060999871700E-005   1.2121212121212121E-002   1.0018805249692946        1.0101010101010102E-002   1.0018805249692946        1.0000000000000000        3.4046470974313792E-004
  0.10100130463855828        1.5090066065288688E-005   1.2121212121212121E-002   1.0018771021838500        1.0101010101010102E-002   1.0018771021838500        1.0000000000000000        3.7340266702212688E-004
  0.11110157456100192        1.6355348199873677E-005   1.2121212121212121E-002   1.0018733707437504        1.0101010101010102E-002   1.0018733707437504        1.0000000000000000        4.0484324130307670E-004
  0.12120188284503533        1.7553780724761339E-005   1.2121212121212121E-002   1.0018693456175332        1.0101010101010102E-002   1.0018693456175332        1.0000000000000000        4.3466044470985565E-004
  0.13130223231610658        1.8680525064278495E-005   1.2121212121212121E-002   1.0018650429543581        1.0101010101010102E-002   1.0018650429543581        1.0000000000000000        4.6273404944674468E-004
  0.14140262563446079        1.9731046852547339E-005   1.2121212121212121E-002   1.0018604800236421        1.0101010101010102E-002   1.0018604800236421        1.0000000000000000        4.8895057643782991E-004
  0.15150306528438301        2.0701130673590787E-005   1.2121212121212121E-002   1.0018556751442276        1.0101010101010102E-002   1.0018556751442276        1.0000000000000000        5.1320458489723109E-004
  0.16160355356420766        2.1586905620157946E-005   1.2121212121212121E-002   1.0018506476076585        1.0101010101010102E-002   1.0018506476076585        1.0000000000000000        5.3539861519968923E-004
  0.17170409257708988        2.2384853469573349E-005   1.2121212121212121E-002   1.0018454176041445        1.0101010101010102E-002   1.0018454176041445        1.0000000000000000        5.5544261501427883E-004
  0.18180468422246476        2.3091825417508330E-005   1.2121212121212121E-002   1.0018400061455222        1.0101010101010102E-002   1.0018400061455222        1.0000000000000000        5.7325512835415537E-004
  0.19190533018832587        2.3705051847530173E-005   1.2121212121212121E-002   1.0018344349782544        1.0101010101010102E-002   1.0018344349782544        1.0000000000000000        5.8876427304621615E-004
  0.20200603194441324        2.4222149250571222E-005   1.2121212121212121E-002   1.0018287264935193        1.0101010101010102E-002   1.0018287264935193        1.0000000000000000        6.0190734051079886E-004
  0.21210679073627994        2.4641139119646691E-005   1.2121212121212121E-002   1.0018229036418502        1.0101010101010102E-002   1.0018229036418502        1.0000000000000000        6.1263023923441295E-004
  0.22220760758014532        2.4960444561940735E-005   1.2121212121212121E-002   1.0018169898422427        1.0101010101010102E-002   1.0018169898422427        1.0000000000000000        6.2088911744861974E-004
  0.23230848325875958        2.5178893510618330E-005   1.2121212121212121E-002   1.0018110088868948        1.0101010101010102E-002   1.0018110088868948        1.0000000000000000        6.2664982361848587E-004
  0.24240941831813739        2.5295730742945162E-005   1.2121212121212121E-002   1.0018049848423118        1.0101010101010102E-002   1.0018049848423118        1.0000000000000000        6.2988913469741448E-004
  0.25251041306539079        2.5310611267749010E-005   1.2121212121212121E-002   1.0017989419551123        1.0101010101010102E-002   1.0017989419551123        1.0000000000000000        6.3059250739971873E-004
  0.26261146756731513        2.5223604897661188E-005   1.2121212121212121E-002   1.0017929045579990        1.0101010101010102E-002   1.0017929045579990        1.0000000000000000        6.2875631638981133E-004
  0.27271258165006534        2.5035188343092407E-005   1.2121212121212121E-002   1.0017868969683641        1.0101010101010102E-002   1.0017868969683641        1.0000000000000000        6.2438715150836543E-004
  0.28281375489976374        2.4746243903047729E-005   1.2121212121212121E-002   1.0017809433891998        1.0101010101010102E-002   1.0017809433891998        1.0000000000000000        6.1750213597377979E-004
  0.29291498666413263        2.4358057442771873E-005   1.2121212121212121E-002   1.0017750678121864        1.0101010101010102E-002   1.0017750678121864        1.0000000000000000        6.0812803466880894E-004
  0.30301627605501835        2.3872307177411496E-005   1.2121212121212121E-002   1.0017692939229392        1.0101010101010102E-002   1.0017692939229392        1.0000000000000000        5.9630170959312778E-004
  0.31311762195189097        2.3291052692488208E-005   1.2121212121212121E-002   1.0017636450047649        1.0101010101010102E-002   1.0017636450047649        1.0000000000000000        5.8207005290000779E-004
  0.32321902300627003        2.2616731634013531E-005   1.2121212121212121E-002   1.0017581438407761        1.0101010101010102E-002   1.0017581438407761        1.0000000000000000        5.6549037388986534E-004
  0.33332047764717759        2.1852142964264627E-005   1.2121212121212121E-002   1.0017528126238087        1.0101010101010102E-002   1.0017528126238087        1.0000000000000000        5.4662833263652288E-004
  0.34342198408733859        2.1000439515405050E-005   1.2121212121212121E-002   1.0017476728698975        1.0101010101010102E-002   1.0017476728698975        1.0000000000000000        5.2555932962317087E-004
  0.35352354033032729        2.0065105234749966E-005   1.2121212121212121E-002   1.0017427453258578        1.0101010101010102E-002   1.0017427453258578        1.0000000000000000        5.0236827785443694E-004
  0.36362514417862501        1.9049948932043671E-005   1.2121212121212121E-002   1.0017380498857307        1.0101010101010102E-002   1.0017380498857307        1.0000000000000000        4.7714812340160506E-004
  0.37372679324240815        1.7959086819101443E-005   1.2121212121212121E-002   1.0017336055107700        1.0101010101010102E-002   1.0017336055107700        1.0000000000000000        4.5000042431375675E-004
  0.38382848494919186        1.6796922025700188E-005   1.2121212121212121E-002   1.0017294301534159        1.0101010101010102E-002   1.0017294301534159        1.0000000000000000        4.2103399428317090E-004
  0.39393021655412058        1.5568127444243561E-005   1.2121212121212121E-002   1.0017255406837411        1.0101010101010102E-002   1.0017255406837411        1.0000000000000000        3.9036578810058842E-004
  0.40403198515106659        1.4277628196471183E-005   1.2121212121212121E-002   1.0017219528179182        1.0101010101010102E-002   1.0017219528179182        1.0000000000000000        3.5811959302911589E-004
  0.41413378768434789        1.2930585451454456E-005   1.2121212121212121E-002   1.0017186810548682        1.0101010101010102E-002   1.0017186810548682        1.0000000000000000        3.2442557217571277E-004
  0.42423562096108153        1.1532368824328806E-005   1.2121212121212121E-002   1.0017157386207760        1.0101010101010102E-002   1.0017157386207760        1.0000000000000000        2.8941908977309083E-004
  0.43433748166398445        1.0088540243946039E-005   1.2121212121212121E-002   1.0017131374127264        1.0101010101010102E-002   1.0017131374127264        1.0000000000000000        2.5324211440569400E-004
  0.44443936636485276        8.6048320924214287E-006   1.2121212121212121E-002   1.0017108879467886        1.0101010101010102E-002   1.0017108879467886        1.0000000000000000        2.1604087010729245E-004
  0.45454127153840601        7.0871289337208074E-006   1.2121212121212121E-002   1.0017089993186501        1.0101010101010102E-002   1.0017089993186501        1.0000000000000000        1.7796556677751596E-004
  0.46464319357652822        5.5414356053593210E-006   1.2121212121212121E-002   1.0017074791671992        1.0101010101010102E-002   1.0017074791671992        1.0000000000000000        1.3916997027774158E-004
  0.47474512880283626        3.9738647265674718E-006   1.2121212121212121E-002   1.0017063336415888        1.0101010101010102E-002   1.0017063336415888        1.0000000000000000        9.9811250832360088E-005
  0.48484707348757533        2.3906093373273536E-006   1.2121212121212121E-002   1.0017055673736044        1.0101010101010102E-002   1.0017055673736044        1.0000000000000000        6.0048949741542401E-005
  0.49494902386274736        7.9791879657739537E-007   1.2121212121212121E-002   1.0017051834620079        1.0101010101010102E-002   1.0017051834620079        1.0000000000000000        2.0043450910556260E-005
  0.50505097613730576       -7.9791890869923618E-007   1.2121212121212121E-002   1.0017051834622681        1.0101010101010102E-002   1.0017051834622681        1.0000000000000000       -2.0043500147615134E-005
  0.51515292651247091       -2.3906087198401029E-006   1.2121212121212121E-002   1.0017055673735180        1.0101010101010102E-002   1.0017055673735180        1.0000000000000000       -6.0048836016513008E-005
  0.52525487119721925       -3.9738649060563943E-006   1.2121212121212121E-002   1.0017063336414855        1.0101010101010102E-002   1.0017063336414855        1.0000000000000000       -9.9811359796753152E-005
  0.53535680642352068       -5.5414361105101399E-006   1.2121212121212121E-002   1.0017074791673908        1.0101010101010102E-002   1.0017074791673908        1.0000000000000000       -1.3916991617080043E-004
  0.54545872846164423       -7.0871290624592147E-006   1.2121212121212121E-002   1.0017089993183996        1.0101010101010102E-002   1.0017089993183996        1.0000000000000000       -1.7796553869509069E-004
  0.55556063363520269       -8.6048319771490452E-006   1.2121212121212121E-002   1.0017108879468923        1.0101010101010102E-002   1.0017108879468923        1.0000000000000000       -2.1604096513883064E-004
  0.56566251833606296       -1.0088539688312942E-005   1.2121212121212121E-002   1.0017131374127948        1.0101010101010102E-002   1.0017131374127948        1.0000000000000000       -2.5324201457621598E-004
  0.57576437903897204       -1.1532368951060813E-005   1.2121212121212121E-002   1.0017157386205189        1.0101010101010102E-002   1.0017157386205189        1.0000000000000000       -2.8941912168178874E-004
  0.58586621231570568       -1.2930584811232423E-005   1.2121212121212121E-002   1.0017186810548535        1.0101010101010102E-002   1.0017186810548535        1.0000000000000000       -3.2442558689371737E-004
  0.59596801484898687       -1.4277628715629043E-005   1.2121212121212121E-002   1.0017219528179726        1.0101010101010102E-002   1.0017219528179726        1.0000000000000000       -3.5811959961762341E-004
  0.60606978344593188       -1.5568127822314457E-005   1.2121212121212121E-002   1.0017255406838070        1.0101010101010102E-002   1.0017255406838070        1.0000000000000000       -3.9036578016293788E-004
  0.61617151505085999       -1.6796922099583944E-005   1.2121212121212121E-002   1.0017294301533324        1.0101010101010102E-002   1.0017294301533324        1.0000000000000000       -4.2103396956783001E-004
  0.62627320675764631       -1.7959086706163288E-005   1.2121212121212121E-002   1.0017336055107404        1.0101010101010102E-002   1.0017336055107404        1.0000000000000000       -4.5000046261911564E-004
  0.63637485582142783       -1.9049949028268972E-005   1.2121212121212121E-002   1.0017380498859705        1.0101010101010102E-002   1.0017380498859705        1.0000000000000000       -4.7714814336785594E-004
  0.64647645966972167       -2.0065105334524328E-005   1.2121212121212121E-002   1.0017427453259404        1.0101010101010102E-002   1.0017427453259404        1.0000000000000000       -5.0236822110516499E-004
  0.65657801591271225       -2.1000439770923530E-005   1.2121212121212121E-002   1.0017476728696406        1.0101010101010102E-002   1.0017476728696406        1.0000000000000000       -5.2555931635378528E-004
  0.66667952235287775       -2.1852142617396185E-005   1.2121212121212121E-002   1.0017528126239104        1.0101010101010102E-002   1.0017528126239104        1.0000000000000000       -5.4662842177144455E-004
  0.67678097699377826       -2.2616731231970067E-005   1.2121212121212121E-002   1.0017581438409413        1.0101010101010102E-002   1.0017581438409413        1.0000000000000000       -5.6549029889652047E-004
  0.68688237804816010       -2.3291053322305868E-005   1.2121212121212121E-002   1.0017636450044392        1.0101010101010102E-002   1.0017636450044392        1.0000000000000000       -5.8207002163879196E-004
  0.69698372394503738       -2.3872306635494775E-005   1.2121212121212121E-002   1.0017692939226785        1.0101010101010102E-002   1.0017692939226785        1.0000000000000000       -5.9630175309965949E-004
  0.70708501333592433       -2.4358057755297208E-005   1.2121212121212121E-002   1.0017750678124180        1.0101010101010102E-002   1.0017750678124180        1.0000000000000000       -6.0812810022881081E-004
  0.71718624510028661       -2.4746243912011499E-005   1.2121212121212121E-002   1.0017809433894664        1.0101010101010102E-002   1.0017809433894664        1.0000000000000000       -6.1750207893229714E-004
  0.72728741834998567       -2.5035188038960691E-005   1.2121212121212121E-002   1.0017868969682702        1.0101010101010102E-002   1.0017868969682702        1.0000000000000000       -6.2438712643686500E-004
  0.73738853243273761       -2.5223604359522956E-005   1.2121212121212121E-002   1.0017929045578564        1.0101010101010102E-002   1.0017929045578564        1.0000000000000000       -6.2875633595460556E-004
  0.74748958693466394       -2.5310611757114045E-005   1.2121212121212121E-002   1.0017989419553834        1.0101010101010102E-002   1.0017989419553834        1.0000000000000000       -6.3059257163633475E-004
  0.75759058168190840       -2.5295730440505957E-005   1.2121212121212121E-002   1.0018049848421644        1.0101010101010102E-002   1.0018049848421644        1.0000000000000000       -6.2988898385540892E-004
  0.76769151674129854       -2.5178893424381238E-005   1.2121212121212121E-002   1.0018110088865850        1.0101010101010102E-002   1.0018110088865850        1.0000000000000000       -6.2664993915007017E-004
  0.77779239241990783       -2.4960444847858119E-005   1.2121212121212121E-002   1.0018169898424407        1.0101010101010102E-002   1.0018169898424407        1.0000000000000000       -6.2088910815205622E-004
  0.78789320926377315       -2.4641139546058967E-005   1.2121212121212121E-002   1.0018229036419795        1.0101010101010102E-002   1.0018229036419795        1.0000000000000000       -6.1263024195223892E-004
  0.79799396805563727       -2.4222149179434481E-005   1.2121212121212121E-002   1.0018287264934678        1.0101010101010102E-002   1.0018287264934678        1.0000000000000000       -6.0190728895737067E-004
  0.80809466981172806       -2.3705051401179782E-005   1.2121212121212121E-002   1.0018344349779789        1.0101010101010102E-002   1.0018344349779789        1.0000000000000000       -5.8876428210830056E-004
  0.81819531577759241       -2.3091824900561669E-005   1.2121212121212121E-002   1.0018400061456685        1.0101010101010102E-002   1.0018400061456685        1.0000000000000000       -5.7325520665241214E-004
  0.82829590742296044       -2.2384854047584966E-005   1.2121212121212121E-002   1.0018454176043468        1.0101010101010102E-002   1.0018454176043468        1.0000000000000000       -5.5544255119688302E-004
  0.83839644643584510       -2.1586905578173704E-005   1.2121212121212121E-002   1.0018506476076745        1.0101010101010102E-002   1.0018506476076745        1.0000000000000000       -5.3539864054208408E-004
  0.84849693471566767       -2.0701130862082249E-005   1.2121212121212121E-002   1.0018556751443954        1.0101010101010102E-002   1.0018556751443954        1.0000000000000000       -5.1320458906101152E-004
  0.85859737436558814       -1.9731046600936043E-005   1.2121212121212121E-002   1.0018604800236905        1.0101010101010102E-002   1.0018604800236905        1.0000000000000000       -4.8895054815556449E-004
  0.86869776768394291       -1.8680525513074501E-005   1.2121212121212121E-002   1.0018650429541507        1.0101010101010102E-002   1.0018650429541507        1.0000000000000000       -4.6273401994945118E-004
  0.87879811715501821       -1.7553781063366480E-005   1.2121212121212121E-002   1.0018693456173737        1.0101010101010102E-002   1.0018693456173737        1.0000000000000000       -4.3466048705198546E-004
  0.88889842543905129       -1.6355347749678722E-005   1.2121212121212121E-002   1.0018733707439487        1.0101010101010102E-002   1.0018733707439487        1.0000000000000000       -4.0484327764200856E-004
  0.89899869536149057       -1.5090066449874399E-005   1.2121212121212121E-002   1.0018771021839650        1.0101010101010102E-002   1.0018771021839650        1.0000000000000000       -3.7340261115570428E-004
  0.90909892990160202       -1.3763060980711717E-005   1.2121212121212121E-002   1.0018805249689815        1.0101010101010102E-002   1.0018805249689815        1.0000000000000000       -3.4046467242010436E-004
  0.91919913218051352       -1.2379721503890517E-005   1.2121212121212121E-002   1.0018836253689862        1.0101010101010102E-002   1.0018836253689862        1.0000000000000000       -3.0616151182094598E-004
  0.92929930544870698       -1.0945680377071475E-005   1.2121212121212121E-002   1.0018863909489624        1.0101010101010102E-002   1.0018863909489624        1.0000000000000000       -2.7063111086089719E-004
  0.93939945307293959       -9.4667842898933688E-006   1.2121212121212121E-002   1.0018888106205064        1.0101010101010102E-002   1.0018888106205064        1.0000000000000000       -2.3401631631969622E-004
  0.94949957852271161       -7.9490739694730888E-006   1.2121212121212121E-002   1.0018908746842266        1.0101010101010102E-002   1.0018908746842266        1.0000000000000000       -1.9646388370553325E-004
  0.95959968535635420       -6.3987597540530589E-006   1.2121212121212121E-002   1.0018925748644685        1.0101010101010102E-002   1.0018925748644685        1.0000000000000000       -1.5812386216484953E-004
  0.96969977720682832       -4.8221931992257713E-006   1.2121212121212121E-002   1.0018939043445372        1.0101010101010102E-002   1.0018939043445372        1.0000000000000000       -1.1915035787790629E-004
  0.97979985776710865       -3.2258353181680027E-006   1.2121212121212121E-002   1.0018948577970181        1.0101010101010102E-002   1.0018948577970181        1.0000000000000000       -7.9699779193198594E-005
  0.98989993077537308       -1.6162346906480881E-006   1.2121212121212121E-002   1.0018954314023838        1.0101010101010102E-002   1.0018954314023838        1.0000000000000000       -3.9930075676153365E-005
   1.0000000000000289        1.0487081342038545E-012   1.2121212121212121E-002   1.0018956228606792        1.0101010101010102E-002   1.0018956228606792        1.0000000000000000       -2.1612933664982847E-011
   1.0101000692246824        1.5192347610056294E-006   1.2121212121212121E-002   1.0018954314024360        1.0101010101010102E-002   1.0018954314024360        1.0000000000000000        3.9930084014372369E-005
   1.0202001422329461        3.0322244249975114E-006   1.2121212121212121E-002   1.0018948577970219        1.0101010101010102E-002   1.0018948577970219        1.0000000000000000        7.9699798539500932E-005
   1.0303002227932272        4.5327482656048144E-006   1.2121212121212121E-002   1.0018939043444857        1.0101010101010102E-002   1.0018939043444857        1.0000000000000000        1.1915035784682004E-004
   1.0404003146437015        6.0146394098131128E-006   1.2121212121212121E-002   1.0018925748644352        1.0101010101010102E-002   1.0018925748644352        1.0000000000000000        1.5812385621138958E-004
   1.0505004214773450        7.4718160406606661E-006   1.2121212121212121E-002   1.0018908746844288        1.0101010101010102E-002   1.0018908746844288        1.0000000000000000        1.9646383937832468E-004
   1.0606005469271116        8.8983031384689489E-006   1.2121212121212121E-002   1.0018888106206096        1.0101010101010102E-002   1.0018888106206096        1.0000000000000000        2.3401638294817673E-004
   1.0707006945513471        1.0288254885154438E-005   1.2121212121212121E-002   1.0018863909487781        1.0101010101010102E-002   1.0018863909487781        1.0000000000000000        2.7063110415603830E-004
   1.0808008678195424        1.1635985970075610E-005   1.2121212121212121E-002   1.0018836253691614        1.0101010101010102E-002   1.0018836253691614        1.0000000000000000        3.0616144469153284E-004
   1.0909010700984483        1.2935996293503008E-005   1.2121212121212121E-002   1.0018805249692946        1.0101010101010102E-002   1.0018805249692946        1.0000000000000000        7.6306401439782121     
   1.1010013046385583        1.4182989604007383E-005   1.2121212121212121E-002   1.0018771021838500        1.0101010101010102E-002   1.0018771021838500        1.0000000000000000        93.411261095066081     
  -1.0100069224626917E-002  -1.5192347698403164E-006   1.2121212121212121E-002   1.0018954314023838        1.0101010101010102E-002   1.0018954314023838        1.0000000000000000       -3.9930085816486383E-005
  -2.0200142232891349E-002  -3.0322250373132129E-006   1.2121212121212121E-002   1.0018948577970181        1.0101010101010102E-002   1.0018948577970181        1.0000000000000000       -7.9699786112108484E-005
  -3.0300222793171683E-002  -4.5327480076583386E-006   1.2121212121212121E-002   1.0018939043445372        1.0101010101010102E-002   1.0018939043445372        1.0000000000000000       -1.1915035788057082E-004
  -4.0400314643645796E-002  -6.0146388337145288E-006   1.2121212121212121E-002   1.0018925748644685        1.0101010101010102E-002   1.0018925748644685        1.0000000000000000       -1.5812386215685592E-004
  -5.0500421477288393E-002  -7.4718163679297533E-006   1.2121212121212121E-002   1.0018908746842266        1.0101010101010102E-002   1.0018908746842266        1.0000000000000000       -1.9646388371530321E-004
  -6.0600546927060406E-002  -8.8983035373043343E-006   1.2121212121212121E-002   1.0018888106205064        1.0101010101010102E-002   1.0018888106205064        1.0000000000000000       -2.3401631632147257E-004
  -7.0700694551293020E-002  -1.0288254667442981E-005   1.2121212121212121E-002   1.0018863909489624        1.0101010101010102E-002   1.0018863909489624        1.0000000000000000       -2.7063111086444991E-004
  -8.0800867819486477E-002  -1.1635985531952963E-005   1.2121212121212121E-002   1.0018836253689862        1.0101010101010102E-002   1.0018836253689862        1.0000000000000000       -3.0616151182005780E-004
  -9.0901070098397985E-002  -1.2935996361407119E-005   1.2121212121212121E-002   1.0018805249689815        1.0101010101010102E-002   1.0018805249689815        1.0000000000000000       -7.6306401439531015     
 -0.10100130463850943       -1.4182990094320778E-005   1.2121212121212121E-002   1.0018771021839650        1.0101010101010102E-002   1.0018771021839650        1.0000000000000000       -93.411261095039748     
