 # x v h rho m p cs a
   30.751515151521254     
   3.3885048384175150E-014  -1.2000420859046491E-012   1.2121212121212121E-002   1.0018559256469139        1.0101010101010102E-002   1.0018559256469139        1.0000000000000000       -5.6938453951715928E-011
   1.0100461490283166E-002   5.2297401289039484E-006   1.2121212121212121E-002   1.0018558144562395        1.0101010101010102E-002   1.0018558144562395        1.0000000000000000        2.3191026536473203E-005
   2.0200925178058188E-002   1.0438472536816477E-005   1.2121212121212121E-002   1.0018554813220437        1.0101010101010102E-002   1.0018554813220437        1.0000000000000000        4.6290632885082061E-005
   3.0301393252219189E-002   1.5605268663357709E-005   1.2121212121212121E-002   1.0018549275586452        1.0101010101010102E-002   1.0018549275586452        1.0000000000000000        6.9207651679725757E-005
   4.0401867884331637E-002   2.0709371134173372E-005   1.2121212121212121E-002   1.0018541553515492        1.0101010101010102E-002   1.0018541553515492        1.0000000000000000        9.1851553710498024E-005
   5.0502351220073974E-002   2.5730272436970884E-005   1.2121212121212121E-002   1.0018531677472760        1.0101010101010102E-002   1.0018531677472760        1.0000000000000000        1.1413335713594819E-004
   6.0602845370824276E-002   3.0647798906752195E-005   1.2121212121212121E-002   1.0018519686430878        1.0101010101010102E-002   1.0018519686430878        1.0000000000000000        1.3596463559029104E-004
   7.0703352405268871E-002   3.5442182787644216E-005   1.2121212121212121E-002   1.0018505627753185        1.0101010101010102E-002   1.0018505627753185        1.0000000000000000        1.5725886617801166E-004
   8.0803874341203896E-002   4.0094151683788915E-005   1.2121212121212121E-002   1.0018489556985954        1.0101010101010102E-002   1.0018489556985954        1.0000000000000000        1.7793188895876000E-004
   9.0904413137573983E-002   4.4585005689747855E-005   1.2121212121212121E-002   1.0018471537659661        1.0101010101010102E-002   1.0018471537659661        1.0000000000000000        1.9790142872810890E-004
  0.10100497068665223        4.8896685047277193E-005   1.2121212121212121E-002   1.0018451641039126        1.0101010101010102E-002   1.0018451641039126        1.0000000000000000        2.1708845417567346E-004
  0.11110554880658542        5.3011841650170684E-005   1.2121212121212121E-002   1.0018429945886678        1.0101010101010102E-002   1.0018429945886678        1.0000000000000000        2.3541560521245231E-004
  0.12120614923402841        5.6913918830733370E-005   1.2121212121212121E-002   1.0018406538169693        1.0101010101010102E-002   1.0018406538169693        1.0000000000000000        2.5280999808519056E-004
  0.13130677361725948        6.0587208384045020E-005   1.2121212121212121E-002   1.0018381510682104        1.0101010101010102E-002   1.0018381510682104        1.0000000000000000        2.6920212283254585E-004
  0.14140742350959151        6.4016921966659381E-005   1.2121212121212121E-002   1.0018354962734342        1.0101010101010102E-002   1.0018354962734342        1.0000000000000000        2.8452560991176767E-004
  0.15150810036307547        6.7189239071513044E-005   1.2121212121212121E-002   1.0018326999793201        1.0101010101010102E-002   1.0018326999793201        1.0000000000000000        2.9871834402328545E-004
  0.16160880552262302        7.0091371203283406E-005   1.2121212121212121E-002   1.0018297733064943        1.0101010101010102E-002   1.0018297733064943        1.0000000000000000        3.1172272955259928E-004
  0.17170954022053325        7.2711615401846590E-005   1.2121212121212121E-002   1.0018267279032795        1.0101010101010102E-002   1.0018267279032795        1.0000000000000000        3.2348629126666140E-004
  0.18181030557154593        7.5039399618230147E-005   1.2121212121212121E-002   1.0018235759043965        1.0101010101010102E-002   1.0018235759043965        1.0000000000000000        3.3396001227892214E-004
  0.19191110256817004        7.7065315575507778E-005   1.2121212121212121E-002   1.0018203298872597        1.0101010101010102E-002   1.0018203298872597        1.0000000000000000        3.4310049927377406E-004
  0.20201193207658721        7.8781171270412149E-005   1.2121212121212121E-002   1.0018170028189797        1.0101010101010102E-002   1.0018170028189797        1.0000000000000000        3.5086980521104039E-004
  0.21211279483304502        8.0180022595382144E-005   1.2121212121212121E-002   1.0018136080040745        1.0101010101010102E-002   1.0018136080040745        1.0000000000000000        3.5723548443922226E-004
  0.22221369144079656        8.1256193287477599E-005   1.2121212121212121E-002   1.0018101590353916        1.0101010101010102E-002   1.0018101590353916        1.0000000000000000        3.6216978584846515E-004
  0.23231462236745218        8.2005305044125822E-005   1.2121212121212121E-002   1.0018066697421857        1.0101010101010102E-002   1.0018066697421857        1.0000000000000000        3.6565104416030891E-004
  0.24241558794294243        8.2424291418570016E-005   1.2121212121212121E-002   1.0018031541338632        1.0101010101010102E-002   1.0018031541338632        1.0000000000000000        3.6766326894532853E-004
  0.25251658835798518        8.2511421223250599E-005   1.2121212121212121E-002   1.0017996263419766        1.0101010101010102E-002   1.0017996263419766        1.0000000000000000        3.6819695177392475E-004
  0.26261762366320002        8.2266295278133882E-005   1.2121212121212121E-002   1.0017961005640950        1.0101010101010102E-002   1.0017961005640950        1.0000000000000000        3.6724774317331565E-004
  0.27271869376868912        8.1689848312832276E-005   1.2121212121212121E-002   1.0017925910114978        1.0101010101010102E-002   1.0017925910114978        1.0000000000000000        3.6481703690416367E-004
  0.28281979844416333        8.0784354665139818E-005   1.2121212121212121E-002   1.0017891118490434        1.0101010101010102E-002   1.0017891118490434        1.0000000000000000        3.6091304679075620E-004
  0.29292093731972269        7.9553415786104333E-005   1.2121212121212121E-002   1.0017856771335387        1.0101010101010102E-002   1.0017856771335387        1.0000000000000000        3.5555004653442523E-004
  0.30302210988721850        7.8001946559727559E-005   1.2121212121212121E-002   1.0017823007604421        1.0101010101010102E-002   1.0017823007604421        1.0000000000000000        3.4874737992574012E-004
  0.31312331550206768        7.6136151594568649E-005   1.2121212121212121E-002   1.0017789964085997        1.0101010101010102E-002   1.0017789964085997        1.0000000000000000        3.4053076101248081E-004
  0.32322455338570771        7.3963505146385262E-005   1.2121212121212121E-002   1.0017757774823708        1.0101010101010102E-002   1.0017757774823708        1.0000000000000000        3.3093167403919210E-004
  0.33332582262855631        7.1492730378199529E-005   1.2121212121212121E-002   1.0017726570524979        1.0101010101010102E-002   1.0017726570524979        1.0000000000000000        3.1998822254752923E-004
  0.34342712219364852        6.8733745990169669E-005   1.2121212121212121E-002   1.0017696478031526        1.0101010101010102E-002   1.0017696478031526        1.0000000000000000        3.0774286971713138E-004
  0.35352845092064328        6.5697638719981139E-005   1.2121212121212121E-002   1.0017667619843933        1.0101010101010102E-002   1.0017667619843933        1.0000000000000000        2.9424367101871240E-004
  0.36362980753037349        6.2396618857450789E-005   1.2121212121212121E-002   1.0017640113558652        1.0101010101010102E-002   1.0017640113558652        1.0000000000000000        2.7954478815761519E-004
  0.37373119062999449        5.8843969079213623E-005   1.2121212121212121E-002   1.0017614071363339        1.0101010101010102E-002   1.0017614071363339        1.0000000000000000        2.6370491109162231E-004
  0.38383259871852710        5.5053993299822361E-005   1.2121212121212121E-002   1.0017589599574175        1.0101010101010102E-002   1.0017589599574175        1.0000000000000000        2.4678783037579421E-004
  0.39393403019291834        5.1041951395956694E-005   1.2121212121212121E-002   1.0017566798196433        1.0101010101010102E-002   1.0017566798196433        1.0000000000000000        2.2886134053123897E-004
  0.40403548335445577        4.6824006566353422E-005   1.2121212121212121E-002   1.0017545760511231        1.0101010101010102E-002   1.0017545760511231        1.0000000000000000        2.0999792440790088E-004
  0.41413695641563358        4.2417160315241670E-005   1.2121212121212121E-002   1.0017526572631033        1.0101010101010102E-002   1.0017526572631033        1.0000000000000000        1.9027466115151270E-004
  0.42423844750746781        3.7839178358477037E-005   1.2121212121212121E-002   1.0017509313138679        1.0101010101010102E-002   1.0017509313138679        1.0000000000000000        1.6977156831199380E-004
  0.43433995468707348        3.3108517122629489E-005   1.2121212121212121E-002   1.0017494052793099        1.0101010101010102E-002   1.0017494052793099        1.0000000000000000        1.4857185398930994E-004
  0.44444147594554340        2.8244256579652106E-005   1.2121212121212121E-002   1.0017480854199656        1.0101010101010102E-002   1.0017480854199656        1.0000000000000000        1.2676238948472474E-004
  0.45454300921619234        2.3266021456692160E-005   1.2121212121212121E-002   1.0017469771520975        1.0101010101010102E-002   1.0017469771520975        1.0000000000000000        1.0443249263669685E-004
  0.46464455238300983        1.8193896367881121E-005   1.2121212121212121E-002   1.0017460850244957        1.0101010101010102E-002   1.0017460850244957        1.0000000000000000        8.1673881945576454E-005
  0.47474610328936229        1.3048343865957724E-005   1.2121212121212121E-002   1.0017454127004211        1.0101010101010102E-002   1.0017454127004211        1.0000000000000000        5.8579573142480967E-005
  0.48484765974680327        7.8501287718510647E-006   1.2121212121212121E-002   1.0017449629439974        1.0101010101010102E-002   1.0017449629439974        1.0000000000000000        3.5244153683500201E-005
  0.49494921954403132        2.6202350559801807E-006   1.2121212121212121E-002   1.0017447376040349        1.0101010101010102E-002   1.0017447376040349        1.0000000000000000        1.1764050441342988E-005
  0.50505078045603646       -2.6202343517347152E-006   1.2121212121212121E-002   1.0017447376042621        1.0101010101010102E-002   1.0017447376042621        1.0000000000000000       -1.1764102253231101E-005
  0.51515234025325951       -7.8501295979347476E-006   1.2121212121212121E-002   1.0017449629443640        1.0101010101010102E-002   1.0017449629443640        1.0000000000000000       -3.5244129785283462E-005
  0.52525389671069722       -1.3048344208698161E-005   1.2121212121212121E-002   1.0017454127003502        1.0101010101010102E-002   1.0017454127003502        1.0000000000000000       -5.8579500420208319E-005
  0.53535544761705500       -1.8193895817664972E-005   1.2121212121212121E-002   1.0017460850243580        1.0101010101010102E-002   1.0017460850243580        1.0000000000000000       -8.1673943314264363E-005
  0.54545699078387089       -2.3266021169823307E-005   1.2121212121212121E-002   1.0017469771524194        1.0101010101010102E-002   1.0017469771524194        1.0000000000000000       -1.0443252604463993E-004
  0.55555852405451356       -2.8244256866296079E-005   1.2121212121212121E-002   1.0017480854199470        1.0101010101010102E-002   1.0017480854199470        1.0000000000000000       -1.2676228678554224E-004
  0.56566004531299041       -3.3108517727139469E-005   1.2121212121212121E-002   1.0017494052790963        1.0101010101010102E-002   1.0017494052790963        1.0000000000000000       -1.4857191484995980E-004
  0.57576155249259442       -3.7839177483144705E-005   1.2121212121212121E-002   1.0017509313140196        1.0101010101010102E-002   1.0017509313140196        1.0000000000000000       -1.6977157990716307E-004
  0.58586304358442620       -4.2417160906391188E-005   1.2121212121212121E-002   1.0017526572630722        1.0101010101010102E-002   1.0017526572630722        1.0000000000000000       -1.9027462107867876E-004
  0.59596451664560768       -4.6824006616270992E-005   1.2121212121212121E-002   1.0017545760511732        1.0101010101010102E-002   1.0017545760511732        1.0000000000000000       -2.0999797487064598E-004
  0.60606596980713989       -5.1041951097342344E-005   1.2121212121212121E-002   1.0017566798194852        1.0101010101010102E-002   1.0017566798194852        1.0000000000000000       -2.2886124350307568E-004
  0.61616740128153946       -5.5053992501978020E-005   1.2121212121212121E-002   1.0017589599570844        1.0101010101010102E-002   1.0017589599570844        1.0000000000000000       -2.4678789510712562E-004
  0.62626880937007168       -5.8843969514486318E-005   1.2121212121212121E-002   1.0017614071365413        1.0101010101010102E-002   1.0017614071365413        1.0000000000000000       -2.6370495949290529E-004
  0.63637019246968785       -6.2396618629877336E-005   1.2121212121212121E-002   1.0017640113560085        1.0101010101010102E-002   1.0017640113560085        1.0000000000000000       -2.7954472752700354E-004
  0.64647154907941939       -6.5697639078793538E-005   1.2121212121212121E-002   1.0017667619840951        1.0101010101010102E-002   1.0017667619840951        1.0000000000000000       -2.9424363648633545E-004
  0.65657287780641993       -6.8733745725952161E-005   1.2121212121212121E-002   1.0017696478030724        1.0101010101010102E-002   1.0017696478030724        1.0000000000000000       -3.0774294668844959E-004
  0.66667417737150791       -7.1492730316643151E-005   1.2121212121212121E-002   1.0017726570526670        1.0101010101010102E-002   1.0017726570526670        1.0000000000000000       -3.1998820461698330E-004
  0.67677544661435707       -7.3963506041454328E-005   1.2121212121212121E-002   1.0017757774825924        1.0101010101010102E-002   1.0017757774825924        1.0000000000000000       -3.3093170381359727E-004
  0.68687668449799189       -7.6136150673625761E-005   1.2121212121212121E-002   1.0017789964086850        1.0101010101010102E-002   1.0017789964086850        1.0000000000000000       -3.4053069864814489E-004
  0.69697789011284439       -7.8001946702148573E-005   1.2121212121212121E-002   1.0017823007602926        1.0101010101010102E-002   1.0017823007602926        1.0000000000000000       -3.4874739363299767E-004
  0.70707906268034038       -7.9553416105042745E-005   1.2121212121212121E-002   1.0017856771334415        1.0101010101010102E-002   1.0017856771334415        1.0000000000000000       -3.5555003912435268E-004
  0.71718020155590123       -8.0784354329781435E-005   1.2121212121212121E-002   1.0017891118489146        1.0101010101010102E-002   1.0017891118489146        1.0000000000000000       -3.6091305354180037E-004
  0.72728130623137710       -8.1689848632583012E-005   1.2121212121212121E-002   1.0017925910116521        1.0101010101010102E-002   1.0017925910116521        1.0000000000000000       -3.6481708940083735E-004
  0.73738237633686099       -8.2266295302998473E-005   1.2121212121212121E-002   1.0017961005642508        1.0101010101010102E-002   1.0017961005642508        1.0000000000000000       -3.6724769062956852E-004
  0.74748341164207743       -8.2511421377345773E-005   1.2121212121212121E-002   1.0017996263418436        1.0101010101010102E-002   1.0017996263418436        1.0000000000000000       -3.6819694367995481E-004
  0.75758441205712190       -8.2424291752267916E-005   1.2121212121212121E-002   1.0018031541338086        1.0101010101010102E-002   1.0018031541338086        1.0000000000000000       -3.6766328874637821E-004
  0.76768537763261135       -8.2005304906700784E-005   1.2121212121212121E-002   1.0018066697421635        1.0101010101010102E-002   1.0018066697421635        1.0000000000000000       -3.6565103712415947E-004
  0.77778630855926845       -8.1256193228982954E-005   1.2121212121212121E-002   1.0018101590354982        1.0101010101010102E-002   1.0018101590354982        1.0000000000000000       -3.6216981632364309E-004
  0.78788720516701594       -8.0180022284323104E-005   1.2121212121212121E-002   1.0018136080040758        1.0101010101010102E-002   1.0018136080040758        1.0000000000000000       -3.5723543445520534E-004
  0.79798806792347821       -7.8781171082270451E-005   1.2121212121212121E-002   1.0018170028190965        1.0101010101010102E-002   1.0018170028190965        1.0000000000000000       -3.5086987918564461E-004
  0.80808889743188850       -7.7065315764662432E-005   1.2121212121212121E-002   1.0018203298874275        1.0101010101010102E-002   1.0018203298874275        1.0000000000000000       -3.4310043464547135E-004
  0.81818969442851563       -7.5039399652332113E-005   1.2121212121212121E-002   1.0018235759043306        1.0101010101010102E-002   1.0018235759043306        1.0000000000000000       -3.3396003102925675E-004
  0.82829045977952720       -7.2711615893527410E-005   1.2121212121212121E-002   1.0018267279032762        1.0101010101010102E-002   1.0018267279032762        1.0000000000000000       -3.2348628153933134E-004
  0.83839119447743815       -7.0091370575167886E-005   1.2121212121212121E-002   1.0018297733063264        1.0101010101010102E-002   1.0018297733063264        1.0000000000000000       -3.1172270471824248E-004
  0.84849189963698834       -6.7189239049914083E-005   1.2121212121212121E-002   1.0018326999790297        1.0101010101010102E-002   1.0018326999790297        1.0000000000000000       -2.9871834321149038E-004
  0.85859257649047616       -6.4016921984172905E-005   1.2121212121212121E-002   1.0018354962734366        1.0101010101010102E-002   1.0018354962734366        1.0000000000000000       -2.8452567380021776E-004
  0.86869322638280400       -6.0587208383426875E-005   1.2121212121212121E-002   1.0018381510683505        1.0101010101010102E-002   1.0018381510683505        1.0000000000000000       -2.6920208780012445E-004
  0.87879385076603589       -5.6913918583382965E-005   1.2121212121212121E-002   1.0018406538169233        1.0101010101010102E-002   1.0018406538169233        1.0000000000000000       -2.5280999602816934E-004
  0.88889445119347965       -5.3011841908870356E-005   1.2121212121212121E-002   1.0018429945887819        1.0101010101010102E-002   1.0018429945887819        1.0000000000000000       -2.3541563734053028E-004
  0.89899502931340947       -4.8896684910173648E-005   1.2121212121212121E-002   1.0018451641040196        1.0101010101010102E-002   1.0018451641040196        1.0000000000000000       -2.1708842364898118E-004
  0.90909558686248881       -4.4585005611697773E-005   1.2121212121212121E-002   1.0018471537659597        1.0101010101010102E-002   1.0018471537659597        1.0000000000000000       -1.9790143289455386E-004
  0.91919612565885800       -4.0094151674084844E-005   1.2121212121212121E-002   1.0018489556985204        1.0101010101010102E-002   1.0018489556985204        1.0000000000000000       -1.7793186874737188E-004
  0.92929664759479569       -3.5442183261522416E-005   1.2121212121212121E-002   1.0018505627753516        1.0101010101010102E-002   1.0018505627753516        1.0000000000000000       -1.5725891526141567E-004
  0.93939715462923723       -3.0647798037303266E-005   1.2121212121212121E-002   1.0018519686433296        1.0101010101010102E-002   1.0018519686433296        1.0000000000000000       -1.3596462718457047E-004
  0.94949764877998455       -2.5730272796706309E-005   1.2121212121212121E-002   1.0018531677470506        1.0101010101010102E-002   1.0018531677470506        1.0000000000000000       -1.1413326472187180E-004
  0.95959813211573486       -2.0709371283457017E-005   1.2121212121212121E-002   1.0018541553511660        1.0101010101010102E-002   1.0018541553511660        1.0000000000000000       -9.1851612527449333E-005
  0.96969860674784825       -1.5605268625927140E-005   1.2121212121212121E-002   1.0018549275588422        1.0101010101010102E-002   1.0018549275588422        1.0000000000000000       -6.9207717227293131E-005
  0.97979907482200346       -1.0438472556414595E-005   1.2121212121212121E-002   1.0018554813223073        1.0101010101010102E-002   1.0018554813223073        1.0000000000000000       -4.6290584682751046E-005
  0.98989953850977841       -5.2297396730824370E-006   1.2121212121212121E-002   1.0018558144561862        1.0101010101010102E-002   1.0018558144561862        1.0000000000000000       -2.3191005579903390E-005
   1.0000000000000295       -1.1826357025067682E-013   1.2121212121212121E-002   1.0018559256469171        1.0101010101010102E-002   1.0018559256469171        1.0000000000000000        2.4748203486524289E-011
   1.0101004614902831        5.1728713913222835E-006   1.2121212121212121E-002   1.0018558144562395        1.0101010101010102E-002   1.0018558144562395        1.0000000000000000        2.3191002751943302E-005
   1.0202009251780582        1.0324959192972442E-005   1.2121212121212121E-002   1.0018554813220437        1.0101010101010102E-002   1.0018554813220437        1.0000000000000000        4.6290616334765389E-005
   1.0303013932522191        1.5435558590038276E-005   1.2121212121212121E-002   1.0018549275586452        1.0101010101010102E-002   1.0018549275586452        1.0000000000000000        6.9207652071412440E-005
   1.0404018678843316        2.0484134156150618E-005   1.2121212121212121E-002   1.0018541553515492        1.0101010101010102E-002   1.0018541553515492        1.0000000000000000        9.1851553168709188E-005
   1.0505023512200740        2.5450396653388397E-005   1.2121212121212121E-002   1.0018531677472760        1.0101010101010102E-002   1.0018531677472760        1.0000000000000000        1.1413335741483621E-004
   1.0606028453708243        3.0314389070958432E-005   1.2121212121212121E-002   1.0018519686430878        1.0101010101010102E-002   1.0018519686430878        1.0000000000000000        1.3596463564535810E-004
   1.0707033524052689        3.5056556083770656E-005   1.2121212121212121E-002   1.0018505627753185        1.0101010101010102E-002   1.0018505627753185        1.0000000000000000        1.5725886489104113E-004
   1.0808038743412038        3.9657831739934382E-005   1.2121212121212121E-002   1.0018489556985954        1.0101010101010102E-002   1.0018489556985954        1.0000000000000000        1.7793189069603699E-004
   1.0909044131375740        4.4099717670768041E-005   1.2121212121212121E-002   1.0018471537659661        1.0101010101010102E-002   1.0018471537659661        1.0000000000000000        7.6283572770125687     
   1.1010049706866523        4.8364347979947700E-005   1.2121212121212121E-002   1.0018451641039126        1.0101010101010102E-002   1.0018451641039126        1.0000000000000000        93.409992586273631     
  -1.0100461490221591E-002  -5.1728710268141255E-006   1.2121212121212121E-002   1.0018558144561862        1.0101010101010102E-002   1.0018558144561862        1.0000000000000000       -2.3190980816600870E-005
  -2.0200925177996543E-002  -1.0324959324195748E-005   1.2121212121212121E-002   1.0018554813223073        1.0101010101010102E-002   1.0018554813223073        1.0000000000000000       -4.6290568246121211E-005
  -3.0301393252151754E-002  -1.5435558402079225E-005   1.2121212121212121E-002   1.0018549275588422        1.0101010101010102E-002   1.0018549275588422        1.0000000000000000       -6.9207717226404952E-005
  -4.0401867884265141E-002  -2.0484134160333900E-005   1.2121212121212121E-002   1.0018541553511660        1.0101010101010102E-002   1.0018541553511660        1.0000000000000000       -9.1851612530113869E-005
  -5.0502351220015451E-002  -2.5450397204260892E-005   1.2121212121212121E-002   1.0018531677470506        1.0101010101010102E-002   1.0018531677470506        1.0000000000000000       -1.1413326472098362E-004
  -6.0602845370762770E-002  -3.0314388276763522E-005   1.2121212121212121E-002   1.0018519686433296        1.0101010101010102E-002   1.0018519686433296        1.0000000000000000       -1.3596462719167590E-004
  -7.0703352405204312E-002  -3.5056556405864008E-005   1.2121212121212121E-002   1.0018505627753516        1.0101010101010102E-002   1.0018505627753516        1.0000000000000000       -1.5725891526940927E-004
  -8.0803874341142001E-002  -3.9657831779385877E-005   1.2121212121212121E-002   1.0018489556985204        1.0101010101010102E-002   1.0018489556985204        1.0000000000000000       -1.7793186875270095E-004
  -9.0904413137511186E-002  -4.4099717591008349E-005   1.2121212121212121E-002   1.0018471537659597        1.0101010101010102E-002   1.0018471537659597        1.0000000000000000       -7.6283572770254864     
 -0.10100497068659053       -4.8364347920929574E-005   1.2121212121212121E-002   1.0018451641040196        1.0101010101010102E-002   1.0018451641040196        1.0000000000000000       -93.409992586262504     
