 # x v h rho m p cs a
   22.300606060607464     
   1.3134005993781132E-014   6.2991228394987137E-013   1.2121212121212121E-002   1.0017259434242234        1.0101010101010102E-002   1.0017259434242234        1.0000000000000000        1.0371969949574122E-010
   1.0101746119239816E-002   4.1437963593587177E-006   1.2121212121212121E-002   1.0017260929021778        1.0101010101010102E-002   1.0017260929021778        1.0000000000000000       -3.1183217926944451E-005
   2.0203489283463279E-002   8.2708963116005664E-006   1.2121212121212121E-002   1.0017265407439861        1.0101010101010102E-002   1.0017265407439861        1.0000000000000000       -6.2242628439790337E-005
   3.0305226549414196E-002   1.2364669126500461E-005   1.2121212121212121E-002   1.0017272851682353        1.0101010101010102E-002   1.0017272851682353        1.0000000000000000       -9.3054204808318275E-005
   4.0406954997310632E-002   1.6408619224933766E-005   1.2121212121212121E-002   1.0017283232119223        1.0101010101010102E-002   1.0017283232119223        1.0000000000000000       -1.2349525139931927E-004
   5.0508671742487979E-002   2.0386449614417865E-005   1.2121212121212121E-002   1.0017296507443836        1.0101010101010102E-002   1.0017296507443836        1.0000000000000000       -1.5344482160273287E-004
   6.0610373946858753E-002   2.4282136880697920E-005   1.2121212121212121E-002   1.0017312624838699        1.0101010101010102E-002   1.0017312624838699        1.0000000000000000       -1.8278368967461489E-004
   7.0712058830211824E-002   2.8079985516682198E-005   1.2121212121212121E-002   1.0017331520153898        1.0101010101010102E-002   1.0017331520153898        1.0000000000000000       -2.1139458540186951E-004
   8.0813723681324459E-002   3.1764690818812666E-005   1.2121212121212121E-002   1.0017353118134555        1.0101010101010102E-002   1.0017353118134555        1.0000000000000000       -2.3916302776250120E-004
   9.0915365868819570E-002   3.5321410394190456E-005   1.2121212121212121E-002   1.0017377332743482        1.0101010101010102E-002   1.0017377332743482        1.0000000000000000       -2.6597853857968090E-004
  0.10101698285162786        3.8735818324456403E-005   1.2121212121212121E-002   1.0017404067515361        1.0101010101010102E-002   1.0017404067515361        1.0000000000000000       -2.9173404302884620E-004
  0.11111857218913287        4.1994161338583726E-005   1.2121212121212121E-002   1.0017433215883564        1.0101010101010102E-002   1.0017433215883564        1.0000000000000000       -3.1632584920249229E-004
  0.12122013155100322        4.5083312874724191E-005   1.2121212121212121E-002   1.0017464661576514        1.0101010101010102E-002   1.0017464661576514        1.0000000000000000       -3.3965514123845963E-004
  0.13132165872655865        4.7990835369038537E-005   1.2121212121212121E-002   1.0017498279116723        1.0101010101010102E-002   1.0017498279116723        1.0000000000000000       -3.6162872104039678E-004
  0.14142315163359642        5.0705020528553470E-005   1.2121212121212121E-002   1.0017533934319747        1.0101010101010102E-002   1.0017533934319747        1.0000000000000000       -3.8215818330122886E-004
  0.15152460832676257        5.3214941207976482E-005   1.2121212121212121E-002   1.0017571484755889        1.0101010101010102E-002   1.0017571484755889        1.0000000000000000       -4.0115993452438659E-004
  0.16162602700548923        5.5510491592520457E-005   1.2121212121212121E-002   1.0017610780311621        1.0101010101010102E-002   1.0017610780311621        1.0000000000000000       -4.1855727844986035E-004
  0.17172740602125006        5.7582433425445767E-005   1.2121212121212121E-002   1.0017651663827145        1.0101010101010102E-002   1.0017651663827145        1.0000000000000000       -4.3428000149603463E-004
  0.18182874388421724        5.9422430339904128E-005   1.2121212121212121E-002   1.0017693971703008        1.0101010101010102E-002   1.0017693971703008        1.0000000000000000       -4.4826406981535172E-004
  0.19193003926932081        6.1023080777181400E-005   1.2121212121212121E-002   1.0017737534498397        1.0101010101010102E-002   1.0017737534498397        1.0000000000000000       -4.6045170933783908E-004
  0.20203129102173753        6.2377946388070995E-005   1.2121212121212121E-002   1.0017782177609333        1.0101010101010102E-002   1.0017782177609333        1.0000000000000000       -4.7079304640540443E-004
  0.21213249816160226        6.3481580428273042E-005   1.2121212121212121E-002   1.0017827721991950        1.0101010101010102E-002   1.0017827721991950        1.0000000000000000       -4.7924543848765211E-004
  0.22223365988805391        6.4329548550210653E-005   1.2121212121212121E-002   1.0017873984860814        1.0101010101010102E-002   1.0017873984860814        1.0000000000000000       -4.8577361760759885E-004
  0.23233477558257395        6.4918451654194165E-005   1.2121212121212121E-002   1.0017920780402116        1.0101010101010102E-002   1.0017920780402116        1.0000000000000000       -4.9034975151585058E-004
  0.24243584481162089        6.5245926181133160E-005   1.2121212121212121E-002   1.0017967920501722        1.0101010101010102E-002   1.0017967920501722        1.0000000000000000       -4.9295377837577092E-004
  0.25253686732853625        6.5310665683842233E-005   1.2121212121212121E-002   1.0018015215522538        1.0101010101010102E-002   1.0018015215522538        1.0000000000000000       -4.9357413452888466E-004
  0.26263784307463445        6.5112422670317023E-005   1.2121212121212121E-002   1.0018062475083149        1.0101010101010102E-002   1.0018062475083149        1.0000000000000000       -4.9220697089857879E-004
  0.27273877217955778        6.4652008299451326E-005   1.2121212121212121E-002   1.0018109508776121        1.0101010101010102E-002   1.0018109508776121        1.0000000000000000       -4.8885570982015736E-004
  0.28283965496096963        6.3931289155823127E-005   1.2121212121212121E-002   1.0018156126945670        1.0101010101010102E-002   1.0018156126945670        1.0000000000000000       -4.8353269557033229E-004
  0.29294049192336546        6.2953175771285268E-005   1.2121212121212121E-002   1.0018202141487336        1.0101010101010102E-002   1.0018202141487336        1.0000000000000000       -4.7625806509632440E-004
  0.30304128375617373        6.1721621333470447E-005   1.2121212121212121E-002   1.0018247366598616        1.0101010101010102E-002   1.0018247366598616        1.0000000000000000       -4.6705983617822966E-004
  0.31314203133109225        6.0241594709924598E-005   1.2121212121212121E-002   1.0018291619520658        1.0101010101010102E-002   1.0018291619520658        1.0000000000000000       -4.5597354763504683E-004
  0.32324273569872519        5.8519065963178611E-005   1.2121212121212121E-002   1.0018334721280631        1.0101010101010102E-002   1.0018334721280631        1.0000000000000000       -4.4304271278594598E-004
  0.33334339808445640        5.6560977030585113E-005   1.2121212121212121E-002   1.0018376497447687        1.0101010101010102E-002   1.0018376497447687        1.0000000000000000       -4.2831865950798687E-004
  0.34344401988358558        5.4375220946700958E-005   1.2121212121212121E-002   1.0018416778855250        1.0101010101010102E-002   1.0018416778855250        1.0000000000000000       -4.1185995311820989E-004
  0.35354460265577198        5.1970606225594225E-005   1.2121212121212121E-002   1.0018455402268751        1.0101010101010102E-002   1.0018455402268751        1.0000000000000000       -3.9373180678303754E-004
  0.36364514811886300        4.9356819192537880E-005   1.2121212121212121E-002   1.0018492211056653        1.0101010101010102E-002   1.0018492211056653        1.0000000000000000       -3.7400676597343363E-004
  0.37374565814201449        4.6544388361655586E-005   1.2121212121212121E-002   1.0018527055869257        1.0101010101010102E-002   1.0018527055869257        1.0000000000000000       -3.5276422727115175E-004
  0.38384613473816831        4.3544636048601288E-005   1.2121212121212121E-002   1.0018559795259816        1.0101010101010102E-002   1.0018559795259816        1.0000000000000000       -3.3008968012016027E-004
  0.39394658005594596        4.0369645472078218E-005   1.2121212121212121E-002   1.0018590296241225        1.0101010101010102E-002   1.0018590296241225        1.0000000000000000       -3.0607407131810760E-004
  0.40404699637103864        3.7032198670417981E-005   1.2121212121212121E-002   1.0018618434839082        1.0101010101010102E-002   1.0018618434839082        1.0000000000000000       -2.8081443258543004E-004
  0.41414738607701151        3.3545728819354089E-005   1.2121212121212121E-002   1.0018644096647105        1.0101010101010102E-002   1.0018644096647105        1.0000000000000000       -2.5441328759168158E-004
  0.42424775167558054        2.9924269625167069E-005   1.2121212121212121E-002   1.0018667177290814        1.0101010101010102E-002   1.0018667177290814        1.0000000000000000       -2.2697736400623114E-004
  0.43434809576651234        2.6182398168883330E-005   1.2121212121212121E-002   1.0018687582848194        1.0101010101010102E-002   1.0018687582848194        1.0000000000000000       -1.9861787375408113E-004
  0.44444842103707216        2.2335175980111928E-005   1.2121212121212121E-002   1.0018705230238498        1.0101010101010102E-002   1.0018705230238498        1.0000000000000000       -1.6944965631893183E-004
  0.45454873025116088        1.8398080691682281E-005   1.2121212121212121E-002   1.0018720047597109        1.0101010101010102E-002   1.0018720047597109        1.0000000000000000       -1.3959177850342286E-004
  0.46464902623801607        1.4386956511244185E-005   1.2121212121212121E-002   1.0018731974591284        1.0101010101010102E-002   1.0018731974591284        1.0000000000000000       -1.0916564330631928E-004
  0.47474931188071834        1.0317946377884047E-005   1.2121212121212121E-002   1.0018740962634562        1.0101010101010102E-002   1.0018740962634562        1.0000000000000000       -7.8294751632235204E-005
  0.48484959010448536        6.2074213953942598E-006   1.2121212121212121E-002   1.0018746975085708        1.0101010101010102E-002   1.0018746975085708        1.0000000000000000       -4.7104639550710203E-005
  0.49494986386478779        2.0719193624515492E-006   1.2121212121212121E-002   1.0018749987441751        1.0101010101010102E-002   1.0018749987441751        1.0000000000000000       -1.5722858835331976E-005
  0.50505013613524696       -2.0719196478381508E-006   1.2121212121212121E-002   1.0018749987439650        1.0101010101010102E-002   1.0018749987439650        1.0000000000000000        1.5722904224801937E-005
  0.51515040989555438       -6.2074219526333139E-006   1.2121212121212121E-002   1.0018746975084065        1.0101010101010102E-002   1.0018746975084065        1.0000000000000000        4.7104584357526846E-005
  0.52525068811932019       -1.0317945318077690E-005   1.2121212121212121E-002   1.0018740962636312        1.0101010101010102E-002   1.0018740962636312        1.0000000000000000        7.8294734060513349E-005
  0.53535097376201923       -1.4386956867785122E-005   1.2121212121212121E-002   1.0018731974591129        1.0101010101010102E-002   1.0018731974591129        1.0000000000000000        1.0916569966124001E-004
  0.54545126974887803       -1.8398080872847026E-005   1.2121212121212121E-002   1.0018720047595335        1.0101010101010102E-002   1.0018720047595335        1.0000000000000000        1.3959175786659728E-004
  0.55555157896296725       -2.2335175503083710E-005   1.2121212121212121E-002   1.0018705230238349        1.0101010101010102E-002   1.0018705230238349        1.0000000000000000        1.6944964377874072E-004
  0.56565190423352640       -2.6182398582392946E-005   1.2121212121212121E-002   1.0018687582847361        1.0101010101010102E-002   1.0018687582847361        1.0000000000000000        1.9861790055486495E-004
  0.57575224832446048       -2.9924269725002658E-005   1.2121212121212121E-002   1.0018667177289187        1.0101010101010102E-002   1.0018667177289187        1.0000000000000000        2.2697735381438378E-004
  0.58585261392303112       -3.3545728454801015E-005   1.2121212121212121E-002   1.0018644096648370        1.0101010101010102E-002   1.0018644096648370        1.0000000000000000        2.5441323702679597E-004
  0.59595300362899961       -3.7032198871561716E-005   1.2121212121212121E-002   1.0018618434841833        1.0101010101010102E-002   1.0018618434841833        1.0000000000000000        2.8081444669947331E-004
  0.60605341994409090       -4.0369645261098242E-005   1.2121212121212121E-002   1.0018590296243148        1.0101010101010102E-002   1.0018590296243148        1.0000000000000000        3.0607407879035264E-004
  0.61615386526186566       -4.3544636281738332E-005   1.2121212121212121E-002   1.0018559795258357        1.0101010101010102E-002   1.0018559795258357        1.0000000000000000        3.3008974569970206E-004
  0.62625434185802586       -4.6544387506747380E-005   1.2121212121212121E-002   1.0018527055867925        1.0101010101010102E-002   1.0018527055867925        1.0000000000000000        3.5276415678886508E-004
  0.63635485188117402       -4.9356819535436977E-005   1.2121212121212121E-002   1.0018492211057655        1.0101010101010102E-002   1.0018492211057655        1.0000000000000000        3.7400678815924238E-004
  0.64645539734426538       -5.1970606317122830E-005   1.2121212121212121E-002   1.0018455402266688        1.0101010101010102E-002   1.0018455402266688        1.0000000000000000        3.9373184950353135E-004
  0.65655598011645588       -5.4375220958824351E-005   1.2121212121212121E-002   1.0018416778852193        1.0101010101010102E-002   1.0018416778852193        1.0000000000000000        4.1185993308268110E-004
  0.66665660191558795       -5.6560976974271564E-005   1.2121212121212121E-002   1.0018376497448989        1.0101010101010102E-002   1.0018376497448989        1.0000000000000000        4.2831858431124914E-004
  0.67675726430131322       -5.8519065770431426E-005   1.2121212121212121E-002   1.0018334721283642        1.0101010101010102E-002   1.0018334721283642        1.0000000000000000        4.4304274940110133E-004
  0.68685796866894533       -6.0241595106633346E-005   1.2121212121212121E-002   1.0018291619520592        1.0101010101010102E-002   1.0018291619520592        1.0000000000000000        4.5597357949223039E-004
  0.69695871624386507       -6.1721621215270455E-005   1.2121212121212121E-002   1.0018247366596822        1.0101010101010102E-002   1.0018247366596822        1.0000000000000000        4.6705984433259573E-004
  0.70705950807667628       -6.2953176098292542E-005   1.2121212121212121E-002   1.0018202141487527        1.0101010101010102E-002   1.0018202141487527        1.0000000000000000        4.7625801006123680E-004
  0.71716034503906889       -6.3931288390300405E-005   1.2121212121212121E-002   1.0018156126948254        1.0101010101010102E-002   1.0018156126948254        1.0000000000000000        4.8353270189416264E-004
  0.72726122782047786       -6.4652008722233822E-005   1.2121212121212121E-002   1.0018109508775770        1.0101010101010102E-002   1.0018109508775770        1.0000000000000000        4.8885576391288765E-004
  0.73736215692540541       -6.5112422740204424E-005   1.2121212121212121E-002   1.0018062475083171        1.0101010101010102E-002   1.0018062475083171        1.0000000000000000        4.9220690936646605E-004
  0.74746313267149966       -6.5310665780983279E-005   1.2121212121212121E-002   1.0018015215524583        1.0101010101010102E-002   1.0018015215524583        1.0000000000000000        4.9357415502804258E-004
  0.75756415518841391       -6.5245926354742768E-005   1.2121212121212121E-002   1.0017967920500481        1.0101010101010102E-002   1.0017967920500481        1.0000000000000000        4.9295382444292102E-004
  0.76766522441746499       -6.4918451305808809E-005   1.2121212121212121E-002   1.0017920780400462        1.0101010101010102E-002   1.0017920780400462        1.0000000000000000        4.9034971759276402E-004
  0.77776634011198442       -6.4329548985711017E-005   1.2121212121212121E-002   1.0017873984860297        1.0101010101010102E-002   1.0017873984860297        1.0000000000000000        4.8577362804902435E-004
  0.78786750183843735       -6.3481580003200305E-005   1.2121212121212121E-002   1.0017827721990940        1.0101010101010102E-002   1.0017827721990940        1.0000000000000000        4.7924543400501562E-004
  0.79796870897830330       -6.2377946572736984E-005   1.2121212121212121E-002   1.0017782177610275        1.0101010101010102E-002   1.0017782177610275        1.0000000000000000        4.7079301483865521E-004
  0.80806996073071646       -6.1023080624441058E-005   1.2121212121212121E-002   1.0017737534499089        1.0101010101010102E-002   1.0017737534499089        1.0000000000000000        4.6045174116482457E-004
  0.81817125611582264       -5.9422430610835503E-005   1.2121212121212121E-002   1.0017693971705453        1.0101010101010102E-002   1.0017693971705453        1.0000000000000000        4.4826400194608595E-004
  0.82827259397878206       -5.7582433089566561E-005   1.2121212121212121E-002   1.0017651663829432        1.0101010101010102E-002   1.0017651663829432        1.0000000000000000        4.3428007396340007E-004
  0.83837397299454564       -5.5510491902875348E-005   1.2121212121212121E-002   1.0017610780311021        1.0101010101010102E-002   1.0017610780311021        1.0000000000000000        4.1855726540696025E-004
  0.84847539167327135       -5.3214940874192260E-005   1.2121212121212121E-002   1.0017571484755601        1.0101010101010102E-002   1.0017571484755601        1.0000000000000000        4.0115994528999721E-004
  0.85857684836643877       -5.0705020527749595E-005   1.2121212121212121E-002   1.0017533934318861        1.0101010101010102E-002   1.0017533934318861        1.0000000000000000        3.8215818084097464E-004
  0.86867834127347721       -4.7990835166403983E-005   1.2121212121212121E-002   1.0017498279116095        1.0101010101010102E-002   1.0017498279116095        1.0000000000000000        3.6162872203693297E-004
  0.87877986844903300       -4.5083313240164122E-005   1.2121212121212121E-002   1.0017464661575282        1.0101010101010102E-002   1.0017464661575282        1.0000000000000000        3.3965515036804561E-004
  0.88888142781090596       -4.1994161148423759E-005   1.2121212121212121E-002   1.0017433215884572        1.0101010101010102E-002   1.0017433215884572        1.0000000000000000        3.1632579080298484E-004
  0.89898301714840623       -3.8735818302791319E-005   1.2121212121212121E-002   1.0017404067517577        1.0101010101010102E-002   1.0017404067517577        1.0000000000000000        2.9173407709670585E-004
  0.90908463413121399       -3.5321410689674993E-005   1.2121212121212121E-002   1.0017377332742010        1.0101010101010102E-002   1.0017377332742010        1.0000000000000000        2.6597858356858239E-004
  0.91918627631871308       -3.1764690990925695E-005   1.2121212121212121E-002   1.0017353118132331        1.0101010101010102E-002   1.0017353118132331        1.0000000000000000        2.3916300096438192E-004
  0.92928794116982671       -2.8079984999428349E-005   1.2121212121212121E-002   1.0017331520154344        1.0101010101010102E-002   1.0017331520154344        1.0000000000000000        2.1139455274976626E-004
  0.93938962605317755       -2.4282136862707503E-005   1.2121212121212121E-002   1.0017312624839887        1.0101010101010102E-002   1.0017312624839887        1.0000000000000000        1.8278370469371197E-004
  0.94949132825754778       -2.0386449794275374E-005   1.2121212121212121E-002   1.0017296507443214        1.0101010101010102E-002   1.0017296507443214        1.0000000000000000        1.5344484921264723E-004
  0.95959304500272702       -1.6408618947414917E-005   1.2121212121212121E-002   1.0017283232117637        1.0101010101010102E-002   1.0017283232117637        1.0000000000000000        1.2349524131582967E-004
  0.96969477345062549       -1.2364669236085396E-005   1.2121212121212121E-002   1.0017272851683965        1.0101010101010102E-002   1.0017272851683965        1.0000000000000000        9.3054148689653005E-005
  0.97979651071657037       -8.2708965529914327E-006   1.2121212121212121E-002   1.0017265407440354        1.0101010101010102E-002   1.0017265407440354        1.0000000000000000        6.2242706376558488E-005
  0.98989825388079877       -4.1437965553740501E-006   1.2121212121212121E-002   1.0017260929020328        1.0101010101010102E-002   1.0017260929020328        1.0000000000000000        3.1183183642369272E-005
   1.0000000000000240       -1.1916036130959961E-013   1.2121212121212121E-002   1.0017259434242214        1.0101010101010102E-002   1.0017259434242214        1.0000000000000000       -1.0089440394267513E-010
   1.0101017461192399        4.2188696680596329E-006   1.2121212121212121E-002   1.0017260929021778        1.0101010101010102E-002   1.0017260929021778        1.0000000000000000       -3.1183157408243289E-005
   1.0202034892834633        8.4207448215641328E-006   1.2121212121212121E-002   1.0017265407439861        1.0101010101010102E-002   1.0017265407439861        1.0000000000000000       -6.2242587046235087E-005
   1.0303052265494141        1.2588696239445598E-005   1.2121212121212121E-002   1.0017272851682353        1.0101010101010102E-002   1.0017272851682353        1.0000000000000000       -9.3054202842779432E-005
   1.0404069549973107        1.6705932958676196E-005   1.2121212121212121E-002   1.0017283232119223        1.0101010101010102E-002   1.0017283232119223        1.0000000000000000       -1.2349525256194482E-004
   1.0505086717424881        2.0755867004392766E-005   1.2121212121212121E-002   1.0017296507443836        1.0101010101010102E-002   1.0017296507443836        1.0000000000000000       -1.5344482210011279E-004
   1.0606103739468589        2.4722187701104529E-005   1.2121212121212121E-002   1.0017312624838699        1.0101010101010102E-002   1.0017312624838699        1.0000000000000000       -1.8278369028390529E-004
   1.0707120588302119        2.8588917230520677E-005   1.2121212121212121E-002   1.0017331520153898        1.0101010101010102E-002   1.0017331520153898        1.0000000000000000       -2.1139458650765164E-004
   1.0808137236813244        3.2340475555164020E-005   1.2121212121212121E-002   1.0017353118134555        1.0101010101010102E-002   1.0017353118134555        1.0000000000000000       -2.3916302670290435E-004
   1.0909153658688195        3.5961754180128190E-005   1.2121212121212121E-002   1.0017377332743482        1.0101010101010102E-002   1.0017377332743482        1.0000000000000000        7.6208737561675122     
   1.1010169828516279        3.9438169316237332E-005   1.2121212121212121E-002   1.0017404067515361        1.0101010101010102E-002   1.0017404067515361        1.0000000000000000        93.405832029252863     
  -1.0101746119201227E-002  -4.2188697706795049E-006   1.2121212121212121E-002   1.0017260929020328        1.0101010101010102E-002   1.0017260929020328        1.0000000000000000        3.1183122049860401E-005
  -2.0203489283429632E-002  -8.4207452343292935E-006   1.2121212121212121E-002   1.0017265407440354        1.0101010101010102E-002   1.0017265407440354        1.0000000000000000        6.2242665445744194E-005
  -3.0305226549374509E-002  -1.2588696216432493E-005   1.2121212121212121E-002   1.0017272851683965        1.0101010101010102E-002   1.0017272851683965        1.0000000000000000        9.3054148697646610E-005
  -4.0406954997272981E-002  -1.6705932677080340E-005   1.2121212121212121E-002   1.0017283232117637        1.0101010101010102E-002   1.0017283232117637        1.0000000000000000        1.2349524130517153E-004
  -5.0508671742452216E-002  -2.0755867230742378E-005   1.2121212121212121E-002   1.0017296507443214        1.0101010101010102E-002   1.0017296507443214        1.0000000000000000        1.5344484921797630E-004
  -6.0610373946822449E-002  -2.4722187714630987E-005   1.2121212121212121E-002   1.0017312624839887        1.0101010101010102E-002   1.0017312624839887        1.0000000000000000        1.8278370469282379E-004
  -7.0712058830173286E-002  -2.8588916663978845E-005   1.2121212121212121E-002   1.0017331520154344        1.0101010101010102E-002   1.0017331520154344        1.0000000000000000        2.1139455275154262E-004
  -8.0813723681286920E-002  -3.2340475652045649E-005   1.2121212121212121E-002   1.0017353118132331        1.0101010101010102E-002   1.0017353118132331        1.0000000000000000        2.3916300096793464E-004
  -9.0915365868786013E-002  -3.5961754566499754E-005   1.2121212121212121E-002   1.0017377332742010        1.0101010101010102E-002   1.0017377332742010        1.0000000000000000       -7.6208737561419042     
 -0.10101698285159377       -3.9438169383226443E-005   1.2121212121212121E-002   1.0017404067517577        1.0101010101010102E-002   1.0017404067517577        1.0000000000000000       -93.405832029239775     
