 # x v h rho m p cs a
   28.351515151519919     
   2.4511949658065846E-014  -2.4304867882605124E-014   1.2121212121212121E-002   1.0017499413266984        1.0101010101010102E-002   1.0017499413266984        1.0000000000000000        6.2036598080794647E-011
   1.0101508920955701E-002  -5.4539545257670340E-006   1.2121212121212121E-002   1.0017500434487543        1.0101010101010102E-002   1.0017500434487543        1.0000000000000000       -2.1303561442032048E-005
   2.0203015823135276E-002  -1.0885886282727870E-005   1.2121212121212121E-002   1.0017503493975393        1.0101010101010102E-002   1.0017503493975393        1.0000000000000000       -4.2519907440308202E-005
   3.0304518696072879E-002  -1.6273859682410821E-005   1.2121212121212121E-002   1.0017508579168684        1.0101010101010102E-002   1.0017508579168684        1.0000000000000000       -6.3561403888634516E-005
   4.0406015545850639E-002  -2.1596119038934750E-005   1.2121212121212121E-002   1.0017515669170396        1.0101010101010102E-002   1.0017515669170396        1.0000000000000000       -8.4341693058931355E-005
   5.0507504403307667E-002  -2.6831178599835385E-005   1.2121212121212121E-002   1.0017524734879026        1.0101010101010102E-002   1.0017524734879026        1.0000000000000000       -1.0477594617874786E-004
   6.0608983332069356E-002  -3.1957905399310876E-005   1.2121212121212121E-002   1.0017535739103047        1.0101010101010102E-002   1.0017535739103047        1.0000000000000000       -1.2478021430517572E-004
   7.0710450436513111E-002  -3.6955607773712720E-005   1.2121212121212121E-002   1.0017548636698281        1.0101010101010102E-002   1.0017548636698281        1.0000000000000000       -1.4427249518700336E-004
   8.0811903869533158E-002  -4.1804117144158978E-005   1.2121212121212121E-002   1.0017563374771739        1.0101010101010102E-002   1.0017563374771739        1.0000000000000000       -1.6317308957258803E-004
   9.0913341840097889E-002  -4.6483875803091462E-005   1.2121212121212121E-002   1.0017579892925854        1.0101010101010102E-002   1.0017579892925854        1.0000000000000000       -1.8140515595543860E-004
  0.10101476262052912       -5.0976011351987189E-005   1.2121212121212121E-002   1.0017598123524196        1.0101010101010102E-002   1.0017598123524196        1.0000000000000000       -1.9889450666621400E-004
  0.11111616455352748       -5.5262411259735116E-005   1.2121212121212121E-002   1.0017617991949206        1.0101010101010102E-002   1.0017617991949206        1.0000000000000000       -2.1556966686731016E-004
  0.12121754605895596       -5.9325801343728114E-005   1.2121212121212121E-002   1.0017639416929878        1.0101010101010102E-002   1.0017639416929878        1.0000000000000000       -2.3136331303952318E-004
  0.13131890564021503       -6.3149812462157814E-005   1.2121212121212121E-002   1.0017662310925528        1.0101010101010102E-002   1.0017662310925528        1.0000000000000000       -2.4621197868501810E-004
  0.14142024189024879       -6.6719048248908865E-005   1.2121212121212121E-002   1.0017686580469436        1.0101010101010102E-002   1.0017686580469436        1.0000000000000000       -2.6005554051700130E-004
  0.15152155349725685       -7.0019146941689117E-005   1.2121212121212121E-002   1.0017712126557630        1.0101010101010102E-002   1.0017712126557630        1.0000000000000000       -2.7283860465665555E-004
  0.16162283924993073       -7.3036833694762690E-005   1.2121212121212121E-002   1.0017738845083639        1.0101010101010102E-002   1.0017738845083639        1.0000000000000000       -2.8451012954899824E-004
  0.17172409804229832       -7.5759983792016063E-005   1.2121212121212121E-002   1.0017766627278042        1.0101010101010102E-002   1.0017766627278042        1.0000000000000000       -2.9502395435709872E-004
  0.18182532887809544       -7.8177664366021663E-005   1.2121212121212121E-002   1.0017795360170370        1.0101010101010102E-002   1.0017795360170370        1.0000000000000000       -3.0433859894785087E-004
  0.19192653087468789       -8.0280175971133509E-005   1.2121212121212121E-002   1.0017824927034427        1.0101010101010102E-002   1.0017824927034427        1.0000000000000000       -3.1241726586372920E-004
  0.20202770326658107       -8.2059097035457314E-005   1.2121212121212121E-002   1.0017855207908291        1.0101010101010102E-002   1.0017855207908291        1.0000000000000000       -3.1922928351324487E-004
  0.21212884540829285       -8.3507314393816223E-005   1.2121212121212121E-002   1.0017886080082081        1.0101010101010102E-002   1.0017886080082081        1.0000000000000000       -3.2474805462889833E-004
  0.22222995677690485       -8.4619052402804261E-005   1.2121212121212121E-002   1.0017917418582902        1.0101010101010102E-002   1.0017917418582902        1.0000000000000000       -3.2895303125091147E-004
  0.23233103697398758       -8.5389889245617224E-005   1.2121212121212121E-002   1.0017949096714454        1.0101010101010102E-002   1.0017949096714454        1.0000000000000000       -3.3182884100479981E-004
  0.24243208572706876       -8.5816780313768183E-005   1.2121212121212121E-002   1.0017980986568604        1.0101010101010102E-002   1.0017980986568604        1.0000000000000000       -3.3336566124386735E-004
  0.25253310289055525       -8.5898071688078349E-005   1.2121212121212121E-002   1.0018012959544627        1.0101010101010102E-002   1.0018012959544627        1.0000000000000000       -3.3355893624964494E-004
  0.26263408844617359       -8.5633499232393392E-005   1.2121212121212121E-002   1.0018044886869557        1.0101010101010102E-002   1.0018044886869557        1.0000000000000000       -3.3240965394742972E-004
  0.27273504250285940       -8.5024186920722110E-005   1.2121212121212121E-002   1.0018076640101459        1.0101010101010102E-002   1.0018076640101459        1.0000000000000000       -3.2992381791796532E-004
  0.28283596529621646       -8.4072651717106230E-005   1.2121212121212121E-002   1.0018108091677478        1.0101010101010102E-002   1.0018108091677478        1.0000000000000000       -3.2611381724922950E-004
  0.29293685718730383       -8.2782784756468285E-005   1.2121212121212121E-002   1.0018139115406524        1.0101010101010102E-002   1.0018139115406524        1.0000000000000000       -3.2099592171608293E-004
  0.30303771866112900       -8.1159836115353155E-005   1.2121212121212121E-002   1.0018169586946402        1.0101010101010102E-002   1.0018169586946402        1.0000000000000000       -3.1459250931487048E-004
  0.31313855032450733       -7.9210389964428339E-005   1.2121212121212121E-002   1.0018199384339082        1.0101010101010102E-002   1.0018199384339082        1.0000000000000000       -3.0693094509359753E-004
  0.32323935290346978       -7.6942344346406068E-005   1.2121212121212121E-002   1.0018228388462078        1.0101010101010102E-002   1.0018228388462078        1.0000000000000000       -2.9804310347980589E-004
  0.33334012724025142       -7.4364872713821722E-005   1.2121212121212121E-002   1.0018256483494594        1.0101010101010102E-002   1.0018256483494594        1.0000000000000000       -2.8796598974789589E-004
  0.34344087428977177       -7.1488390122484817E-005   1.2121212121212121E-002   1.0018283557370606        1.0101010101010102E-002   1.0018283557370606        1.0000000000000000       -2.7674095213292560E-004
  0.35354159511572941       -6.8324505119836561E-005   1.2121212121212121E-002   1.0018309502219138        1.0101010101010102E-002   1.0018309502219138        1.0000000000000000       -2.6441419140343925E-004
  0.36364229088621242       -6.4885977071524003E-005   1.2121212121212121E-002   1.0018334214786127        1.0101010101010102E-002   1.0018334214786127        1.0000000000000000       -2.5103584011976210E-004
  0.37374296286895564       -6.1186666582576307E-005   1.2121212121212121E-002   1.0018357596815122        1.0101010101010102E-002   1.0018357596815122        1.0000000000000000       -2.3666001024036376E-004
  0.38384361242620485       -5.7241475362894931E-005   1.2121212121212121E-002   1.0018379555416250        1.0101010101010102E-002   1.0018379555416250        1.0000000000000000       -2.2134453708400059E-004
  0.39394424100925041       -5.3066284110531789E-005   1.2121212121212121E-002   1.0018400003446069        1.0101010101010102E-002   1.0018400003446069        1.0000000000000000       -2.0515145639521393E-004
  0.40404485015252933       -4.8677892277432992E-005   1.2121212121212121E-002   1.0018418859832616        1.0101010101010102E-002   1.0018418859832616        1.0000000000000000       -1.8814538074884979E-004
  0.41414544146752047       -4.4093957066837802E-005   1.2121212121212121E-002   1.0018436049860233        1.0101010101010102E-002   1.0018436049860233        1.0000000000000000       -1.7039426723997053E-004
  0.42424601663629313       -3.9332907168054850E-005   1.2121212121212121E-002   1.0018451505460912        1.0101010101010102E-002   1.0018451505460912        1.0000000000000000       -1.5196876169287776E-004
  0.43434657740481969       -3.4413879612893784E-005   1.2121212121212121E-002   1.0018465165475359        1.0101010101010102E-002   1.0018465165475359        1.0000000000000000       -1.3294233907057418E-004
  0.44444712557601396       -2.9356642236512291E-005   1.2121212121212121E-002   1.0018476975901012        1.0101010101010102E-002   1.0018476975901012        1.0000000000000000       -1.1339077739336290E-004
  0.45454766300254157       -2.4181515010656081E-005   1.2121212121212121E-002   1.0018486890062570        1.0101010101010102E-002   1.0018486890062570        1.0000000000000000       -9.3391070044468449E-005
  0.46464819157953396       -1.8909286804246213E-005   1.2121212121212121E-002   1.0018494868771599        1.0101010101010102E-002   1.0018494868771599        1.0000000000000000       -7.3022357766738821E-005
  0.47474871323709411       -1.3561127939688985E-005   1.2121212121212121E-002   1.0018500880525094        1.0101010101010102E-002   1.0018500880525094        1.0000000000000000       -5.2365739196424954E-005
  0.48484922993259050       -8.1585174448083168E-006   1.2121212121212121E-002   1.0018504901597247        1.0101010101010102E-002   1.0018504901597247        1.0000000000000000       -3.1502334925548325E-005
  0.49494974364300026       -2.7231506304864306E-006   1.2121212121212121E-002   1.0018506916114218        1.0101010101010102E-002   1.0018506916114218        1.0000000000000000       -1.0514721721754938E-005
  0.50505025635705492        2.7231503280640216E-006   1.2121212121212121E-002   1.0018506916115832        1.0101010101010102E-002   1.0018506916115832        1.0000000000000000        1.0514693628671523E-005
  0.51515077006746035        8.1585174910665750E-006   1.2121212121212121E-002   1.0018504901596654        1.0101010101010102E-002   1.0018504901596654        1.0000000000000000        3.1502399362004496E-005
  0.52525128676296318        1.3561128234166529E-005   1.2121212121212121E-002   1.0018500880526857        1.0101010101010102E-002   1.0018500880526857        1.0000000000000000        5.2365625725414588E-005
  0.53535180842051300        1.8909286351914516E-005   1.2121212121212121E-002   1.0018494868773178        1.0101010101010102E-002   1.0018494868773178        1.0000000000000000        7.3022484375684371E-005
  0.54545233699751117        2.4181514573780055E-005   1.2121212121212121E-002   1.0018486890056921        1.0101010101010102E-002   1.0018486890056921        1.0000000000000000        9.3391088164196390E-005
  0.55555287442404677        2.9356643111420524E-005   1.2121212121212121E-002   1.0018476975901840        1.0101010101010102E-002   1.0018476975901840        1.0000000000000000        1.1339062602200300E-004
  0.56565342259523066        3.4413879462401271E-005   1.2121212121212121E-002   1.0018465165478787        1.0101010101010102E-002   1.0018465165478787        1.0000000000000000        1.3294243158590291E-004
  0.57575398336375905        3.9332907084769279E-005   1.2121212121212121E-002   1.0018451505457175        1.0101010101010102E-002   1.0018451505457175        1.0000000000000000        1.5196882249579602E-004
  0.58585455853253865        4.4093956823939158E-005   1.2121212121212121E-002   1.0018436049856740        1.0101010101010102E-002   1.0018436049856740        1.0000000000000000        1.7039420829778607E-004
  0.59595514984753051        4.8677892815734953E-005   1.2121212121212121E-002   1.0018418859834131        1.0101010101010102E-002   1.0018418859834131        1.0000000000000000        1.8814532608324441E-004
  0.60605575899080522        5.3066283550201415E-005   1.2121212121212121E-002   1.0018400003449695        1.0101010101010102E-002   1.0018400003449695        1.0000000000000000        2.0515146366406611E-004
  0.61615638757384705        5.7241475713458219E-005   1.2121212121212121E-002   1.0018379555417312        1.0101010101010102E-002   1.0018379555417312        1.0000000000000000        2.2134458872447027E-004
  0.62625703713109793        6.1186666642144014E-005   1.2121212121212121E-002   1.0018357596813834        1.0101010101010102E-002   1.0018357596813834        1.0000000000000000        2.3666000766286999E-004
  0.63635770911384282        6.4885976854486894E-005   1.2121212121212121E-002   1.0018334214786648        1.0101010101010102E-002   1.0018334214786648        1.0000000000000000        2.5103580674556980E-004
  0.64645840488432249        6.8324505193166548E-005   1.2121212121212121E-002   1.0018309502218319        1.0101010101010102E-002   1.0018309502218319        1.0000000000000000        2.6441425085899084E-004
  0.65655912571028519        7.1488389990776168E-005   1.2121212121212121E-002   1.0018283557368945        1.0101010101010102E-002   1.0018283557368945        1.0000000000000000        2.7674091002527490E-004
  0.66665987275980432        7.4364873428406838E-005   1.2121212121212121E-002   1.0018256483494958        1.0101010101010102E-002   1.0018256483494958        1.0000000000000000        2.8796599188751770E-004
  0.67676064709658590        7.6942344362211377E-005   1.2121212121212121E-002   1.0018228388461743        1.0101010101010102E-002   1.0018228388461743        1.0000000000000000        2.9804311222036972E-004
  0.68686144967554941        7.9210389583128502E-005   1.2121212121212121E-002   1.0018199384339701        1.0101010101010102E-002   1.0018199384339701        1.0000000000000000        3.0693091635836112E-004
  0.69696228133892546        8.1159836222836473E-005   1.2121212121212121E-002   1.0018169586947843        1.0101010101010102E-002   1.0018169586947843        1.0000000000000000        3.1459252536869542E-004
  0.70706314281274940        8.2782785069324946E-005   1.2121212121212121E-002   1.0018139115405660        1.0101010101010102E-002   1.0018139115405660        1.0000000000000000        3.2099594849910318E-004
  0.71716403470384082        8.4072651467434120E-005   1.2121212121212121E-002   1.0018108091680022        1.0101010101010102E-002   1.0018108091680022        1.0000000000000000        3.2611372038005015E-004
  0.72726495749718811        8.5024187051650418E-005   1.2121212121212121E-002   1.0018076640103653        1.0101010101010102E-002   1.0018076640103653        1.0000000000000000        3.2992392162611850E-004
  0.73736591155387854        8.5633499073690562E-005   1.2121212121212121E-002   1.0018044886866870        1.0101010101010102E-002   1.0018044886866870        1.0000000000000000        3.3240965481162732E-004
  0.74746689710949854        8.5898072182992802E-005   1.2121212121212121E-002   1.0018012959542260        1.0101010101010102E-002   1.0018012959542260        1.0000000000000000        3.3355893154851657E-004
  0.75756791427298831        8.5816779655105822E-005   1.2121212121212121E-002   1.0017980986568327        1.0101010101010102E-002   1.0017980986568327        1.0000000000000000        3.3336561878272164E-004
  0.76766896302606635        8.5389889137159073E-005   1.2121212121212121E-002   1.0017949096714147        1.0101010101010102E-002   1.0017949096714147        1.0000000000000000        3.3182888244454034E-004
  0.77777004322315291        8.4619052086079316E-005   1.2121212121212121E-002   1.0017917418582873        1.0101010101010102E-002   1.0017917418582873        1.0000000000000000        3.2895298663682127E-004
  0.78787115459176116        8.3507314993729246E-005   1.2121212121212121E-002   1.0017886080082605        1.0101010101010102E-002   1.0017886080082605        1.0000000000000000        3.2474808603311089E-004
  0.79797229673347581        8.2059096575999552E-005   1.2121212121212121E-002   1.0017855207910142        1.0101010101010102E-002   1.0017855207910142        1.0000000000000000        3.1922921993743358E-004
  0.80807346912536226        8.0280175986896155E-005   1.2121212121212121E-002   1.0017824927036061        1.0101010101010102E-002   1.0017824927036061        1.0000000000000000        3.1241734059506143E-004
  0.81817467112195719        7.8177664942071437E-005   1.2121212121212121E-002   1.0017795360166557        1.0101010101010102E-002   1.0017795360166557        1.0000000000000000        3.0433863726120336E-004
  0.82827590195776069        7.5759983234222533E-005   1.2121212121212121E-002   1.0017766627275864        1.0101010101010102E-002   1.0017766627275864        1.0000000000000000        2.9502388666546864E-004
  0.83837716075012636        7.3036833532741415E-005   1.2121212121212121E-002   1.0017738845084536        1.0101010101010102E-002   1.0017738845084536        1.0000000000000000        2.8451012373054141E-004
  0.84847844650280013        7.0019147224681605E-005   1.2121212121212121E-002   1.0017712126559883        1.0101010101010102E-002   1.0017712126559883        1.0000000000000000        2.7283858383775339E-004
  0.85857975810980314        6.6719048753210707E-005   1.2121212121212121E-002   1.0017686580469074        1.0101010101010102E-002   1.0017686580469074        1.0000000000000000        2.6005561938813315E-004
  0.86868109435984309        6.3149812050293898E-005   1.2121212121212121E-002   1.0017662310924993        1.0101010101010102E-002   1.0017662310924993        1.0000000000000000        2.4621189968687673E-004
  0.87878245394109777        5.9325800827388194E-005   1.2121212121212121E-002   1.0017639416932864        1.0101010101010102E-002   1.0017639416932864        1.0000000000000000        2.3136332242845725E-004
  0.88888383544652327        5.5262411829220385E-005   1.2121212121212121E-002   1.0017617991948131        1.0101010101010102E-002   1.0017617991948131        1.0000000000000000        2.1556973741443386E-004
  0.89898523737952751        5.0976011580581581E-005   1.2121212121212121E-002   1.0017598123522871        1.0101010101010102E-002   1.0017598123522871        1.0000000000000000        1.9889444721599148E-004
  0.90908665815995571        4.6483875720474809E-005   1.2121212121212121E-002   1.0017579892925805        1.0101010101010102E-002   1.0017579892925805        1.0000000000000000        1.8140518849740772E-004
  0.91918809613052321        4.1804117287096357E-005   1.2121212121212121E-002   1.0017563374771292        1.0101010101010102E-002   1.0017563374771292        1.0000000000000000        1.6317306025026568E-004
  0.92928954956354193        3.6955607674498389E-005   1.2121212121212121E-002   1.0017548636700135        1.0101010101010102E-002   1.0017548636700135        1.0000000000000000        1.4427247955683953E-004
  0.93939101666798275        3.1957905190152671E-005   1.2121212121212121E-002   1.0017535739104051        1.0101010101010102E-002   1.0017535739104051        1.0000000000000000        1.2478024419682043E-004
  0.94949249559674542        2.6831178631128784E-005   1.2121212121212121E-002   1.0017524734879037        1.0101010101010102E-002   1.0017524734879037        1.0000000000000000        1.0477594079549846E-004
  0.95959398445420141        2.1596119662912061E-005   1.2121212121212121E-002   1.0017515669169303        1.0101010101010102E-002   1.0017515669169303        1.0000000000000000        8.4341722328851176E-005
  0.96969548130398253        1.6273859989640971E-005   1.2121212121212121E-002   1.0017508579167533        1.0101010101010102E-002   1.0017508579167533        1.0000000000000000        6.3561372907194880E-005
  0.97979698417691929        1.0885885706094340E-005   1.2121212121212121E-002   1.0017503493975379        1.0101010101010102E-002   1.0017503493975379        1.0000000000000000        4.2519918333816520E-005
  0.98989849107909911        5.4539542520797002E-006   1.2121212121212121E-002   1.0017500434485596        1.0101010101010102E-002   1.0017500434485596        1.0000000000000000        2.1303588217058689E-005
   1.0000000000000346        1.9112288559781172E-013   1.2121212121212121E-002   1.0017499413266968        1.0101010101010102E-002   1.0017499413266968        1.0000000000000000       -1.2911716140706631E-010
   1.0101015089209557       -5.4016299127017695E-006   1.2121212121212121E-002   1.0017500434487543        1.0101010101010102E-002   1.0017500434487543        1.0000000000000000       -2.1303505079117713E-005
   1.0202030158231352       -1.0781451206974502E-005   1.2121212121212121E-002   1.0017503493975393        1.0101010101010102E-002   1.0017503493975393        1.0000000000000000       -4.2519868284074391E-005
   1.0303045186960729       -1.6117743554941317E-005   1.2121212121212121E-002   1.0017508579168684        1.0101010101010102E-002   1.0017508579168684        1.0000000000000000       -6.3561404395784393E-005
   1.0404060155458505       -2.1388963389032140E-005   1.2121212121212121E-002   1.0017515669170396        1.0101010101010102E-002   1.0017515669170396        1.0000000000000000       -8.4341691938050189E-005
   1.0505075044033076       -2.6573833224965195E-005   1.2121212121212121E-002   1.0017524734879026        1.0101010101010102E-002   1.0017524734879026        1.0000000000000000       -1.0477594685376346E-004
   1.0606089833320693       -3.1651426276770358E-005   1.2121212121212121E-002   1.0017535739103047        1.0101010101010102E-002   1.0017535739103047        1.0000000000000000       -1.2478021450057497E-004
   1.0707104504365130       -3.6601252243351353E-005   1.2121212121212121E-002   1.0017548636698281        1.0101010101010102E-002   1.0017548636698281        1.0000000000000000       -1.4427249402171327E-004
   1.0808119038695332       -4.1403338403606870E-005   1.2121212121212121E-002   1.0017563374771739        1.0101010101010102E-002   1.0017563374771739        1.0000000000000000       -1.6317309123259349E-004
   1.0909133418400978       -4.6038315684153665E-005   1.2121212121212121E-002   1.0017579892925854        1.0101010101010102E-002   1.0017579892925854        1.0000000000000000        7.6222586005635407     
   1.1010147626205291       -5.0487493847286103E-005   1.2121212121212121E-002   1.0017598123524196        1.0101010101010102E-002   1.0017598123524196        1.0000000000000000        93.406602241419748     
  -1.0101508920900892E-002   5.4016295818695739E-006   1.2121212121212121E-002   1.0017500434485596        1.0101010101010102E-002   1.0017500434485596        1.0000000000000000        2.1303530833627349E-005
  -2.0203015823080706E-002   1.0781450636198644E-005   1.2121212121212121E-002   1.0017503493975379        1.0101010101010102E-002   1.0017503493975379        1.0000000000000000        4.2519880124380904E-005
  -3.0304518696017468E-002   1.6117743920810622E-005   1.2121212121212121E-002   1.0017508579167533        1.0101010101010102E-002   1.0017508579167533        1.0000000000000000        6.3561372914300307E-005
  -4.0406015545798590E-002   2.1388963917729973E-005   1.2121212121212121E-002   1.0017515669169303        1.0101010101010102E-002   1.0017515669169303        1.0000000000000000        8.4341722323522106E-005
  -5.0507504403254577E-002   2.6573833275641340E-005   1.2121212121212121E-002   1.0017524734879037        1.0101010101010102E-002   1.0017524734879037        1.0000000000000000        1.0477594080082753E-004
  -6.0608983332017252E-002   3.1651426008830892E-005   1.2121212121212121E-002   1.0017535739104051        1.0101010101010102E-002   1.0017535739104051        1.0000000000000000        1.2478024418616229E-004
  -7.0710450436458072E-002   3.6601252183565687E-005   1.2121212121212121E-002   1.0017548636700135        1.0101010101010102E-002   1.0017548636700135        1.0000000000000000        1.4427247956128042E-004
  -8.0811903869476787E-002   4.1403338607052346E-005   1.2121212121212121E-002   1.0017563374771292        1.0101010101010102E-002   1.0017563374771292        1.0000000000000000        1.6317306025115386E-004
  -9.0913341840044293E-002   4.6038315538496802E-005   1.2121212121212121E-002   1.0017579892925805        1.0101010101010102E-002   1.0017579892925805        1.0000000000000000       -7.6222586005197428     
 -0.10101476262047249        5.0487494211208747E-005   1.2121212121212121E-002   1.0017598123522871        1.0101010101010102E-002   1.0017598123522871        1.0000000000000000       -93.406602241444716     
