 # x v h rho m p cs a t ek
  0.15030303030303024     
  -1.0902035319805659E-015  -1.0894019693075808E-013   1.2121212121212121E-002   1.0017186662809756        1.0101010101010102E-002   1.0017186662809756        1.0000000000000000        9.5177199455065420E-012  0.15030303030303024        7.7617298230637751E-010
   1.0101818050789059E-002   3.5340202991432587E-006   1.2121212121212121E-002   1.0017188308485614        1.0101010101010102E-002   1.0017188308485614        1.0000000000000000       -3.4331617558613914E-005  0.15030303030303024        7.7617298230637751E-010
   2.0203632848220125E-002   7.0538098574873503E-006   1.2121212121212121E-002   1.0017193238889710        1.0101010101010102E-002   1.0017193238889710        1.0000000000000000       -6.8524975730177573E-005  0.15030303030303024        7.7617298230637751E-010
   3.0305441152036892E-002   1.0545194686094851E-005   1.2121212121212121E-002   1.0017201434175953        1.0101010101010102E-002   1.0017201434175953        1.0000000000000000       -1.0244241710299917E-004  0.15030303030303024        7.7617298230637751E-010
   4.0407239748133303E-002   1.3994115726587335E-005   1.2121212121212121E-002   1.0017212861360933        1.0101010101010102E-002   1.0017212861360933        1.0000000000000000       -1.3594741977840386E-004  0.15030303030303024        7.7617298230637751E-010
   5.0509025461490664E-002   1.7386685094323864E-005   1.2121212121212121E-002   1.0017227474453694        1.0101010101010102E-002   1.0017227474453694        1.0000000000000000       -1.6890505061795125E-004  0.15030303030303024        7.7617298230637751E-010
   6.0610795168965968E-002   2.0709241383665163E-005   1.2121212121212121E-002   1.0017245214637429        1.0101010101010102E-002   1.0017245214637429        1.0000000000000000       -2.0118257873935619E-004  0.15030303030303024        7.7617298230637751E-010
   7.0712545811871030E-002   2.3948405118061386E-005   1.2121212121212121E-002   1.0017266010508117        1.0101010101010102E-002   1.0017266010508117        1.0000000000000000       -2.3265006146200307E-004  0.15030303030303024        7.7617298230637751E-010
   8.0814274408286979E-002   2.7091132970061674E-005   1.2121212121212121E-002   1.0017289778363965        1.0101010101010102E-002   1.0017289778363965        1.0000000000000000       -2.6318082009968435E-004  0.15030303030303024        7.7617298230637751E-010
   9.0915978065069153E-002   3.0124770067293628E-005   1.2121212121212121E-002   1.0017316422540177        1.0101010101010102E-002   1.0017316422540177        1.0000000000000000       -2.9265190772775895E-004  0.15030303030303024        7.7617298230637751E-010
  0.10101765398949909        3.3037100689565398E-005   1.2121212121212121E-002   1.0017345835792197        1.0101010101010102E-002   1.0017345835792197        1.0000000000000000       -3.2094465174914433E-004  0.15030303030303024        7.7617298230637751E-010
  0.11111929950053039        3.5816397538333433E-005   1.2121212121212121E-002   1.0017377899727444        1.0101010101010102E-002   1.0017377899727444        1.0000000000000000       -3.4794512691593837E-004  0.15030303030303024        7.7617298230637751E-010
  0.12122091203958504        3.8451469219318736E-005   1.2121212121212121E-002   1.0017412485282076        1.0101010101010102E-002   1.0017412485282076        1.0000000000000000       -3.7354462484362472E-004  0.15030303030303024        7.7617298230637751E-010
  0.13132248918085485        4.0931705197070747E-005   1.2121212121212121E-002   1.0017449453240210        1.0101010101010102E-002   1.0017449453240210        1.0000000000000000       -3.9764006794218432E-004  0.15030303030303024        7.7617298230637751E-010
  0.14142402864106923        4.3247118500699705E-005   1.2121212121212121E-002   1.0017488654793105        1.0101010101010102E-002   1.0017488654793105        1.0000000000000000       -4.2013443020927355E-004  0.15030303030303024        7.7617298230637751E-010
  0.15152552828868948        4.5388385833182230E-005   1.2121212121212121E-002   1.0017529932137572        1.0101010101010102E-002   1.0017529932137572        1.0000000000000000       -4.4093713343329455E-004  0.15030303030303024        7.7617298230637751E-010
  0.16162698615249141        4.7346885257667366E-005   1.2121212121212121E-002   1.0017573119110408        1.0101010101010102E-002   1.0017573119110408        1.0000000000000000       -4.5996440333517796E-004  0.15030303030303024        7.7617298230637751E-010
  0.17172840042950349        4.9114730828051333E-005   1.2121212121212121E-002   1.0017618041856862        1.0101010101010102E-002   1.0017618041856862        1.0000000000000000       -4.7713962393913789E-004  0.15030303030303024        7.7617298230637751E-010
  0.18182976949226623        5.0684804370711603E-005   1.2121212121212121E-002   1.0017664519530598        1.0101010101010102E-002   1.0017664519530598        1.0000000000000000       -4.9239363758779575E-004  0.15030303030303024        7.7617298230637751E-010
  0.19193109189538432        5.2050784162136576E-005   1.2121212121212121E-002   1.0017712365020526        1.0101010101010102E-002   1.0017712365020526        1.0000000000000000       -5.0566500586946006E-004  0.15030303030303024        7.7617298230637751E-010
  0.20203236638134794        5.3207170346623425E-005   1.2121212121212121E-002   1.0017761385703794        1.0101010101010102E-002   1.0017761385703794        1.0000000000000000       -5.1690029146111982E-004  0.15030303030303024        7.7617298230637751E-010
  0.21213359188559466        5.4149307099504510E-005   1.2121212121212121E-002   1.0017811384221194        1.0101010101010102E-002   1.0017811384221194        1.0000000000000000       -5.2605424400642420E-004  0.15030303030303024        7.7617298230637751E-010
  0.22223476754079638        5.4873401331974809E-005   1.2121212121212121E-002   1.0017862159271129        1.0101010101010102E-002   1.0017862159271129        1.0000000000000000       -5.3308999830914416E-004  0.15030303030303024        7.7617298230637751E-010
  0.23233589268035063        5.5376537957427716E-005   1.2121212121212121E-002   1.0017913506419471        1.0101010101010102E-002   1.0017913506419471        1.0000000000000000       -5.3797920627207674E-004  0.15030303030303024        7.7617298230637751E-010
  0.24243696684106578        5.5656691671386490E-005   1.2121212121212121E-002   1.0017965218922802        1.0101010101010102E-002   1.0017965218922802        1.0000000000000000       -5.4070218182644680E-004  0.15030303030303024        7.7617298230637751E-010
  0.25253798976502406        5.5712735051800458E-005   1.2121212121212121E-002   1.0018017088560756        1.0101010101010102E-002   1.0018017088560756        1.0000000000000000       -5.4124794488874528E-004  0.15030303030303024        7.7617298230637751E-010
  0.26263896140062104        5.5544443091393731E-005   1.2121212121212121E-002   1.0018068906474398        1.0101010101010102E-002   1.0018068906474398        1.0000000000000000       -5.3961429946980388E-004  0.15030303030303024        7.7617298230637751E-010
  0.27273988190277104        5.5152494048485021E-005   1.2121212121212121E-002   1.0018120464006706        1.0101010101010102E-002   1.0018120464006706        1.0000000000000000       -5.3580779600803652E-004  0.15030303030303024        7.7617298230637751E-010
  0.28284075163228539        5.4538466873080871E-005   1.2121212121212121E-002   1.0018171553542607        1.0101010101010102E-002   1.0018171553542607        1.0000000000000000       -5.2984376268039313E-004  0.15030303030303024        7.7617298230637751E-010
  0.29294157115441799        5.3704834651286582E-005   1.2121212121212121E-002   1.0018221969346757        1.0101010101010102E-002   1.0018221969346757        1.0000000000000000       -5.2174621698242163E-004  0.15030303030303024        7.7617298230637751E-010
  0.30304234123658708        5.2654954650791769E-005   1.2121212121212121E-002   1.0018271508390315        1.0101010101010102E-002   1.0018271508390315        1.0000000000000000       -5.1154773016204302E-004  0.15030303030303024        7.7617298230637751E-010
  0.31314306284528848        5.1393054958184814E-005   1.2121212121212121E-002   1.0018319971169594        1.0101010101010102E-002   1.0018319971169594        1.0000000000000000       -4.9928938605603435E-004  0.15030303030303024        7.7617298230637751E-010
  0.32324373714219989        4.9924217304167484E-005   1.2121212121212121E-002   1.0018367162510913        1.0101010101010102E-002   1.0018367162510913        1.0000000000000000       -4.8502053235743858E-004  0.15030303030303024        7.7617298230637751E-010
  0.33334436547950369        4.8254356585957426E-005   1.2121212121212121E-002   1.0018412892354622        1.0101010101010102E-002   1.0018412892354622        1.0000000000000000       -4.6879859846793437E-004  0.15030303030303024        7.7617298230637751E-010
  0.34344494939444448        4.6390197060053620E-005   1.2121212121212121E-002   1.0018456976522672        1.0101010101010102E-002   1.0018456976522672        1.0000000000000000       -4.5068892430588647E-004  0.15030303030303024        7.7617298230637751E-010
  0.35354549060313523        4.4339245408564892E-005   1.2121212121212121E-002   1.0018499237460912        1.0101010101010102E-002   1.0018499237460912        1.0000000000000000       -4.3076441114298092E-004  0.15030303030303024        7.7617298230637751E-010
  0.36364599099364975        4.2109760269021247E-005   1.2121212121212121E-002   1.0018539504954176        1.0101010101010102E-002   1.0018539504954176        1.0000000000000000       -4.0910529773441340E-004  0.15030303030303024        7.7617298230637751E-010
  0.37374645261841749        3.9710719133838766E-005   1.2121212121212121E-002   1.0018577616812527        1.0101010101010102E-002   1.0018577616812527        1.0000000000000000       -3.8579878161737469E-004  0.15030303030303024        7.7617298230637751E-010
  0.38384687768596160        3.7151782141418943E-005   1.2121212121212121E-002   1.0018613419525226        1.0101010101010102E-002   1.0018613419525226        1.0000000000000000       -3.6093872497300339E-004  0.15030303030303024        7.7617298230637751E-010
  0.39394726855200313        3.4443253219194963E-005   1.2121212121212121E-002   1.0018646768879378        1.0101010101010102E-002   1.0018646768879378        1.0000000000000000       -3.3462521088889474E-004  0.15030303030303024        7.7617298230637751E-010
  0.40404762770997860        3.1596038519781623E-005   1.2121212121212121E-002   1.0018677530541469        1.0101010101010102E-002   1.0018677530541469        1.0000000000000000       -3.0696421590015177E-004  0.15030303030303024        7.7617298230637751E-010
  0.41414795778099711        2.8621602520119828E-005   1.2121212121212121E-002   1.0018705580599927        1.0101010101010102E-002   1.0018705580599927        1.0000000000000000       -2.7806711884359459E-004  0.15030303030303024        7.7617298230637751E-010
  0.42424826150328682        2.5531922041204679E-005   1.2121212121212121E-002   1.0018730806062917        1.0101010101010102E-002   1.0018730806062917        1.0000000000000000       -2.4805026535812402E-004  0.15030303030303024        7.7617298230637751E-010
  0.43434854172117154        2.2339437759549070E-005   1.2121212121212121E-002   1.0018753105315683        1.0101010101010102E-002   1.0018753105315683        1.0000000000000000       -2.1703455499988422E-004  0.15030303030303024        7.7617298230637751E-010
  0.44444880137361414        1.9057004260709059E-005   1.2121212121212121E-002   1.0018772388530175        1.0101010101010102E-002   1.0018772388530175        1.0000000000000000       -1.8514486291909549E-004  0.15030303030303024        7.7617298230637751E-010
  0.45454904348238551        1.5697838264038067E-005   1.2121212121212121E-002   1.0018788578026006        1.0101010101010102E-002   1.0018788578026006        1.0000000000000000       -1.5250960528589985E-004  0.15030303030303024        7.7617298230637751E-010
  0.46464927113989696        1.2275465461471041E-005   1.2121212121212121E-002   1.0018801608585617        1.0101010101010102E-002   1.0018801608585617        1.0000000000000000       -1.1926021563724021E-004  0.15030303030303024        7.7617298230637751E-010
  0.47474948749674667        8.8036658101349768E-006   1.2121212121212121E-002   1.0018811427716454        1.0101010101010102E-002   1.0018811427716454        1.0000000000000000       -8.5530571072744976E-005  0.15030303030303024        7.7617298230637751E-010
  0.48484969574903586        5.2964186646355675E-006   1.2121212121212121E-002   1.0018817995862372        1.0101010101010102E-002   1.0018817995862372        1.0000000000000000       -5.1456503420865829E-005  0.15030303030303024        7.7617298230637751E-010
  0.49494989912549830        1.7678456216192781E-006   1.2121212121212121E-002   1.0018821286563473        1.0101010101010102E-002   1.0018821286563473        1.0000000000000000       -1.7175217512210850E-005  0.15030303030303024        7.7617298230637751E-010
  0.50505010087450142       -1.7678455813059980E-006   1.2121212121212121E-002   1.0018821286563306        1.0101010101010102E-002   1.0018821286563306        1.0000000000000000        1.7175220711429517E-005  0.15030303030303024        7.7617298230637751E-010
  0.51515030425096431       -5.2964186625526754E-006   1.2121212121212121E-002   1.0018817995862472        1.0101010101010102E-002   1.0018817995862472        1.0000000000000000        5.1456495100410393E-005  0.15030303030303024        7.7617298230637751E-010
  0.52525051250325283       -8.8036658679637592E-006   1.2121212121212121E-002   1.0018811427716670        1.0101010101010102E-002   1.0018811427716670        1.0000000000000000        8.5530576590997498E-005  0.15030303030303024        7.7617298230637751E-010
  0.53535072886010271       -1.2275465430696147E-005   1.2121212121212121E-002   1.0018801608585521        1.0101010101010102E-002   1.0018801608585521        1.0000000000000000        1.1926021692598709E-004  0.15030303030303024        7.7617298230637751E-010
  0.54545095651761422       -1.5697838300497692E-005   1.2121212121212121E-002   1.0018788578025786        1.0101010101010102E-002   1.0018788578025786        1.0000000000000000        1.5250960684287662E-004  0.15030303030303024        7.7617298230637751E-010
  0.55555119862638602       -1.9057004248715045E-005   1.2121212121212121E-002   1.0018772388530186        1.0101010101010102E-002   1.0018772388530186        1.0000000000000000        1.8514485635545697E-004  0.15030303030303024        7.7617298230637751E-010
  0.56565145827882812       -2.2339437755014611E-005   1.2121212121212121E-002   1.0018753105315725        1.0101010101010102E-002   1.0018753105315725        1.0000000000000000        2.1703456079880112E-004  0.15030303030303024        7.7617298230637751E-010
  0.57575173849671324       -2.5531922075342058E-005   1.2121212121212121E-002   1.0018730806062837        1.0101010101010102E-002   1.0018730806062837        1.0000000000000000        2.4805026202745495E-004  0.15030303030303024        7.7617298230637751E-010
  0.58585204221900278       -2.8621602564593395E-005   1.2121212121212121E-002   1.0018705580600049        1.0101010101010102E-002   1.0018705580600049        1.0000000000000000        2.7806711798294970E-004  0.15030303030303024        7.7617298230637751E-010
  0.59595237229002118       -3.1596038526332576E-005   1.2121212121212121E-002   1.0018677530541620        1.0101010101010102E-002   1.0018677530541620        1.0000000000000000        3.0696421587705913E-004  0.15030303030303024        7.7617298230637751E-010
  0.60605273144799643       -3.4443253156610111E-005   1.2121212121212121E-002   1.0018646768879393        1.0101010101010102E-002   1.0018646768879393        1.0000000000000000        3.3462521375771104E-004  0.15030303030303024        7.7617298230637751E-010
  0.61615312231403818       -3.7151782163610488E-005   1.2121212121212121E-002   1.0018613419525235        1.0101010101010102E-002   1.0018613419525235        1.0000000000000000        3.6093872278630812E-004  0.15030303030303024        7.7617298230637751E-010
  0.62625354738158201       -3.9710719179577149E-005   1.2121212121212121E-002   1.0018577616812365        1.0101010101010102E-002   1.0018577616812365        1.0000000000000000        3.8579878700861769E-004  0.15030303030303024        7.7617298230637751E-010
  0.63635400900635042       -4.2109760304584989E-005   1.2121212121212121E-002   1.0018539504954194        1.0101010101010102E-002   1.0018539504954194        1.0000000000000000        4.0910528854265493E-004  0.15030303030303024        7.7617298230637751E-010
  0.64645450939686422       -4.4339245404200281E-005   1.2121212121212121E-002   1.0018499237461020        1.0101010101010102E-002   1.0018499237461020        1.0000000000000000        4.3076441834344337E-004  0.15030303030303024        7.7617298230637751E-010
  0.65655505060555541       -4.6390197028042422E-005   1.2121212121212121E-002   1.0018456976522543        1.0101010101010102E-002   1.0018456976522543        1.0000000000000000        4.5068892251975967E-004  0.15030303030303024        7.7617298230637751E-010
  0.66665563452049603       -4.8254356548186635E-005   1.2121212121212121E-002   1.0018412892354382        1.0101010101010102E-002   1.0018412892354382        1.0000000000000000        4.6879860273918439E-004  0.15030303030303024        7.7617298230637751E-010
  0.67675626285780055       -4.9924217327924345E-005   1.2121212121212121E-002   1.0018367162511062        1.0101010101010102E-002   1.0018367162511062        1.0000000000000000        4.8502051894061537E-004  0.15030303030303024        7.7617298230637751E-010
  0.68685693715471097       -5.1393055000367271E-005   1.2121212121212121E-002   1.0018319971170193        1.0101010101010102E-002   1.0018319971170193        1.0000000000000000        4.9928939082999335E-004  0.15030303030303024        7.7617298230637751E-010
  0.69695765876341198       -5.2654954644186829E-005   1.2121212121212121E-002   1.0018271508390280        1.0101010101010102E-002   1.0018271508390280        1.0000000000000000        5.1154773806505460E-004  0.15030303030303024        7.7617298230637751E-010
  0.70705842884558168       -5.3704834624897331E-005   1.2121212121212121E-002   1.0018221969346832        1.0101010101010102E-002   1.0018221969346832        1.0000000000000000        5.2174620732703403E-004  0.15030303030303024        7.7617298230637751E-010
  0.71715924836771350       -5.4538466858573825E-005   1.2121212121212121E-002   1.0018171553542756        1.0101010101010102E-002   1.0018171553542756        1.0000000000000000        5.2984377093157065E-004  0.15030303030303024        7.7617298230637751E-010
  0.72726011809722824       -5.5152494058266808E-005   1.2121212121212121E-002   1.0018120464006430        1.0101010101010102E-002   1.0018120464006430        1.0000000000000000        5.3580779645301391E-004  0.15030303030303024        7.7617298230637751E-010
  0.73736103859937852       -5.5544443071276685E-005   1.2121212121212121E-002   1.0018068906474373        1.0101010101010102E-002   1.0018068906474373        1.0000000000000000        5.3961429399240757E-004  0.15030303030303024        7.7617298230637751E-010
  0.74746201023497527       -5.5712735061596312E-005   1.2121212121212121E-002   1.0018017088561038        1.0101010101010102E-002   1.0018017088561038        1.0000000000000000        5.4124794352805594E-004  0.15030303030303024        7.7617298230637751E-010
  0.75756303315893314       -5.5656691670219604E-005   1.2121212121212121E-002   1.0017965218922911        1.0101010101010102E-002   1.0017965218922911        1.0000000000000000        5.4070218661284031E-004  0.15030303030303024        7.7617298230637751E-010
  0.76766410731964851       -5.5376537978382348E-005   1.2121212121212121E-002   1.0017913506419500        1.0101010101010102E-002   1.0017913506419500        1.0000000000000000        5.3797920369991203E-004  0.15030303030303024        7.7617298230637751E-010
  0.77776523245920248       -5.4873401329243765E-005   1.2121212121212121E-002   1.0017862159271087        1.0101010101010102E-002   1.0017862159271087        1.0000000000000000        5.3309000255019612E-004  0.15030303030303024        7.7617298230637751E-010
  0.78786640811440456       -5.4149307083416224E-005   1.2121212121212121E-002   1.0017811384221083        1.0101010101010102E-002   1.0017811384221083        1.0000000000000000        5.2605424064999795E-004  0.15030303030303024        7.7617298230637751E-010
  0.79796763361865120       -5.3207170319990066E-005   1.2121212121212121E-002   1.0017761385703896        1.0101010101010102E-002   1.0017761385703896        1.0000000000000000        5.1690029069906274E-004  0.15030303030303024        7.7617298230637751E-010
  0.80806890810461462       -5.2050784179511695E-005   1.2121212121212121E-002   1.0017712365020461        1.0101010101010102E-002   1.0017712365020461        1.0000000000000000        5.0566501013271647E-004  0.15030303030303024        7.7617298230637751E-010
  0.81817023050773308       -5.0684804368381023E-005   1.2121212121212121E-002   1.0017664519530585        1.0101010101010102E-002   1.0017664519530585        1.0000000000000000        4.9239363168318562E-004  0.15030303030303024        7.7617298230637751E-010
  0.82827159957049556       -4.9114730814057163E-005   1.2121212121212121E-002   1.0017618041857312        1.0101010101010102E-002   1.0017618041857312        1.0000000000000000        4.7713962045037306E-004  0.15030303030303024        7.7617298230637751E-010
  0.83837301384750684       -4.7346885263783879E-005   1.2121212121212121E-002   1.0017573119110454        1.0101010101010102E-002   1.0017573119110454        1.0000000000000000        4.5996441513551645E-004  0.15030303030303024        7.7617298230637751E-010
  0.84847447171130952       -4.5388385877510839E-005   1.2121212121212121E-002   1.0017529932137381        1.0101010101010102E-002   1.0017529932137381        1.0000000000000000        4.4093712686077424E-004  0.15030303030303024        7.7617298230637751E-010
  0.85857597135892949       -4.3247118456742429E-005   1.2121212121212121E-002   1.0017488654793185        1.0101010101010102E-002   1.0017488654793185        1.0000000000000000        4.2013443137278728E-004  0.15030303030303024        7.7617298230637751E-010
  0.86867751081914391       -4.0931705200270878E-005   1.2121212121212121E-002   1.0017449453240101        1.0101010101010102E-002   1.0017449453240101        1.0000000000000000        3.9764007028253445E-004  0.15030303030303024        7.7617298230637751E-010
  0.87877908796041393       -3.8451469217597876E-005   1.2121212121212121E-002   1.0017412485281942        1.0101010101010102E-002   1.0017412485281942        1.0000000000000000        3.7354462347316542E-004  0.15030303030303024        7.7617298230637751E-010
  0.88888070049946866       -3.5816397584770212E-005   1.2121212121212121E-002   1.0017377899727451        1.0101010101010102E-002   1.0017377899727451        1.0000000000000000        3.4794512505520458E-004  0.15030303030303024        7.7617298230637751E-010
  0.89898234601049987       -3.3037100674736386E-005   1.2121212121212121E-002   1.0017345835792364        1.0101010101010102E-002   1.0017345835792364        1.0000000000000000        3.2094464999676831E-004  0.15030303030303024        7.7617298230637751E-010
  0.90908402193492954       -3.0124770068318348E-005   1.2121212121212121E-002   1.0017316422540392        1.0101010101010102E-002   1.0017316422540392        1.0000000000000000        2.9265190840721544E-004  0.15030303030303024        7.7617298230637751E-010
  0.91918572559171152       -2.7091132933635479E-005   1.2121212121212121E-002   1.0017289778364027        1.0101010101010102E-002   1.0017289778364027        1.0000000000000000        2.6318082302889678E-004  0.15030303030303024        7.7617298230637751E-010
  0.92928745418812753       -2.3948405030141298E-005   1.2121212121212121E-002   1.0017266010507944        1.0101010101010102E-002   1.0017266010507944        1.0000000000000000        2.3265006337958027E-004  0.15030303030303024        7.7617298230637751E-010
  0.93938920483103294       -2.0709241432464313E-005   1.2121212121212121E-002   1.0017245214637398        1.0101010101010102E-002   1.0017245214637398        1.0000000000000000        2.0118257373091808E-004  0.15030303030303024        7.7617298230637751E-010
  0.94949097453850795       -1.7386685099306275E-005   1.2121212121212121E-002   1.0017227474453796        1.0101010101010102E-002   1.0017227474453796        1.0000000000000000        1.6890505279043566E-004  0.15030303030303024        7.7617298230637751E-010
  0.95959276025186535       -1.3994115732353536E-005   1.2121212121212121E-002   1.0017212861360885        1.0101010101010102E-002   1.0017212861360885        1.0000000000000000        1.3594742048450570E-004  0.15030303030303024        7.7617298230637751E-010
  0.96969455884796185       -1.0545194663784978E-005   1.2121212121212121E-002   1.0017201434175935        1.0101010101010102E-002   1.0017201434175935        1.0000000000000000        1.0244241647328067E-004  0.15030303030303024        7.7617298230637751E-010
  0.97979636715177854       -7.0538099295720471E-006   1.2121212121212121E-002   1.0017193238889597        1.0101010101010102E-002   1.0017193238889597        1.0000000000000000        6.8524977764106154E-005  0.15030303030303024        7.7617298230637751E-010
  0.98989818194920998       -3.5340202775396944E-006   1.2121212121212121E-002   1.0017188308485736        1.0101010101010102E-002   1.0017188308485736        1.0000000000000000        3.4331610932802903E-005  0.15030303030303024        7.7617298230637751E-010
  0.99999999999999944        2.2154380390747036E-013   1.2121212121212121E-002   1.0017186662809774        1.0101010101010102E-002   1.0017186662809774        1.0000000000000000       -1.0889067425523535E-012  0.15030303030303024        7.7617298230637751E-010
   1.0101018180507890        3.6168020007015265E-006   1.2121212121212121E-002   1.0017188308485614        1.0101010101010102E-002   1.0017188308485614        1.0000000000000000       -3.4331614489957474E-005  0.15030303030303024        7.7617298230637751E-010
   1.0202036328482200        7.2190398750632977E-006   1.2121212121212121E-002   1.0017193238889710        1.0101010101010102E-002   1.0017193238889710        1.0000000000000000       -6.8524972077099733E-005  0.15030303030303024        7.7617298230637751E-010
   1.0303054411520369        1.0792207732026748E-005   1.2121212121212121E-002   1.0017201434175953        1.0101010101010102E-002   1.0017201434175953        1.0000000000000000       -1.0244241926660180E-004  0.15030303030303024        7.7617298230637751E-010
   1.0404072397481332        1.4321917315371673E-005   1.2121212121212121E-002   1.0017212861360933        1.0101010101010102E-002   1.0017212861360933        1.0000000000000000       -1.3594741811484568E-004  0.15030303030303024        7.7617298230637751E-010
   1.0505090254614906        1.7793955369925810E-005   1.2121212121212121E-002   1.0017227474453694        1.0101010101010102E-002   1.0017227474453694        1.0000000000000000       -1.6890504904942816E-004  0.15030303030303024        7.7617298230637751E-010
   1.0606107951689661        2.1194340456359825E-005   1.2121212121212121E-002   1.0017245214637429        1.0101010101010102E-002   1.0017245214637429        1.0000000000000000       -2.0118258075285667E-004  0.15030303030303024        7.7617298230637751E-010
   1.0707125458118711        2.4509379784581224E-005   1.2121212121212121E-002   1.0017266010508117        1.0101010101010102E-002   1.0017266010508117        1.0000000000000000       -2.3265006319750370E-004  0.15030303030303024        7.7617298230637751E-010
   1.0808142744082869        2.7725724567929435E-005   1.2121212121212121E-002   1.0017289778363965        1.0101010101010102E-002   1.0017289778363965        1.0000000000000000       -2.6318081741649735E-004  0.15030303030303024        7.7617298230637751E-010
   1.0909159780650692        3.0830423472749063E-005   1.2121212121212121E-002   1.0017316422540177        1.0101010101010102E-002   1.0017316422540177        1.0000000000000000        7.6204569033560574       0.15030303030303024        7.7617298230637751E-010
   1.1010176539894991        3.3810974632847894E-005   1.2121212121212121E-002   1.0017345835792197        1.0101010101010102E-002   1.0017345835792197        1.0000000000000000        93.405600211674596       0.15030303030303024        7.7617298230637751E-010
  -1.0101818050790023E-002  -3.6168019632808501E-006   1.2121212121212121E-002   1.0017188308485736        1.0101010101010102E-002   1.0017188308485736        1.0000000000000000        3.4331607967175160E-005  0.15030303030303024        7.7617298230637751E-010
  -2.0203632848221464E-002  -7.2190399487488681E-006   1.2121212121212121E-002   1.0017193238889597        1.0101010101010102E-002   1.0017193238889597        1.0000000000000000        6.8524975735506644E-005  0.15030303030303024        7.7617298230637751E-010
  -3.0305441152038148E-002  -1.0792207708774867E-005   1.2121212121212121E-002   1.0017201434175935        1.0101010101010102E-002   1.0017201434175935        1.0000000000000000        1.0244241647505703E-004  0.15030303030303024        7.7617298230637751E-010
  -4.0407239748134649E-002  -1.4321917323483743E-005   1.2121212121212121E-002   1.0017212861360885        1.0101010101010102E-002   1.0017212861360885        1.0000000000000000        1.3594742049072295E-004  0.15030303030303024        7.7617298230637751E-010
  -5.0509025461492052E-002  -1.7793955379834649E-005   1.2121212121212121E-002   1.0017227474453796        1.0101010101010102E-002   1.0017227474453796        1.0000000000000000        1.6890505279043566E-004  0.15030303030303024        7.7617298230637751E-010
  -6.0610795168967058E-002  -2.1194340489358012E-005   1.2121212121212121E-002   1.0017245214637398        1.0101010101010102E-002   1.0017245214637398        1.0000000000000000        2.0118257373002990E-004  0.15030303030303024        7.7617298230637751E-010
  -7.0712545811872474E-002  -2.4509379705940178E-005   1.2121212121212121E-002   1.0017266010507944        1.0101010101010102E-002   1.0017266010507944        1.0000000000000000        2.3265006338402117E-004  0.15030303030303024        7.7617298230637751E-010
  -8.0814274408288478E-002  -2.7725724538829367E-005   1.2121212121212121E-002   1.0017289778364027        1.0101010101010102E-002   1.0017289778364027        1.0000000000000000        2.6318082302889678E-004  0.15030303030303024        7.7617298230637751E-010
  -9.0915978065070457E-002  -3.0830423473834071E-005   1.2121212121212121E-002   1.0017316422540392        1.0101010101010102E-002   1.0017316422540392        1.0000000000000000       -7.6204569033576348       0.15030303030303024        7.7617298230637751E-010
 -0.10101765398950013       -3.3810974615388797E-005   1.2121212121212121E-002   1.0017345835792364        1.0101010101010102E-002   1.0017345835792364        1.0000000000000000       -93.405600211676159       0.15030303030303024        7.7617298230637751E-010
