 # x v h rho m p cs a
   28.950303030308131     
   2.3592795750911933E-014   5.0103167406191599E-013   1.2121212121212121E-002   1.0017785336227891        1.0101010101010102E-002   1.0017785336227891        1.0000000000000000        7.5163875123962498E-011
   1.0101226323357681E-002   6.1718968045259202E-006   1.2121212121212121E-002   1.0017785774494357        1.0101010101010102E-002   1.0017785774494357        1.0000000000000000       -9.1420974035472113E-006
   2.0202451780380912E-002   1.2319081317441111E-005   1.2121212121212121E-002   1.0017787087576120        1.0101010101010102E-002   1.0017787087576120        1.0000000000000000       -1.8248178927038339E-005
   3.0303675508194895E-002   1.8416932825319435E-005   1.2121212121212121E-002   1.0017789270283628        1.0101010101010102E-002   1.0017789270283628        1.0000000000000000       -2.7282077089907375E-005
   4.0404896650743712E-002   2.4441023678812422E-005   1.2121212121212121E-002   1.0017792313996510        1.0101010101010102E-002   1.0017792313996510        1.0000000000000000       -3.6208324097231070E-005
   5.0506114362172415E-002   3.0367224481404777E-005   1.2121212121212121E-002   1.0017796206706144        1.0101010101010102E-002   1.0017796206706144        1.0000000000000000       -4.4991706703356726E-005
   6.0607327810160455E-002   3.6171789456601826E-005   1.2121212121212121E-002   1.0017800933037539        1.0101010101010102E-002   1.0017800933037539        1.0000000000000000       -5.3597222157364399E-005
   7.0708536179249062E-002   4.1831449106494913E-005   1.2121212121212121E-002   1.0017806474314543        1.0101010101010102E-002   1.0017806474314543        1.0000000000000000       -6.1991001170547122E-005
   8.0809738674039414E-002   4.7323504916682555E-005   1.2121212121212121E-002   1.0017812808636350        1.0101010101010102E-002   1.0017812808636350        1.0000000000000000       -7.0139627166732055E-005
   9.0910934522364678E-002   5.2625923377301119E-005   1.2121212121212121E-002   1.0017819910944787        1.0101010101010102E-002   1.0017819910944787        1.0000000000000000       -7.8010686729079737E-005
  0.10101212297836680        5.7717421174073715E-005   1.2121212121212121E-002   1.0017827753139001        1.0101010101010102E-002   1.0017827753139001        1.0000000000000000       -8.5573089160462246E-005
  0.11111330332542584        6.2577543981672703E-005   1.2121212121212121E-002   1.0017836304159737        1.0101010101010102E-002   1.0017836304159737        1.0000000000000000       -9.2796230180880457E-005
  0.12121447487908477        6.7186752250707543E-005   1.2121212121212121E-002   1.0017845530115970        1.0101010101010102E-002   1.0017845530115970        1.0000000000000000       -9.9651652050170014E-005
  0.13131563698972243        7.1526504723995324E-005   1.2121212121212121E-002   1.0017855394422757        1.0101010101010102E-002   1.0017855394422757        1.0000000000000000       -1.0611158917406271E-004
  0.14141678904519747        7.5579325262319617E-005   1.2121212121212121E-002   1.0017865857909876        1.0101010101010102E-002   1.0017865857909876        1.0000000000000000       -1.1214991389874029E-004
  0.15151793047332671        7.9328875537013925E-005   1.2121212121212121E-002   1.0017876879002148        1.0101010101010102E-002   1.0017876879002148        1.0000000000000000       -1.1774255917185172E-004
  0.16161906074415189        8.2760018817389487E-005   1.2121212121212121E-002   1.0017888413868099        1.0101010101010102E-002   1.0017888413868099        1.0000000000000000       -1.2286655503057631E-004
  0.17172017937213319        8.5858888210553518E-005   1.2121212121212121E-002   1.0017900416578986        1.0101010101010102E-002   1.0017900416578986        1.0000000000000000       -1.2750112315096374E-004
  0.18182128591810334        8.8612939109795175E-005   1.2121212121212121E-002   1.0017912839290333        1.0101010101010102E-002   1.0017912839290333        1.0000000000000000       -1.3162705794567131E-004
  0.19192237999109776        9.1010998362070042E-005   1.2121212121212121E-002   1.0017925632424436        1.0101010101010102E-002   1.0017925632424436        1.0000000000000000       -1.3522744635174888E-004
  0.20202346124995432        9.3043312195452172E-005   1.2121212121212121E-002   1.0017938744881791        1.0101010101010102E-002   1.0017938744881791        1.0000000000000000       -1.3828746358512944E-004
  0.21212452940471296        9.4701590450956506E-005   1.2121212121212121E-002   1.0017952124217249        1.0101010101010102E-002   1.0017952124217249        1.0000000000000000       -1.4079383931075995E-004
  0.22222558421787630        9.5979040015778231E-005   1.2121212121212121E-002   1.0017965716832429        1.0101010101010102E-002   1.0017965716832429        1.0000000000000000       -1.4273583268575862E-004
  0.23232662550544148        9.6870390294312574E-005   1.2121212121212121E-002   1.0017979468243039        1.0101010101010102E-002   1.0017979468243039        1.0000000000000000       -1.4410568784395394E-004
  0.24242765313759854        9.7371918662801931E-005   1.2121212121212121E-002   1.0017993323248064        1.0101010101010102E-002   1.0017993323248064        1.0000000000000000       -1.4489624329083739E-004
  0.25252866703945454        9.7481472035577290E-005   1.2121212121212121E-002   1.0018007226136123        1.0101010101010102E-002   1.0018007226136123        1.0000000000000000       -1.4510399603295809E-004
  0.26262966719132630        9.7198471866866774E-005   1.2121212121212121E-002   1.0018021120946121        1.0101010101010102E-002   1.0018021120946121        1.0000000000000000       -1.4472723150937838E-004
  0.27273065362893184        9.6523918736379208E-005   1.2121212121212121E-002   1.0018034951687687        1.0101010101010102E-002   1.0018034951687687        1.0000000000000000       -1.4376711747221549E-004
  0.28283162644325660        9.5460396989620929E-005   1.2121212121212121E-002   1.0018048662561509        1.0101010101010102E-002   1.0018048662561509        1.0000000000000000       -1.4222645015848911E-004
  0.29293258578030446        9.4012056518115363E-005   1.2121212121212121E-002   1.0018062198161730        1.0101010101010102E-002   1.0018062198161730        1.0000000000000000       -1.4011064150309949E-004
  0.30303353184057652        9.2184608378964526E-005   1.2121212121212121E-002   1.0018075503723680        1.0101010101010102E-002   1.0018075503723680        1.0000000000000000       -1.3742765705337945E-004
  0.31313446487832253        8.9985296870351245E-005   1.2121212121212121E-002   1.0018088525362938        1.0101010101010102E-002   1.0018088525362938        1.0000000000000000       -1.3418791855102086E-004
  0.32323538520054224        8.7422874888310281E-005   1.2121212121212121E-002   1.0018101210275714        1.0101010101010102E-002   1.0018101210275714        1.0000000000000000       -1.3040353980464658E-004
  0.33333629316584945        8.4507568274302299E-005   1.2121212121212121E-002   1.0018113506949200        1.0101010101010102E-002   1.0018113506949200        1.0000000000000000       -1.2608934962088370E-004
  0.34343718918306282        8.1251039975641827E-005   1.2121212121212121E-002   1.0018125365405228        1.0101010101010102E-002   1.0018125365405228        1.0000000000000000       -1.2126251131938659E-004
  0.35353807370957113        7.7666341884503114E-005   1.2121212121212121E-002   1.0018136737388699        1.0101010101010102E-002   1.0018136737388699        1.0000000000000000       -1.1594184096175297E-004
  0.36363894724956708        7.3767861743397384E-005   1.2121212121212121E-002   1.0018147576574730        1.0101010101010102E-002   1.0018147576574730        1.0000000000000000       -1.1014877080128826E-004
  0.37373981035199644        6.9571268305693027E-005   1.2121212121212121E-002   1.0018157838762940        1.0101010101010102E-002   1.0018157838762940        1.0000000000000000       -1.0390617806965707E-004
  0.38384066360840863        6.5093447845222788E-005   1.2121212121212121E-002   1.0018167482060680        1.0101010101010102E-002   1.0018167482060680        1.0000000000000000       -9.7239340333565849E-005
  0.39394150765054803        6.0352439514792942E-005   1.2121212121212121E-002   1.0018176467073692        1.0101010101010102E-002   1.0018176467073692        1.0000000000000000       -9.0175071917109051E-005
  0.40404234314781878        5.5367354822670452E-005   1.2121212121212121E-002   1.0018184757059776        1.0101010101010102E-002   1.0018184757059776        1.0000000000000000       -8.2741908561168032E-005
  0.41414317080458374        5.0158307796003552E-005   1.2121212121212121E-002   1.0018192318098169        1.0101010101010102E-002   1.0018192318098169        1.0000000000000000       -7.4970144544828088E-005
  0.42424399135728341        4.4746332008148528E-005   1.2121212121212121E-002   1.0018199119220315        1.0101010101010102E-002   1.0018199119220315        1.0000000000000000       -6.6891045496397794E-005
  0.43434480557148497        3.9153290167318866E-005   1.2121212121212121E-002   1.0018205132545235        1.0101010101010102E-002   1.0018205132545235        1.0000000000000000       -5.8537786003398651E-005
  0.44444561423873785        3.3401792430049016E-005   1.2121212121212121E-002   1.0018210333434618        1.0101010101010102E-002   1.0018210333434618        1.0000000000000000       -4.9944795594392133E-005
  0.45454641817329272        2.7515096215655045E-005   1.2121212121212121E-002   1.0018214700549275        1.0101010101010102E-002   1.0018214700549275        1.0000000000000000       -4.1146481283504954E-005
  0.46464721820887450        2.1517016838911583E-005   1.2121212121212121E-002   1.0018218215953685        1.0101010101010102E-002   1.0018218215953685        1.0000000000000000       -3.2179401613596781E-005
  0.47474801519518423        1.5431828480125353E-005   1.2121212121212121E-002   1.0018220865217686        1.0101010101010102E-002   1.0018220865217686        1.0000000000000000       -2.3080099568417722E-005
  0.48484880999446117        9.2841603981532652E-006   1.2121212121212121E-002   1.0018222637460206        1.0101010101010102E-002   1.0018222637460206        1.0000000000000000       -1.3886101331017642E-005
  0.49494960347791339        3.0989029643782496E-006   1.2121212121212121E-002   1.0018223525408663        1.0101010101010102E-002   1.0018223525408663        1.0000000000000000       -4.6351103293318374E-006
  0.50505039652214923       -3.0989024135658699E-006   1.2121212121212121E-002   1.0018223525411811        1.0101010101010102E-002   1.0018223525411811        1.0000000000000000        4.6350406215367457E-006
  0.51515119000559406       -9.2841612281449277E-006   1.2121212121212121E-002   1.0018222637463108        1.0101010101010102E-002   1.0018222637463108        1.0000000000000000        1.3886176553512541E-005
  0.52525198480487156       -1.5431827761148039E-005   1.2121212121212121E-002   1.0018220865214154        1.0101010101010102E-002   1.0018220865214154        1.0000000000000000        2.3080165987288126E-005
  0.53535278179118895       -2.1517017109294827E-005   1.2121212121212121E-002   1.0018218215950652        1.0101010101010102E-002   1.0018218215950652        1.0000000000000000        3.2179327098091903E-005
  0.54545358182676995       -2.7515096349185296E-005   1.2121212121212121E-002   1.0018214700552106        1.0101010101010102E-002   1.0018214700552106        1.0000000000000000        4.1146423844118374E-005
  0.55555438576131932       -3.3401792105533638E-005   1.2121212121212121E-002   1.0018210333439344        1.0101010101010102E-002   1.0018210333439344        1.0000000000000000        4.9944811427948821E-005
  0.56565519442856727       -3.9153289970928734E-005   1.2121212121212121E-002   1.0018205132545430        1.0101010101010102E-002   1.0018205132545430        1.0000000000000000        5.8537872285491233E-005
  0.57575600864277376       -4.4746332204103596E-005   1.2121212121212121E-002   1.0018199119218227        1.0101010101010102E-002   1.0018199119218227        1.0000000000000000        6.6891003807967309E-005
  0.58585682919547388       -5.0158307630659800E-005   1.2121212121212121E-002   1.0018192318100312        1.0101010101010102E-002   1.0018192318100312        1.0000000000000000        7.4970100961913033E-005
  0.59595765685223256       -5.5367355357256791E-005   1.2121212121212121E-002   1.0018184757057884        1.0101010101010102E-002   1.0018184757057884        1.0000000000000000        8.2742034651417384E-005
  0.60605849234951370       -6.0352439508661501E-005   1.2121212121212121E-002   1.0018176467069739        1.0101010101010102E-002   1.0018176467069739        1.0000000000000000        9.0174990709179781E-005
  0.61615933639165188       -6.5093448122713750E-005   1.2121212121212121E-002   1.0018167482062035        1.0101010101010102E-002   1.0018167482062035        1.0000000000000000        9.7239311960706232E-005
  0.62626018964806163       -6.9571267888985018E-005   1.2121212121212121E-002   1.0018157838764705        1.0101010101010102E-002   1.0018157838764705        1.0000000000000000        1.0390618778632899E-004
  0.63636105275049004       -7.3767861740618357E-005   1.2121212121212121E-002   1.0018147576576724        1.0101010101010102E-002   1.0018147576576724        1.0000000000000000        1.1014876449166877E-004
  0.64646192629048249       -7.7666342215781888E-005   1.2121212121212121E-002   1.0018136737388450        1.0101010101010102E-002   1.0018136737388450        1.0000000000000000        1.1594189354280360E-004
  0.65656281081699541       -8.1251040410124667E-005   1.2121212121212121E-002   1.0018125365406141        1.0101010101010102E-002   1.0018125365406141        1.0000000000000000        1.2126242845944546E-004
  0.66666370683420262       -8.4507567871502449E-005   1.2121212121212121E-002   1.0018113506952073        1.0101010101010102E-002   1.0018113506952073        1.0000000000000000        1.2608939974256828E-004
  0.67676461479950845       -8.7422874459237989E-005   1.2121212121212121E-002   1.0018101210270969        1.0101010101010102E-002   1.0018101210270969        1.0000000000000000        1.3040364564975704E-004
  0.68686553512174076       -8.9985297083443024E-005   1.2121212121212121E-002   1.0018088525360289        1.0101010101010102E-002   1.0018088525360289        1.0000000000000000        1.3418777334983645E-004
  0.69696646815947982       -9.2184608220939173E-005   1.2121212121212121E-002   1.0018075503725863        1.0101010101010102E-002   1.0018075503725863        1.0000000000000000        1.3742769615099348E-004
  0.70706741421975328       -9.4012056213387996E-005   1.2121212121212121E-002   1.0018062198162072        1.0101010101010102E-002   1.0018062198162072        1.0000000000000000        1.4011063776209198E-004
  0.71716837355679941       -9.5460396942868519E-005   1.2121212121212121E-002   1.0018048662561474        1.0101010101010102E-002   1.0018048662561474        1.0000000000000000        1.4222646596984134E-004
  0.72726934637112617       -9.6523919359773976E-005   1.2121212121212121E-002   1.0018034951688470        1.0101010101010102E-002   1.0018034951688470        1.0000000000000000        1.4376708387686676E-004
  0.73737033280872777       -9.7198471394802560E-005   1.2121212121212121E-002   1.0018021120945595        1.0101010101010102E-002   1.0018021120945595        1.0000000000000000        1.4472729267289708E-004
  0.74747133296060453       -9.7481471838391001E-005   1.2121212121212121E-002   1.0018007226134376        1.0101010101010102E-002   1.0018007226134376        1.0000000000000000        1.4510396323874630E-004
  0.75757234686245933       -9.7371918946942575E-005   1.2121212121212121E-002   1.0017993323247245        1.0101010101010102E-002   1.0017993323247245        1.0000000000000000        1.4489625470393008E-004
  0.76767337449461948       -9.6870390786458395E-005   1.2121212121212121E-002   1.0017979468244704        1.0101010101010102E-002   1.0017979468244704        1.0000000000000000        1.4410562052891152E-004
  0.77777441578217787       -9.5979039071917438E-005   1.2121212121212121E-002   1.0017965716834103        1.0101010101010102E-002   1.0017965716834103        1.0000000000000000        1.4273590336344455E-004
  0.78787547059534402       -9.4701590586423041E-005   1.2121212121212121E-002   1.0017952124215479        1.0101010101010102E-002   1.0017952124215479        1.0000000000000000        1.4079384068033107E-004
  0.79797653875010433       -9.3043312353787146E-005   1.2121212121212121E-002   1.0017938744881800        1.0101010101010102E-002   1.0017938744881800        1.0000000000000000        1.3828742463939392E-004
  0.80807762000895922       -9.1010998218038255E-005   1.2121212121212121E-002   1.0017925632426308        1.0101010101010102E-002   1.0017925632426308        1.0000000000000000        1.3522744546623500E-004
  0.81817871408195064       -8.8612939087689865E-005   1.2121212121212121E-002   1.0017912839288847        1.0101010101010102E-002   1.0017912839288847        1.0000000000000000        1.3162713068037846E-004
  0.82827982062792727       -8.5858888441964586E-005   1.2121212121212121E-002   1.0017900416577070        1.0101010101010102E-002   1.0017900416577070        1.0000000000000000        1.2750106024839170E-004
  0.83838093925590662       -8.2760019510664067E-005   1.2121212121212121E-002   1.0017888413869840        1.0101010101010102E-002   1.0017888413869840        1.0000000000000000        1.2286653994308949E-004
  0.84848206952672955       -7.9328874890588494E-005   1.2121212121212121E-002   1.0017876879003551        1.0101010101010102E-002   1.0017876879003551        1.0000000000000000        1.1774257670893462E-004
  0.85858321095485812       -7.5579325521879325E-005   1.2121212121212121E-002   1.0017865857909665        1.0101010101010102E-002   1.0017865857909665        1.0000000000000000        1.1214993826236253E-004
  0.86868436301033414       -7.1526504421453723E-005   1.2121212121212121E-002   1.0017855394420709        1.0101010101010102E-002   1.0017855394420709        1.0000000000000000        1.0611160067242054E-004
  0.87878552512097585       -6.7186752421799037E-005   1.2121212121212121E-002   1.0017845530117393        1.0101010101010102E-002   1.0017845530117393        1.0000000000000000        9.9651566830338822E-005
  0.88888669667462750       -6.2577544229633358E-005   1.2121212121212121E-002   1.0017836304162377        1.0101010101010102E-002   1.0017836304162377        1.0000000000000000        9.2796287047391957E-005
  0.89898787702168792       -5.7717420928156042E-005   1.2121212121212121E-002   1.0017827753138950        1.0101010101010102E-002   1.0017827753138950        1.0000000000000000        8.5573089124935109E-005
  0.90908906547768908       -5.2625924063441954E-005   1.2121212121212121E-002   1.0017819910943493        1.0101010101010102E-002   1.0017819910943493        1.0000000000000000        7.8010721226817736E-005
  0.91919026132601778       -4.7323504656630545E-005   1.2121212121212121E-002   1.0017812808633970        1.0101010101010102E-002   1.0017812808633970        1.0000000000000000        7.0139608596697656E-005
  0.92929146382081040       -4.1831448888154803E-005   1.2121212121212121E-002   1.0017806474316291        1.0101010101010102E-002   1.0017806474316291        1.0000000000000000        6.1990934928424224E-005
  0.93939267218989242       -3.6171789391421617E-005   1.2121212121212121E-002   1.0017800933038894        1.0101010101010102E-002   1.0017800933038894        1.0000000000000000        5.3597293786289413E-005
  0.94949388563788417       -3.0367224430440092E-005   1.2121212121212121E-002   1.0017796206705798        1.0101010101010102E-002   1.0017796206705798        1.0000000000000000        4.4991670576699505E-005
  0.95959510334931042       -2.4441023798381453E-005   1.2121212121212121E-002   1.0017792313997274        1.0101010101010102E-002   1.0017792313997274        1.0000000000000000        3.6208342669930005E-005
  0.96969632449185950       -1.8416932266718672E-005   1.2121212121212121E-002   1.0017789270282209        1.0101010101010102E-002   1.0017789270282209        1.0000000000000000        2.7282100090175732E-005
  0.97979754821967668       -1.2319081253086492E-005   1.2121212121212121E-002   1.0017787087576004        1.0101010101010102E-002   1.0017787087576004        1.0000000000000000        1.8248129855180650E-005
  0.98989877367669699       -6.1718972147515753E-006   1.2121212121212121E-002   1.0017785774495882        1.0101010101010102E-002   1.0017785774495882        1.0000000000000000        9.1421098256105893E-006
   1.0000000000000304       -4.6278098148298799E-013   1.2121212121212121E-002   1.0017785336227860        1.0101010101010102E-002   1.0017785336227860        1.0000000000000000       -5.3254289866799809E-011
   1.0101012263233577        6.1932917986249796E-006   1.2121212121212121E-002   1.0017785774494357        1.0101010101010102E-002   1.0017785774494357        1.0000000000000000       -9.1420596604052662E-006
   1.0202024517803809        1.2361786837076716E-005   1.2121212121212121E-002   1.0017787087576120        1.0101010101010102E-002   1.0017787087576120        1.0000000000000000       -1.8248153018873836E-005
   1.0303036755081949        1.8480779902999467E-005   1.2121212121212121E-002   1.0017789270283628        1.0101010101010102E-002   1.0017789270283628        1.0000000000000000       -2.7282076934476152E-005
   1.0404048966507438        2.4525760561951770E-005   1.2121212121212121E-002   1.0017792313996510        1.0101010101010102E-002   1.0017792313996510        1.0000000000000000       -3.6208325360220783E-005
   1.0505061143621723        3.0472516767059322E-005   1.2121212121212121E-002   1.0017796206706144        1.0101010101010102E-002   1.0017796206706144        1.0000000000000000       -4.4991705378194524E-005
   1.0606073278101604        3.6297220751888830E-005   1.2121212121212121E-002   1.0017800933037539        1.0101010101010102E-002   1.0017800933037539        1.0000000000000000       -5.3597222295032054E-005
   1.0707085361792490        4.1976523841637114E-005   1.2121212121212121E-002   1.0017806474314543        1.0101010101010102E-002   1.0017806474314543        1.0000000000000000       -6.1991000532835017E-005
   1.0808097386740394        4.7487649431612079E-005   1.2121212121212121E-002   1.0017812808636350        1.0101010101010102E-002   1.0017812808636350        1.0000000000000000       -7.0139627921683712E-005
   1.0909109345223647        5.2808488080881531E-005   1.2121212121212121E-002   1.0017819910944787        1.0101010101010102E-002   1.0017819910944787        1.0000000000000000        7.6239006761841352     
   1.1010121229783667        5.7917683558120020E-005   1.2121212121212121E-002   1.0017827753139001        1.0101010101010102E-002   1.0017827753139001        1.0000000000000000        93.407515258248438     
  -1.0101226323303014E-002  -6.1932922155588053E-006   1.2121212121212121E-002   1.0017785774495882        1.0101010101010102E-002   1.0017785774495882        1.0000000000000000        9.1420710379708225E-006
  -2.0202451780323316E-002  -1.2361786657385939E-005   1.2121212121212121E-002   1.0017787087576004        1.0101010101010102E-002   1.0017787087576004        1.0000000000000000        1.8248104091789230E-005
  -3.0303675508140504E-002  -1.8480779426303825E-005   1.2121212121212121E-002   1.0017789270282209        1.0101010101010102E-002   1.0017789270282209        1.0000000000000000        2.7282100092840267E-005
  -4.0404896650689581E-002  -2.4525760708030506E-005   1.2121212121212121E-002   1.0017792313997274        1.0101010101010102E-002   1.0017792313997274        1.0000000000000000        3.6208342662824577E-005
  -5.0506114362115828E-002  -3.0472516631768283E-005   1.2121212121212121E-002   1.0017796206705798        1.0101010101010102E-002   1.0017796206705798        1.0000000000000000        4.4991670573146791E-005
  -6.0607327810107581E-002  -3.6297220852028229E-005   1.2121212121212121E-002   1.0017800933038894        1.0101010101010102E-002   1.0017800933038894        1.0000000000000000        5.3597293784513056E-005
  -7.0708536179189596E-002  -4.1976523475555782E-005   1.2121212121212121E-002   1.0017806474316291        1.0101010101010102E-002   1.0017806474316291        1.0000000000000000        6.1990934922206975E-005
  -8.0809738673982223E-002  -4.7487649143651892E-005   1.2121212121212121E-002   1.0017812808633970        1.0101010101010102E-002   1.0017812808633970        1.0000000000000000        7.0139608594033120E-005
  -9.0910934522310916E-002  -5.2808488809140327E-005   1.2121212121212121E-002   1.0017819910943493        1.0101010101010102E-002   1.0017819910943493        1.0000000000000000       -7.6239006761480255     
 -0.10101212297831208       -5.7917683341166653E-005   1.2121212121212121E-002   1.0017827753138950        1.0101010101010102E-002   1.0017827753138950        1.0000000000000000       -93.407515258250527     
