 # x v h rho m p cs a
   11.250909090907832     
   6.4987347816034550E-015   1.5501028070557765E-013   1.2121212121212121E-002   1.0018875252936175        1.0101010101010102E-002   1.0018875252936175        1.0000000000000000       -3.9532821460852574E-012
   1.0100149236966550E-002  -2.9568426072801357E-006   1.2121212121212121E-002   1.0018873497071867        1.0101010101010102E-002   1.0018873497071867        1.0000000000000000        3.6620504396900344E-005
   2.0200301943939406E-002  -5.9018109102831427E-006   1.2121212121212121E-002   1.0018868236579792        1.0101010101010102E-002   1.0018868236579792        1.0000000000000000        7.3092983793543453E-005
   3.0300461576912643E-002  -8.8230782521341003E-006   1.2121212121212121E-002   1.0018859492736316        1.0101010101010102E-002   1.0018859492736316        1.0000000000000000        1.0926993080140335E-004
   4.0400631563875453E-002  -1.1708912593123468E-005   1.2121212121212121E-002   1.0018847300916436        1.0101010101010102E-002   1.0018847300916436        1.0000000000000000        1.4500491932967208E-004
   5.0500815290940457E-002  -1.4547722653895024E-005   1.2121212121212121E-002   1.0018831710442093        1.0101010101010102E-002   1.0018831710442093        1.0000000000000000        1.8015360033185601E-004
   6.0601016088672299E-002  -1.7328104028876338E-005   1.2121212121212121E-002   1.0018812784370545        1.0101010101010102E-002   1.0018812784370545        1.0000000000000000        2.1457397844404369E-004
   7.0701237218628810E-002  -2.0038886358443354E-005   1.2121212121212121E-002   1.0018790599237861        1.0101010101010102E-002   1.0018790599237861        1.0000000000000000        2.4812702816046084E-004
   8.0801481860196298E-002  -2.2669175842320267E-005   1.2121212121212121E-002   1.0018765244762424        1.0101010101010102E-002   1.0018765244762424        1.0000000000000000        2.8067690131905465E-004
   9.0901753097709051E-002  -2.5208399681461399E-005   1.2121212121212121E-002   1.0018736823474770        1.0101010101010102E-002   1.0018736823474770        1.0000000000000000        3.1209230574802405E-004
  0.10100205390801317       -2.7646347771942130E-005   1.2121212121212121E-002   1.0018705450271337        1.0101010101010102E-002   1.0018705450271337        1.0000000000000000        3.4224668494342581E-004
  0.11110238714847882       -2.9973216410774069E-005   1.2121212121212121E-002   1.0018671251961553        1.0101010101010102E-002   1.0018671251961553        1.0000000000000000        3.7101817590112773E-004
  0.12120275554544864       -3.2179642362680203E-005   1.2121212121212121E-002   1.0018634366765269        1.0101010101010102E-002   1.0018634366765269        1.0000000000000000        3.9829067262164841E-004
  0.13130316168323478       -3.4256745300442651E-005   1.2121212121212121E-002   1.0018594943728250        1.0101010101010102E-002   1.0018594943728250        1.0000000000000000        4.2395447472998171E-004
  0.14140360799373086       -3.6196159901553916E-005   1.2121212121212121E-002   1.0018553142113371        1.0101010101010102E-002   1.0018553142113371        1.0000000000000000        4.4790619857604241E-004
  0.15150409674660595       -3.7990072812644512E-005   1.2121212121212121E-002   1.0018509130753843        1.0101010101010102E-002   1.0018509130753843        1.0000000000000000        4.7004957682883486E-004
  0.16160463004019410       -3.9631252048359391E-005   1.2121212121212121E-002   1.0018463087375897        1.0101010101010102E-002   1.0018463087375897        1.0000000000000000        4.9029533939215497E-004
  0.17170520979301926       -4.1113076890740158E-005   1.2121212121212121E-002   1.0018415197866180        1.0101010101010102E-002   1.0018415197866180        1.0000000000000000        5.0856248509756341E-004
  0.18180583773613451       -4.2429563186391074E-005   1.2121212121212121E-002   1.0018365655508230        1.0101010101010102E-002   1.0018365655508230        1.0000000000000000        5.2477765154534950E-004
  0.19190651540615697       -4.3575391628789730E-005   1.2121212121212121E-002   1.0018314660208052        1.0101010101010102E-002   1.0018314660208052        1.0000000000000000        5.3887598542523563E-004
  0.20200724413912924       -4.4545925704219667E-005   1.2121212121212121E-002   1.0018262417679427        1.0101010101010102E-002   1.0018262417679427        1.0000000000000000        5.5080106782856575E-004
  0.21210802506516702       -4.5337231000380069E-005   1.2121212121212121E-002   1.0018209138611889        1.0101010101010102E-002   1.0018209138611889        1.0000000000000000        5.6050542338503817E-004
  0.22220885910395924       -4.5946094997682521E-005   1.2121212121212121E-002   1.0018155037806911        1.0101010101010102E-002   1.0018155037806911        1.0000000000000000        5.6795061230641153E-004
  0.23230974696112833       -4.6370035711428523E-005   1.2121212121212121E-002   1.0018100333318756        1.0101010101010102E-002   1.0018100333318756        1.0000000000000000        5.7310709969282669E-004
  0.24241068912542038       -4.6607316391255747E-005   1.2121212121212121E-002   1.0018045245570415        1.0101010101010102E-002   1.0018045245570415        1.0000000000000000        5.7595483488892540E-004
  0.25251168586681694       -4.6656948256753672E-005   1.2121212121212121E-002   1.0017989996470373        1.0101010101010102E-002   1.0017989996470373        1.0000000000000000        5.7648273152288709E-004
  0.26261273723546402       -4.6518700561780615E-005   1.2121212121212121E-002   1.0017934808504061        1.0101010101010102E-002   1.0017934808504061        1.0000000000000000        5.7468968770013618E-004
  0.27271384306158569       -4.6193097841365601E-005   1.2121212121212121E-002   1.0017879903837099        1.0101010101010102E-002   1.0017879903837099        1.0000000000000000        5.7058331324189027E-004
  0.28281500295618678       -4.5681420768388907E-005   1.2121212121212121E-002   1.0017825503439757        1.0101010101010102E-002   1.0017825503439757        1.0000000000000000        5.6418077589714954E-004
  0.29291621631268827       -4.4985698642736393E-005   1.2121212121212121E-002   1.0017771826189088        1.0101010101010102E-002   1.0017771826189088        1.0000000000000000        5.5550839427009890E-004
  0.30301748230941211       -4.4108704161489600E-005   1.2121212121212121E-002   1.0017719087985408        1.0101010101010102E-002   1.0017719087985408        1.0000000000000000        5.4460181775173311E-004
  0.31311879991296221       -4.3053943940932129E-005   1.2121212121212121E-002   1.0017667500883292        1.0101010101010102E-002   1.0017667500883292        1.0000000000000000        5.3150547195190967E-004
  0.32322016788243213       -4.1825639949208731E-005   1.2121212121212121E-002   1.0017617272259078        1.0101010101010102E-002   1.0017617272259078        1.0000000000000000        5.1627238324591929E-004
  0.33332158477442519       -4.0428718311130547E-005   1.2121212121212121E-002   1.0017568603976670        1.0101010101010102E-002   1.0017568603976670        1.0000000000000000        4.9896439310526119E-004
  0.34342304894891479       -3.8868785665331927E-005   1.2121212121212121E-002   1.0017521691566229        1.0101010101010102E-002   1.0017521691566229        1.0000000000000000        4.7965168436014949E-004
  0.35352455857589621       -3.7152109166146499E-005   1.2121212121212121E-002   1.0017476723454553        1.0101010101010102E-002   1.0017476723454553        1.0000000000000000        4.5841216594944001E-004
  0.36362611164276515       -3.5285591557494292E-005   1.2121212121212121E-002   1.0017433880222413        1.0101010101010102E-002   1.0017433880222413        1.0000000000000000        4.3533152080943438E-004
  0.37372770596243632       -3.3276741753666306E-005   1.2121212121212121E-002   1.0017393333873179        1.0101010101010102E-002   1.0017393333873179        1.0000000000000000        4.1050293574862451E-004
  0.38382933918217577       -3.1133645956655822E-005   1.2121212121212121E-002   1.0017355247146826        1.0101010101010102E-002   1.0017355247146826        1.0000000000000000        3.8402643967572203E-004
  0.39393100879307719       -2.8864935645746827E-005   1.2121212121212121E-002   1.0017319772880364        1.0101010101010102E-002   1.0017319772880364        1.0000000000000000        3.5600855666029219E-004
  0.40403271214015901       -2.6479752691807281E-005   1.2121212121212121E-002   1.0017287053404829        1.0101010101010102E-002   1.0017287053404829        1.0000000000000000        3.2656193362701202E-004
  0.41413444643303204       -2.3987709411374014E-005   1.2121212121212121E-002   1.0017257219967095        1.0101010101010102E-002   1.0017257219967095        1.0000000000000000        2.9580515083171832E-004
  0.42423620875715023       -2.1398852728704804E-005   1.2121212121212121E-002   1.0017230392221024        1.0101010101010102E-002   1.0017230392221024        1.0000000000000000        2.6386151707580296E-004
  0.43433799608547785       -1.8723627400217933E-005   1.2121212121212121E-002   1.0017206677746964        1.0101010101010102E-002   1.0017206677746964        1.0000000000000000        2.3085964557001404E-004
  0.44443980529069621       -1.5972823600384932E-005   1.2121212121212121E-002   1.0017186171621866        1.0101010101010102E-002   1.0017186171621866        1.0000000000000000        1.9693181266333681E-004
  0.45454163315772650       -1.3157540804701375E-005   1.2121212121212121E-002   1.0017168956060232        1.0101010101010102E-002   1.0017168956060232        1.0000000000000000        1.6221415766271008E-004
  0.46464347639663767       -1.0289140806074302E-005   1.2121212121212121E-002   1.0017155100074286        1.0101010101010102E-002   1.0017155100074286        1.0000000000000000        1.2684604090651419E-004
  0.47474533165585131       -7.3792021353703739E-006   1.2121212121212121E-002   1.0017144659198405        1.0101010101010102E-002   1.0017144659198405        1.0000000000000000        9.0969381505878744E-005
  0.48484719553559535       -4.4394729985890963E-006   1.2121212121212121E-002   1.0017137675279231        1.0101010101010102E-002   1.0017137675279231        1.0000000000000000        5.4727916086960704E-005
  0.49494906460152083       -1.4818184471401596E-006   1.2121212121212121E-002   1.0017134176308922        1.0101010101010102E-002   1.0017134176308922        1.0000000000000000        1.8267051175691051E-005
  0.50505093539848711        1.4818183757313632E-006   1.2121212121212121E-002   1.0017134176308007        1.0101010101010102E-002   1.0017134176308007        1.0000000000000000       -1.8267031611785001E-005
  0.51515280446441458        4.4394726976611227E-006   1.2121212121212121E-002   1.0017137675277517        1.0101010101010102E-002   1.0017137675277517        1.0000000000000000       -5.4727916016794609E-005
  0.52525466834416012        7.3792025565302528E-006   1.2121212121212121E-002   1.0017144659196815        1.0101010101010102E-002   1.0017144659196815        1.0000000000000000       -9.0969386069339464E-005
  0.53535652360337582        1.0289140689929344E-005   1.2121212121212121E-002   1.0017155100075159        1.0101010101010102E-002   1.0017155100075159        1.0000000000000000       -1.2684609268021063E-004
  0.54545836684228310        1.3157540663043808E-005   1.2121212121212121E-002   1.0017168956062634        1.0101010101010102E-002   1.0017168956062634        1.0000000000000000       -1.6221413740158397E-004
  0.55556019470931151        1.5972823818607481E-005   1.2121212121212121E-002   1.0017186171620069        1.0101010101010102E-002   1.0017186171620069        1.0000000000000000       -1.9693173932022745E-004
  0.56566200391453558        1.8723626983960861E-005   1.2121212121212121E-002   1.0017206677742785        1.0101010101010102E-002   1.0017206677742785        1.0000000000000000       -2.3085966924796253E-004
  0.57576379124286714        2.1398853331574294E-005   1.2121212121212121E-002   1.0017230392222152        1.0101010101010102E-002   1.0017230392222152        1.0000000000000000       -2.6386160505431633E-004
  0.58586555356697834        2.3987709262408390E-005   1.2121212121212121E-002   1.0017257219969351        1.0101010101010102E-002   1.0017257219969351        1.0000000000000000       -2.9580509233273489E-004
  0.59596728785985353        2.6479752625494121E-005   1.2121212121212121E-002   1.0017287053405795        1.0101010101010102E-002   1.0017287053405795        1.0000000000000000       -3.2656196390767889E-004
  0.60606899120693158        2.8864935735743983E-005   1.2121212121212121E-002   1.0017319772881352        1.0101010101010102E-002   1.0017319772881352        1.0000000000000000       -3.5600852150796669E-004
  0.61617066081783445        3.1133645976615205E-005   1.2121212121212121E-002   1.0017355247146102        1.0101010101010102E-002   1.0017355247146102        1.0000000000000000       -3.8402644368762395E-004
  0.62627229403757445        3.3276741708792073E-005   1.2121212121212121E-002   1.0017393333873561        1.0101010101010102E-002   1.0017393333873561        1.0000000000000000       -4.1050295073308263E-004
  0.63637388835724384        3.5285591700975744E-005   1.2121212121212121E-002   1.0017433880221671        1.0101010101010102E-002   1.0017433880221671        1.0000000000000000       -4.3533148587560078E-004
  0.64647544142411628        3.7152109237189131E-005   1.2121212121212121E-002   1.0017476723453898        1.0101010101010102E-002   1.0017476723453898        1.0000000000000000       -4.5841220105735658E-004
  0.65657695105109548        3.8868785431307214E-005   1.2121212121212121E-002   1.0017521691565601        1.0101010101010102E-002   1.0017521691565601        1.0000000000000000       -4.7965164796526238E-004
  0.66667841522558835        4.0428718398126055E-005   1.2121212121212121E-002   1.0017568603975322        1.0101010101010102E-002   1.0017568603975322        1.0000000000000000       -4.9896441737029562E-004
  0.67677983211758141        4.1825640008264857E-005   1.2121212121212121E-002   1.0017617272260209        1.0101010101010102E-002   1.0017617272260209        1.0000000000000000       -5.1627240909990491E-004
  0.68688120008704867        4.3053944016550222E-005   1.2121212121212121E-002   1.0017667500884679        1.0101010101010102E-002   1.0017667500884679        1.0000000000000000       -5.3150545499658364E-004
  0.69698251769059860        4.4108703935532225E-005   1.2121212121212121E-002   1.0017719087986290        1.0101010101010102E-002   1.0017719087986290        1.0000000000000000       -5.4460182311100169E-004
  0.70708378368732083        4.4985698881618034E-005   1.2121212121212121E-002   1.0017771826189126        1.0101010101010102E-002   1.0017771826189126        1.0000000000000000       -5.5550836701723227E-004
  0.71718499704382366        4.5681420668326479E-005   1.2121212121212121E-002   1.0017825503438136        1.0101010101010102E-002   1.0017825503438136        1.0000000000000000       -5.6418077136033418E-004
  0.72728615693842735        4.6193098092862056E-005   1.2121212121212121E-002   1.0017879903837699        1.0101010101010102E-002   1.0017879903837699        1.0000000000000000       -5.7058336218318573E-004
  0.73738726276454480        4.6518700271244275E-005   1.2121212121212121E-002   1.0017934808504800        1.0101010101010102E-002   1.0017934808504800        1.0000000000000000       -5.7468964546991685E-004
  0.74748831413319461        4.6656948407287385E-005   1.2121212121212121E-002   1.0017989996470829        1.0101010101010102E-002   1.0017989996470829        1.0000000000000000       -5.7648276672583876E-004
  0.75758931087458758        4.6607316141805832E-005   1.2121212121212121E-002   1.0018045245570690        1.0101010101010102E-002   1.0018045245570690        1.0000000000000000       -5.7595479435867958E-004
  0.76769025303888250        4.6370036020493559E-005   1.2121212121212121E-002   1.0018100333317976        1.0101010101010102E-002   1.0018100333317976        1.0000000000000000       -5.7310711988733942E-004
  0.77779114089605050        4.5946094458584072E-005   1.2121212121212121E-002   1.0018155037806200        1.0101010101010102E-002   1.0018155037806200        1.0000000000000000       -5.6795059024317140E-004
  0.78789197493484497        4.5337231502769140E-005   1.2121212121212121E-002   1.0018209138610192        1.0101010101010102E-002   1.0018209138610192        1.0000000000000000       -5.6050542585772689E-004
  0.79799275586088425        4.4545925518829078E-005   1.2121212121212121E-002   1.0018262417678971        1.0101010101010102E-002   1.0018262417678971        1.0000000000000000       -5.5080109262473087E-004
  0.80809348459385610        4.3575391858591889E-005   1.2121212121212121E-002   1.0018314660209797        1.0101010101010102E-002   1.0018314660209797        1.0000000000000000       -5.3887600816615588E-004
  0.81819416226387498        4.2429563066437134E-005   1.2121212121212121E-002   1.0018365655509145        1.0101010101010102E-002   1.0018365655509145        1.0000000000000000       -5.2477761026281655E-004
  0.82829479020699193        4.1113076651510555E-005   1.2121212121212121E-002   1.0018415197865811        1.0101010101010102E-002   1.0018415197865811        1.0000000000000000       -5.0856250186370744E-004
  0.83839536995981667        3.9631252255648716E-005   1.2121212121212121E-002   1.0018463087376870        1.0101010101010102E-002   1.0018463087376870        1.0000000000000000       -4.9029534518663098E-004
  0.84849590325340241        3.7990072914252985E-005   1.2121212121212121E-002   1.0018509130751621        1.0101010101010102E-002   1.0018509130751621        1.0000000000000000       -4.7004950776763366E-004
  0.85859639200628501        3.6196159616262865E-005   1.2121212121212121E-002   1.0018553142111668        1.0101010101010102E-002   1.0018553142111668        1.0000000000000000       -4.4790627608914946E-004
  0.86869683831677713        3.4256745400811549E-005   1.2121212121212121E-002   1.0018594943728227        1.0101010101010102E-002   1.0018594943728227        1.0000000000000000       -4.2395443238785191E-004
  0.87879724445456675        3.2179642332852101E-005   1.2121212121212121E-002   1.0018634366764283        1.0101010101010102E-002   1.0018634366764283        1.0000000000000000       -3.9829069882291179E-004
  0.88889761285153557        2.9973216370327711E-005   1.2121212121212121E-002   1.0018671251962183        1.0101010101010102E-002   1.0018671251962183        1.0000000000000000       -3.7101817937479353E-004
  0.89899794609200057        2.7646348215240082E-005   1.2121212121212121E-002   1.0018705450271619        1.0101010101010102E-002   1.0018705450271619        1.0000000000000000       -3.4224667564952682E-004
  0.90909824690230490        2.5208399283287294E-005   1.2121212121212121E-002   1.0018736823475345        1.0101010101010102E-002   1.0018736823475345        1.0000000000000000       -3.1209232456852476E-004
  0.91919851813981668        2.2669175598476443E-005   1.2121212121212121E-002   1.0018765244764922        1.0101010101010102E-002   1.0018765244764922        1.0000000000000000       -2.8067691868116640E-004
  0.92929876278137913        2.0038886710438755E-005   1.2121212121212121E-002   1.0018790599236624        1.0101010101010102E-002   1.0018790599236624        1.0000000000000000       -2.4812693194409263E-004
  0.93939898391134369        1.7328103818057166E-005   1.2121212121212121E-002   1.0018812784368727        1.0101010101010102E-002   1.0018812784368727        1.0000000000000000       -2.1457406315317229E-004
  0.94949918470907202        1.4547722650669712E-005   1.2121212121212121E-002   1.0018831710444764        1.0101010101010102E-002   1.0018831710444764        1.0000000000000000       -1.8015361061163304E-004
  0.95959936843613414        1.1708912604226283E-005   1.2121212121212121E-002   1.0018847300917575        1.0101010101010102E-002   1.0018847300917575        1.0000000000000000       -1.4500488028534875E-004
  0.96969953842309742        8.8230785044327943E-006   1.2121212121212121E-002   1.0018859492734689        1.0101010101010102E-002   1.0018859492734689        1.0000000000000000       -1.0926990561443972E-004
  0.97979969805607392        5.9018108441713632E-006   1.2121212121212121E-002   1.0018868236578520        1.0101010101010102E-002   1.0018868236578520        1.0000000000000000       -7.3093018718495273E-005
  0.98989985076304643        2.9568425142612623E-006   1.2121212121212121E-002   1.0018873497073164        1.0101010101010102E-002   1.0018873497073164        1.0000000000000000       -3.6620524367592111E-005
   1.0000000000000036       -8.9003205076092762E-014   1.2121212121212121E-002   1.0018875252936168        1.0101010101010102E-002   1.0018875252936168        1.0000000000000000        5.1735504769112595E-011
   1.0101001492369666       -3.0452457748580854E-006   1.2121212121212121E-002   1.0018873497071867        1.0101010101010102E-002   1.0018873497071867        1.0000000000000000        3.6620487644078992E-005
   1.0202003019439394       -6.0782598974454212E-006   1.2121212121212121E-002   1.0018868236579792        1.0101010101010102E-002   1.0018868236579792        1.0000000000000000        7.3092972891153352E-005
   1.0303004615769127       -9.0868595929010797E-006   1.2121212121212121E-002   1.0018859492736316        1.0101010101010102E-002   1.0018859492736316        1.0000000000000000        1.0926993003312901E-004
   1.0404006315638754       -1.2058959313178571E-005   1.2121212121212121E-002   1.0018847300916436        1.0101010101010102E-002   1.0018847300916436        1.0000000000000000        1.4500492071789495E-004
   1.0505008152909405       -1.4982619294947606E-005   1.2121212121212121E-002   1.0018831710442093        1.0101010101010102E-002   1.0018831710442093        1.0000000000000000        1.8015359917278317E-004
   1.0606010160886723       -1.7846092366106254E-005   1.2121212121212121E-002   1.0018812784370545        1.0101010101010102E-002   1.0018812784370545        1.0000000000000000        2.1457397903468234E-004
   1.0707012372186289       -2.0637872489567525E-005   1.2121212121212121E-002   1.0018790599237861        1.0101010101010102E-002   1.0018790599237861        1.0000000000000000        2.4812702718080004E-004
   1.0808014818601963       -2.3346737940047796E-005   1.2121212121212121E-002   1.0018765244762424        1.0101010101010102E-002   1.0018765244762424        1.0000000000000000        2.8067690113608990E-004
   1.0909017530977090       -2.5961798961199765E-005   1.2121212121212121E-002   1.0018736823474770        1.0101010101010102E-002   1.0018736823474770        1.0000000000000000        7.6301723453850769     
   1.1010020539080132       -2.8472539961362973E-005   1.2121212121212121E-002   1.0018705450271337        1.0101010101010102E-002   1.0018705450271337        1.0000000000000000        93.411001148936251     
  -1.0100149236953571E-002   3.0452457343526259E-006   1.2121212121212121E-002   1.0018873497073164        1.0101010101010102E-002   1.0018873497073164        1.0000000000000000       -3.6620507692930460E-005
  -2.0200301943926080E-002   6.0782599210816486E-006   1.2121212121212121E-002   1.0018868236578520        1.0101010101010102E-002   1.0018868236578520        1.0000000000000000       -7.3093007595836923E-005
  -3.0300461576902582E-002   9.0868597725478537E-006   1.2121212121212121E-002   1.0018859492734689        1.0101010101010102E-002   1.0018859492734689        1.0000000000000000       -1.0926990560999883E-004
  -4.0400631563865863E-002   1.2058959233798073E-005   1.2121212121212121E-002   1.0018847300917575        1.0101010101010102E-002   1.0018847300917575        1.0000000000000000       -1.4500488027824332E-004
  -5.0500815290927981E-002   1.4982619317789524E-005   1.2121212121212121E-002   1.0018831710444764        1.0101010101010102E-002   1.0018831710444764        1.0000000000000000       -1.8015361062051483E-004
  -6.0601016088656312E-002   1.7846092367881469E-005   1.2121212121212121E-002   1.0018812784368727        1.0101010101010102E-002   1.0018812784368727        1.0000000000000000       -2.1457406314695504E-004
  -7.0701237218620872E-002   2.0637872589636766E-005   1.2121212121212121E-002   1.0018790599236624        1.0101010101010102E-002   1.0018790599236624        1.0000000000000000       -2.4812693194498081E-004
  -8.0801481860183322E-002   2.3346737746414580E-005   1.2121212121212121E-002   1.0018765244764922        1.0101010101010102E-002   1.0018765244764922        1.0000000000000000       -2.8067691867139644E-004
  -9.0901753097695104E-002   2.5961798630690863E-005   1.2121212121212121E-002   1.0018736823475345        1.0101010101010102E-002   1.0018736823475345        1.0000000000000000       -7.6301723454036932     
 -0.10100205390799943        2.8472540355135021E-005   1.2121212121212121E-002   1.0018705450271619        1.0101010101010102E-002   1.0018705450271619        1.0000000000000000       -93.411001148933835     
