 # x v h rho m p cs a
  0.60121212121212286     
   5.9242952345687184E-016  -2.9637706430466158E-013   1.2121212121212121E-002   1.0018694857367825        1.0101010101010102E-002   1.0018694857367825        1.0000000000000000       -1.2603251775544777E-011
   1.0100327492789773E-002  -4.5197159106676886E-006   1.2121212121212121E-002   1.0018693466496178        1.0101010101010102E-002   1.0018693466496178        1.0000000000000000        2.9008975334754439E-005
   2.0200657734375408E-002  -9.0212327858377155E-006   1.2121212121212121E-002   1.0018689299480514        1.0101010101010102E-002   1.0018689299480514        1.0000000000000000        5.7901183404318601E-005
   3.0300993462491065E-002  -1.3486425526189673E-005   1.2121212121212121E-002   1.0018682373109211        1.0101010101010102E-002   1.0018682373109211        1.0000000000000000        8.6560138481850402E-005
   4.0401337392769715E-002  -1.7897314099298076E-005   1.2121212121212121E-002   1.0018672715295072        1.0101010101010102E-002   1.0018672715295072        1.0000000000000000        1.1487036057911126E-004
   5.0501692207801700E-002  -2.2236137229196419E-005   1.2121212121212121E-002   1.0018660364954366        1.0101010101010102E-002   1.0018660364954366        1.0000000000000000        1.4271790808084717E-004
   6.0602060546339633E-002  -2.6485425109096509E-005   1.2121212121212121E-002   1.0018645371845616        1.0101010101010102E-002   1.0018645371845616        1.0000000000000000        1.6999066278344799E-004
   7.0702444992675709E-002  -3.0628067962196952E-005   1.2121212121212121E-002   1.0018627796376807        1.0101010101010102E-002   1.0018627796376807        1.0000000000000000        1.9657868555533753E-004
   8.0802848066224162E-002  -3.4647384280302405E-005   1.2121212121212121E-002   1.0018607709366203        1.0101010101010102E-002   1.0018607709366203        1.0000000000000000        2.2237483507048239E-004
   9.0903272211368513E-002  -3.8527189618083509E-005   1.2121212121212121E-002   1.0018585191747751        1.0101010101010102E-002   1.0018585191747751        1.0000000000000000        2.4727531562263039E-004
  0.10100371978762851       -4.2251862236771063E-005   1.2121212121212121E-002   1.0018560334240934        1.0101010101010102E-002   1.0018560334240934        1.0000000000000000        2.7117986925340176E-004
  0.11110419306015962       -4.5806404523748627E-005   1.2121212121212121E-002   1.0018533236991891        1.0101010101010102E-002   1.0018533236991891        1.0000000000000000        2.9399216528513961E-004
  0.12120469419062524       -4.9176503103886003E-005   1.2121212121212121E-002   1.0018504009172395        1.0101010101010102E-002   1.0018504009172395        1.0000000000000000        3.1562029113452184E-004
  0.13130522522848681       -5.2348587689716228E-005   1.2121212121212121E-002   1.0018472768534081        1.0101010101010102E-002   1.0018472768534081        1.0000000000000000        3.3597721165090633E-004
  0.14140578810275711       -5.5309885721595014E-005   1.2121212121212121E-002   1.0018439640928958        1.0101010101010102E-002   1.0018439640928958        1.0000000000000000        3.5498100757891393E-004
  0.15150638461423813       -5.8048473350145515E-005   1.2121212121212121E-002   1.0018404759806854        1.0101010101010102E-002   1.0018404759806854        1.0000000000000000        3.7255510694667038E-004
  0.16160701642826433       -6.0553322773659642E-005   1.2121212121212121E-002   1.0018368265681650        1.0101010101010102E-002   1.0018368265681650        1.0000000000000000        3.8862870530032012E-004
  0.17170768506799253       -6.2814347443596556E-005   1.2121212121212121E-002   1.0018330305559673        1.0101010101010102E-002   1.0018330305559673        1.0000000000000000        4.0313714761719410E-004
  0.18180839190827516       -6.4822443203274276E-005   1.2121212121212121E-002   1.0018291032342399        1.0101010101010102E-002   1.0018291032342399        1.0000000000000000        4.1602208219782000E-004
  0.19190913817013089       -6.6569524214062681E-005   1.2121212121212121E-002   1.0018250604214676        1.0101010101010102E-002   1.0018250604214676        1.0000000000000000        4.2723159708568659E-004
  0.20200992491582401       -6.8048555032543942E-005   1.2121212121212121E-002   1.0018209184010987        1.0101010101010102E-002   1.0018209184010987        1.0000000000000000        4.3672054645860214E-004
  0.21211075304458485       -6.9253579611158232E-005   1.2121212121212121E-002   1.0018166938553792        1.0101010101010102E-002   1.0018166938553792        1.0000000000000000        4.4445081360944272E-004
  0.22221162328899835       -7.0179745588086517E-005   1.2121212121212121E-002   1.0018124037979470        1.0101010101010102E-002   1.0018124037979470        1.0000000000000000        4.5039131006596733E-004
  0.23231253621205603       -7.0823323780867131E-005   1.2121212121212121E-002   1.0018080655056640        1.0101010101010102E-002   1.0018080655056640        1.0000000000000000        4.5451812554464510E-004
  0.24241349220488978       -7.1181722017648125E-005   1.2121212121212121E-002   1.0018036964491586        1.0101010101010102E-002   1.0018036964491586        1.0000000000000000        4.5681465310032365E-004
  0.25251449148519561       -7.1253496559726216E-005   1.2121212121212121E-002   1.0017993142220671        1.0101010101010102E-002   1.0017993142220671        1.0000000000000000        4.5727174166998452E-004
  0.26261553409636712       -7.1038358330337929E-005   1.2121212121212121E-002   1.0017949364701180        1.0101010101010102E-002   1.0017949364701180        1.0000000000000000        4.5588757634540400E-004
  0.27271661990732077       -7.0537173470349094E-005   1.2121212121212121E-002   1.0017905808203804        1.0101010101010102E-002   1.0017905808203804        1.0000000000000000        4.5266776320840307E-004
  0.28281774861302639       -6.9751959499994096E-005   1.2121212121212121E-002   1.0017862648102462        1.0101010101010102E-002   1.0017862648102462        1.0000000000000000        4.4762529314912314E-004
  0.29291891973573747       -6.8685877889728290E-005   1.2121212121212121E-002   1.0017820058169165        1.0101010101010102E-002   1.0017820058169165        1.0000000000000000        4.4078049486007131E-004
  0.30302013262691430       -6.7343220929858889E-005   1.2121212121212121E-002   1.0017778209870101        1.0101010101010102E-002   1.0017778209870101        1.0000000000000000        4.3216104247978393E-004
  0.31312138646984844       -6.5729395165570846E-005   1.2121212121212121E-002   1.0017737271677891        1.0101010101010102E-002   1.0017737271677891        1.0000000000000000        4.2180161939331384E-004
  0.32322268028294487       -6.3850898308066435E-005   1.2121212121212121E-002   1.0017697408396875        1.0101010101010102E-002   1.0017697408396875        1.0000000000000000        4.0974397550730401E-004
  0.33332401292368008       -6.1715294132563169E-005   1.2121212121212121E-002   1.0017658780498893        1.0101010101010102E-002   1.0017658780498893        1.0000000000000000        3.9603665569121205E-004
  0.34342538309319887       -5.9331181940838546E-005   1.2121212121212121E-002   1.0017621543476163        1.0101010101010102E-002   1.0017621543476163        1.0000000000000000        3.8073492708345924E-004
  0.35352678934155263       -5.6708161647968800E-005   1.2121212121212121E-002   1.0017585847213952        1.0101010101010102E-002   1.0017585847213952        1.0000000000000000        3.6390042791722976E-004
  0.36362823007353851       -5.3856794960155884E-005   1.2121212121212121E-002   1.0017551835391134        1.0101010101010102E-002   1.0017551835391134        1.0000000000000000        3.4560093937585634E-004
  0.37372970355512264       -5.0788563218446710E-005   1.2121212121212121E-002   1.0017519644904165        1.0101010101010102E-002   1.0017519644904165        1.0000000000000000        3.2591012282789933E-004
  0.38383120792041903       -4.7515821244825753E-005   1.2121212121212121E-002   1.0017489405314399        1.0101010101010102E-002   1.0017489405314399        1.0000000000000000        3.0490730801968624E-004
  0.39393274117920724       -4.4051747050824476E-005   1.2121212121212121E-002   1.0017461238324585        1.0101010101010102E-002   1.0017461238324585        1.0000000000000000        2.8267708625673293E-004
  0.40403430122494910       -4.0410289461234483E-005   1.2121212121212121E-002   1.0017435257294356        1.0101010101010102E-002   1.0017435257294356        1.0000000000000000        2.5930890798875339E-004
  0.41413588584326338       -3.6606111496651350E-005   1.2121212121212121E-002   1.0017411566784544        1.0101010101010102E-002   1.0017411566784544        1.0000000000000000        2.3489687746724996E-004
  0.42423749272084521       -3.2654531130736671E-005   1.2121212121212121E-002   1.0017390262134533        1.0101010101010102E-002   1.0017390262134533        1.0000000000000000        2.0953927738265321E-004
  0.43433911945477854       -2.8571460356643686E-005   1.2121212121212121E-002   1.0017371429079405        1.0101010101010102E-002   1.0017371429079405        1.0000000000000000        1.8333821379279414E-004
  0.44444076356221324       -2.4373340383746642E-005   1.2121212121212121E-002   1.0017355143405888        1.0101010101010102E-002   1.0017355143405888        1.0000000000000000        1.5639914990916992E-004
  0.45454242249035925       -2.0077075765951267E-005   1.2121212121212121E-002   1.0017341470650016        1.0101010101010102E-002   1.0017341470650016        1.0000000000000000        1.2883051286038949E-004
  0.46464409362676140       -1.5699966497483516E-005   1.2121212121212121E-002   1.0017330465831793        1.0101010101010102E-002   1.0017330465831793        1.0000000000000000        1.0074330634157747E-004
  0.47474577430982040       -1.1259637780533106E-005   1.2121212121212121E-002   1.0017322173234837        1.0101010101010102E-002   1.0017322173234837        1.0000000000000000        7.2250562633158211E-005
  0.48484746183950367       -6.7739697574178669E-006   1.2121212121212121E-002   1.0017316626229507        1.0101010101010102E-002   1.0017316626229507        1.0000000000000000        4.3466983148832128E-005
  0.49494915348821589       -2.2610247549017731E-006   1.2121212121212121E-002   1.0017313847135920        1.0101010101010102E-002   1.0017313847135920        1.0000000000000000        1.4508461823936614E-005
  0.50505084651178267        2.2610247710103082E-006   1.2121212121212121E-002   1.0017313847135640        1.0101010101010102E-002   1.0017313847135640        1.0000000000000000       -1.4508456261275171E-005
  0.51515253816049567        6.7739696891354917E-006   1.2121212121212121E-002   1.0017316626229811        1.0101010101010102E-002   1.0017316626229811        1.0000000000000000       -4.3467000921282306E-005
  0.52525422569017755        1.1259637860056544E-005   1.2121212121212121E-002   1.0017322173235659        1.0101010101010102E-002   1.0017322173235659        1.0000000000000000       -7.2250555928299320E-005
  0.53535590637323605        1.5699966542608129E-005   1.2121212121212121E-002   1.0017330465831640        1.0101010101010102E-002   1.0017330465831640        1.0000000000000000       -1.0074329215381539E-004
  0.54545757750963908        2.0077075785741897E-005   1.2121212121212121E-002   1.0017341470649364        1.0101010101010102E-002   1.0017341470649364        1.0000000000000000       -1.2883051647349930E-004
  0.55555923643778571        2.4373340311372356E-005   1.2121212121212121E-002   1.0017355143405897        1.0101010101010102E-002   1.0017355143405897        1.0000000000000000       -1.5639915941534355E-004
  0.56566088054521957        2.8571460353599040E-005   1.2121212121212121E-002   1.0017371429079096        1.0101010101010102E-002   1.0017371429079096        1.0000000000000000       -1.8333819876570345E-004
  0.57576250727915446        3.2654531160908825E-005   1.2121212121212121E-002   1.0017390262134473        1.0101010101010102E-002   1.0017390262134473        1.0000000000000000       -2.0953929739953026E-004
  0.58586411415673489        3.6606111442418561E-005   1.2121212121212121E-002   1.0017411566784966        1.0101010101010102E-002   1.0017411566784966        1.0000000000000000       -2.3489686772215634E-004
  0.59596569877504957        4.0410289545670691E-005   1.2121212121212121E-002   1.0017435257294371        1.0101010101010102E-002   1.0017435257294371        1.0000000000000000       -2.5930890921888050E-004
  0.60606725882079104        4.4051747040845771E-005   1.2121212121212121E-002   1.0017461238324366        1.0101010101010102E-002   1.0017461238324366        1.0000000000000000       -2.8267707977835954E-004
  0.61616879207958020        4.7515821273410093E-005   1.2121212121212121E-002   1.0017489405314572        1.0101010101010102E-002   1.0017489405314572        1.0000000000000000       -3.0490732308141588E-004
  0.62627029644487520        5.0788563201795194E-005   1.2121212121212121E-002   1.0017519644904163        1.0101010101010102E-002   1.0017519644904163        1.0000000000000000       -3.2591010316007640E-004
  0.63637176992646061        5.3856795024194184E-005   1.2121212121212121E-002   1.0017551835390395        1.0101010101010102E-002   1.0017551835390395        1.0000000000000000       -3.4560094429458843E-004
  0.64647321065844698        5.6708161562686576E-005   1.2121212121212121E-002   1.0017585847214141        1.0101010101010102E-002   1.0017585847214141        1.0000000000000000       -3.6390044175060865E-004
  0.65657461690679975        5.9331181874305030E-005   1.2121212121212121E-002   1.0017621543476716        1.0101010101010102E-002   1.0017621543476716        1.0000000000000000       -3.8073492282197918E-004
  0.66667598707631837        6.1715294260055058E-005   1.2121212121212121E-002   1.0017658780499323        1.0101010101010102E-002   1.0017658780499323        1.0000000000000000       -3.9603665688492384E-004
  0.67677731971705279        6.3850898356734346E-005   1.2121212121212121E-002   1.0017697408396642        1.0101010101010102E-002   1.0017697408396642        1.0000000000000000       -4.0974395926163254E-004
  0.68687861353015045        6.5729395002471142E-005   1.2121212121212121E-002   1.0017737271676972        1.0101010101010102E-002   1.0017737271676972        1.0000000000000000       -4.2180162042448899E-004
  0.69697986737308537        6.7343220961849562E-005   1.2121212121212121E-002   1.0017778209869597        1.0101010101010102E-002   1.0017778209869597        1.0000000000000000       -4.3216105096011148E-004
  0.70708108026426253        6.8685877830318402E-005   1.2121212121212121E-002   1.0017820058169704        1.0101010101010102E-002   1.0017820058169704        1.0000000000000000       -4.4078050895812737E-004
  0.71718225138697200        6.9751959549437374E-005   1.2121212121212121E-002   1.0017862648102898        1.0101010101010102E-002   1.0017862648102898        1.0000000000000000       -4.4762527723740675E-004
  0.72728338009267834        7.0537173520501481E-005   1.2121212121212121E-002   1.0017905808203891        1.0101010101010102E-002   1.0017905808203891        1.0000000000000000       -4.5266777122510149E-004
  0.73738446590363116        7.1038358416897134E-005   1.2121212121212121E-002   1.0017949364701237        1.0101010101010102E-002   1.0017949364701237        1.0000000000000000       -4.5588756737924285E-004
  0.74748550851480333        7.1253496427894686E-005   1.2121212121212121E-002   1.0017993142220456        1.0101010101010102E-002   1.0017993142220456        1.0000000000000000       -4.5727174487897315E-004
  0.75758650779510894        7.1181722022104074E-005   1.2121212121212121E-002   1.0018036964491219        1.0101010101010102E-002   1.0018036964491219        1.0000000000000000       -4.5681464692570728E-004
  0.76768746378794372        7.0823323828806959E-005   1.2121212121212121E-002   1.0018080655056585        1.0101010101010102E-002   1.0018080655056585        1.0000000000000000       -4.5451813845520661E-004
  0.77778837671100043        7.0179745654581151E-005   1.2121212121212121E-002   1.0018124037979408        1.0101010101010102E-002   1.0018124037979408        1.0000000000000000       -4.5039129669799394E-004
  0.78788924695541496        6.9253579486874497E-005   1.2121212121212121E-002   1.0018166938553379        1.0101010101010102E-002   1.0018166938553379        1.0000000000000000       -4.4445082009669790E-004
  0.79799007508417574        6.8048555040167157E-005   1.2121212121212121E-002   1.0018209184011000        1.0101010101010102E-002   1.0018209184011000        1.0000000000000000       -4.3672054817101014E-004
  0.80809086182986878        6.6569524321038944E-005   1.2121212121212121E-002   1.0018250604214540        1.0101010101010102E-002   1.0018250604214540        1.0000000000000000       -4.2723159234459018E-004
  0.81819160809172486        6.4822443160413487E-005   1.2121212121212121E-002   1.0018291032342190        1.0101010101010102E-002   1.0018291032342190        1.0000000000000000       -4.1602208604274438E-004
  0.82829231493200772        6.2814347368658657E-005   1.2121212121212121E-002   1.0018330305560272        1.0101010101010102E-002   1.0018330305560272        1.0000000000000000       -4.0313716062900795E-004
  0.83839298357173431        6.0553322872687307E-005   1.2121212121212121E-002   1.0018368265681916        1.0101010101010102E-002   1.0018368265681916        1.0000000000000000       -3.8862868540068263E-004
  0.84849361538576151        5.8048473379009362E-005   1.2121212121212121E-002   1.0018404759806292        1.0101010101010102E-002   1.0018404759806292        1.0000000000000000       -3.7255510889000476E-004
  0.85859421189724283        5.5309885605582217E-005   1.2121212121212121E-002   1.0018439640928634        1.0101010101010102E-002   1.0018439640928634        1.0000000000000000       -3.5498101007913618E-004
  0.86869477477151347        5.2348587676837607E-005   1.2121212121212121E-002   1.0018472768534070        1.0101010101010102E-002   1.0018472768534070        1.0000000000000000       -3.3597721704126116E-004
  0.87879530580937470        4.9176503216868137E-005   1.2121212121212121E-002   1.0018504009172482        1.0101010101010102E-002   1.0018504009172482        1.0000000000000000       -3.1562028691922706E-004
  0.88889580693984038        4.5806404385957495E-005   1.2121212121212121E-002   1.0018533236991531        1.0101010101010102E-002   1.0018533236991531        1.0000000000000000       -2.9399216047032439E-004
  0.89899628021237232        4.2251862325765691E-005   1.2121212121212121E-002   1.0018560334241033        1.0101010101010102E-002   1.0018560334241033        1.0000000000000000       -2.7117988357883149E-004
  0.90909672778863126        3.8527189582306809E-005   1.2121212121212121E-002   1.0018585191748173        1.0101010101010102E-002   1.0018585191748173        1.0000000000000000       -2.4727530872059589E-004
  0.91919715193377571        3.4647384217716625E-005   1.2121212121212121E-002   1.0018607709366225        1.0101010101010102E-002   1.0018607709366225        1.0000000000000000       -2.2237483331633001E-004
  0.92929755500732403        3.0628067925372580E-005   1.2121212121212121E-002   1.0018627796376456        1.0101010101010102E-002   1.0018627796376456        1.0000000000000000       -1.9657867854938615E-004
  0.93939793945366101        2.6485425107452635E-005   1.2121212121212121E-002   1.0018645371845385        1.0101010101010102E-002   1.0018645371845385        1.0000000000000000       -1.6999067309697580E-004
  0.94949830779219857        2.2236137314745764E-005   1.2121212121212121E-002   1.0018660364954690        1.0101010101010102E-002   1.0018660364954690        1.0000000000000000       -1.4271790962094855E-004
  0.95959866260723015        1.7897313996083046E-005   1.2121212121212121E-002   1.0018672715295180        1.0101010101010102E-002   1.0018672715295180        1.0000000000000000       -1.1487035433876969E-004
  0.96969900653750896        1.3486425586827957E-005   1.2121212121212121E-002   1.0018682373108923        1.0101010101010102E-002   1.0018682373108923        1.0000000000000000       -8.6560135828861462E-005
  0.97979934226562515        9.0212329081499829E-006   1.2121212121212121E-002   1.0018689299480603        1.0101010101010102E-002   1.0018689299480603        1.0000000000000000       -5.7901194647769216E-005
  0.98989967250721012        4.5197158440864418E-006   1.2121212121212121E-002   1.0018693466496833        1.0101010101010102E-002   1.0018693466496833        1.0000000000000000       -2.9008976356159621E-005
  0.99999999999999845        2.2132525818722949E-013   1.2121212121212121E-002   1.0018694857367820        1.0101010101010102E-002   1.0018694857367820        1.0000000000000000        2.7974955685294844E-011
   1.0101003274927898       -4.5894719358748235E-006   1.2121212121212121E-002   1.0018693466496178        1.0101010101010102E-002   1.0018693466496178        1.0000000000000000        2.9008963473131644E-005
   1.0202006577343754       -9.1604640530427749E-006   1.2121212121212121E-002   1.0018689299480514        1.0101010101010102E-002   1.0018689299480514        1.0000000000000000        5.7901175592789400E-005
   1.0303009934624912       -1.3694571119794782E-005   1.2121212121212121E-002   1.0018682373109211        1.0101010101010102E-002   1.0018682373109211        1.0000000000000000        8.6560136064228743E-005
   1.0404013373927696       -1.8173535450112855E-005   1.2121212121212121E-002   1.0018672715295072        1.0101010101010102E-002   1.0018672715295072        1.0000000000000000        1.1487036206769830E-004
   1.0505016922078017       -2.2579321805418964E-005   1.2121212121212121E-002   1.0018660364954366        1.0101010101010102E-002   1.0018660364954366        1.0000000000000000        1.4271790803110918E-004
   1.0606020605463395       -2.6894190725069310E-005   1.2121212121212121E-002   1.0018645371845616        1.0101010101010102E-002   1.0018645371845616        1.0000000000000000        1.6999066359169035E-004
   1.0707024449926756       -3.1100768054110265E-005   1.2121212121212121E-002   1.0018627796376807        1.0101010101010102E-002   1.0018627796376807        1.0000000000000000        1.9657868621703045E-004
   1.0808028480662242       -3.5182114695122197E-005   1.2121212121212121E-002   1.0018607709366203        1.0101010101010102E-002   1.0018607709366203        1.0000000000000000        2.2237483425691096E-004
   1.0909032722113685       -3.9121796620384079E-005   1.2121212121212121E-002   1.0018585191747751        1.0101010101010102E-002   1.0018585191747751        1.0000000000000000        7.6291350428348039     
   1.1010037197876286       -4.2903950966154068E-005   1.2121212121212121E-002   1.0018560334240934        1.0101010101010102E-002   1.0018560334240934        1.0000000000000000        93.410424767008692     
  -1.0100327492789885E-002   4.5894718755980277E-006   1.2121212121212121E-002   1.0018693466496833        1.0101010101010102E-002   1.0018693466496833        1.0000000000000000       -2.9008964146370886E-005
  -2.0200657734374849E-002   9.1604641940283224E-006   1.2121212121212121E-002   1.0018689299480603        1.0101010101010102E-002   1.0018689299480603        1.0000000000000000       -5.7901186536035709E-005
  -3.0300993462491044E-002   1.3694571170954857E-005   1.2121212121212121E-002   1.0018682373108923        1.0101010101010102E-002   1.0018682373108923        1.0000000000000000       -8.6560135831525997E-005
  -4.0401337392769854E-002   1.8173535341863738E-005   1.2121212121212121E-002   1.0018672715295180        1.0101010101010102E-002   1.0018672715295180        1.0000000000000000       -1.1487035434143422E-004
  -5.0501692207801430E-002   2.2579321889751773E-005   1.2121212121212121E-002   1.0018660364954690        1.0101010101010102E-002   1.0018660364954690        1.0000000000000000       -1.4271790963071851E-004
  -6.0602060546338987E-002   2.6894190747141413E-005   1.2121212121212121E-002   1.0018645371845385        1.0101010101010102E-002   1.0018645371845385        1.0000000000000000       -1.6999067309786398E-004
  -7.0702444992675972E-002   3.1100768001404182E-005   1.2121212121212121E-002   1.0018627796376456        1.0101010101010102E-002   1.0018627796376456        1.0000000000000000       -1.9657867855737976E-004
  -8.0802848066224287E-002   3.5182114629163491E-005   1.2121212121212121E-002   1.0018607709366225        1.0101010101010102E-002   1.0018607709366225        1.0000000000000000       -2.2237483331810637E-004
  -9.0903272211368735E-002   3.9121796570755023E-005   1.2121212121212121E-002   1.0018585191748173        1.0101010101010102E-002   1.0018585191748173        1.0000000000000000       -7.6291350428285654     
 -0.10100371978762768        4.2903951082160089E-005   1.2121212121212121E-002   1.0018560334241033        1.0101010101010102E-002   1.0018560334241033        1.0000000000000000       -93.410424767016451     
