 # x v h rho m p cs a
   1.2009999999999785     
   5.8790928354290863E-006  -6.5817261855586812E-005   1.2121212121212121E-002   1.0018028951781022        1.0101010101010102E-002   1.0018028951781022        1.0000000000000000        1.2434497875801753E-014
   1.0106897429720959E-002  -6.5282466096192854E-005   1.2121212121212121E-002   1.0017970714546414        1.0101010101010102E-002   1.0017970714546414        1.0000000000000000       -1.4210854715202004E-014
   2.0207966404532419E-002  -6.4415463671164397E-005   1.2121212121212121E-002   1.0017914111253126        1.0101010101010102E-002   1.0017914111253126        1.0000000000000000       -9.9475983006414026E-014
   3.0309095036999432E-002  -6.3383712193196981E-005   1.2121212121212121E-002   1.0017855600256331        1.0101010101010102E-002   1.0017855600256331        1.0000000000000000        6.1284310959308641E-014
   4.0410280184331099E-002  -6.2020267516031184E-005   1.2121212121212121E-002   1.0017797584408181        1.0101010101010102E-002   1.0017797584408181        1.0000000000000000        3.5527136788005009E-015
   5.0511523541336333E-002  -6.0431939170553187E-005   1.2121212121212121E-002   1.0017740778361361        1.0101010101010102E-002   1.0017740778361361        1.0000000000000000        4.4408920985006262E-015
   6.0612820879794825E-002  -5.8601444067082588E-005   1.2121212121212121E-002   1.0017684868607935        1.0101010101010102E-002   1.0017684868607935        1.0000000000000000       -8.8817841970012523E-015
   7.0714174718342460E-002  -5.6555965282582181E-005   1.2121212121212121E-002   1.0017629997450783        1.0101010101010102E-002   1.0017629997450783        1.0000000000000000       -5.1514348342607263E-014
   8.0815580853684718E-002  -5.4318363024933110E-005   1.2121212121212121E-002   1.0017578168234507        1.0101010101010102E-002   1.0017578168234507        1.0000000000000000        2.1316282072803006E-014
   9.0917036971530016E-002  -5.1889573722047149E-005   1.2121212121212121E-002   1.0017528929783956        1.0101010101010102E-002   1.0017528929783956        1.0000000000000000        7.1054273576010019E-015
  0.10101854076096425       -4.9643087929563023E-005   1.2121212121212121E-002   1.0017484502311600        1.0101010101010102E-002   1.0017484502311600        1.0000000000000000        7.1054273576010019E-015
  0.11112008525847328       -4.7408508396834584E-005   1.2121212121212121E-002   1.0017448572985617        1.0101010101010102E-002   1.0017448572985617        1.0000000000000000        3.5527136788005009E-015
  0.12122166042741479       -4.5692456147915679E-005   1.2121212121212121E-002   1.0017423843440261        1.0101010101010102E-002   1.0017423843440261        1.0000000000000000        1.9539925233402755E-014
  0.13132325431946426       -4.4886158908764799E-005   1.2121212121212121E-002   1.0017413929134202        1.0101010101010102E-002   1.0017413929134202        1.0000000000000000        8.0824236192711396E-014
  0.14142484995460863       -4.4995794301365165E-005   1.2121212121212121E-002   1.0017424139658593        1.0101010101010102E-002   1.0017424139658593        1.0000000000000000        2.2204460492503131E-014
  0.15152642380662162       -4.6294113983045259E-005   1.2121212121212121E-002   1.0017455433953095        1.0101010101010102E-002   1.0017455433953095        1.0000000000000000       -6.2172489379008766E-015
  0.16162795706456395       -4.8846409971257707E-005   1.2121212121212121E-002   1.0017504615098474        1.0101010101010102E-002   1.0017504615098474        1.0000000000000000       -6.2172489379008766E-015
  0.17172943327126233       -5.1951124969699009E-005   1.2121212121212121E-002   1.0017568140121560        1.0101010101010102E-002   1.0017568140121560        1.0000000000000000       -6.2172489379008766E-015
  0.18183083963438704       -5.4916425569406545E-005   1.2121212121212121E-002   1.0017637141141646        1.0101010101010102E-002   1.0017637141141646        1.0000000000000000       -6.2172489379008766E-015
  0.19193217770476800       -5.7392245106400415E-005   1.2121212121212121E-002   1.0017700543856711        1.0101010101010102E-002   1.0017700543856711        1.0000000000000000       -6.2172489379008766E-015
  0.20203345828407218       -5.8754207504790816E-005   1.2121212121212121E-002   1.0017754824455565        1.0101010101010102E-002   1.0017754824455565        1.0000000000000000       -6.2172489379008766E-015
  0.21213468944617850       -5.8901706127039847E-005   1.2121212121212121E-002   1.0017802005617131        1.0101010101010102E-002   1.0017802005617131        1.0000000000000000       -6.2172489379008766E-015
  0.22223587727922095       -5.8744754865043288E-005   1.2121212121212121E-002   1.0017845691808338        1.0101010101010102E-002   1.0017845691808338        1.0000000000000000       -1.7763568394002505E-015
  0.23233702339718279       -5.8911954319096348E-005   1.2121212121212121E-002   1.0017893988693030        1.0101010101010102E-002   1.0017893988693030        1.0000000000000000       -5.6843418860808015E-014
  0.24243811689503869       -5.9351393162980160E-005   1.2121212121212121E-002   1.0017953396113466        1.0101010101010102E-002   1.0017953396113466        1.0000000000000000       -1.8562928971732617E-013
  0.25253914479421663       -6.0042553422984610E-005   1.2121212121212121E-002   1.0018018972705103        1.0101010101010102E-002   1.0018018972705103        1.0000000000000000        1.8385293287792592E-013
  0.26264010717278585       -6.0609966025409773E-005   1.2121212121212121E-002   1.0018081318037522        1.0101010101010102E-002   1.0018081318037522        1.0000000000000000        5.0626169922907138E-014
  0.27274101146281909       -6.0183705657232018E-005   1.2121212121212121E-002   1.0018137368319184        1.0101010101010102E-002   1.0018137368319184        1.0000000000000000       -6.2172489379008766E-015
  0.28284186326255145       -5.8763628102511808E-005   1.2121212121212121E-002   1.0018188101663221        1.0101010101010102E-002   1.0018188101663221        1.0000000000000000       -6.2172489379008766E-015
  0.29294266770495242       -5.7371968265788508E-005   1.2121212121212121E-002   1.0018236425223113        1.0101010101010102E-002   1.0018236425223113        1.0000000000000000       -6.2172489379008766E-015
  0.30304342512038135       -5.6438842487669090E-005   1.2121212121212121E-002   1.0018289026851217        1.0101010101010102E-002   1.0018289026851217        1.0000000000000000       -6.2172489379008766E-015
  0.31314412609121833       -5.5487276367333457E-005   1.2121212121212121E-002   1.0018348364187681        1.0101010101010102E-002   1.0018348364187681        1.0000000000000000       -6.2172489379008766E-015
  0.32324476481526365       -5.4184807753972008E-005   1.2121212121212121E-002   1.0018405738348111        1.0101010101010102E-002   1.0018405738348111        1.0000000000000000       -6.2172489379008766E-015
  0.33334535107190172       -5.2416782379276241E-005   1.2121212121212121E-002   1.0018453125164899        1.0101010101010102E-002   1.0018453125164899        1.0000000000000000       -6.2172489379008766E-015
  0.34344589696861877       -5.0013329131314654E-005   1.2121212121212121E-002   1.0018495092557096        1.0101010101010102E-002   1.0018495092557096        1.0000000000000000       -6.2172489379008766E-015
  0.35354640168206780       -4.7343649934798150E-005   1.2121212121212121E-002   1.0018539816072409        1.0101010101010102E-002   1.0018539816072409        1.0000000000000000       -6.2172489379008766E-015
  0.36364685909557248       -4.5148837211074205E-005   1.2121212121212121E-002   1.0018586876958193        1.0101010101010102E-002   1.0018586876958193        1.0000000000000000       -6.2172489379008766E-015
  0.37374726996763413       -4.3218103099679942E-005   1.2121212121212121E-002   1.0018631162783944        1.0101010101010102E-002   1.0018631162783944        1.0000000000000000       -6.2172489379008766E-015
  0.38384763957527551       -4.0518014782313253E-005   1.2121212121212121E-002   1.0018670491619284        1.0101010101010102E-002   1.0018670491619284        1.0000000000000000       -6.2172489379008766E-015
  0.39394797276064902       -3.6963284302133076E-005   1.2121212121212121E-002   1.0018704887360677        1.0101010101010102E-002   1.0018704887360677        1.0000000000000000       -6.2172489379008766E-015
  0.40404827458311016       -3.3622756640520229E-005   1.2121212121212121E-002   1.0018735625846422        1.0101010101010102E-002   1.0018735625846422        1.0000000000000000       -6.2172489379008766E-015
  0.41414854762065800       -3.0896936039506346E-005   1.2121212121212121E-002   1.0018766201068172        1.0101010101010102E-002   1.0018766201068172        1.0000000000000000       -6.2172489379008766E-015
  0.42424878922280018       -2.7930864673884890E-005   1.2121212121212121E-002   1.0018797492751041        1.0101010101010102E-002   1.0018797492751041        1.0000000000000000       -6.2172489379008766E-015
  0.43434899949477995       -2.4180462859558836E-005   1.2121212121212121E-002   1.0018823867118942        1.0101010101010102E-002   1.0018823867118942        1.0000000000000000       -6.2172489379008766E-015
  0.44444918827822877       -2.0266050150464546E-005   1.2121212121212121E-002   1.0018841266546015        1.0101010101010102E-002   1.0018841266546015        1.0000000000000000       -6.2172489379008766E-015
  0.45454936510322325       -1.6806288053324714E-005   1.2121212121212121E-002   1.0018855179515265        1.0101010101010102E-002   1.0018855179515265        1.0000000000000000       -6.2172489379008766E-015
  0.46464952751906369       -1.3449778045336310E-005   1.2121212121212121E-002   1.0018872071309104        1.0101010101010102E-002   1.0018872071309104        1.0000000000000000       -6.2172489379008766E-015
  0.47474967023194126       -9.6330497481354435E-006   1.2121212121212121E-002   1.0018887570339718        1.0101010101010102E-002   1.0018887570339718        1.0000000000000000        5.3290705182007514E-015
  0.48484980058961175       -5.5554743114918637E-006   1.2121212121212121E-002   1.0018893318629016        1.0101010101010102E-002   1.0018893318629016        1.0000000000000000       -7.0166095156309893E-014
  0.49494993233496615       -1.7681990133694599E-006   1.2121212121212121E-002   1.0018891601188584        1.0101010101010102E-002   1.0018891601188584        1.0000000000000000       -4.4941828036826337E-013
  0.50505006766503791        1.7681990521558066E-006   1.2121212121212121E-002   1.0018891601188289        1.0101010101010102E-002   1.0018891601188289        1.0000000000000000       -6.9277916736609768E-014
  0.51515019941039308        5.5554742041901831E-006   1.2121212121212121E-002   1.0018893318629121        1.0101010101010102E-002   1.0018893318629121        1.0000000000000000        1.5987211554602254E-014
  0.52525032976806252        9.6330499252219943E-006   1.2121212121212121E-002   1.0018887570339849        1.0101010101010102E-002   1.0018887570339849        1.0000000000000000        1.7763568394002505E-015
  0.53535047248094070        1.3449778099809842E-005   1.2121212121212121E-002   1.0018872071308400        1.0101010101010102E-002   1.0018872071308400        1.0000000000000000        1.7763568394002505E-015
  0.54545063489678236        1.6806287972104704E-005   1.2121212121212121E-002   1.0018855179515955        1.0101010101010102E-002   1.0018855179515955        1.0000000000000000        1.7763568394002505E-015
  0.55555081172177390        2.0266050173926522E-005   1.2121212121212121E-002   1.0018841266546259        1.0101010101010102E-002   1.0018841266546259        1.0000000000000000        1.7763568394002505E-015
  0.56565100050522510        2.4180462881805079E-005   1.2121212121212121E-002   1.0018823867118329        1.0101010101010102E-002   1.0018823867118329        1.0000000000000000        1.7763568394002505E-015
  0.57575121077720404        2.7930864645474538E-005   1.2121212121212121E-002   1.0018797492751386        1.0101010101010102E-002   1.0018797492751386        1.0000000000000000        1.7763568394002505E-015
  0.58585145237934610        3.0896935994759838E-005   1.2121212121212121E-002   1.0018766201068141        1.0101010101010102E-002   1.0018766201068141        1.0000000000000000        1.7763568394002505E-015
  0.59595172541689412        3.3622756747738310E-005   1.2121212121212121E-002   1.0018735625845949        1.0101010101010102E-002   1.0018735625845949        1.0000000000000000        1.7763568394002505E-015
  0.60605202723935614        3.6963284415415988E-005   1.2121212121212121E-002   1.0018704887360428        1.0101010101010102E-002   1.0018704887360428        1.0000000000000000        1.7763568394002505E-015
  0.61615236042472921        4.0518014758362590E-005   1.2121212121212121E-002   1.0018670491619108        1.0101010101010102E-002   1.0018670491619108        1.0000000000000000        1.7763568394002505E-015
  0.62625273003237147        4.3218103019058479E-005   1.2121212121212121E-002   1.0018631162784317        1.0101010101010102E-002   1.0018631162784317        1.0000000000000000        1.7763568394002505E-015
  0.63635314090443140        4.5148837357542655E-005   1.2121212121212121E-002   1.0018586876958593        1.0101010101010102E-002   1.0018586876958593        1.0000000000000000        1.7763568394002505E-015
  0.64645359831793692        4.7343649855663528E-005   1.2121212121212121E-002   1.0018539816072300        1.0101010101010102E-002   1.0018539816072300        1.0000000000000000        1.7763568394002505E-015
  0.65655410303138551        5.0013329139190604E-005   1.2121212121212121E-002   1.0018495092557360        1.0101010101010102E-002   1.0018495092557360        1.0000000000000000        1.7763568394002505E-015
  0.66665464892810233        5.2416782513872223E-005   1.2121212121212121E-002   1.0018453125164817        1.0101010101010102E-002   1.0018453125164817        1.0000000000000000        1.7763568394002505E-015
  0.67675523518474079        5.4184807739766175E-005   1.2121212121212121E-002   1.0018405738347675        1.0101010101010102E-002   1.0018405738347675        1.0000000000000000        1.7763568394002505E-015
  0.68685587390878666        5.5487276239240716E-005   1.2121212121212121E-002   1.0018348364187337        1.0101010101010102E-002   1.0018348364187337        1.0000000000000000        1.7763568394002505E-015
  0.69695657487962370        5.6438842540520964E-005   1.2121212121212121E-002   1.0018289026850744        1.0101010101010102E-002   1.0018289026850744        1.0000000000000000        1.7763568394002505E-015
  0.70705733229505374        5.7371968240577840E-005   1.2121212121212121E-002   1.0018236425223719        1.0101010101010102E-002   1.0018236425223719        1.0000000000000000        1.7763568394002505E-015
  0.71715813673745221        5.8763628268412514E-005   1.2121212121212121E-002   1.0018188101663885        1.0101010101010102E-002   1.0018188101663885        1.0000000000000000        1.7763568394002505E-015
  0.72725898853718562        6.0183705481712677E-005   1.2121212121212121E-002   1.0018137368319135        1.0101010101010102E-002   1.0018137368319135        1.0000000000000000        1.7763568394002505E-015
  0.73735989282721803        6.0609966052164129E-005   1.2121212121212121E-002   1.0018081318037371        1.0101010101010102E-002   1.0018081318037371        1.0000000000000000        1.7763568394002505E-015
  0.74746085520578842        6.0042553431472354E-005   1.2121212121212121E-002   1.0018018972705121        1.0101010101010102E-002   1.0018018972705121        1.0000000000000000        1.7763568394002505E-015
  0.75756188310496519        5.9351393263281892E-005   1.2121212121212121E-002   1.0017953396113821        1.0101010101010102E-002   1.0017953396113821        1.0000000000000000        1.7763568394002505E-015
  0.76766297660282146        5.8911954295595988E-005   1.2121212121212121E-002   1.0017893988693143        1.0101010101010102E-002   1.0017893988693143        1.0000000000000000        1.7763568394002505E-015
  0.77776412272078266        5.8744754892280452E-005   1.2121212121212121E-002   1.0017845691807941        1.0101010101010102E-002   1.0017845691807941        1.0000000000000000        1.7763568394002505E-015
  0.78786531055382669        5.8901706163228624E-005   1.2121212121212121E-002   1.0017802005617138        1.0101010101010102E-002   1.0017802005617138        1.0000000000000000        1.7763568394002505E-015
  0.79796654171593151        5.8754207453819680E-005   1.2121212121212121E-002   1.0017754824456464        1.0101010101010102E-002   1.0017754824456464        1.0000000000000000        1.7763568394002505E-015
  0.80806782229523511        5.7392245219615618E-005   1.2121212121212121E-002   1.0017700543856853        1.0101010101010102E-002   1.0017700543856853        1.0000000000000000        1.7763568394002505E-015
  0.81816916036561638        5.4916425563291936E-005   1.2121212121212121E-002   1.0017637141140938        1.0101010101010102E-002   1.0017637141140938        1.0000000000000000        1.7763568394002505E-015
  0.82827056672874233        5.1951124925776529E-005   1.2121212121212121E-002   1.0017568140120920        1.0101010101010102E-002   1.0017568140120920        1.0000000000000000        1.7763568394002505E-015
  0.83837204293544088        4.8846409960036465E-005   1.2121212121212121E-002   1.0017504615098740        1.0101010101010102E-002   1.0017504615098740        1.0000000000000000        1.7763568394002505E-015
  0.84847357619338237        4.6294114068641537E-005   1.2121212121212121E-002   1.0017455433953453        1.0101010101010102E-002   1.0017455433953453        1.0000000000000000        1.7763568394002505E-015
  0.85857515004539531        4.4995794244334125E-005   1.2121212121212121E-002   1.0017424139658093        1.0101010101010102E-002   1.0017424139658093        1.0000000000000000        1.7763568394002505E-015
  0.86867674568054098        4.4886158934669452E-005   1.2121212121212121E-002   1.0017413929134227        1.0101010101010102E-002   1.0017413929134227        1.0000000000000000        1.7763568394002505E-015
  0.87877833957258911        4.5692456031460521E-005   1.2121212121212121E-002   1.0017423843440882        1.0101010101010102E-002   1.0017423843440882        1.0000000000000000        1.7763568394002505E-015
  0.88887991474153050        4.7408508490553718E-005   1.2121212121212121E-002   1.0017448572985537        1.0101010101010102E-002   1.0017448572985537        1.0000000000000000        1.7763568394002505E-015
  0.89898145923903994        4.9643088033659463E-005   1.2121212121212121E-002   1.0017484502311449        1.0101010101010102E-002   1.0017484502311449        1.0000000000000000        1.7763568394002505E-015
  0.90908296302847402        5.1889573673391428E-005   1.2121212121212121E-002   1.0017528929783608        1.0101010101010102E-002   1.0017528929783608        1.0000000000000000        1.7763568394002505E-015
  0.91918441914632021        5.4318362978719670E-005   1.2121212121212121E-002   1.0017578168234256        1.0101010101010102E-002   1.0017578168234256        1.0000000000000000        1.7763568394002505E-015
  0.92928582528166215        5.6555965302415153E-005   1.2121212121212121E-002   1.0017629997450950        1.0101010101010102E-002   1.0017629997450950        1.0000000000000000        1.7763568394002505E-015
  0.93938717912020953        5.8601444080609833E-005   1.2121212121212121E-002   1.0017684868607253        1.0101010101010102E-002   1.0017684868607253        1.0000000000000000        1.7763568394002505E-015
  0.94948847645866985        6.0431939160919224E-005   1.2121212121212121E-002   1.0017740778360986        1.0101010101010102E-002   1.0017740778360986        1.0000000000000000        1.7763568394002505E-015
  0.95958971981567398        6.2020267497380995E-005   1.2121212121212121E-002   1.0017797584408157        1.0101010101010102E-002   1.0017797584408157        1.0000000000000000        1.7763568394002505E-015
  0.96969090496300681        6.3383712133338016E-005   1.2121212121212121E-002   1.0017855600256649        1.0101010101010102E-002   1.0017855600256649        1.0000000000000000        8.8817841970012523E-016
  0.97979203359547196        6.4415463676367117E-005   1.2121212121212121E-002   1.0017914111253312        1.0101010101010102E-002   1.0017914111253312        1.0000000000000000       -3.2862601528904634E-014
  0.98989310257028484        6.5282466145736353E-005   1.2121212121212121E-002   1.0017970714546149        1.0101010101010102E-002   1.0017970714546149        1.0000000000000000        1.5010215292932116E-013
  0.99999412090716966        6.5817261841565381E-005   1.2121212121212121E-002   1.0018028951781250        1.0101010101010102E-002   1.0018028951781250        1.0000000000000000        1.0436096431476471E-012
   1.0100951310081798       -6.5589935597591776E-005   1.2121212121212121E-002   1.0017970714546414        1.0101010101010102E-002   1.0018034739232635        1.0000000000000000        1.4299672557172016E-013
   1.0201961411091900       -6.4721281798622624E-005   1.2121212121212121E-002   1.0017914111253126        1.0101010101010102E-002   1.0018006640857593        1.0000000000000000       -1.9677833450701065E-002
   1.0302971512102002       -6.3686235601072275E-005   1.2121212121212121E-002   1.0017855600256331        1.0101010101010102E-002   1.0018004115226273        1.0000000000000000       -1.3138325546267744     
   1.0403981613112103       -6.2323853617169184E-005   1.2121212121212121E-002   1.0017797584408181        1.0101010101010102E-002  0.99665637860081713        1.0000000000000000       -4.6453021478719450     
   1.0504991714122205       -6.0720744567137120E-005   1.2121212121212121E-002   1.0017740778361361        1.0101010101010102E-002  0.77867798353909146        1.0000000000000000        107.01218865918355     
  -1.0095131008174673E-002   6.5589935653444898E-005   1.2121212121212121E-002   1.0017970714546149        1.0101010101010102E-002   1.0018034739232691        1.0000000000000000        1.1546319456101628E-014
  -2.0196141109184773E-002   6.4721281793110363E-005   1.2121212121212121E-002   1.0017914111253312        1.0101010101010102E-002   1.0018006640857662        1.0000000000000000        1.9677833450746363E-002
  -3.0297151210194873E-002   6.3686235550184338E-005   1.2121212121212121E-002   1.0017855600256649        1.0101010101010102E-002   1.0018004115226335        1.0000000000000000        1.3138325546268277     
  -4.0398161311204980E-002   6.2323853593168621E-005   1.2121212121212121E-002   1.0017797584408157        1.0101010101010102E-002  0.99665637860082268        1.0000000000000000        4.6453021478716039     
  -5.0499171412215084E-002   6.0720744567245588E-005   1.2121212121212121E-002   1.0017740778360986        1.0101010101010102E-002  0.77867798353909445        1.0000000000000000       -107.01218865918408     
