 # x v h rho m p cs a
   15.301818181816207     
   1.2357070249183973E-014   3.7981954282065711E-013   1.2121212121212121E-002   1.0018697511525934        1.0101010101010102E-002   1.0018697511525934        1.0000000000000000       -4.4098946716530918E-011
   1.0100324870553623E-002   4.4996008115354872E-006   1.2121212121212121E-002   1.0018696118477866        1.0101010101010102E-002   1.0018696118477866        1.0000000000000000        2.9054272992823371E-005
   2.0200652494185994E-002   8.9810821764760622E-006   1.2121212121212121E-002   1.0018691944884668        1.0101010101010102E-002   1.0018691944884668        1.0000000000000000        5.7992705872145223E-005
   3.0300985613026594E-002   1.3426396603734669E-005   1.2121212121212121E-002   1.0018685007413497        1.0101010101010102E-002   1.0018685007413497        1.0000000000000000        8.6699513762056313E-005
   4.0401326947245103E-002   1.7817644774000182E-005   1.2121212121212121E-002   1.0018675333777025        1.0101010101010102E-002   1.0018675333777025        1.0000000000000000        1.1506014220419303E-004
   5.0501679184208975E-002   2.2137142555196029E-005   1.2121212121212121E-002   1.0018662962602809        1.0101010101010102E-002   1.0018662962602809        1.0000000000000000        1.4296159176918621E-004
   6.0602044967781731E-002   2.6367495440143877E-005   1.2121212121212121E-002   1.0018647943294274        1.0101010101010102E-002   1.0018647943294274        1.0000000000000000        1.7029216922370694E-004
   7.0702426887739311E-002   3.0491668364041443E-005   1.2121212121212121E-002   1.0018630335864753        1.0101010101010102E-002   1.0018630335864753        1.0000000000000000        1.9694233974920650E-004
   8.0802827469381527E-002   3.4493055062326372E-005   1.2121212121212121E-002   1.0018610210671670        1.0101010101010102E-002   1.0018610210671670        1.0000000000000000        2.2280594411938637E-004
   9.0903249163488603E-002   3.8355540912782848E-005   1.2121212121212121E-002   1.0018587648135442        1.0101010101010102E-002   1.0018587648135442        1.0000000000000000        2.4777931902697503E-004
  0.10100369433648851        4.2063572946185437E-005   1.2121212121212121E-002   1.0018562738453740        1.0101010101010102E-002   1.0018562738453740        1.0000000000000000        2.7176224602598609E-004
  0.11110416526096387        4.5602219643529149E-005   1.2121212121212121E-002   1.0018535581241292        1.0101010101010102E-002   1.0018535581241292        1.0000000000000000        2.9465853288979105E-004
  0.12120466410653671        4.8957232700389948E-005   1.2121212121212121E-002   1.0018506285129896        1.0101010101010102E-002   1.0018506285129896        1.0000000000000000        3.1637632825720630E-004
  0.13130519293116613        5.2115101196152469E-005   1.2121212121212121E-002   1.0018474967342450        1.0101010101010102E-002   1.0018474967342450        1.0000000000000000        3.3682830949288700E-004
  0.14140575367287292        5.5063109823444634E-005   1.2121212121212121E-002   1.0018441753239431        1.0101010101010102E-002   1.0018441753239431        1.0000000000000000        3.5593206279926903E-004
  0.15150634814193017        5.7789387915573075E-005   1.2121212121212121E-002   1.0018406775828506        1.0101010101010102E-002   1.0018406775828506        1.0000000000000000        3.7361046676487319E-004
  0.16160697801355586        6.0282958774472775E-005   1.2121212121212121E-002   1.0018370175238611        1.0101010101010102E-002   1.0018370175238611        1.0000000000000000        3.8979208823342049E-004
  0.17170764482114009        6.2533781542470530E-005   1.2121212121212121E-002   1.0018332098156346        1.0101010101010102E-002   1.0018332098156346        1.0000000000000000        4.0441153870407476E-004
  0.18180834995005599        6.4532792680921687E-005   1.2121212121212121E-002   1.0018292697256503        1.0101010101010102E-002   1.0018292697256503        1.0000000000000000        4.1740926253996946E-004
  0.19190909463200551        6.6271945176876398E-005   1.2121212121212121E-002   1.0018252130600585        1.0101010101010102E-002   1.0018252130600585        1.0000000000000000        4.2873238557028515E-004
  0.20200987994001882        6.7744236048478893E-005   1.2121212121212121E-002   1.0018210561008669        1.0101010101010102E-002   1.0018210561008669        1.0000000000000000        4.3833443515772785E-004
  0.21211070678404106        6.8943738264019030E-005   1.2121212121212121E-002   1.0018168155409755        1.0101010101010102E-002   1.0018168155409755        1.0000000000000000        4.4617612500985615E-004
  0.22221157590721136        6.9865622723704575E-005   1.2121212121212121E-002   1.0018125084160103        1.0101010101010102E-002   1.0018125084160103        1.0000000000000000        4.5222516112897182E-004
  0.23231248788280737        7.0506178509686015E-005   1.2121212121212121E-002   1.0018081520390048        1.0101010101010102E-002   1.0018081520390048        1.0000000000000000        4.5645587197640225E-004
  0.24241344311180255        7.0862827281425764E-005   1.2121212121212121E-002   1.0018037639317483        1.0101010101010102E-002   1.0018037639317483        1.0000000000000000        4.5885027048075955E-004
  0.25251444182116428        7.0934136208641380E-005   1.2121212121212121E-002   1.0017993617515475        1.0101010101010102E-002   1.0017993617515475        1.0000000000000000        4.5939798316307900E-004
  0.26261548406287077        7.0719816639004058E-005   1.2121212121212121E-002   1.0017949632205958        1.0101010101010102E-002   1.0017949632205958        1.0000000000000000        4.5809575603961150E-004
  0.27271656971360331        7.0220735160288347E-005   1.2121212121212121E-002   1.0017905860573457        1.0101010101010102E-002   1.0017905860573457        1.0000000000000000        4.5494750448948906E-004
  0.28281769847510885        6.9438901567143933E-005   1.2121212121212121E-002   1.0017862479042443        1.0101010101010102E-002   1.0017862479042443        1.0000000000000000        4.4996504476202404E-004
  0.29291886987532556        6.8377466677383409E-005   1.2121212121212121E-002   1.0017819662545540        1.0101010101010102E-002   1.0017819662545540        1.0000000000000000        4.4316759088758317E-004
  0.30302008327019814        6.7040705220078266E-005   1.2121212121212121E-002   1.0017777583820719        1.0101010101010102E-002   1.0017777583820719        1.0000000000000000        4.3458162261789113E-004
  0.31312133784619034        6.5434000623806925E-005   1.2121212121212121E-002   1.0017736412725924        1.0101010101010102E-002   1.0017736412725924        1.0000000000000000        4.2424062345070013E-004
  0.32322263262345152        6.3563823377754217E-005   1.2121212121212121E-002   1.0017696315548081        1.0101010101010102E-002   1.0017696315548081        1.0000000000000000        4.1218550470034643E-004
  0.33332396645969509        6.1437706978993334E-005   1.2121212121212121E-002   1.0017657454306572        1.0101010101010102E-002   1.0017657454306572        1.0000000000000000        3.9846430179046877E-004
  0.34342533805475001        5.9064212142629190E-005   1.2121212121212121E-002   1.0017619986093300        1.0101010101010102E-002   1.0017619986093300        1.0000000000000000        3.8313172061954504E-004
  0.35352674595574268        5.6452895913916223E-005   1.2121212121212121E-002   1.0017584062442664        1.0101010101010102E-002   1.0017584062442664        1.0000000000000000        3.6624890682013245E-004
  0.36362818856289381        5.3614275204058569E-005   1.2121212121212121E-002   1.0017549828722463        1.0101010101010102E-002   1.0017549828722463        1.0000000000000000        3.4788327882129266E-004
  0.37372966413589986        5.0559780554326145E-005   1.2121212121212121E-002   1.0017517423517899        1.0101010101010102E-002   1.0017517423517899        1.0000000000000000        3.2810888549672512E-004
  0.38383117080095391        4.7301711504188120E-005   1.2121212121212121E-002   1.0017486978040899        1.0101010101010102E-002   1.0017486978040899        1.0000000000000000        3.0700548363959967E-004
  0.39393270655830659        4.3853185604661098E-005   1.2121212121212121E-002   1.0017458615622699        1.0101010101010102E-002   1.0017458615622699        1.0000000000000000        2.8465767847318801E-004
  0.40403426929027941        4.0228090006584280E-005   1.2121212121212121E-002   1.0017432451224249        1.0101010101010102E-002   1.0017432451224249        1.0000000000000000        2.6115545659255446E-004
  0.41413585676978559        3.6441020811018448E-005   1.2121212121212121E-002   1.0017408590916079        1.0101010101010102E-002   1.0017408590916079        1.0000000000000000        2.3659430437650286E-004
  0.42423746666939322        3.2507228340188268E-005   1.2121212121212121E-002   1.0017387131438809        1.0101010101010102E-002   1.0017387131438809        1.0000000000000000        2.1107341978243710E-004
  0.43433909657071379        2.8442549098951946E-005   1.2121212121212121E-002   1.0017368159836426        1.0101010101010102E-002   1.0017368159836426        1.0000000000000000        1.8469589720826463E-004
  0.44444074397418010        2.4263350397180544E-005   1.2121212121212121E-002   1.0017351753096320        1.0101010101010102E-002   1.0017351753096320        1.0000000000000000        1.5756845024039734E-004
  0.45454240630914788        1.9986460640386066E-005   1.2121212121212121E-002   1.0017337977798484        1.0101010101010102E-002   1.0017337977798484        1.0000000000000000        1.2980155549069394E-004
  0.46464408094437881        1.5629098444241781E-005   1.2121212121212121E-002   1.0017326889836806        1.0101010101010102E-002   1.0017326889836806        1.0000000000000000        1.0150772612238512E-004
  0.47474576519869727        1.1208807955441805E-005   1.2121212121212121E-002   1.0017318534227415        1.0101010101010102E-002   1.0017318534227415        1.0000000000000000        7.2801429704227871E-005
  0.48484745635183513        6.7433879737992247E-006   1.2121212121212121E-002   1.0017312944908274        1.0101010101010102E-002   1.0017312944908274        1.0000000000000000        4.3799346458150978E-005
  0.49494915165549341        2.2508164253395453E-006   1.2121212121212121E-002   1.0017310144570859        1.0101010101010102E-002   1.0017310144570859        1.0000000000000000        1.4619517997083165E-005
  0.50505084834452796       -2.2508163328078340E-006   1.2121212121212121E-002   1.0017310144570890        1.0101010101010102E-002   1.0017310144570890        1.0000000000000000       -1.4619516849556646E-005
  0.51515254364818608       -6.7433880125994061E-006   1.2121212121212121E-002   1.0017312944907975        1.0101010101010102E-002   1.0017312944907975        1.0000000000000000       -4.3799343750094977E-005
  0.52525423480132505       -1.1208808057737686E-005   1.2121212121212121E-002   1.0017318534228552        1.0101010101010102E-002   1.0017318534228552        1.0000000000000000       -7.2801461734606221E-005
  0.53535591905563973       -1.5629098241070995E-005   1.2121212121212121E-002   1.0017326889837121        1.0101010101010102E-002   1.0017326889837121        1.0000000000000000       -1.0150767556371676E-004
  0.54545759369087365       -1.9986460535591888E-005   1.2121212121212121E-002   1.0017337977797265        1.0101010101010102E-002   1.0017337977797265        1.0000000000000000       -1.2980157527664460E-004
  0.55555925602584155       -2.4263350484954164E-005   1.2121212121212121E-002   1.0017351753097250        1.0101010101010102E-002   1.0017351753097250        1.0000000000000000       -1.5756847350090197E-004
  0.56566090342930542       -2.8442549380576187E-005   1.2121212121212121E-002   1.0017368159837019        1.0101010101010102E-002   1.0017368159837019        1.0000000000000000       -1.8469587000069509E-004
  0.57576253333062721       -3.2507228084399558E-005   1.2121212121212121E-002   1.0017387131438609        1.0101010101010102E-002   1.0017387131438609        1.0000000000000000       -2.1107342818016406E-004
  0.58586414323023417       -3.6441021539863472E-005   1.2121212121212121E-002   1.0017408590915993        1.0101010101010102E-002   1.0017408590915993        1.0000000000000000       -2.3659429821165645E-004
  0.59596573070974124       -4.0228089656311755E-005   1.2121212121212121E-002   1.0017432451224610        1.0101010101010102E-002   1.0017432451224610        1.0000000000000000       -2.6115547355320956E-004
  0.60606729344171240       -4.3853185241844537E-005   1.2121212121212121E-002   1.0017458615623089        1.0101010101010102E-002   1.0017458615623089        1.0000000000000000       -2.8465766099117218E-004
  0.61616882919906579       -4.7301711197812183E-005   1.2121212121212121E-002   1.0017486978040449        1.0101010101010102E-002   1.0017486978040449        1.0000000000000000       -3.0700548402684547E-004
  0.62627033586412029       -5.0559780772990438E-005   1.2121212121212121E-002   1.0017517423518063        1.0101010101010102E-002   1.0017517423518063        1.0000000000000000       -3.2810889816659028E-004
  0.63637181143712551       -5.3614275496699474E-005   1.2121212121212121E-002   1.0017549828722876        1.0101010101010102E-002   1.0017549828722876        1.0000000000000000       -3.4788327187396106E-004
  0.64647325404427636       -5.6452895696979877E-005   1.2121212121212121E-002   1.0017584062441736        1.0101010101010102E-002   1.0017584062441736        1.0000000000000000       -3.6624888323366633E-004
  0.65657466194527125       -5.9064212032186990E-005   1.2121212121212121E-002   1.0017619986091808        1.0101010101010102E-002   1.0017619986091808        1.0000000000000000       -3.8313173402304557E-004
  0.66667603354032745       -6.1437706838325800E-005   1.2121212121212121E-002   1.0017657454307398        1.0101010101010102E-002   1.0017657454307398        1.0000000000000000       -3.9846433616119725E-004
  0.67677736737656757       -6.3563823692000350E-005   1.2121212121212121E-002   1.0017696315548485        1.0101010101010102E-002   1.0017696315548485        1.0000000000000000       -4.1218546514532051E-004
  0.68687866215383142       -6.5434000620495650E-005   1.2121212121212121E-002   1.0017736412725700        1.0101010101010102E-002   1.0017736412725700        1.0000000000000000       -4.2424064633284075E-004
  0.69697991672982129       -6.7040704937141804E-005   1.2121212121212121E-002   1.0017777583819356        1.0101010101010102E-002   1.0017777583819356        1.0000000000000000       -4.3458157438713840E-004
  0.70708113012469909       -6.8377466830736488E-005   1.2121212121212121E-002   1.0017819662544278        1.0101010101010102E-002   1.0017819662544278        1.0000000000000000       -4.4316764390117669E-004
  0.71718230152491347       -6.9438901685590974E-005   1.2121212121212121E-002   1.0017862479043345        1.0101010101010102E-002   1.0017862479043345        1.0000000000000000       -4.4996503643357499E-004
  0.72728343028641895       -7.0220734815525622E-005   1.2121212121212121E-002   1.0017905860573297        1.0101010101010102E-002   1.0017905860573297        1.0000000000000000       -4.5494749155849945E-004
  0.73738451593715193       -7.0719817455432607E-005   1.2121212121212121E-002   1.0017949632205010        1.0101010101010102E-002   1.0017949632205010        1.0000000000000000       -4.5809574873612036E-004
  0.74748555817886020       -7.0934135579167585E-005   1.2121212121212121E-002   1.0017993617515950        1.0101010101010102E-002   1.0017993617515950        1.0000000000000000       -4.5939802390293494E-004
  0.75758655688821952       -7.0862827358783616E-005   1.2121212121212121E-002   1.0018037639320880        1.0101010101010102E-002   1.0018037639320880        1.0000000000000000       -4.5885029220382734E-004
  0.76768751211720965       -7.0506178708875340E-005   1.2121212121212121E-002   1.0018081520392099        1.0101010101010102E-002   1.0018081520392099        1.0000000000000000       -4.5645582244979721E-004
  0.77778842409280646       -6.9865622733750060E-005   1.2121212121212121E-002   1.0018125084159466        1.0101010101010102E-002   1.0018125084159466        1.0000000000000000       -4.5222514972564909E-004
  0.78788929321597756       -6.8943738234427792E-005   1.2121212121212121E-002   1.0018168155408529        1.0101010101010102E-002   1.0018168155408529        1.0000000000000000       -4.4617612631281389E-004
  0.79799012006000181       -6.7744235718105009E-005   1.2121212121212121E-002   1.0018210561008913        1.0101010101010102E-002   1.0018210561008913        1.0000000000000000       -4.3833446251273500E-004
  0.80809090536801198       -6.6271945571324476E-005   1.2121212121212121E-002   1.0018252130599001        1.0101010101010102E-002   1.0018252130599001        1.0000000000000000       -4.2873232242968129E-004
  0.81819165004996830       -6.4532792755268574E-005   1.2121212121212121E-002   1.0018292697255895        1.0101010101010102E-002   1.0018292697255895        1.0000000000000000       -4.1740934644174388E-004
  0.82829235517887878       -6.2533781286447287E-005   1.2121212121212121E-002   1.0018332098157652        1.0101010101010102E-002   1.0018332098157652        1.0000000000000000       -4.0441149452519198E-004
  0.83839302198646504       -6.0282958403425080E-005   1.2121212121212121E-002   1.0018370175237503        1.0101010101010102E-002   1.0018370175237503        1.0000000000000000       -3.8979208133760324E-004
  0.84849365185809122       -5.7789388480556255E-005   1.2121212121212121E-002   1.0018406775826783        1.0101010101010102E-002   1.0018406775826783        1.0000000000000000       -3.7361045845063501E-004
  0.85859424632715198       -5.5063109313984796E-005   1.2121212121212121E-002   1.0018441753240481        1.0101010101010102E-002   1.0018441753240481        1.0000000000000000       -3.5593213206297492E-004
  0.86869480706885294       -5.2115101329733970E-005   1.2121212121212121E-002   1.0018474967344875        1.0101010101010102E-002   1.0018474967344875        1.0000000000000000       -3.3682827232084378E-004
  0.87879533589348291       -4.8957232479018342E-005   1.2121212121212121E-002   1.0018506285130704        1.0101010101010102E-002   1.0018506285130704        1.0000000000000000       -3.1637632771275292E-004
  0.88889583473905343       -4.5602219843403080E-005   1.2121212121212121E-002   1.0018535581239560        1.0101010101010102E-002   1.0018535581239560        1.0000000000000000       -2.9465847735909989E-004
  0.89899630566353517       -4.2063573043250066E-005   1.2121212121212121E-002   1.0018562738453149        1.0101010101010102E-002   1.0018562738453149        1.0000000000000000       -2.7176233099712732E-004
  0.90909675083653019       -3.8355540912346680E-005   1.2121212121212121E-002   1.0018587648137460        1.0101010101010102E-002   1.0018587648137460        1.0000000000000000       -2.4777928279995365E-004
  0.91919717253063671       -3.4493054899528483E-005   1.2121212121212121E-002   1.0018610210668937        1.0101010101010102E-002   1.0018610210668937        1.0000000000000000       -2.2280588727596751E-004
  0.92929757311228633       -3.0491668775389488E-005   1.2121212121212121E-002   1.0018630335864711        1.0101010101010102E-002   1.0018630335864711        1.0000000000000000       -1.9694244805457117E-004
  0.93939795503223633       -2.6367494913227987E-005   1.2121212121212121E-002   1.0018647943295773        1.0101010101010102E-002   1.0018647943295773        1.0000000000000000       -1.7029209514429766E-004
  0.94949832081581287       -2.2137142543337239E-005   1.2121212121212121E-002   1.0018662962601352        1.0101010101010102E-002   1.0018662962601352        1.0000000000000000       -1.4296160503235456E-004
  0.95959867305277669       -1.7817645120418727E-005   1.2121212121212121E-002   1.0018675333777010        1.0101010101010102E-002   1.0018675333777010        1.0000000000000000       -1.1506015582884999E-004
  0.96969901438699524       -1.3426397017674248E-005   1.2121212121212121E-002   1.0018685007414958        1.0101010101010102E-002   1.0018685007414958        1.0000000000000000       -8.6699535548184770E-005
  0.97979934750583253       -8.9810817666749171E-006   1.2121212121212121E-002   1.0018691944885361        1.0101010101010102E-002   1.0018691944885361        1.0000000000000000       -5.7992665607464744E-005
  0.98989967512946664       -4.4996008976750347E-006   1.2121212121212121E-002   1.0018696118476762        1.0101010101010102E-002   1.0018696118476762        1.0000000000000000       -2.9054274624407128E-005
   1.0000000000000089       -2.6889647707201017E-013   1.2121212121212121E-002   1.0018697511525958        1.0101010101010102E-002   1.0018697511525958        1.0000000000000000        2.1200818878241989E-011
   1.0101003248705536        4.4286086543052136E-006   1.2121212121212121E-002   1.0018696118477866        1.0101010101010102E-002   1.0018696118477866        1.0000000000000000        2.9054254120808309E-005
   1.0202006524941860        8.8393809191660281E-006   1.2121212121212121E-002   1.0018691944884668        1.0101010101010102E-002   1.0018691944884668        1.0000000000000000        5.7992691918862249E-005
   1.0303009856130265        1.3214552287362032E-005   1.2121212121212121E-002   1.0018685007413497        1.0101010101010102E-002   1.0018685007413497        1.0000000000000000        8.6699515723154263E-005
   1.0404013269472452        1.7536503267672222E-005   1.2121212121212121E-002   1.0018675333777025        1.0101010101010102E-002   1.0018675333777025        1.0000000000000000        1.1506014052908853E-004
   1.0505016791842090        2.1787825936174834E-005   1.2121212121212121E-002   1.0018662962602809        1.0101010101010102E-002   1.0018662962602809        1.0000000000000000        1.4296159116966578E-004
   1.0606020449677818        2.5951398716450728E-005   1.2121212121212121E-002   1.0018647943294274        1.0101010101010102E-002   1.0018647943294274        1.0000000000000000        1.7029216827868510E-004
   1.0707024268877392        3.0010454168762097E-005   1.2121212121212121E-002   1.0018630335864753        1.0101010101010102E-002   1.0018630335864753        1.0000000000000000        1.9694234232314756E-004
   1.0808028274693815        3.3948645398935725E-005   1.2121212121212121E-002   1.0018610210671670        1.0101010101010102E-002   1.0018610210671670        1.0000000000000000        2.2280594457413372E-004
   1.0909032491634887        3.7750111179742126E-005   1.2121212121212121E-002   1.0018587648135442        1.0101010101010102E-002   1.0018587648135442        1.0000000000000000        7.6291516565698458     
   1.1010036943364885        4.1399543373403653E-005   1.2121212121212121E-002   1.0018562738453740        1.0101010101010102E-002   1.0018562738453740        1.0000000000000000        93.410434018862176     
  -1.0100324870533361E-002  -4.4286087258398785E-006   1.2121212121212121E-002   1.0018696118476762        1.0101010101010102E-002   1.0018696118476762        1.0000000000000000       -2.9054254876648145E-005
  -2.0200652494167470E-002  -8.8393806326009856E-006   1.2121212121212121E-002   1.0018691944885361        1.0101010101010102E-002   1.0018691944885361        1.0000000000000000       -5.7992652506833053E-005
  -3.0300985613004761E-002  -1.3214552631984939E-005   1.2121212121212121E-002   1.0018685007414958        1.0101010101010102E-002   1.0018685007414958        1.0000000000000000       -8.6699535547296591E-005
  -4.0401326947223315E-002  -1.7536503568228467E-005   1.2121212121212121E-002   1.0018675333777010        1.0101010101010102E-002   1.0018675333777010        1.0000000000000000       -1.1506015583950813E-004
  -5.0501679184187132E-002  -2.1787825894637964E-005   1.2121212121212121E-002   1.0018662962601352        1.0101010101010102E-002   1.0018662962601352        1.0000000000000000       -1.4296160503768363E-004
  -6.0602044967763669E-002  -2.5951398394392921E-005   1.2121212121212121E-002   1.0018647943295773        1.0101010101010102E-002   1.0018647943295773        1.0000000000000000       -1.7029209514873855E-004
  -7.0702426887713665E-002  -3.0010454295333227E-005   1.2121212121212121E-002   1.0018630335864711        1.0101010101010102E-002   1.0018630335864711        1.0000000000000000       -1.9694244805812389E-004
  -8.0802827469363292E-002  -3.3948645380978742E-005   1.2121212121212121E-002   1.0018610210668937        1.0101010101010102E-002   1.0018610210668937        1.0000000000000000       -2.2280588727507933E-004
  -9.0903249163469813E-002  -3.7750111268642713E-005   1.2121212121212121E-002   1.0018587648137460        1.0101010101010102E-002   1.0018587648137460        1.0000000000000000       -7.6291516565298707     
 -0.10100369433646483       -4.1399543265606967E-005   1.2121212121212121E-002   1.0018562738453149        1.0101010101010102E-002   1.0018562738453149        1.0000000000000000       -93.410434018904880     
