 # x v h rho m p cs a
   12.150303030301613     
   4.3015017524710909E-015   1.2518040476248532E-013   1.2121212121212121E-002   1.0018612097022057        1.0101010101010102E-002   1.0018612097022057        1.0000000000000000        4.6211034998577816E-011
   1.0100409273217394E-002  -4.9919537669096084E-006   1.2121212121212121E-002   1.0018610870562856        1.0101010101010102E-002   1.0018610870562856        1.0000000000000000        2.5580249062073790E-005
   2.0200820970337648E-002  -9.9637895540043514E-006   1.2121212121212121E-002   1.0018607196166047        1.0101010101010102E-002   1.0018607196166047        1.0000000000000000        5.1056756115386293E-005
   3.0301237505444296E-002  -1.4895473308986600E-005   1.2121212121212121E-002   1.0018601088738071        1.0101010101010102E-002   1.0018601088738071        1.0000000000000000        7.6326152264272196E-005
   4.0401661272992641E-002  -1.9767132691017034E-005   1.2121212121212121E-002   1.0018592573065601        1.0101010101010102E-002   1.0018592573065601        1.0000000000000000        1.0128582637847217E-004
   5.0502094638091057E-002  -2.4559136395300022E-005   1.2121212121212121E-002   1.0018581683707284        1.0101010101010102E-002   1.0018581683707284        1.0000000000000000        1.2583462953408286E-004
   6.0602539926916908E-002  -2.9252174583983989E-005   1.2121212121212121E-002   1.0018568464841731        1.0101010101010102E-002   1.0018568464841731        1.0000000000000000        1.4987310288017142E-004
   7.0702999417298629E-002  -3.3827337731191436E-005   1.2121212121212121E-002   1.0018552970098062        1.0101010101010102E-002   1.0018552970098062        1.0000000000000000        1.7330365706236250E-004
   8.0803475329455962E-002  -3.8266193946891983E-005   1.2121212121212121E-002   1.0018535262320056        1.0101010101010102E-002   1.0018535262320056        1.0000000000000000        1.9603172241033917E-004
   9.0903969817056340E-002  -4.2550860030457370E-005   1.2121212121212121E-002   1.0018515413309466        1.0101010101010102E-002   1.0018515413309466        1.0000000000000000        2.1796506573235064E-004
  0.10100448495845957       -4.6664073900097385E-005   1.2121212121212121E-002   1.0018493503540131        1.0101010101010102E-002   1.0018493503540131        1.0000000000000000        2.3901506392665084E-004
  0.11110502274833318       -5.0589268679848335E-005   1.2121212121212121E-002   1.0018469621815971        1.0101010101010102E-002   1.0018469621815971        1.0000000000000000        2.5909661349832191E-004
  0.12120558508957611       -5.4310635304652764E-005   1.2121212121212121E-002   1.0018443864895992        1.0101010101010102E-002   1.0018443864895992        1.0000000000000000        2.7812891464140677E-004
  0.13130617378567702       -5.7813187745062034E-005   1.2121212121212121E-002   1.0018416337104736        1.0101010101010102E-002   1.0018416337104736        1.0000000000000000        2.9603497002650414E-004
  0.14140679053340283       -6.1082820600437437E-005   1.2121212121212121E-002   1.0018387149907759        1.0101010101010102E-002   1.0018387149907759        1.0000000000000000        3.1274282286641863E-004
  0.15150743691599294       -6.4106371710282630E-005   1.2121212121212121E-002   1.0018356421443171        1.0101010101010102E-002   1.0018356421443171        1.0000000000000000        3.2818523029387592E-004
  0.16160811439677780       -6.6871670840695199E-005   1.2121212121212121E-002   1.0018324276037873        1.0101010101010102E-002   1.0018324276037873        1.0000000000000000        3.4230035118465452E-004
  0.17170882431332424       -6.9367589638637980E-005   1.2121212121212121E-002   1.0018290843694464        1.0101010101010102E-002   1.0018290843694464        1.0000000000000000        3.5503158649330402E-004
  0.18180956787207242       -7.1584083578112134E-005   1.2121212121212121E-002   1.0018256259573746        1.0101010101010102E-002   1.0018256259573746        1.0000000000000000        3.6632792389301727E-004
  0.19191034614349203       -7.3512237709246137E-005   1.2121212121212121E-002   1.0018220663421671        1.0101010101010102E-002   1.0018220663421671        1.0000000000000000        3.7614468015245706E-004
  0.20201116005786329       -7.5144300497816230E-005   1.2121212121212121E-002   1.0018184199005997        1.0101010101010102E-002   1.0018184199005997        1.0000000000000000        3.8444259978209772E-004
  0.21211201040154090       -7.6473712817379068E-005   1.2121212121212121E-002   1.0018147013541041        1.0101010101010102E-002   1.0018147013541041        1.0000000000000000        3.9118899859325040E-004
  0.22221289781386541       -7.7495134036140886E-005   1.2121212121212121E-002   1.0018109257072823        1.0101010101010102E-002   1.0018109257072823        1.0000000000000000        3.9635741218368992E-004
  0.23231382278465249       -7.8204464318648348E-005   1.2121212121212121E-002   1.0018071081881028        1.0101010101010102E-002   1.0018071081881028        1.0000000000000000        3.9992765131025010E-004
  0.24241478565227753       -7.8598865875014343E-005   1.2121212121212121E-002   1.0018032641859529        1.0101010101010102E-002   1.0018032641859529        1.0000000000000000        4.0188616657399479E-004
  0.25251578660238982       -7.8676765086684521E-005   1.2121212121212121E-002   1.0017994091882081        1.0101010101010102E-002   1.0017994091882081        1.0000000000000000        4.0222599629302636E-004
  0.26261682566725725       -7.8437863930296654E-005   1.2121212121212121E-002   1.0017955587191449        1.0101010101010102E-002   1.0017955587191449        1.0000000000000000        4.0094632124443308E-004
  0.27271790272568186       -7.7883138914940585E-005   1.2121212121212121E-002   1.0017917282782312        1.0101010101010102E-002   1.0017917282782312        1.0000000000000000        3.9805305093754129E-004
  0.28281901750355987       -7.7014842127692522E-005   1.2121212121212121E-002   1.0017879332756554        1.0101010101010102E-002   1.0017879332756554        1.0000000000000000        3.9355883342206965E-004
  0.29292016957508071       -7.5836484103631568E-005   1.2121212121212121E-002   1.0017841889703598        1.0101010101010102E-002   1.0017841889703598        1.0000000000000000        3.8748249384834565E-004
  0.30302135836451355       -7.4352823083733774E-005   1.2121212121212121E-002   1.0017805104114477        1.0101010101010102E-002   1.0017805104114477        1.0000000000000000        3.7984891300446577E-004
  0.31312258314855207       -7.2569846056217506E-005   1.2121212121212121E-002   1.0017769123764513        1.0101010101010102E-002   1.0017769123764513        1.0000000000000000        3.7068977817344972E-004
  0.32322384305933172       -7.0494745608221939E-005   1.2121212121212121E-002   1.0017734093118429        1.0101010101010102E-002   1.0017734093118429        1.0000000000000000        3.6004239800391247E-004
  0.33332513708795242       -6.8135888730111717E-005   1.2121212121212121E-002   1.0017700152768567        1.0101010101010102E-002   1.0017700152768567        1.0000000000000000        3.4795020305899982E-004
  0.34342646408859850       -6.5502780817915449E-005   1.2121212121212121E-002   1.0017667438865407        1.0101010101010102E-002   1.0017667438865407        1.0000000000000000        3.3446234499390215E-004
  0.35352782278319711       -6.2606031820191234E-005   1.2121212121212121E-002   1.0017636082586463        1.0101010101010102E-002   1.0017636082586463        1.0000000000000000        3.1963338320384338E-004
  0.36362921176658125       -5.9457312908150498E-005   1.2121212121212121E-002   1.0017606209609577        1.0101010101010102E-002   1.0017606209609577        1.0000000000000000        3.0352343355311007E-004
  0.37373062951219604       -5.6069305921177599E-005   1.2121212121212121E-002   1.0017577939619564        1.0101010101010102E-002   1.0017577939619564        1.0000000000000000        2.8619738061319566E-004
  0.38383207437823458       -5.2455653138832391E-005   1.2121212121212121E-002   1.0017551385834234        1.0101010101010102E-002   1.0017551385834234        1.0000000000000000        2.6772521952889150E-004
  0.39393354461428465       -4.8630905335297127E-005   1.2121212121212121E-002   1.0017526654562821        1.0101010101010102E-002   1.0017526654562821        1.0000000000000000        2.4818105363433318E-004
  0.40403503836833649       -4.4610461215552188E-005   1.2121212121212121E-002   1.0017503844787274        1.0101010101010102E-002   1.0017503844787274        1.0000000000000000        2.2764363727922898E-004
  0.41413655369425711       -4.0410505376452208E-005   1.2121212121212121E-002   1.0017483047763203        1.0101010101010102E-002   1.0017483047763203        1.0000000000000000        2.0619538827659767E-004
  0.42423808855959433       -3.6047941456764749E-005   1.2121212121212121E-002   1.0017464346673430        1.0101010101010102E-002   1.0017464346673430        1.0000000000000000        1.8392232554997889E-004
  0.43433964085372911       -3.1540329004607696E-005   1.2121212121212121E-002   1.0017447816297067        1.0101010101010102E-002   1.0017447816297067        1.0000000000000000        1.6091373935989139E-004
  0.44444120839634077       -2.6905807186224278E-005   1.2121212121212121E-002   1.0017433522722714        1.0101010101010102E-002   1.0017433522722714        1.0000000000000000        1.3726166252059357E-004
  0.45454278894612216       -2.2163027374932525E-005   1.2121212121212121E-002   1.0017421523082468        1.0101010101010102E-002   1.0017421523082468        1.0000000000000000        1.1306094794960586E-004
  0.46464438020977433       -1.7331073218717185E-005   1.2121212121212121E-002   1.0017411865323613        1.0101010101010102E-002   1.0017411865323613        1.0000000000000000        8.8408377978410613E-005
  0.47474597985117817       -1.2429387831934430E-005   1.2121212121212121E-002   1.0017404588039187        1.0101010101010102E-002   1.0017404588039187        1.0000000000000000        6.3402367158182926E-005
  0.48484758550071416       -7.4776924714405663E-006   1.2121212121212121E-002   1.0017399720305467        1.0101010101010102E-002   1.0017399720305467        1.0000000000000000        3.8143061106943321E-005
  0.49494919476476446       -2.4959111525603914E-006   1.2121212121212121E-002   1.0017397281569131        1.0101010101010102E-002   1.0017397281569131        1.0000000000000000        1.2731256718190309E-005
  0.50505080523525325        2.4959114228462103E-006   1.2121212121212121E-002   1.0017397281571738        1.0101010101010102E-002   1.0017397281571738        1.0000000000000000       -1.2731308435043331E-005
  0.51515241449929705        7.4776923939266043E-006   1.2121212121212121E-002   1.0017399720306479        1.0101010101010102E-002   1.0017399720306479        1.0000000000000000       -3.8142983632027949E-005
  0.52525402014883782        1.2429387495386582E-005   1.2121212121212121E-002   1.0017404588039553        1.0101010101010102E-002   1.0017404588039553        1.0000000000000000       -6.3402425612757440E-005
  0.53535561979023627        1.7331073397819947E-005   1.2121212121212121E-002   1.0017411865324055        1.0101010101010102E-002   1.0017411865324055        1.0000000000000000       -8.8408319276922498E-005
  0.54545721105389278        2.2163027435464224E-005   1.2121212121212121E-002   1.0017421523082299        1.0101010101010102E-002   1.0017421523082299        1.0000000000000000       -1.1306099959806915E-004
  0.55555879160367072        2.6905807135856341E-005   1.2121212121212121E-002   1.0017433522724530        1.0101010101010102E-002   1.0017433522724530        1.0000000000000000       -1.3726164736471702E-004
  0.56566035914628132        3.1540328797414913E-005   1.2121212121212121E-002   1.0017447816296243        1.0101010101010102E-002   1.0017447816296243        1.0000000000000000       -1.6091370136894767E-004
  0.57576191144041933        3.6047941654422557E-005   1.2121212121212121E-002   1.0017464346672789        1.0101010101010102E-002   1.0017464346672789        1.0000000000000000       -1.8392236716913146E-004
  0.58586344630575504        4.0410505304701084E-005   1.2121212121212121E-002   1.0017483047765146        1.0101010101010102E-002   1.0017483047765146        1.0000000000000000       -2.0619540040023310E-004
  0.59596496163167245        4.4610461194131280E-005   1.2121212121212121E-002   1.0017503844787157        1.0101010101010102E-002   1.0017503844787157        1.0000000000000000       -2.2764358418925212E-004
  0.60606645538572801        4.8630905282392276E-005   1.2121212121212121E-002   1.0017526654561844        1.0101010101010102E-002   1.0017526654561844        1.0000000000000000       -2.4818108521174054E-004
  0.61616792562177658        5.2455653232369413E-005   1.2121212121212121E-002   1.0017551385834123        1.0101010101010102E-002   1.0017551385834123        1.0000000000000000       -2.6772520727114113E-004
  0.62626937048781672        5.6069305874617438E-005   1.2121212121212121E-002   1.0017577939619831        1.0101010101010102E-002   1.0017577939619831        1.0000000000000000       -2.8619740306368158E-004
  0.63637078823342930        5.9457313071493687E-005   1.2121212121212121E-002   1.0017606209609622        1.0101010101010102E-002   1.0017606209609622        1.0000000000000000       -3.0352340350336959E-004
  0.64647217721681538        6.2606031983383949E-005   1.2121212121212121E-002   1.0017636082585439        1.0101010101010102E-002   1.0017636082585439        1.0000000000000000       -3.1963339186447115E-004
  0.65657353591141454        6.5502780923870380E-005   1.2121212121212121E-002   1.0017667438865796        1.0101010101010102E-002   1.0017667438865796        1.0000000000000000       -3.3446236542289398E-004
  0.66667486291205913        6.8135888598680136E-005   1.2121212121212121E-002   1.0017700152769511        1.0101010101010102E-002   1.0017700152769511        1.0000000000000000       -3.4795019807454253E-004
  0.67677615694067927        7.0494745489742399E-005   1.2121212121212121E-002   1.0017734093118622        1.0101010101010102E-002   1.0017734093118622        1.0000000000000000       -3.6004238212505868E-004
  0.68687741685145876        7.2569846052703661E-005   1.2121212121212121E-002   1.0017769123762337        1.0101010101010102E-002   1.0017769123762337        1.0000000000000000       -3.7068974698684087E-004
  0.69697864163550260        7.4352822833961512E-005   1.2121212121212121E-002   1.0017805104114461        1.0101010101010102E-002   1.0017805104114461        1.0000000000000000       -3.7984898672771550E-004
  0.70707983042492972        7.5836484150428729E-005   1.2121212121212121E-002   1.0017841889703745        1.0101010101010102E-002   1.0017841889703745        1.0000000000000000       -3.8748242583963588E-004
  0.71718098249645590        7.7014842319509245E-005   1.2121212121212121E-002   1.0017879332756259        1.0101010101010102E-002   1.0017879332756259        1.0000000000000000       -3.9355889315650927E-004
  0.72728209727432958        7.7883139196999995E-005   1.2121212121212121E-002   1.0017917282783697        1.0101010101010102E-002   1.0017917282783697        1.0000000000000000       -3.9805302692297317E-004
  0.73738317433275535        7.8437863677882001E-005   1.2121212121212121E-002   1.0017955587192073        1.0101010101010102E-002   1.0017955587192073        1.0000000000000000       -4.0094632797416097E-004
  0.74748421339761995        7.8676765023179913E-005   1.2121212121212121E-002   1.0017994091879612        1.0101010101010102E-002   1.0017994091879612        1.0000000000000000       -4.0222592182814765E-004
  0.75758521434774062        7.8598866076973344E-005   1.2121212121212121E-002   1.0018032641857824        1.0101010101010102E-002   1.0018032641857824        1.0000000000000000       -4.0188625946147027E-004
  0.76768617721536114        7.8204464518611685E-005   1.2121212121212121E-002   1.0018071081882693        1.0101010101010102E-002   1.0018071081882693        1.0000000000000000       -3.9992762819096583E-004
  0.77778710218614844        7.7495133426358384E-005   1.2121212121212121E-002   1.0018109257072549        1.0101010101010102E-002   1.0018109257072549        1.0000000000000000       -3.9635739810695014E-004
  0.78788798959847373        7.6473712815299934E-005   1.2121212121212121E-002   1.0018147013541048        1.0101010101010102E-002   1.0018147013541048        1.0000000000000000       -3.9118901803902872E-004
  0.79798883994215075        7.5144300603679262E-005   1.2121212121212121E-002   1.0018184199007212        1.0101010101010102E-002   1.0018184199007212        1.0000000000000000       -3.8444260161352162E-004
  0.80808965385651921        7.3512237864800973E-005   1.2121212121212121E-002   1.0018220663419064        1.0101010101010102E-002   1.0018220663419064        1.0000000000000000       -3.7614459929802280E-004
  0.81819043212794773        7.1584083538896189E-005   1.2121212121212121E-002   1.0018256259572504        1.0101010101010102E-002   1.0018256259572504        1.0000000000000000       -3.6632803453251483E-004
  0.82829117568668997        6.9367589369408341E-005   1.2121212121212121E-002   1.0018290843697353        1.0101010101010102E-002   1.0018290843697353        1.0000000000000000       -3.5503156146177162E-004
  0.83839188560323530        6.6871670960964527E-005   1.2121212121212121E-002   1.0018324276037838        1.0101010101010102E-002   1.0018324276037838        1.0000000000000000       -3.4230032021387302E-004
  0.84849256308402199        6.4106371531968493E-005   1.2121212121212121E-002   1.0018356421443211        1.0101010101010102E-002   1.0018356421443211        1.0000000000000000       -3.2818525573219404E-004
  0.85859320946661011        6.1082820862303161E-005   1.2121212121212121E-002   1.0018387149907704        1.0101010101010102E-002   1.0018387149907704        1.0000000000000000       -3.1274279759418988E-004
  0.86869382621433799        5.7813187858044140E-005   1.2121212121212121E-002   1.0018416337104472        1.0101010101010102E-002   1.0018416337104472        1.0000000000000000       -2.9603499289621027E-004
  0.87879441491043753        5.4310635541214836E-005   1.2121212121212121E-002   1.0018443864896374        1.0101010101010102E-002   1.0018443864896374        1.0000000000000000       -2.7812890193068540E-004
  0.88889497725168065        5.0589267981186347E-005   1.2121212121212121E-002   1.0018469621814956        1.0101010101010102E-002   1.0018469621814956        1.0000000000000000       -2.5909659971024013E-004
  0.89899551504155661        4.6664074542361215E-005   1.2121212121212121E-002   1.0018493503540449        1.0101010101010102E-002   1.0018493503540449        1.0000000000000000       -2.3901510523494096E-004
  0.90909603018295670        4.2550859812004171E-005   1.2121212121212121E-002   1.0018515413310209        1.0101010101010102E-002   1.0018515413310209        1.0000000000000000       -2.1796503152238245E-004
  0.91919652467055823        3.8266193892485342E-005   1.2121212121212121E-002   1.0018535262318660        1.0101010101010102E-002   1.0018535262318660        1.0000000000000000       -1.9603171467608149E-004
  0.92929700058271802        3.3827337744856611E-005   1.2121212121212121E-002   1.0018552970098904        1.0101010101010102E-002   1.0018552970098904        1.0000000000000000       -1.7330370983614785E-004
  0.93939746007309521        2.9252174652077587E-005   1.2121212121212121E-002   1.0018568464842690        1.0101010101010102E-002   1.0018568464842690        1.0000000000000000       -1.4987305348768132E-004
  0.94949790536192324        2.4559136586820494E-005   1.2121212121212121E-002   1.0018581683705921        1.0101010101010102E-002   1.0018581683705921        1.0000000000000000       -1.2583463059012701E-004
  0.95959833872702283        1.9767132984545545E-005   1.2121212121212121E-002   1.0018592573065277        1.0101010101010102E-002   1.0018592573065277        1.0000000000000000       -1.0128584320590051E-004
  0.96969876249457043        1.4895473104750836E-005   1.2121212121212121E-002   1.0018601088737966        1.0101010101010102E-002   1.0018601088737966        1.0000000000000000       -7.6326143814142711E-005
  0.97979917902967817        9.9637894988478393E-006   1.2121212121212121E-002   1.0018607196166862        1.0101010101010102E-002   1.0018607196166862        1.0000000000000000       -5.1056784201364280E-005
  0.98989959072679568        4.9919535931246421E-006   1.2121212121212121E-002   1.0018610870564244        1.0101010101010102E-002   1.0018610870564244        1.0000000000000000       -2.5580233327104906E-005
   1.0000000000000084       -2.2623915158864350E-013   1.2121212121212121E-002   1.0018612097022086        1.0101010101010102E-002   1.0018612097022086        1.0000000000000000       -3.2019720208609215E-011
   1.0101004092732173       -5.0533387099383288E-006   1.2121212121212121E-002   1.0018610870562856        1.0101010101010102E-002   1.0018610870562856        1.0000000000000000        2.5580274332526187E-005
   1.0202008209703377       -1.0086310549774288E-005   1.2121212121212121E-002   1.0018607196166047        1.0101010101010102E-002   1.0018607196166047        1.0000000000000000        5.1056770643320704E-005
   1.0303012375054443       -1.5078633324060584E-005   1.2121212121212121E-002   1.0018601088738071        1.0101010101010102E-002   1.0018601088738071        1.0000000000000000        7.6326151633665518E-005
   1.0404016612729927       -2.0010188414235907E-005   1.2121212121212121E-002   1.0018592573065601        1.0101010101010102E-002   1.0018592573065601        1.0000000000000000        1.0128582523361018E-004
   1.0505020946380910       -2.4861101806398487E-005   1.2121212121212121E-002   1.0018581683707284        1.0101010101010102E-002   1.0018581683707284        1.0000000000000000        1.2583463189663746E-004
   1.0606025399269170       -2.9611825015584700E-005   1.2121212121212121E-002   1.0018568464841731        1.0101010101010102E-002   1.0018568464841731        1.0000000000000000        1.4987310037817281E-004
   1.0707029994172985       -3.4243214349800798E-005   1.2121212121212121E-002   1.0018552970098062        1.0101010101010102E-002   1.0018552970098062        1.0000000000000000        1.7330365962475724E-004
   1.0808034753294560       -3.8736610868433335E-005   1.2121212121212121E-002   1.0018535262320056        1.0101010101010102E-002   1.0018535262320056        1.0000000000000000        1.9603172187476758E-004
   1.0909039698170564       -4.3073910061463870E-005   1.2121212121212121E-002   1.0018515413309466        1.0101010101010102E-002   1.0018515413309466        1.0000000000000000        7.6286578783848569     
   1.1010044849584595       -4.7237637273250299E-005   1.2121212121212121E-002   1.0018493503540131        1.0101010101010102E-002   1.0018493503540131        1.0000000000000000        93.410159588783429     
  -1.0100409273204325E-002   5.0533385002978683E-006   1.2121212121212121E-002   1.0018610870564244        1.0101010101010102E-002   1.0018610870564244        1.0000000000000000       -2.5580256517443445E-005
  -2.0200820970321831E-002   1.0086310558443890E-005   1.2121212121212121E-002   1.0018607196166862        1.0101010101010102E-002   1.0018607196166862        1.0000000000000000       -5.1056799827975397E-005
  -3.0301237505429568E-002   1.5078633115547568E-005   1.2121212121212121E-002   1.0018601088737966        1.0101010101010102E-002   1.0018601088737966        1.0000000000000000       -7.6326143816807246E-005
  -4.0401661272977174E-002   2.0010188733295512E-005   1.2121212121212121E-002   1.0018592573065277        1.0101010101010102E-002   1.0018592573065277        1.0000000000000000       -1.0128584320057143E-004
  -5.0502094638076755E-002   2.4861101997049080E-005   1.2121212121212121E-002   1.0018581683705921        1.0101010101010102E-002   1.0018581683705921        1.0000000000000000       -1.2583463058746247E-004
  -6.0602539926904786E-002   2.9611824968871819E-005   1.2121212121212121E-002   1.0018568464842690        1.0101010101010102E-002   1.0018568464842690        1.0000000000000000       -1.4987305349123403E-004
  -7.0702999417281975E-002   3.4243214485904322E-005   1.2121212121212121E-002   1.0018552970098904        1.0101010101010102E-002   1.0018552970098904        1.0000000000000000       -1.7330370984502963E-004
  -8.0803475329441765E-002   3.8736610801329514E-005   1.2121212121212121E-002   1.0018535262318660        1.0101010101010102E-002   1.0018535262318660        1.0000000000000000       -1.9603171468141056E-004
  -9.0903969817043295E-002   4.3073909777420038E-005   1.2121212121212121E-002   1.0018515413310209        1.0101010101010102E-002   1.0018515413310209        1.0000000000000000       -7.6286578783553693     
 -0.10100448495844339        4.7237637968045845E-005   1.2121212121212121E-002   1.0018493503540449        1.0101010101010102E-002   1.0018493503540449        1.0000000000000000       -93.410159588803381     
