 # x v h rho m p cs a
   10.900999999999398     
  -1.1711218216959235E-006   1.9841877885773992E-005   1.2121212121212121E-002   1.0018001787482187        1.0101010101010102E-002   1.0018001787482187        1.0000000000000000        1.2434497875801753E-014
   1.0099826854245948E-002   1.9312726862178086E-005   1.2121212121212121E-002   1.0018028069159903        1.0101010101010102E-002   1.0018028069159903        1.0000000000000000       -1.4210854715202004E-014
   2.0200801680391251E-002   1.8817694619268510E-005   1.2121212121212121E-002   1.0018055705890896        1.0101010101010102E-002   1.0018055705890896        1.0000000000000000       -9.9475983006414026E-014
   3.0301745294941080E-002   1.8344177528464107E-005   1.2121212121212121E-002   1.0018083937690674        1.0101010101010102E-002   1.0018083937690674        1.0000000000000000        6.1284310959308641E-014
   4.0402663368604375E-002   1.8268463896849454E-005   1.2121212121212121E-002   1.0018107618144454        1.0101010101010102E-002   1.0018107618144454        1.0000000000000000        3.5527136788005009E-015
   5.0503560659100936E-002   1.8445361142884830E-005   1.2121212121212121E-002   1.0018129167947070        1.0101010101010102E-002   1.0018129167947070        1.0000000000000000        4.4408920985006262E-015
   6.0604436644955628E-002   1.8487748841462053E-005   1.2121212121212121E-002   1.0018151505732742        1.0101010101010102E-002   1.0018151505732742        1.0000000000000000       -8.8817841970012523E-015
   7.0705289547950939E-002   1.7972581705755650E-005   1.2121212121212121E-002   1.0018173196379685        1.0101010101010102E-002   1.0018173196379685        1.0000000000000000       -5.1514348342607263E-014
   8.0806122153037091E-002   1.7416521662670801E-005   1.2121212121212121E-002   1.0018191028732393        1.0101010101010102E-002   1.0018191028732393        1.0000000000000000        2.1316282072803006E-014
   9.0906939593723465E-002   1.7513187524364746E-005   1.2121212121212121E-002   1.0018203517845623        1.0101010101010102E-002   1.0018203517845623        1.0000000000000000        7.1054273576010019E-015
  0.10100774766310951        1.7798590986072567E-005   1.2121212121212121E-002   1.0018211417667295        1.0101010101010102E-002   1.0018211417667295        1.0000000000000000        7.1054273576010019E-015
  0.11110854961776789        1.7993901721527977E-005   1.2121212121212121E-002   1.0018215583882091        1.0101010101010102E-002   1.0018215583882091        1.0000000000000000        3.5527136788005009E-015
  0.12120934961757790        1.8469696925268017E-005   1.2121212121212121E-002   1.0018216830997435        1.0101010101010102E-002   1.0018216830997435        1.0000000000000000        1.9539925233402755E-014
  0.13131014876681885        1.9548264155755707E-005   1.2121212121212121E-002   1.0018213223302832        1.0101010101010102E-002   1.0018213223302832        1.0000000000000000        8.0824236192711396E-014
  0.14141095574605228        2.0821177817980256E-005   1.2121212121212121E-002   1.0018203922304498        1.0101010101010102E-002   1.0018203922304498        1.0000000000000000        2.2204460492503131E-014
  0.15151177363395929        2.1829677791032556E-005   1.2121212121212121E-002   1.0018190892773384        1.0101010101010102E-002   1.0018190892773384        1.0000000000000000       -6.2172489379008766E-015
  0.16161260633170677        2.2957333331574312E-005   1.2121212121212121E-002   1.0018173995801039        1.0101010101010102E-002   1.0018173995801039        1.0000000000000000       -6.2172489379008766E-015
  0.17171345727131521        2.4141319070891312E-005   1.2121212121212121E-002   1.0018151347356647        1.0101010101010102E-002   1.0018151347356647        1.0000000000000000       -6.2172489379008766E-015
  0.18181433479621348        2.5513153912074259E-005   1.2121212121212121E-002   1.0018123778504213        1.0101010101010102E-002   1.0018123778504213        1.0000000000000000       -6.2172489379008766E-015
  0.19191524133792703        2.6840297237820109E-005   1.2121212121212121E-002   1.0018097980101315        1.0101010101010102E-002   1.0018097980101315        1.0000000000000000       -6.2172489379008766E-015
  0.20201617029692248        2.8445310425524966E-005   1.2121212121212121E-002   1.0018076921778127        1.0101010101010102E-002   1.0018076921778127        1.0000000000000000       -6.2172489379008766E-015
  0.21211711803733968        2.9776246295397794E-005   1.2121212121212121E-002   1.0018058300371850        1.0101010101010102E-002   1.0018058300371850        1.0000000000000000       -6.2172489379008766E-015
  0.22221808341185725        3.0223593275988878E-005   1.2121212121212121E-002   1.0018039792609976        1.0101010101010102E-002   1.0018039792609976        1.0000000000000000       -1.7763568394002505E-015
  0.23231906781456133        2.9939592762647505E-005   1.2121212121212121E-002   1.0018021743225107        1.0101010101010102E-002   1.0018021743225107        1.0000000000000000       -5.6843418860808015E-014
  0.24242006888529963        2.9766144914221505E-005   1.2121212121212121E-002   1.0018004495104174        1.0101010101010102E-002   1.0018004495104174        1.0000000000000000       -1.8562928971732617E-013
  0.25252108760632497        2.9765698981166147E-005   1.2121212121212121E-002   1.0017989514435681        1.0101010101010102E-002   1.0017989514435681        1.0000000000000000        1.8385293287792592E-013
  0.26262211848596179        2.9364493213849677E-005   1.2121212121212121E-002   1.0017977822101558        1.0101010101010102E-002   1.0017977822101558        1.0000000000000000        5.0626169922907138E-014
  0.27272315975998190        2.8648406267610236E-005   1.2121212121212121E-002   1.0017966406076597        1.0101010101010102E-002   1.0017966406076597        1.0000000000000000       -6.2172489379008766E-015
  0.28282421323734969        2.7923109157560212E-005   1.2121212121212121E-002   1.0017955285946472        1.0101010101010102E-002   1.0017955285946472        1.0000000000000000       -6.2172489379008766E-015
  0.29292527662812107        2.7320827379256503E-005   1.2121212121212121E-002   1.0017944958330323        1.0101010101010102E-002   1.0017944958330323        1.0000000000000000       -6.2172489379008766E-015
  0.30302634984197313        2.6943236550164489E-005   1.2121212121212121E-002   1.0017931329897469        1.0101010101010102E-002   1.0017931329897469        1.0000000000000000       -6.2172489379008766E-015
  0.31312743947971361        2.6665081827296667E-005   1.2121212121212121E-002   1.0017910527175666        1.0101010101010102E-002   1.0017910527175666        1.0000000000000000       -6.2172489379008766E-015
  0.32322855450154986        2.6227953519982727E-005   1.2121212121212121E-002   1.0017886689743414        1.0101010101010102E-002   1.0017886689743414        1.0000000000000000       -6.2172489379008766E-015
  0.33332969221483155        2.5520438567751230E-005   1.2121212121212121E-002   1.0017865663364127        1.0101010101010102E-002   1.0017865663364127        1.0000000000000000       -6.2172489379008766E-015
  0.34343084869844176        2.4512878609612675E-005   1.2121212121212121E-002   1.0017847405255920        1.0101010101010102E-002   1.0017847405255920        1.0000000000000000       -6.2172489379008766E-015
  0.35353202241409809        2.3431812744675915E-005   1.2121212121212121E-002   1.0017831547115623        1.0101010101010102E-002   1.0017831547115623        1.0000000000000000       -6.2172489379008766E-015
  0.36363321045386798        2.2355714928870206E-005   1.2121212121212121E-002   1.0017819385480113        1.0101010101010102E-002   1.0017819385480113        1.0000000000000000       -6.2172489379008766E-015
  0.37373440836853838        2.1272867103456906E-005   1.2121212121212121E-002   1.0017811773053398        1.0101010101010102E-002   1.0017811773053398        1.0000000000000000       -6.2172489379008766E-015
  0.38383561103791736        1.9874965367507992E-005   1.2121212121212121E-002   1.0017806261112474        1.0101010101010102E-002   1.0017806261112474        1.0000000000000000       -6.2172489379008766E-015
  0.39393681948590281        1.8150712484312184E-005   1.2121212121212121E-002   1.0017800372996946        1.0101010101010102E-002   1.0017800372996946        1.0000000000000000       -6.2172489379008766E-015
  0.40403803334492122        1.6489711413974603E-005   1.2121212121212121E-002   1.0017791302013173        1.0101010101010102E-002   1.0017791302013173        1.0000000000000000       -6.2172489379008766E-015
  0.41413925954498659        1.4596446331488926E-005   1.2121212121212121E-002   1.0017778284787016        1.0101010101010102E-002   1.0017778284787016        1.0000000000000000       -6.2172489379008766E-015
  0.42424050000894614        1.2673036978147783E-005   1.2121212121212121E-002   1.0017766452956456        1.0101010101010102E-002   1.0017766452956456        1.0000000000000000       -6.2172489379008766E-015
  0.43434174997928432        1.1017003967713932E-005   1.2121212121212121E-002   1.0017758154496610        1.0101010101010102E-002   1.0017758154496610        1.0000000000000000       -6.2172489379008766E-015
  0.44444300621503080        9.8353528920401152E-006   1.2121212121212121E-002   1.0017749867345556        1.0101010101010102E-002   1.0017749867345556        1.0000000000000000       -6.2172489379008766E-015
  0.45454427226337463        8.7288718551998825E-006   1.2121212121212121E-002   1.0017740133111053        1.0101010101010102E-002   1.0017740133111053        1.0000000000000000       -6.2172489379008766E-015
  0.46464554883430081        7.1098453577228793E-006   1.2121212121212121E-002   1.0017735247259176        1.0101010101010102E-002   1.0017735247259176        1.0000000000000000       -6.2172489379008766E-015
  0.47474682490424319        5.1054577024268772E-006   1.2121212121212121E-002   1.0017737342917283        1.0101010101010102E-002   1.0017737342917283        1.0000000000000000        5.3290705182007514E-015
  0.48484809632323822        2.9649097147611312E-006   1.2121212121212121E-002   1.0017740607111145        1.0101010101010102E-002   1.0017740607111145        1.0000000000000000       -7.0166095156309893E-014
  0.49494936546247781        9.8024318247507378E-007   1.2121212121212121E-002   1.0017741878710975        1.0101010101010102E-002   1.0017741878710975        1.0000000000000000       -4.4941828036826337E-013
  0.50505063453797583       -9.8024315615881191E-007   1.2121212121212121E-002   1.0017741878711417        1.0101010101010102E-002   1.0017741878711417        1.0000000000000000       -6.9277916736609768E-014
  0.51515190367721431       -2.9649096252269903E-006   1.2121212121212121E-002   1.0017740607111167        1.0101010101010102E-002   1.0017740607111167        1.0000000000000000        1.5987211554602254E-014
  0.52525317509621028       -5.1054576475111986E-006   1.2121212121212121E-002   1.0017737342916153        1.0101010101010102E-002   1.0017737342916153        1.0000000000000000        1.7763568394002505E-015
  0.53535445116615410       -7.1098454589833761E-006   1.2121212121212121E-002   1.0017735247257937        1.0101010101010102E-002   1.0017735247257937        1.0000000000000000        1.7763568394002505E-015
  0.54545572773708173       -8.7288712876205957E-006   1.2121212121212121E-002   1.0017740133112170        1.0101010101010102E-002   1.0017740133112170        1.0000000000000000        1.7763568394002505E-015
  0.55555699378542167       -9.8353531172060670E-006   1.2121212121212121E-002   1.0017749867347634        1.0101010101010102E-002   1.0017749867347634        1.0000000000000000        1.7763568394002505E-015
  0.56565825002116743       -1.1017003873020958E-005   1.2121212121212121E-002   1.0017758154496526        1.0101010101010102E-002   1.0017758154496526        1.0000000000000000        1.7763568394002505E-015
  0.57575949999150622       -1.2673037040356331E-005   1.2121212121212121E-002   1.0017766452952805        1.0101010101010102E-002   1.0017766452952805        1.0000000000000000        1.7763568394002505E-015
  0.58586074045547321       -1.4596445904497583E-005   1.2121212121212121E-002   1.0017778284784780        1.0101010101010102E-002   1.0017778284784780        1.0000000000000000        1.7763568394002505E-015
  0.59596196665553625       -1.6489711320602098E-005   1.2121212121212121E-002   1.0017791302016001        1.0101010101010102E-002   1.0017791302016001        1.0000000000000000        1.7763568394002505E-015
  0.60606318051454999       -1.8150712356398574E-005   1.2121212121212121E-002   1.0017800372997410        1.0101010101010102E-002   1.0017800372997410        1.0000000000000000        1.7763568394002505E-015
  0.61616438896253967       -1.9874965641550923E-005   1.2121212121212121E-002   1.0017806261112780        1.0101010101010102E-002   1.0017806261112780        1.0000000000000000        1.7763568394002505E-015
  0.62626559163191420       -2.1272867083779010E-005   1.2121212121212121E-002   1.0017811773055543        1.0101010101010102E-002   1.0017811773055543        1.0000000000000000        1.7763568394002505E-015
  0.63636678954658399       -2.2355714498940240E-005   1.2121212121212121E-002   1.0017819385479807        1.0101010101010102E-002   1.0017819385479807        1.0000000000000000        1.7763568394002505E-015
  0.64646797758635544       -2.3431812828145635E-005   1.2121212121212121E-002   1.0017831547114606        1.0101010101010102E-002   1.0017831547114606        1.0000000000000000        1.7763568394002505E-015
  0.65656915130201265       -2.4512878639631296E-005   1.2121212121212121E-002   1.0017847405256712        1.0101010101010102E-002   1.0017847405256712        1.0000000000000000        1.7763568394002505E-015
  0.66667030778562020       -2.5520438205746699E-005   1.2121212121212121E-002   1.0017865663365311        1.0101010101010102E-002   1.0017865663365311        1.0000000000000000        1.7763568394002505E-015
  0.67677144549890134       -2.6227953818618104E-005   1.2121212121212121E-002   1.0017886689740352        1.0101010101010102E-002   1.0017886689740352        1.0000000000000000        1.7763568394002505E-015
  0.68687256052074519       -2.6665081619319399E-005   1.2121212121212121E-002   1.0017910527173690        1.0101010101010102E-002   1.0017910527173690        1.0000000000000000        1.7763568394002505E-015
  0.69697365015848212       -2.6943236399217651E-005   1.2121212121212121E-002   1.0017931329897782        1.0101010101010102E-002   1.0017931329897782        1.0000000000000000        1.7763568394002505E-015
  0.70707472337233679       -2.7320827384816458E-005   1.2121212121212121E-002   1.0017944958331328        1.0101010101010102E-002   1.0017944958331328        1.0000000000000000        1.7763568394002505E-015
  0.71717578676310390       -2.7923108951040037E-005   1.2121212121212121E-002   1.0017955285949458        1.0101010101010102E-002   1.0017955285949458        1.0000000000000000        1.7763568394002505E-015
  0.72727684024046924       -2.8648406144582095E-005   1.2121212121212121E-002   1.0017966406077110        1.0101010101010102E-002   1.0017966406077110        1.0000000000000000        1.7763568394002505E-015
  0.73737788151449080       -2.9364493395884230E-005   1.2121212121212121E-002   1.0017977822099495        1.0101010101010102E-002   1.0017977822099495        1.0000000000000000        1.7763568394002505E-015
  0.74747891239413067       -2.9765698590201255E-005   1.2121212121212121E-002   1.0017989514433727        1.0101010101010102E-002   1.0017989514433727        1.0000000000000000        1.7763568394002505E-015
  0.75757993111515731       -2.9766145086512831E-005   1.2121212121212121E-002   1.0018004495104977        1.0101010101010102E-002   1.0018004495104977        1.0000000000000000        1.7763568394002505E-015
  0.76768093218589195       -2.9939592654647532E-005   1.2121212121212121E-002   1.0018021743224543        1.0101010101010102E-002   1.0018021743224543        1.0000000000000000        1.7763568394002505E-015
  0.77778191658860085       -3.0223593212973848E-005   1.2121212121212121E-002   1.0018039792608335        1.0101010101010102E-002   1.0018039792608335        1.0000000000000000        1.7763568394002505E-015
  0.78788288196311762       -2.9776246032199355E-005   1.2121212121212121E-002   1.0018058300373205        1.0101010101010102E-002   1.0018058300373205        1.0000000000000000        1.7763568394002505E-015
  0.79798382970353221       -2.8445310507201961E-005   1.2121212121212121E-002   1.0018076921778829        1.0101010101010102E-002   1.0018076921778829        1.0000000000000000        1.7763568394002505E-015
  0.80808475866252916       -2.6840297161559710E-005   1.2121212121212121E-002   1.0018097980102436        1.0101010101010102E-002   1.0018097980102436        1.0000000000000000        1.7763568394002505E-015
  0.81818566520423874       -2.5513153895852609E-005   1.2121212121212121E-002   1.0018123778504371        1.0101010101010102E-002   1.0018123778504371        1.0000000000000000        1.7763568394002505E-015
  0.82828654272914048       -2.4141318942257301E-005   1.2121212121212121E-002   1.0018151347354856        1.0101010101010102E-002   1.0018151347354856        1.0000000000000000        1.7763568394002505E-015
  0.83838739366874937       -2.2957333201756636E-005   1.2121212121212121E-002   1.0018173995799526        1.0101010101010102E-002   1.0018173995799526        1.0000000000000000        1.7763568394002505E-015
  0.84848822636649979       -2.1829677937931118E-005   1.2121212121212121E-002   1.0018190892774543        1.0101010101010102E-002   1.0018190892774543        1.0000000000000000        1.7763568394002505E-015
  0.85858904425440141       -2.0821177377479674E-005   1.2121212121212121E-002   1.0018203922307189        1.0101010101010102E-002   1.0018203922307189        1.0000000000000000        1.7763568394002505E-015
  0.86868985123363396       -1.9548264224828770E-005   1.2121212121212121E-002   1.0018213223301988        1.0101010101010102E-002   1.0018213223301988        1.0000000000000000        1.7763568394002505E-015
  0.87879065038287829       -1.8469697145687033E-005   1.2121212121212121E-002   1.0018216830997284        1.0101010101010102E-002   1.0018216830997284        1.0000000000000000        1.7763568394002505E-015
  0.88889145038268513       -1.7993901261801191E-005   1.2121212121212121E-002   1.0018215583882515        1.0101010101010102E-002   1.0018215583882515        1.0000000000000000        1.7763568394002505E-015
  0.89899225233734559       -1.7798590913132717E-005   1.2121212121212121E-002   1.0018211417666933        1.0101010101010102E-002   1.0018211417666933        1.0000000000000000        1.7763568394002505E-015
  0.90909306040673055       -1.7513187729398073E-005   1.2121212121212121E-002   1.0018203517845887        1.0101010101010102E-002   1.0018203517845887        1.0000000000000000        1.7763568394002505E-015
  0.91919387784741746       -1.7416521426774175E-005   1.2121212121212121E-002   1.0018191028733048        1.0101010101010102E-002   1.0018191028733048        1.0000000000000000        1.7763568394002505E-015
  0.92929471045250123       -1.7972581498205114E-005   1.2121212121212121E-002   1.0018173196377858        1.0101010101010102E-002   1.0018173196377858        1.0000000000000000        1.7763568394002505E-015
  0.93939556335550312       -1.8487749002477615E-005   1.2121212121212121E-002   1.0018151505731734        1.0101010101010102E-002   1.0018151505731734        1.0000000000000000        1.7763568394002505E-015
  0.94949643934135375       -1.8445361007057680E-005   1.2121212121212121E-002   1.0018129167949585        1.0101010101010102E-002   1.0018129167949585        1.0000000000000000        1.7763568394002505E-015
  0.95959733663184821       -1.8268463720932525E-005   1.2121212121212121E-002   1.0018107618144174        1.0101010101010102E-002   1.0018107618144174        1.0000000000000000        1.7763568394002505E-015
  0.96969825470551452       -1.8344177639070502E-005   1.2121212121212121E-002   1.0018083937689342        1.0101010101010102E-002   1.0018083937689342        1.0000000000000000        8.8817841970012523E-016
  0.97979919832006446       -1.8817694484859970E-005   1.2121212121212121E-002   1.0018055705891313        1.0101010101010102E-002   1.0018055705891313        1.0000000000000000       -3.2862601528904634E-014
  0.98990017314620848       -1.9312726762965185E-005   1.2121212121212121E-002   1.0018028069160323        1.0101010101010102E-002   1.0018028069160323        1.0000000000000000        1.5010215292932116E-013
   1.0000011711222765       -1.9841877834883409E-005   1.2121212121212121E-002   1.0018001787482012        1.0101010101010102E-002   1.0018001787482012        1.0000000000000000        1.0436096431476471E-012
   1.0101021812232867        1.9452827802052796E-005   1.2121212121212121E-002   1.0018028069159903        1.0101010101010102E-002   1.0017995230215500        1.0000000000000000        1.4299672557172016E-013
   1.0202031913242968        1.8976011507420551E-005   1.2121212121212121E-002   1.0018055705890896        1.0101010101010102E-002   1.0018003352118010        1.0000000000000000       -1.9677833450701065E-002
   1.0303042014253070        1.8480643558928461E-005   1.2121212121212121E-002   1.0018083937690674        1.0101010101010102E-002   1.0018004115226273        1.0000000000000000       -1.3138325546267744     
   1.0404052115263172        1.8379099134820844E-005   1.2121212121212121E-002   1.0018107618144454        1.0101010101010102E-002  0.99665637860081713        1.0000000000000000       -4.6453021478719450     
   1.0505062216273273        1.8557937371899223E-005   1.2121212121212121E-002   1.0018129167947070        1.0101010101010102E-002  0.77867798353909146        1.0000000000000000        107.01218865918355     
  -1.0102181222831798E-002  -1.9452827709618028E-005   1.2121212121212121E-002   1.0018028069160323        1.0101010101010102E-002   1.0017995230215597        1.0000000000000000        1.1546319456101628E-014
  -2.0203191323841900E-002  -1.8976011365140978E-005   1.2121212121212121E-002   1.0018055705891313        1.0101010101010102E-002   1.0018003352118077        1.0000000000000000        1.9677833450746363E-002
  -3.0304201424852000E-002  -1.8480643658469042E-005   1.2121212121212121E-002   1.0018083937689342        1.0101010101010102E-002   1.0018004115226335        1.0000000000000000        1.3138325546268277     
  -4.0405211525862100E-002  -1.8379098983006414E-005   1.2121212121212121E-002   1.0018107618144174        1.0101010101010102E-002  0.99665637860082268        1.0000000000000000        4.6453021478716039     
  -5.0506221626872204E-002  -1.8557937240233633E-005   1.2121212121212121E-002   1.0018129167949585        1.0101010101010102E-002  0.77867798353909445        1.0000000000000000       -107.01218865918408     
