 # x v h rho m p cs a
   23.001212121213914     
   2.4530336337845012E-014   1.0863121849869505E-013   1.2121212121212121E-002   1.0018747655157607        1.0101010101010102E-002   1.0018747655157607        1.0000000000000000       -7.5316641812150920E-011
   1.0100275321368665E-002   4.1537279706103696E-006   1.2121212121212121E-002   1.0018746162598366        1.0101010101010102E-002   1.0018746162598366        1.0000000000000000        3.1129458864853632E-005
   2.0200553592436835E-002   8.2907085053544256E-006   1.2121212121212121E-002   1.0018741690843527        1.0101010101010102E-002   1.0018741690843527        1.0000000000000000        6.2135284388808998E-005
   3.0300837751241053E-002   1.2394263957226607E-005   1.2121212121212121E-002   1.0018734257691477        1.0101010101010102E-002   1.0018734257691477        1.0000000000000000        9.2893725865295096E-005
   4.0401130712353468E-002   1.6447849384546456E-005   1.2121212121212121E-002   1.0018723892743520        1.0101010101010102E-002   1.0018723892743520        1.0000000000000000        1.2328238710512807E-004
   5.0501435355305879E-002   2.0435122957116182E-005   1.2121212121212121E-002   1.0018710637255075        1.0101010101010102E-002   1.0018710637255075        1.0000000000000000        1.5318070628111968E-004
   6.0601754513176745E-002   2.4340012677477375E-005   1.2121212121212121E-002   1.0018694543988556        1.0101010101010102E-002   1.0018694543988556        1.0000000000000000        1.8246934141075144E-004
   7.0702090961276040E-002   2.8146777661661189E-005   1.2121212121212121E-002   1.0018675677042939        1.0101010101010102E-002   1.0018675677042939        1.0000000000000000        2.1103124435484233E-004
   8.0802447406055591E-002   3.1840074110499089E-005   1.2121212121212121E-002   1.0018654111590712        1.0101010101010102E-002   1.0018654111590712        1.0000000000000000        2.3875254817351532E-004
   9.0902826474320436E-002   3.5405018584188093E-005   1.2121212121212121E-002   1.0018629933563588        1.0101010101010102E-002   1.0018629933563588        1.0000000000000000        2.6552280991154475E-004
  0.10100323070276505        3.8827246367938108E-005   1.2121212121212121E-002   1.0018603239326320        1.0101010101010102E-002   1.0018603239326320        1.0000000000000000        2.9123492412796992E-004
  0.11110366252782818        4.2092969705774937E-005   1.2121212121212121E-002   1.0018574135338105        1.0101010101010102E-002   1.0018574135338105        1.0000000000000000        3.1578545822075199E-004
  0.12120412427588445        4.5189031848679134E-005   1.2121212121212121E-002   1.0018542737733300        1.0101010101010102E-002   1.0018542737733300        1.0000000000000000        3.3907606148275704E-004
  0.13130461815392741        4.8102964953200638E-005   1.2121212121212121E-002   1.0018509171831569        1.0101010101010102E-002   1.0018509171831569        1.0000000000000000        3.6101352726802816E-004
  0.14140514624074402        5.0823035193526754E-005   1.2121212121212121E-002   1.0018473571668667        1.0101010101010102E-002   1.0018473571668667        1.0000000000000000        3.8150929353530927E-004
  0.15150571047851394        5.3338292442950454E-005   1.2121212121212121E-002   1.0018436079501720        1.0101010101010102E-002   1.0018436079501720        1.0000000000000000        4.0048036597006842E-004
  0.16160631266495468        5.5638613334787050E-005   1.2121212121212121E-002   1.0018396845252486        1.0101010101010102E-002   1.0018396845252486        1.0000000000000000        4.1784984929105207E-004
  0.17170695444601389        5.7714744518425931E-005   1.2121212121212121E-002   1.0018356025868160        1.0101010101010102E-002   1.0018356025868160        1.0000000000000000        4.3354807957740604E-004
  0.18180763730930033        5.9558335633068167E-005   1.2121212121212121E-002   1.0018313784731463        1.0101010101010102E-002   1.0018313784731463        1.0000000000000000        4.4751043751478647E-004
  0.19190836257792987        6.1161976907819890E-005   1.2121212121212121E-002   1.0018270291064477        1.0101010101010102E-002   1.0018270291064477        1.0000000000000000        4.5967964641491221E-004
  0.20200913140511426        6.2519224054026433E-005   1.2121212121212121E-002   1.0018225719224434        1.0101010101010102E-002   1.0018225719224434        1.0000000000000000        4.7000575430544700E-004
  0.21210994476941591        6.3624630383326999E-005   1.2121212121212121E-002   1.0018180247990012        1.0101010101010102E-002   1.0018180247990012        1.0000000000000000        4.7844645880168457E-004
  0.22221080347074865        6.4473762717058583E-005   1.2121212121212121E-002   1.0018134059865085        1.0101010101010102E-002   1.0018134059865085        1.0000000000000000        4.8496624575911085E-004
  0.23231170812700780        6.5063220904772187E-005   1.2121212121212121E-002   1.0018087340396182        1.0101010101010102E-002   1.0018087340396182        1.0000000000000000        4.8953703480147936E-004
  0.24241265917140029        6.5390653058133350E-005   1.2121212121212121E-002   1.0018040277405948        1.0101010101010102E-002   1.0018040277405948        1.0000000000000000        4.9213928708802257E-004
  0.25251365685060234        6.5454761007804300E-005   1.2121212121212121E-002   1.0017993060214991        1.0101010101010102E-002   1.0017993060214991        1.0000000000000000        4.9276120694230485E-004
  0.26261470122363401        6.5255308707010663E-005   1.2121212121212121E-002   1.0017945878897871        1.0101010101010102E-002   1.0017945878897871        1.0000000000000000        4.9139876824622064E-004
  0.27271579216148040        6.4793121642028388E-005   1.2121212121212121E-002   1.0017898923539685        1.0101010101010102E-002   1.0017898923539685        1.0000000000000000        4.8805559881781591E-004
  0.28281692934743313        6.4070081349267181E-005   1.2121212121212121E-002   1.0017852383475214        1.0101010101010102E-002   1.0017852383475214        1.0000000000000000        4.8274360577860165E-004
  0.29291811227820719        6.3089119574288342E-005   1.2121212121212121E-002   1.0017806446475188        1.0101010101010102E-002   1.0017806446475188        1.0000000000000000        4.7548339657854655E-004
  0.30301934026591287        6.1854208752474719E-005   1.2121212121212121E-002   1.0017761297998524        1.0101010101010102E-002   1.0017761297998524        1.0000000000000000        4.6630250769919002E-004
  0.31312061244064315        6.0370335024989196E-005   1.2121212121212121E-002   1.0017717120473120        1.0101010101010102E-002   1.0017717120473120        1.0000000000000000        4.5523647336231932E-004
  0.32322192775385838        5.8643493126348682E-005   1.2121212121212121E-002   1.0017674092548650        1.0101010101010102E-002   1.0017674092548650        1.0000000000000000        4.4232844254743497E-004
  0.33332328498245023        5.6680650897149052E-005   1.2121212121212121E-002   1.0017632388319120        1.0101010101010102E-002   1.0017632388319120        1.0000000000000000        4.2763026569048179E-004
  0.34342468273367849        5.4489724032219731E-005   1.2121212121212121E-002   1.0017592176602907        1.0101010101010102E-002   1.0017592176602907        1.0000000000000000        4.1120005594486031E-004
  0.35352611945066836        5.2079544506880279E-005   1.2121212121212121E-002   1.0017553620323714        1.0101010101010102E-002   1.0017553620323714        1.0000000000000000        3.9310258298286271E-004
  0.36362759341853768        4.9459824681944582E-005   1.2121212121212121E-002   1.0017516875810413        1.0101010101010102E-002   1.0017516875810413        1.0000000000000000        3.7341052779904516E-004
  0.37372910277129689        4.6641119230779820E-005   1.2121212121212121E-002   1.0017482092104395        1.0101010101010102E-002   1.0017482092104395        1.0000000000000000        3.5220325204221581E-004
  0.38383064549935758        4.3634778324763278E-005   1.2121212121212121E-002   1.0017449410345936        1.0101010101010102E-002   1.0017449410345936        1.0000000000000000        3.2956620995072683E-004
  0.39393221945764884        4.0452908729502086E-005   1.2121212121212121E-002   1.0017418963247064        1.0101010101010102E-002   1.0017418963247064        1.0000000000000000        3.0558969262095559E-004
  0.40403382237414914        3.7108318063820335E-005   1.2121212121212121E-002   1.0017390874536503        1.0101010101010102E-002   1.0017390874536503        1.0000000000000000        2.8037079874554394E-004
  0.41413545185909889        3.3614467507583461E-005   1.2121212121212121E-002   1.0017365258369022        1.0101010101010102E-002   1.0017365258369022        1.0000000000000000        2.5401217721476854E-004
  0.42423710541473486        2.9985416024319146E-005   1.2121212121212121E-002   1.0017342218880938        1.0101010101010102E-002   1.0017342218880938        1.0000000000000000        2.2662024772390765E-004
  0.43433878044536450        2.6235766182526338E-005   1.2121212121212121E-002   1.0017321849798317        1.0101010101010102E-002   1.0017321849798317        1.0000000000000000        1.9830574841250836E-004
  0.44444047426786482        2.2380602595041681E-005   1.2121212121212121E-002   1.0017304234027316        1.0101010101010102E-002   1.0017304234027316        1.0000000000000000        1.6918366160290077E-004
  0.45454218412257547        1.8435432378776180E-005   1.2121212121212121E-002   1.0017289443268766        1.0101010101010102E-002   1.0017289443268766        1.0000000000000000        1.3937290064802710E-004
  0.46464390718456755        1.4416123270663173E-005   1.2121212121212121E-002   1.0017277537706930        1.0101010101010102E-002   1.0017277537706930        1.0000000000000000        1.0899485928028696E-004
  0.47474564057516644        1.0338840111232212E-005   1.2121212121212121E-002   1.0017268565833608        1.0101010101010102E-002   1.0017268565833608        1.0000000000000000        7.8172132825571339E-005
  0.48484738137353278        6.2199817042169051E-006   1.2121212121212121E-002   1.0017262564215927        1.0101010101010102E-002   1.0017262564215927        1.0000000000000000        4.7030931360936279E-005
  0.49494912662866192        2.0761102053382749E-006   1.2121212121212121E-002   1.0017259557293210        1.0101010101010102E-002   1.0017259557293210        1.0000000000000000        1.5698166659028345E-005
  0.50505087337138310       -2.0761102570176837E-006   1.2121212121212121E-002   1.0017259557296043        1.0101010101010102E-002   1.0017259557296043        1.0000000000000000       -1.5698223169380299E-005
  0.51515261862650519       -6.2199816257688979E-006   1.2121212121212121E-002   1.0017262564217022        1.0101010101010102E-002   1.0017262564217022        1.0000000000000000       -4.7030844096518365E-005
  0.52525435942487664       -1.0338840547414384E-005   1.2121212121212121E-002   1.0017268565833810        1.0101010101010102E-002   1.0017268565833810        1.0000000000000000       -7.8172201178894341E-005
  0.53535609281547070       -1.4416122821432492E-005   1.2121212121212121E-002   1.0017277537709586        1.0101010101010102E-002   1.0017277537709586        1.0000000000000000       -1.0899483634307927E-004
  0.54545781587746112       -1.8435432171455935E-005   1.2121212121212121E-002   1.0017289443267585        1.0101010101010102E-002   1.0017289443267585        1.0000000000000000       -1.3937284864695698E-004
  0.55555952573217671       -2.2380603170705137E-005   1.2121212121212121E-002   1.0017304234027071        1.0101010101010102E-002   1.0017304234027071        1.0000000000000000       -1.6918372901564283E-004
  0.56566121955467263       -2.6235765429311908E-005   1.2121212121212121E-002   1.0017321849799652        1.0101010101010102E-002   1.0017321849799652        1.0000000000000000       -1.9830571700030220E-004
  0.57576289458530350       -2.9985416246271197E-005   1.2121212121212121E-002   1.0017342218880954        1.0101010101010102E-002   1.0017342218880954        1.0000000000000000       -2.2662025224562399E-004
  0.58586454814093836       -3.3614467345072140E-005   1.2121212121212121E-002   1.0017365258368280        1.0101010101010102E-002   1.0017365258368280        1.0000000000000000       -2.5401215268061605E-004
  0.59596617762589077       -3.7108318219551727E-005   1.2121212121212121E-002   1.0017390874535790        1.0101010101010102E-002   1.0017390874535790        1.0000000000000000       -2.8037082822329751E-004
  0.60606778054239019       -4.0452908676130222E-005   1.2121212121212121E-002   1.0017418963248144        1.0101010101010102E-002   1.0017418963248144        1.0000000000000000       -3.0558969703520233E-004
  0.61616935450067944       -4.3634778572547141E-005   1.2121212121212121E-002   1.0017449410344970        1.0101010101010102E-002   1.0017449410344970        1.0000000000000000       -3.2956616647883408E-004
  0.62627089722874463       -4.6641119115481059E-005   1.2121212121212121E-002   1.0017482092104333        1.0101010101010102E-002   1.0017482092104333        1.0000000000000000       -3.5220331087604251E-004
  0.63637240658149941       -4.9459825092607879E-005   1.2121212121212121E-002   1.0017516875811132        1.0101010101010102E-002   1.0017516875811132        1.0000000000000000       -3.7341048888350770E-004
  0.64647388054937160       -5.2079543880285868E-005   1.2121212121212121E-002   1.0017553620324300        1.0101010101010102E-002   1.0017553620324300        1.0000000000000000       -3.9310261847624872E-004
  0.65657531726635721       -5.4489724143363687E-005   1.2121212121212121E-002   1.0017592176602030        1.0101010101010102E-002   1.0017592176602030        1.0000000000000000       -4.1119998533911684E-004
  0.66667671501759151       -5.6680651186235596E-005   1.2121212121212121E-002   1.0017632388317350        1.0101010101010102E-002   1.0017632388317350        1.0000000000000000       -4.2763032354553587E-004
  0.67677807224618169       -5.8643492744080280E-005   1.2121212121212121E-002   1.0017674092550413        1.0101010101010102E-002   1.0017674092550413        1.0000000000000000       -4.4232845453340275E-004
  0.68687938755939382       -6.0370335135946765E-005   1.2121212121212121E-002   1.0017717120471705        1.0101010101010102E-002   1.0017717120471705        1.0000000000000000       -4.5523639710776109E-004
  0.69698065973413037       -6.1854208253245047E-005   1.2121212121212121E-002   1.0017761297995795        1.0101010101010102E-002   1.0017761297995795        1.0000000000000000       -4.6630255302915202E-004
  0.70708188772183600       -6.3089120052999800E-005   1.2121212121212121E-002   1.0017806446475812        1.0101010101010102E-002   1.0017806446475812        1.0000000000000000       -4.7548342450198788E-004
  0.71718307065260845       -6.4070081010150778E-005   1.2121212121212121E-002   1.0017852383476846        1.0101010101010102E-002   1.0017852383476846        1.0000000000000000       -4.8274360115918569E-004
  0.72728420783855896       -6.4793121837192829E-005   1.2121212121212121E-002   1.0017898923538839        1.0101010101010102E-002   1.0017898923538839        1.0000000000000000       -4.8805554643127635E-004
  0.73738529877640957       -6.5255309121952588E-005   1.2121212121212121E-002   1.0017945878896559        1.0101010101010102E-002   1.0017945878896559        1.0000000000000000       -4.9139881412507691E-004
  0.74748634314944051       -6.5454761283258370E-005   1.2121212121212121E-002   1.0017993060217931        1.0101010101010102E-002   1.0017993060217931        1.0000000000000000       -4.9276125034314333E-004
  0.75758734082863632       -6.5390652681499663E-005   1.2121212121212121E-002   1.0018040277406839        1.0101010101010102E-002   1.0018040277406839        1.0000000000000000       -4.9213919947277418E-004
  0.76768829187303300       -6.5063220862015970E-005   1.2121212121212121E-002   1.0018087340393500        1.0101010101010102E-002   1.0018087340393500        1.0000000000000000       -4.8953704660270603E-004
  0.77778919652929468       -6.4473762609562187E-005   1.2121212121212121E-002   1.0018134059866495        1.0101010101010102E-002   1.0018134059866495        1.0000000000000000       -4.8496631965555537E-004
  0.78789005523062161       -6.3624630420829376E-005   1.2121212121212121E-002   1.0018180247993045        1.0101010101010102E-002   1.0018180247993045        1.0000000000000000       -4.7844642400640680E-004
  0.79799086859492230       -6.2519224467558326E-005   1.2121212121212121E-002   1.0018225719224569        1.0101010101010102E-002   1.0018225719224569        1.0000000000000000       -4.7000572426458831E-004
  0.80809163742210766       -6.1161976450404304E-005   1.2121212121212121E-002   1.0018270291063169        1.0101010101010102E-002   1.0018270291063169        1.0000000000000000       -4.5967964649928916E-004
  0.81819236269073947       -5.9558336280181227E-005   1.2121212121212121E-002   1.0018313784732216        1.0101010101010102E-002   1.0018313784732216        1.0000000000000000       -4.4751047970059687E-004
  0.82829304555402139       -5.7714743885629239E-005   1.2121212121212121E-002   1.0018356025867019        1.0101010101010102E-002   1.0018356025867019        1.0000000000000000       -4.3354799809236511E-004
  0.83839368733508746       -5.5638613278853995E-005   1.2121212121212121E-002   1.0018396845249884        1.0101010101010102E-002   1.0018396845249884        1.0000000000000000       -4.1784989851390009E-004
  0.84849428952152728       -5.3338292338272035E-005   1.2121212121212121E-002   1.0018436079502133        1.0101010101010102E-002   1.0018436079502133        1.0000000000000000       -4.0048038221485172E-004
  0.85859485375929712       -5.0823035169866020E-005   1.2121212121212121E-002   1.0018473571671118        1.0101010101010102E-002   1.0018473571671118        1.0000000000000000       -3.8150932291181050E-004
  0.86869538184610828       -4.8102964883346156E-005   1.2121212121212121E-002   1.0018509171832122        1.0101010101010102E-002   1.0018509171832122        1.0000000000000000       -3.6101345486994063E-004
  0.87879587572415563       -4.5189032186402453E-005   1.2121212121212121E-002   1.0018542737732188        1.0101010101010102E-002   1.0018542737732188        1.0000000000000000       -3.3907610005101674E-004
  0.88889633747221042       -4.2092970074378102E-005   1.2121212121212121E-002   1.0018574135338980        1.0101010101010102E-002   1.0018574135338980        1.0000000000000000       -3.1578545986477025E-004
  0.89899676929727257       -3.8827246024383110E-005   1.2121212121212121E-002   1.0018603239325337        1.0101010101010102E-002   1.0018603239325337        1.0000000000000000       -2.9123488460935931E-004
  0.90909717352572006       -3.5405018094621989E-005   1.2121212121212121E-002   1.0018629933560470        1.0101010101010102E-002   1.0018629933560470        1.0000000000000000       -2.6552280046399090E-004
  0.91919755259398883       -3.1840074366248409E-005   1.2121212121212121E-002   1.0018654111589309        1.0101010101010102E-002   1.0018654111589309        1.0000000000000000       -2.3875259752514921E-004
  0.92929790903876763       -2.8146777762487011E-005   1.2121212121212121E-002   1.0018675677045379        1.0101010101010102E-002   1.0018675677045379        1.0000000000000000       -2.1103127794130927E-004
  0.93939824548686190       -2.4340012457958717E-005   1.2121212121212121E-002   1.0018694543989501        1.0101010101010102E-002   1.0018694543989501        1.0000000000000000       -1.8246927570597649E-004
  0.94949856464473570       -2.0435122567116240E-005   1.2121212121212121E-002   1.0018710637253125        1.0101010101010102E-002   1.0018710637253125        1.0000000000000000       -1.5318070717462717E-004
  0.95959886928768978       -1.6447849739422452E-005   1.2121212121212121E-002   1.0018723892742898        1.0101010101010102E-002   1.0018723892742898        1.0000000000000000       -1.2328241547177043E-004
  0.96969916224880193       -1.2394264399142066E-005   1.2121212121212121E-002   1.0018734257693205        1.0101010101010102E-002   1.0018734257693205        1.0000000000000000       -9.2893747811295668E-005
  0.97979944640760230       -8.2907082559658895E-006   1.2121212121212121E-002   1.0018741690843873        1.0101010101010102E-002   1.0018741690843873        1.0000000000000000       -6.2135235840976577E-005
  0.98989972467867393       -4.1537281502380040E-006   1.2121212121212121E-002   1.0018746162598651        1.0101010101010102E-002   1.0018746162598651        1.0000000000000000       -3.1129502542803777E-005
   1.0000000000000140       -6.0637477800630143E-014   1.2121212121212121E-002   1.0018747655157638        1.0101010101010102E-002   1.0018747655157638        1.0000000000000000        1.2288037254393203E-010
   1.0101002753213686        4.0777479050795647E-006   1.2121212121212121E-002   1.0018746162598366        1.0101010101010102E-002   1.0018746162598366        1.0000000000000000        3.1129400191787227E-005
   1.0202005535924368        8.1390502342827483E-006   1.2121212121212121E-002   1.0018741690843527        1.0101010101010102E-002   1.0018741690843527        1.0000000000000000        6.2135245374683734E-005
   1.0303008377512410        1.2167531289491433E-005   1.2121212121212121E-002   1.0018734257691477        1.0101010101010102E-002   1.0018734257691477        1.0000000000000000        9.2893725975429220E-005
   1.0404011307123535        1.6146944984024358E-005   1.2121212121212121E-002   1.0018723892743520        1.0101010101010102E-002   1.0018723892743520        1.0000000000000000        1.2328238609082831E-004
   1.0505014353553059        2.0061243840677704E-005   1.2121212121212121E-002   1.0018710637255075        1.0101010101010102E-002   1.0018710637255075        1.0000000000000000        1.5318070571535003E-004
   1.0606017545131767        2.3894647067647665E-005   1.2121212121212121E-002   1.0018694543988556        1.0101010101010102E-002   1.0018694543988556        1.0000000000000000        1.8246934244814383E-004
   1.0707020909612761        2.7631699526186278E-005   1.2121212121212121E-002   1.0018675677042939        1.0101010101010102E-002   1.0018675677042939        1.0000000000000000        2.1103124278187835E-004
   1.0808024474060556        3.1257335409680853E-005   1.2121212121212121E-002   1.0018654111590712        1.0101010101010102E-002   1.0018654111590712        1.0000000000000000        2.3875254834138104E-004
   1.0909028264743204        3.4756940847235397E-005   1.2121212121212121E-002   1.0018629933563588        1.0101010101010102E-002   1.0018629933563588        1.0000000000000000        7.6294408113021746     
   1.1010032307027651        3.8116412543030877E-005   1.2121212121212121E-002   1.0018603239326320        1.0101010101010102E-002   1.0018603239326320        1.0000000000000000        93.410594707089913     
  -1.0100275321326069E-002  -4.0777479723779282E-006   1.2121212121212121E-002   1.0018746162598651        1.0101010101010102E-002   1.0018746162598651        1.0000000000000000       -3.1129442739974422E-005
  -2.0200553592397696E-002  -8.1390501236933525E-006   1.2121212121212121E-002   1.0018741690843873        1.0101010101010102E-002   1.0018741690843873        1.0000000000000000       -6.2135196061241516E-005
  -3.0300837751198073E-002  -1.2167531659863851E-005   1.2121212121212121E-002   1.0018734257693205        1.0101010101010102E-002   1.0018734257693205        1.0000000000000000       -9.2893747803302062E-005
  -4.0401130712310218E-002  -1.6146945253889303E-005   1.2121212121212121E-002   1.0018723892742898        1.0101010101010102E-002   1.0018723892742898        1.0000000000000000       -1.2328241546644136E-004
  -5.0501435355264301E-002  -2.0061243471756119E-005   1.2121212121212121E-002   1.0018710637253125        1.0101010101010102E-002   1.0018710637253125        1.0000000000000000       -1.5318070717373899E-004
  -6.0601754513138095E-002  -2.3894647011155500E-005   1.2121212121212121E-002   1.0018694543989501        1.0101010101010102E-002   1.0018694543989501        1.0000000000000000       -1.8246927569975924E-004
  -7.0702090961232367E-002  -2.7631699539145950E-005   1.2121212121212121E-002   1.0018675677045379        1.0101010101010102E-002   1.0018675677045379        1.0000000000000000       -2.1103127793953291E-004
  -8.0802447406011169E-002  -3.1257335527482604E-005   1.2121212121212121E-002   1.0018654111589309        1.0101010101010102E-002   1.0018654111589309        1.0000000000000000       -2.3875259752959010E-004
  -9.0902826474279941E-002  -3.4756940402669260E-005   1.2121212121212121E-002   1.0018629933560470        1.0101010101010102E-002   1.0018629933560470        1.0000000000000000       -7.6294408112848515     
 -0.10100323070272743       -3.8116412308440840E-005   1.2121212121212121E-002   1.0018603239325337        1.0101010101010102E-002   1.0018603239325337        1.0000000000000000       -93.410594707067034     
