 # x v h rho m p cs a
   29.900606060611690     
   2.3924643350000425E-014  -9.8434930240535124E-014   1.2121212121212121E-002   1.0017870759447489        1.0101010101010102E-002   1.0017870759447489        1.0000000000000000        1.2856027353791433E-010
   1.0101141897280475E-002   6.2713316595208992E-006   1.2121212121212121E-002   1.0017871026673462        1.0101010101010102E-002   1.0017871026673462        1.0000000000000000       -5.5742527402813380E-006
   2.0202283266316370E-002   1.2517560592877165E-005   1.2121212121212121E-002   1.0017871827305243        1.0101010101010102E-002   1.0017871827305243        1.0000000000000000       -1.1126337634337347E-005
   3.0303423581017747E-002   1.8713682370953919E-005   1.2121212121212121E-002   1.0017873158160786        1.0101010101010102E-002   1.0017873158160786        1.0000000000000000       -1.6634329575104800E-005
   4.0404562319447654E-002   2.4834888234801733E-005   1.2121212121212121E-002   1.0017875013984359        1.0101010101010102E-002   1.0017875013984359        1.0000000000000000       -2.2076754552458056E-005
   5.0505698965877782E-002   3.0856664808574013E-005   1.2121212121212121E-002   1.0017877387448875        1.0101010101010102E-002   1.0017877387448875        1.0000000000000000       -2.7431939355615498E-005
   6.0606833012854279E-002   3.6754894269580365E-005   1.2121212121212121E-002   1.0017880269175432        1.0101010101010102E-002   1.0017880269175432        1.0000000000000000       -3.2678717709622163E-005
   7.0707963963185266E-002   4.2505939139090307E-005   1.2121212121212121E-002   1.0017883647751049        1.0101010101010102E-002   1.0017883647751049        1.0000000000000000       -3.7795801866913337E-005
   8.0809091331981234E-002   4.8086740556563758E-005   1.2121212121212121E-002   1.0017887509793919        1.0101010101010102E-002   1.0017887509793919        1.0000000000000000       -4.2763437241077895E-005
   9.0910214648508222E-002   5.3474917610871893E-005   1.2121212121212121E-002   1.0017891840032755        1.0101010101010102E-002   1.0017891840032755        1.0000000000000000       -4.7561972247756046E-005
  0.10101133345805559        5.8648845493348021E-005   1.2121212121212121E-002   1.0017896621318345        1.0101010101010102E-002   1.0017896621318345        1.0000000000000000       -5.2171897038100212E-005
  0.11111244732378792        6.3587743370758558E-005   1.2121212121212121E-002   1.0017901834681244        1.0101010101010102E-002   1.0017901834681244        1.0000000000000000       -5.6574705985745766E-005
  0.12121355582849666        6.8271758226024851E-005   1.2121212121212121E-002   1.0017907459430890        1.0101010101010102E-002   1.0017907459430890        1.0000000000000000       -6.0753008421343679E-005
  0.13131465857624822        7.2682047525641428E-005   1.2121212121212121E-002   1.0017913473248587        1.0101010101010102E-002   1.0017913473248587        1.0000000000000000       -6.4690290510149850E-005
  0.14141575519394933        7.6800852241819078E-005   1.2121212121212121E-002   1.0017919852255819        1.0101010101010102E-002   1.0017919852255819        1.0000000000000000       -6.8370491379532439E-005
  0.15151684533285897        8.0611566733409718E-005   1.2121212121212121E-002   1.0017926571061655        1.0101010101010102E-002   1.0017926571061655        1.0000000000000000       -7.1778104453912306E-005
  0.16161792867008304        8.4098803605268382E-005   1.2121212121212121E-002   1.0017933602909621        1.0101010101010102E-002   1.0017933602909621        1.0000000000000000       -7.4900171318503794E-005
  0.17171900490977543        8.7248467140483551E-005   1.2121212121212121E-002   1.0017940919810930        1.0101010101010102E-002   1.0017940919810930        1.0000000000000000       -7.7723956120046012E-005
  0.18182007378435414        9.0047800632806811E-005   1.2121212121212121E-002   1.0017948492583852        1.0101010101010102E-002   1.0017948492583852        1.0000000000000000       -8.0237343031974717E-005
  0.19192113505565872        9.2485440992792908E-005   1.2121212121212121E-002   1.0017956290978338        1.0101010101010102E-002   1.0017956290978338        1.0000000000000000       -8.2430076946415909E-005
  0.20202218851590387        9.4551465974688546E-005   1.2121212121212121E-002   1.0017964283812610        1.0101010101010102E-002   1.0017964283812610        1.0000000000000000       -8.4293030646165334E-005
  0.21212323398857028        9.6237442312909478E-005   1.2121212121212121E-002   1.0017972439124483        1.0101010101010102E-002   1.0017972439124483        1.0000000000000000       -8.5819080214655230E-005
  0.22222427132904329        9.7536451826076996E-005   1.2121212121212121E-002   1.0017980724256275        1.0101010101010102E-002   1.0017980724256275        1.0000000000000000       -8.7000821189064936E-005
  0.23232530042535052        9.8443125751828702E-005   1.2121212121212121E-002   1.0017989105954948        1.0101010101010102E-002   1.0017989105954948        1.0000000000000000       -8.7833226166900147E-005
  0.24242632119861662        9.8953668551483555E-005   1.2121212121212121E-002   1.0017997550561502        1.0101010101010102E-002   1.0017997550561502        1.0000000000000000       -8.8312850741623095E-005
  0.25252733360339957        9.9065876931791398E-005   1.2121212121212121E-002   1.0018006024144754        1.0101010101010102E-002   1.0018006024144754        1.0000000000000000       -8.8437500417093418E-005
  0.26262833762788590        9.8779151652934132E-005   1.2121212121212121E-002   1.0018014492600495        1.0101010101010102E-002   1.0018014492600495        1.0000000000000000       -8.8205766628490778E-005
  0.27272933329404542        9.8094493442359753E-005   1.2121212121212121E-002   1.0018022921795917        1.0101010101010102E-002   1.0018022921795917        1.0000000000000000       -8.7618423217250552E-005
  0.28283032065753172        9.7014512244544975E-005   1.2121212121212121E-002   1.0018031277713857        1.0101010101010102E-002   1.0018031277713857        1.0000000000000000       -8.6677105924692910E-005
  0.29293129980755328        9.5543416110220272E-005   1.2121212121212121E-002   1.0018039526600764        1.0101010101010102E-002   1.0018039526600764        1.0000000000000000       -8.5385734482024134E-005
  0.30303227086648266        9.3686996542012373E-005   1.2121212121212121E-002   1.0018047635117522        1.0101010101010102E-002   1.0018047635117522        1.0000000000000000       -8.3749005996835990E-005
  0.31313323398941462        9.1452601431522102E-005   1.2121212121212121E-002   1.0018055570422673        1.0101010101010102E-002   1.0018055570422673        1.0000000000000000       -8.1772606586483221E-005
  0.32323418936363890        8.8849113708925132E-005   1.2121212121212121E-002   1.0018063300332749        1.0101010101010102E-002   1.0018063300332749        1.0000000000000000       -7.9464553465413701E-005
  0.33333513720786789        8.5886920473753558E-005   1.2121212121212121E-002   1.0018070793489959        1.0101010101010102E-002   1.0018070793489959        1.0000000000000000       -7.6834078800658290E-005
  0.34343607777136581        8.2577864604800304E-005   1.2121212121212121E-002   1.0018078019466967        1.0101010101010102E-002   1.0018078019466967        1.0000000000000000       -7.3891397894598754E-005
  0.35353701133298221        7.8935202074445341E-005   1.2121212121212121E-002   1.0018084948875077        1.0101010101010102E-002   1.0018084948875077        1.0000000000000000       -7.0647896222020279E-005
  0.36363793820006668        7.4973549288815755E-005   1.2121212121212121E-002   1.0018091553482682        1.0101010101010102E-002   1.0018091553482682        1.0000000000000000       -6.7116333043237830E-005
  0.37373885870727747        7.0708827771083762E-005   1.2121212121212121E-002   1.0018097806384345        1.0101010101010102E-002   1.0018097806384345        1.0000000000000000       -6.3311647958919082E-005
  0.38383977321514018        6.6158200668700134E-005   1.2121212121212121E-002   1.0018103682101198        1.0101010101010102E-002   1.0018103682101198        1.0000000000000000       -5.9248641513853784E-005
  0.39394068210866007        6.1339994511430554E-005   1.2121212121212121E-002   1.0018109156628758        1.0101010101010102E-002   1.0018109156628758        1.0000000000000000       -5.4943284503394807E-005
  0.40404158579581767        5.6273635371542124E-005   1.2121212121212121E-002   1.0018114207594335        1.0101010101010102E-002   1.0018114207594335        1.0000000000000000       -5.0413579227637229E-005
  0.41414248470583598        5.0979570450415503E-005   1.2121212121212121E-002   1.0018118814352031        1.0101010101010102E-002   1.0018118814352031        1.0000000000000000       -4.5677605488236850E-005
  0.42424337928750072        4.5479180651692339E-005   1.2121212121212121E-002   1.0018122958066524        1.0101010101010102E-002   1.0018122958066524        1.0000000000000000       -4.0755067755249286E-005
  0.43434427000725961        3.9794690994406441E-005   1.2121212121212121E-002   1.0018126621777972        1.0101010101010102E-002   1.0018126621777972        1.0000000000000000       -3.5665316174160466E-005
  0.44444515734741352        3.3949084418768684E-005   1.2121212121212121E-002   1.0018129790451151        1.0101010101010102E-002   1.0018129790451151        1.0000000000000000       -3.0429165755130327E-005
  0.45454604180413849        2.7966012295981978E-005   1.2121212121212121E-002   1.0018132451105313        1.0101010101010102E-002   1.0018132451105313        1.0000000000000000       -2.5068655276072604E-005
  0.46464692388538809        2.1869687908152842E-005   1.2121212121212121E-002   1.0018134592855652        1.0101010101010102E-002   1.0018134592855652        1.0000000000000000       -1.9605499459451892E-005
  0.47474780410884304        1.5684787143301837E-005   1.2121212121212121E-002   1.0018136206913002        1.0101010101010102E-002   1.0018136206913002        1.0000000000000000       -1.4061668776044201E-005
  0.48484868299983142        9.4363568211318262E-006   1.2121212121212121E-002   1.0018137286639073        1.0101010101010102E-002   1.0018137286639073        1.0000000000000000       -8.4600214309560329E-006
  0.49494956108915905        3.1497045881581209E-006   1.2121212121212121E-002   1.0018137827605131        1.0101010101010102E-002   1.0018137827605131        1.0000000000000000       -2.8238187024243189E-006
  0.50505043891090617       -3.1497044490008301E-006   1.2121212121212121E-002   1.0018137827606208        1.0101010101010102E-002   1.0018137827606208        1.0000000000000000        2.8237925357998961E-006
  0.51515131700023176       -9.4363564069642280E-006   1.2121212121212121E-002   1.0018137286642288        1.0101010101010102E-002   1.0018137286642288        1.0000000000000000        8.4600043122051716E-006
  0.52525219589121508       -1.5684787407072966E-005   1.2121212121212121E-002   1.0018136206914077        1.0101010101010102E-002   1.0018136206914077        1.0000000000000000        1.4061734005643700E-005
  0.53535307611467298       -2.1869688290638189E-005   1.2121212121212121E-002   1.0018134592854777        1.0101010101010102E-002   1.0018134592854777        1.0000000000000000        1.9605471267780672E-005
  0.54545395819592235       -2.7966011442657683E-005   1.2121212121212121E-002   1.0018132451107453        1.0101010101010102E-002   1.0018132451107453        1.0000000000000000        2.5068624761814817E-005
  0.55555484265264199       -3.3949084819718492E-005   1.2121212121212121E-002   1.0018129790449481        1.0101010101010102E-002   1.0018129790449481        1.0000000000000000        3.0429274985088739E-005
  0.56565572999280489       -3.9794691106948442E-005   1.2121212121212121E-002   1.0018126621774512        1.0101010101010102E-002   1.0018126621774512        1.0000000000000000        3.5665243908411526E-005
  0.57575662071256284       -4.5479180764298606E-005   1.2121212121212121E-002   1.0018122958067721        1.0101010101010102E-002   1.0018122958067721        1.0000000000000000        4.0755047445273362E-005
  0.58585751529422492       -5.0979570142555225E-005   1.2121212121212121E-002   1.0018118814351815        1.0101010101010102E-002   1.0018118814351815        1.0000000000000000        4.5677644275876617E-005
  0.59595841420424711       -5.6273635819222645E-005   1.2121212121212121E-002   1.0018114207596311        1.0101010101010102E-002   1.0018114207596311        1.0000000000000000        5.0413500203738693E-005
  0.60605931789139633       -6.1339994576457870E-005   1.2121212121212121E-002   1.0018109156629755        1.0101010101010102E-002   1.0018109156629755        1.0000000000000000        5.4943385941363942E-005
  0.61616022678492222       -6.6158200740641936E-005   1.2121212121212121E-002   1.0018103682099220        1.0101010101010102E-002   1.0018103682099220        1.0000000000000000        5.9248596594230207E-005
  0.62626114129278410       -7.0708827312639119E-005   1.2121212121212121E-002   1.0018097806385622        1.0101010101010102E-002   1.0018097806385622        1.0000000000000000        6.3311636171015095E-005
  0.63636206179999177       -7.4973549615695080E-005   1.2121212121212121E-002   1.0018091553480455        1.0101010101010102E-002   1.0018091553480455        1.0000000000000000        6.7116409297796054E-005
  0.64646298866708507       -7.8935202160494226E-005   1.2121212121212121E-002   1.0018084948876189        1.0101010101010102E-002   1.0018084948876189        1.0000000000000000        7.0647749412344751E-005
  0.65656392222869053       -8.2577864705878209E-005   1.2121212121212121E-002   1.0018078019471657        1.0101010101010102E-002   1.0018078019471657        1.0000000000000000        7.3891472159637317E-005
  0.66666486279218828       -8.5886920119871392E-005   1.2121212121212121E-002   1.0018070793488445        1.0101010101010102E-002   1.0018070793488445        1.0000000000000000        7.6834132855196913E-005
  0.67676581063642172       -8.8849114121443120E-005   1.2121212121212121E-002   1.0018063300331681        1.0101010101010102E-002   1.0018063300331681        1.0000000000000000        7.9464494540992803E-005
  0.68686676601064423       -9.1452601008394058E-005   1.2121212121212121E-002   1.0018055570425339        1.0101010101010102E-002   1.0018055570425339        1.0000000000000000        8.1772582793959714E-005
  0.69696772913357163       -9.3686996350941310E-005   1.2121212121212121E-002   1.0018047635118084        1.0101010101010102E-002   1.0018047635118084        1.0000000000000000        8.3749071658978380E-005
  0.70706870019250434       -9.5543416674412276E-005   1.2121212121212121E-002   1.0018039526598215        1.0101010101010102E-002   1.0018039526598215        1.0000000000000000        8.5385742599086711E-005
  0.71716967934252795       -9.7014512061512824E-005   1.2121212121212121E-002   1.0018031277710575        1.0101010101010102E-002   1.0018031277710575        1.0000000000000000        8.6677109178978640E-005
  0.72727066670601959       -9.8094493521640180E-005   1.2121212121212121E-002   1.0018022921796794        1.0101010101010102E-002   1.0018022921796794        1.0000000000000000        8.7618331398253702E-005
  0.73737166237217122       -9.8779150826944274E-005   1.2121212121212121E-002   1.0018014492601133        1.0101010101010102E-002   1.0018014492601133        1.0000000000000000        8.8205864857471283E-005
  0.74747266639666377       -9.9065877012865502E-005   1.2121212121212121E-002   1.0018006024143085        1.0101010101010102E-002   1.0018006024143085        1.0000000000000000        8.8437446918554485E-005
  0.75757367880144511       -9.8953668931031999E-005   1.2121212121212121E-002   1.0017997550564206        1.0101010101010102E-002   1.0017997550564206        1.0000000000000000        8.8312815721636184E-005
  0.76767469957470635       -9.8443125831382741E-005   1.2121212121212121E-002   1.0017989105956111        1.0101010101010102E-002   1.0017989105956111        1.0000000000000000        8.7833291932071234E-005
  0.77777572867101574       -9.7536451724014364E-005   1.2121212121212121E-002   1.0017980724253654        1.0101010101010102E-002   1.0017980724253654        1.0000000000000000        8.7000836781037094E-005
  0.78787676601149292       -9.6237442033756014E-005   1.2121212121212121E-002   1.0017972439124316        1.0101010101010102E-002   1.0017972439124316        1.0000000000000000        8.5819013261101418E-005
  0.79797781148415525       -9.4551466292599554E-005   1.2121212121212121E-002   1.0017964283813736        1.0101010101010102E-002   1.0017964283813736        1.0000000000000000        8.4293067526886034E-005
  0.80807886494440151       -9.2485440908851658E-005   1.2121212121212121E-002   1.0017956290976608        1.0101010101010102E-002   1.0017956290976608        1.0000000000000000        8.2430103660158238E-005
  0.81817992621570879       -9.0047800743049829E-005   1.2121212121212121E-002   1.0017948492581494        1.0101010101010102E-002   1.0017948492581494        1.0000000000000000        8.0237330178256627E-005
  0.82828099509029030       -8.7248466914983391E-005   1.2121212121212121E-002   1.0017940919812656        1.0101010101010102E-002   1.0017940919812656        1.0000000000000000        7.7723879257085571E-005
  0.83838207132997600       -8.4098803829613732E-005   1.2121212121212121E-002   1.0017933602912703        1.0101010101010102E-002   1.0017933602912703        1.0000000000000000        7.4900218177020861E-005
  0.84848315466719981       -8.0611566525745415E-005   1.2121212121212121E-002   1.0017926571061229        1.0101010101010102E-002   1.0017926571061229        1.0000000000000000        7.1778134286049067E-005
  0.85858424480611095       -7.6800852418682484E-005   1.2121212121212121E-002   1.0017919852254051        1.0101010101010102E-002   1.0017919852254051        1.0000000000000000        6.8370492613212264E-005
  0.86868534142381459       -7.2682047681363299E-005   1.2121212121212121E-002   1.0017913473248621        1.0101010101010102E-002   1.0017913473248621        1.0000000000000000        6.4690248069432243E-005
  0.87878644417156337       -6.8271758536205023E-005   1.2121212121212121E-002   1.0017907459431652        1.0101010101010102E-002   1.0017907459431652        1.0000000000000000        6.0753037255167897E-005
  0.88888755267627284       -6.3587742960531787E-005   1.2121212121212121E-002   1.0017901834679945        1.0101010101010102E-002   1.0017901834679945        1.0000000000000000        5.6574719762281234E-005
  0.89898866654200782       -5.8648845824353318E-005   1.2121212121212121E-002   1.0017896621319344        1.0101010101010102E-002   1.0017896621319344        1.0000000000000000        5.2171834697745112E-005
  0.90908978535155061       -5.3474917504983660E-005   1.2121212121212121E-002   1.0017891840036275        1.0101010101010102E-002   1.0017891840036275        1.0000000000000000        4.7561976129983918E-005
  0.91919090866807440       -4.8086740675983572E-005   1.2121212121212121E-002   1.0017887509794974        1.0101010101010102E-002   1.0017887509794974        1.0000000000000000        4.2763493113717743E-005
  0.92929203603687083       -4.2505938836350642E-005   1.2121212121212121E-002   1.0017883647746475        1.0101010101010102E-002   1.0017883647746475        1.0000000000000000        3.7795866373535603E-005
  0.93939316698721220       -3.6754893891688196E-005   1.2121212121212121E-002   1.0017880269175385        1.0101010101010102E-002   1.0017880269175385        1.0000000000000000        3.2678552187803689E-005
  0.94949430103417876       -3.0856665801902561E-005   1.2121212121212121E-002   1.0017877387455114        1.0101010101010102E-002   1.0017877387455114        1.0000000000000000        2.7431970632818548E-005
  0.95959543768060418       -2.4834887727403990E-005   1.2121212121212121E-002   1.0017875013984194        1.0101010101010102E-002   1.0017875013984194        1.0000000000000000        2.2076856032171577E-005
  0.96969657641903972       -1.8713682121727760E-005   1.2121212121212121E-002   1.0017873158156900        1.0101010101010102E-002   1.0017873158156900        1.0000000000000000        1.6634318655839309E-005
  0.97979771673374394       -1.2517560956350002E-005   1.2121212121212121E-002   1.0017871827302698        1.0101010101010102E-002   1.0017871827302698        1.0000000000000000        1.1126314187315245E-005
  0.98989885810278244       -6.2713313973169011E-006   1.2121212121212121E-002   1.0017871026674574        1.0101010101010102E-002   1.0017871026674574        1.0000000000000000        5.5741972309064636E-006
   1.0000000000000333        7.0286480742584721E-014   1.2121212121212121E-002   1.0017870759447471        1.0101010101010102E-002   1.0017870759447471        1.0000000000000000       -4.8009596298470569E-011
   1.0101011418972805        6.2840657443970263E-006   1.2121212121212121E-002   1.0017871026673462        1.0101010101010102E-002   1.0017871026673462        1.0000000000000000       -5.5741994939850770E-006
   1.0202022832663165        1.2542978078417843E-005   1.2121212121212121E-002   1.0017871827305243        1.0101010101010102E-002   1.0017871827305243        1.0000000000000000       -1.1126303880004684E-005
   1.0303034235810178        1.8751682451934781E-005   1.2121212121212121E-002   1.0017873158160786        1.0101010101010102E-002   1.0017873158160786        1.0000000000000000       -1.6634329970344197E-005
   1.0404045623194476        2.4885321129539694E-005   1.2121212121212121E-002   1.0017875013984359        1.0101010101010102E-002   1.0017875013984359        1.0000000000000000       -2.2076751977628817E-005
   1.0505056989658779        3.0919331264280797E-005   1.2121212121212121E-002   1.0017877387448875        1.0101010101010102E-002   1.0017877387448875        1.0000000000000000       -2.7431941487243705E-005
   1.0606068330128542        3.6829546417371496E-005   1.2121212121212121E-002   1.0017880269175432        1.0101010101010102E-002   1.0017880269175432        1.0000000000000000       -3.2678715511380574E-005
   1.0707079639631853        4.2592280566308672E-005   1.2121212121212121E-002   1.0017883647751049        1.0101010101010102E-002   1.0017883647751049        1.0000000000000000       -3.7795804095352992E-005
   1.0808090913319812        4.8184429949624560E-005   1.2121212121212121E-002   1.0017887509793919        1.0101010101010102E-002   1.0017887509793919        1.0000000000000000       -4.2763437440029861E-005
   1.0909102146485081        5.3583568520598354E-005   1.2121212121212121E-002   1.0017891840032755        1.0101010101010102E-002   1.0017891840032755        1.0000000000000000        7.6243925969860413     
   1.1010113334580556        5.8768026872283841E-005   1.2121212121212121E-002   1.0017896621318345        1.0101010101010102E-002   1.0017896621318345        1.0000000000000000        93.407788762660843     
  -1.0101141897217558E-002  -6.2840653687204297E-006   1.2121212121212121E-002   1.0017871026674574        1.0101010101010102E-002   1.0017871026674574        1.0000000000000000        5.5741440538881193E-006
  -2.0202283266256060E-002  -1.2542978357007740E-005   1.2121212121212121E-002   1.0017871827302698        1.0101010101010102E-002   1.0017871827302698        1.0000000000000000        1.1126278772977116E-005
  -3.0303423580960276E-002  -1.8751682191710281E-005   1.2121212121212121E-002   1.0017873158156900        1.0101010101010102E-002   1.0017873158156900        1.0000000000000000        1.6634318658503844E-005
  -4.0404562319395820E-002  -2.4885320896874373E-005   1.2121212121212121E-002   1.0017875013984194        1.0101010101010102E-002   1.0017875013984194        1.0000000000000000        2.2076856026842506E-005
  -5.0505698965821244E-002  -3.0919332267257653E-005   1.2121212121212121E-002   1.0017877387455114        1.0101010101010102E-002   1.0017877387455114        1.0000000000000000        2.7431970639035796E-005
  -6.0606833012787797E-002  -3.6829545678479483E-005   1.2121212121212121E-002   1.0017880269175385        1.0101010101010102E-002   1.0017880269175385        1.0000000000000000        3.2678552186915510E-005
  -7.0707963963129172E-002  -4.2592280429879067E-005   1.2121212121212121E-002   1.0017883647746475        1.0101010101010102E-002   1.0017883647746475        1.0000000000000000        3.7795866377976495E-005
  -8.0809091331925598E-002  -4.8184430186850204E-005   1.2121212121212121E-002   1.0017887509794974        1.0101010101010102E-002   1.0017887509794974        1.0000000000000000        4.2763493111053208E-005
  -9.0910214648449394E-002  -5.3583568431408963E-005   1.2121212121212121E-002   1.0017891840036275        1.0101010101010102E-002   1.0017891840036275        1.0000000000000000       -7.6243925969869650     
 -0.10101133345799218       -5.8768027036349271E-005   1.2121212121212121E-002   1.0017896621319344        1.0101010101010102E-002   1.0017896621319344        1.0000000000000000       -93.407788762696498     
