 # x v h rho m p cs a
   11.900999999998843     
   1.1790883021559576E-005  -2.4561173389417256E-005   1.2121212121212121E-002   1.0018034510736133        1.0101010101010102E-002   1.0018034510736133        1.0000000000000000        1.2434497875801753E-014
   1.0112764710896121E-002  -2.4938384473112653E-005   1.2121212121212121E-002   1.0018048953892402        1.0101010101010102E-002   1.0018048953892402        1.0000000000000000       -1.4210854715202004E-014
   2.0213723340717447E-002  -2.4771479077363287E-005   1.2121212121212121E-002   1.0018068311976671        1.0101010101010102E-002   1.0018068311976671        1.0000000000000000       -9.9475983006414026E-014
   3.0314658847184373E-002  -2.4250722807690450E-005   1.2121212121212121E-002   1.0018092528404825        1.0101010101010102E-002   1.0018092528404825        1.0000000000000000        6.1284310959308641E-014
   4.0415568751417857E-002  -2.3771690334877177E-005   1.2121212121212121E-002   1.0018116218690374        1.0101010101010102E-002   1.0018116218690374        1.0000000000000000        3.5527136788005009E-015
   5.0516456721480502E-002  -2.3539019049198975E-005   1.2121212121212121E-002   1.0018134953587645        1.0101010101010102E-002   1.0018134953587645        1.0000000000000000        4.4408920985006262E-015
   6.0617329892577690E-002  -2.3184793408035164E-005   1.2121212121212121E-002   1.0018150235492445        1.0101010101010102E-002   1.0018150235492445        1.0000000000000000       -8.8817841970012523E-015
   7.0718188145089442E-002  -2.2683072443079895E-005   1.2121212121212121E-002   1.0018164882685470        1.0101010101010102E-002   1.0018164882685470        1.0000000000000000       -5.1514348342607263E-014
   8.0819032275476918E-002  -2.1876159981991009E-005   1.2121212121212121E-002   1.0018178637313797        1.0101010101010102E-002   1.0018178637313797        1.0000000000000000        2.1316282072803006E-014
   9.0919863475111565E-002  -2.1103699648704201E-005   1.2121212121212121E-002   1.0018192160329784        1.0101010101010102E-002   1.0018192160329784        1.0000000000000000        7.1054273576010019E-015
  0.10102068088231887       -2.0283928867886987E-005   1.2121212121212121E-002   1.0018205464618037        1.0101010101010102E-002   1.0018205464618037        1.0000000000000000        7.1054273576010019E-015
  0.11112148572647716       -1.9294323364896344E-005   1.2121212121212121E-002   1.0018218374988594        1.0101010101010102E-002   1.0018218374988594        1.0000000000000000        3.5527136788005009E-015
  0.12122227803911445       -1.8268434246729441E-005   1.2121212121212121E-002   1.0018233233176368        1.0101010101010102E-002   1.0018233233176368        1.0000000000000000        1.9539925233402755E-014
  0.13132305355088691       -1.7267446333669506E-005   1.2121212121212121E-002   1.0018250064450867        1.0101010101010102E-002   1.0018250064450867        1.0000000000000000        8.0824236192711396E-014
  0.14142381195083192       -1.6032114014282073E-005   1.2121212121212121E-002   1.0018264872587843        1.0101010101010102E-002   1.0018264872587843        1.0000000000000000        2.2204460492503131E-014
  0.15152455765907033       -1.4536423448210306E-005   1.2121212121212121E-002   1.0018274393494322        1.0101010101010102E-002   1.0018274393494322        1.0000000000000000       -6.2172489379008766E-015
  0.16162529757572233       -1.3258886565663911E-005   1.2121212121212121E-002   1.0018280336024192        1.0101010101010102E-002   1.0018280336024192        1.0000000000000000       -6.2172489379008766E-015
  0.17172603176395554       -1.2123562153026908E-005   1.2121212121212121E-002   1.0018284161507263        1.0101010101010102E-002   1.0018284161507263        1.0000000000000000       -6.2172489379008766E-015
  0.18182676418687946       -1.0642345072140386E-005   1.2121212121212121E-002   1.0018286593700310        1.0101010101010102E-002   1.0018286593700310        1.0000000000000000       -6.2172489379008766E-015
  0.19192749404725282       -9.3607659769735759E-006   1.2121212121212121E-002   1.0018290438798898        1.0101010101010102E-002   1.0018290438798898        1.0000000000000000       -6.2172489379008766E-015
  0.20202821897810830       -8.3086249098484848E-006   1.2121212121212121E-002   1.0018296549461261        1.0101010101010102E-002   1.0018296549461261        1.0000000000000000       -6.2172489379008766E-015
  0.21212893678660466       -7.0375896839131296E-006   1.2121212121212121E-002   1.0018304762868506        1.0101010101010102E-002   1.0018304762868506        1.0000000000000000       -6.2172489379008766E-015
  0.22222964481444110       -4.9301478620770307E-006   1.2121212121212121E-002   1.0018310961314079        1.0101010101010102E-002   1.0018310961314079        1.0000000000000000       -1.7763568394002505E-015
  0.23233034980275039       -2.8727317106414518E-006   1.2121212121212121E-002   1.0018311704687084        1.0101010101010102E-002   1.0018311704687084        1.0000000000000000       -5.6843418860808015E-014
  0.24243105668222686       -1.1669514293040849E-006   1.2121212121212121E-002   1.0018308858598244        1.0101010101010102E-002   1.0018308858598244        1.0000000000000000       -1.8562928971732617E-013
  0.25253176794910576        2.3640782913667845E-007   1.2121212121212121E-002   1.0018306289414725        1.0101010101010102E-002   1.0018306289414725        1.0000000000000000        1.8385293287792592E-013
  0.26263247985626031        1.5865954382467993E-006   1.2121212121212121E-002   1.0018303786121943        1.0101010101010102E-002   1.0018303786121943        1.0000000000000000        5.0626169922907138E-014
  0.27273319554478148        2.8080300545429528E-006   1.2121212121212121E-002   1.0018298448857548        1.0101010101010102E-002   1.0018298448857548        1.0000000000000000       -6.2172489379008766E-015
  0.28283391821594389        4.0814715589781496E-006   1.2121212121212121E-002   1.0018291388558520        1.0101010101010102E-002   1.0018291388558520        1.0000000000000000       -6.2172489379008766E-015
  0.29293464811933406        5.6644249328195973E-006   1.2121212121212121E-002   1.0018284281869345        1.0101010101010102E-002   1.0018284281869345        1.0000000000000000       -6.2172489379008766E-015
  0.30303538495058718        6.9744445851192766E-006   1.2121212121212121E-002   1.0018277843627947        1.0101010101010102E-002   1.0018277843627947        1.0000000000000000       -6.2172489379008766E-015
  0.31313612739374325        8.2018624801324671E-006   1.2121212121212121E-002   1.0018271046232521        1.0101010101010102E-002   1.0018271046232521        1.0000000000000000       -6.2172489379008766E-015
  0.32323687754740199        9.5684062755564699E-006   1.2121212121212121E-002   1.0018263411115804        1.0101010101010102E-002   1.0018263411115804        1.0000000000000000       -6.2172489379008766E-015
  0.33333763553186690        1.1291034739268813E-005   1.2121212121212121E-002   1.0018257654452416        1.0101010101010102E-002   1.0018257654452416        1.0000000000000000       -6.2172489379008766E-015
  0.34343839741517151        1.2696143063713352E-005   1.2121212121212121E-002   1.0018255894797015        1.0101010101010102E-002   1.0018255894797015        1.0000000000000000       -6.2172489379008766E-015
  0.35353915861272051        1.3532553695983777E-005   1.2121212121212121E-002   1.0018256254066267        1.0101010101010102E-002   1.0018256254066267        1.0000000000000000       -6.2172489379008766E-015
  0.36363991868707024        1.4027242556350788E-005   1.2121212121212121E-002   1.0018252217681400        1.0101010101010102E-002   1.0018252217681400        1.0000000000000000       -6.2172489379008766E-015
  0.37374068761360241        1.4079425420727886E-005   1.2121212121212121E-002   1.0018242445130003        1.0101010101010102E-002   1.0018242445130003        1.0000000000000000       -6.2172489379008766E-015
  0.38384146821989268        1.3961252881809554E-005   1.2121212121212121E-002   1.0018234100764687        1.0101010101010102E-002   1.0018234100764687        1.0000000000000000       -6.2172489379008766E-015
  0.39394225428680452        1.3687902878354628E-005   1.2121212121212121E-002   1.0018231292400490        1.0101010101010102E-002   1.0018231292400490        1.0000000000000000       -6.2172489379008766E-015
  0.40404303999355146        1.3299266852840915E-005   1.2121212121212121E-002   1.0018231703207465        1.0101010101010102E-002   1.0018231703207465        1.0000000000000000       -6.2172489379008766E-015
  0.41414382506346814        1.2320430046062448E-005   1.2121212121212121E-002   1.0018234399024035        1.0101010101010102E-002   1.0018234399024035        1.0000000000000000       -6.2172489379008766E-015
  0.42424460613034554        1.0903592172272212E-005   1.2121212121212121E-002   1.0018243193224203        1.0101010101010102E-002   1.0018243193224203        1.0000000000000000       -6.2172489379008766E-015
  0.43434537381939464        9.5774047028638011E-006   1.2121212121212121E-002   1.0018257933750743        1.0101010101010102E-002   1.0018257933750743        1.0000000000000000       -6.2172489379008766E-015
  0.44444612482404516        8.4252654533803800E-006   1.2121212121212121E-002   1.0018273162664146        1.0101010101010102E-002   1.0018273162664146        1.0000000000000000       -6.2172489379008766E-015
  0.45454686217741652        7.1488445472776201E-006   1.2121212121212121E-002   1.0018287214670551        1.0101010101010102E-002   1.0018287214670551        1.0000000000000000       -6.2172489379008766E-015
  0.46464758582045679        5.7178643899772780E-006   1.2121212121212121E-002   1.0018302284537355        1.0101010101010102E-002   1.0018302284537355        1.0000000000000000       -6.2172489379008766E-015
  0.47474829344229419        4.2700855019016808E-006   1.2121212121212121E-002   1.0018318589539215        1.0101010101010102E-002   1.0018318589539215        1.0000000000000000        5.3290705182007514E-015
  0.48484898439372259        2.5723064364922663E-006   1.2121212121212121E-002   1.0018333074836359        1.0101010101010102E-002   1.0018333074836359        1.0000000000000000       -7.0166095156309893E-014
  0.49494966265817958        8.5602161632471770E-007   1.2121212121212121E-002   1.0018341186466884        1.0101010101010102E-002   1.0018341186466884        1.0000000000000000       -4.4941828036826337E-013
  0.50505033734234961       -8.5602150798521157E-007   1.2121212121212121E-002   1.0018341186466135        1.0101010101010102E-002   1.0018341186466135        1.0000000000000000       -6.9277916736609768E-014
  0.51515101560680843       -2.5723063934573628E-006   1.2121212121212121E-002   1.0018333074836130        1.0101010101010102E-002   1.0018333074836130        1.0000000000000000        1.5987211554602254E-014
  0.52525170655823583       -4.2700852777234880E-006   1.2121212121212121E-002   1.0018318589541291        1.0101010101010102E-002   1.0018318589541291        1.0000000000000000        1.7763568394002505E-015
  0.53535241418006907       -5.7178646840244269E-006   1.2121212121212121E-002   1.0018302284536256        1.0101010101010102E-002   1.0018302284536256        1.0000000000000000        1.7763568394002505E-015
  0.54545313782311633       -7.1488442423972299E-006   1.2121212121212121E-002   1.0018287214669712        1.0101010101010102E-002   1.0018287214669712        1.0000000000000000        1.7763568394002505E-015
  0.55555387517648280       -8.4252653839646866E-006   1.2121212121212121E-002   1.0018273162666012        1.0101010101010102E-002   1.0018273162666012        1.0000000000000000        1.7763568394002505E-015
  0.56565462618113360       -9.5774046976108348E-006   1.2121212121212121E-002   1.0018257933750552        1.0101010101010102E-002   1.0018257933750552        1.0000000000000000        1.7763568394002505E-015
  0.57575539387018337       -1.0903592251461603E-005   1.2121212121212121E-002   1.0018243193224579        1.0101010101010102E-002   1.0018243193224579        1.0000000000000000        1.7763568394002505E-015
  0.58585617493705910       -1.2320429597367466E-005   1.2121212121212121E-002   1.0018234399023700        1.0101010101010102E-002   1.0018234399023700        1.0000000000000000        1.7763568394002505E-015
  0.59595696000697795       -1.3299266778877693E-005   1.2121212121212121E-002   1.0018231703205684        1.0101010101010102E-002   1.0018231703205684        1.0000000000000000        1.7763568394002505E-015
  0.60605774571372684       -1.3687902672108992E-005   1.2121212121212121E-002   1.0018231292400550        1.0101010101010102E-002   1.0018231292400550        1.0000000000000000        1.7763568394002505E-015
  0.61615853178063662       -1.3961253198037922E-005   1.2121212121212121E-002   1.0018234100766570        1.0101010101010102E-002   1.0018234100766570        1.0000000000000000        1.7763568394002505E-015
  0.62625931238692456       -1.4079425091237044E-005   1.2121212121212121E-002   1.0018242445130059        1.0101010101010102E-002   1.0018242445130059        1.0000000000000000        1.7763568394002505E-015
  0.63636008131345922       -1.4027242871813142E-005   1.2121212121212121E-002   1.0018252217681054        1.0101010101010102E-002   1.0018252217681054        1.0000000000000000        1.7763568394002505E-015
  0.64646084138780746       -1.3532553303820386E-005   1.2121212121212121E-002   1.0018256254067177        1.0101010101010102E-002   1.0018256254067177        1.0000000000000000        1.7763568394002505E-015
  0.65656160258535556       -1.2696143045230522E-005   1.2121212121212121E-002   1.0018255894796091        1.0101010101010102E-002   1.0018255894796091        1.0000000000000000        1.7763568394002505E-015
  0.66666236446866312       -1.1291034846034758E-005   1.2121212121212121E-002   1.0018257654450846        1.0101010101010102E-002   1.0018257654450846        1.0000000000000000        1.7763568394002505E-015
  0.67676312245312853       -9.5684058136428950E-006   1.2121212121212121E-002   1.0018263411115702        1.0101010101010102E-002   1.0018263411115702        1.0000000000000000        1.7763568394002505E-015
  0.68686387260678705       -8.2018625708889456E-006   1.2121212121212121E-002   1.0018271046234180        1.0101010101010102E-002   1.0018271046234180        1.0000000000000000        1.7763568394002505E-015
  0.69696461504993956       -6.9744443730785678E-006   1.2121212121212121E-002   1.0018277843628509        1.0101010101010102E-002   1.0018277843628509        1.0000000000000000        1.7763568394002505E-015
  0.70706535188119501       -5.6644248742313693E-006   1.2121212121212121E-002   1.0018284281868219        1.0101010101010102E-002   1.0018284281868219        1.0000000000000000        1.7763568394002505E-015
  0.71716608178458563       -4.0814718374663823E-006   1.2121212121212121E-002   1.0018291388558600        1.0101010101010102E-002   1.0018291388558600        1.0000000000000000        1.7763568394002505E-015
  0.72726680445574710       -2.8080296260757025E-006   1.2121212121212121E-002   1.0018298448857186        1.0101010101010102E-002   1.0018298448857186        1.0000000000000000        1.7763568394002505E-015
  0.73736752014426998       -1.5865953178571597E-006   1.2121212121212121E-002   1.0018303786121425        1.0101010101010102E-002   1.0018303786121425        1.0000000000000000        1.7763568394002505E-015
  0.74746823205142399       -2.3640786347520011E-007   1.2121212121212121E-002   1.0018306289414813        1.0101010101010102E-002   1.0018306289414813        1.0000000000000000        1.7763568394002505E-015
  0.75756894331830305        1.1669513144457062E-006   1.2121212121212121E-002   1.0018308858597877        1.0101010101010102E-002   1.0018308858597877        1.0000000000000000        1.7763568394002505E-015
  0.76766965019778022        2.8727320166089677E-006   1.2121212121212121E-002   1.0018311704686855        1.0101010101010102E-002   1.0018311704686855        1.0000000000000000        1.7763568394002505E-015
  0.77777035518608906        4.9301474462812886E-006   1.2121212121212121E-002   1.0018310961313104        1.0101010101010102E-002   1.0018310961313104        1.0000000000000000        1.7763568394002505E-015
  0.78787106321392830        7.0375902075008996E-006   1.2121212121212121E-002   1.0018304762869013        1.0101010101010102E-002   1.0018304762869013        1.0000000000000000        1.7763568394002505E-015
  0.79797178102242061        8.3086251421739250E-006   1.2121212121212121E-002   1.0018296549461989        1.0101010101010102E-002   1.0018296549461989        1.0000000000000000        1.7763568394002505E-015
  0.80807250595327862        9.3607656294837591E-006   1.2121212121212121E-002   1.0018290438799335        1.0101010101010102E-002   1.0018290438799335        1.0000000000000000        1.7763568394002505E-015
  0.81817323581364887        1.0642345310475884E-005   1.2121212121212121E-002   1.0018286593701604        1.0101010101010102E-002   1.0018286593701604        1.0000000000000000        1.7763568394002505E-015
  0.82827396823657251        1.2123562348153094E-005   1.2121212121212121E-002   1.0018284161505158        1.0101010101010102E-002   1.0018284161505158        1.0000000000000000        1.7763568394002505E-015
  0.83837470242481082        1.3258886562675199E-005   1.2121212121212121E-002   1.0018280336022252        1.0101010101010102E-002   1.0018280336022252        1.0000000000000000        1.7763568394002505E-015
  0.84847544234146188        1.4536423565975177E-005   1.2121212121212121E-002   1.0018274393494535        1.0101010101010102E-002   1.0018274393494535        1.0000000000000000        1.7763568394002505E-015
  0.85857618804970037        1.6032114192565958E-005   1.2121212121212121E-002   1.0018264872587885        1.0101010101010102E-002   1.0018264872587885        1.0000000000000000        1.7763568394002505E-015
  0.86867694644964522        1.7267446218968130E-005   1.2121212121212121E-002   1.0018250064450647        1.0101010101010102E-002   1.0018250064450647        1.0000000000000000        1.7763568394002505E-015
  0.87877772196141857        1.8268434227370740E-005   1.2121212121212121E-002   1.0018233233177447        1.0101010101010102E-002   1.0018233233177447        1.0000000000000000        1.7763568394002505E-015
  0.88887851427405273        1.9294323829547987E-005   1.2121212121212121E-002   1.0018218374990258        1.0101010101010102E-002   1.0018218374990258        1.0000000000000000        1.7763568394002505E-015
  0.89897931911821027        2.0283928983073378E-005   1.2121212121212121E-002   1.0018205464617003        1.0101010101010102E-002   1.0018205464617003        1.0000000000000000        1.7763568394002505E-015
  0.90908013652542052        2.1103699499630363E-005   1.2121212121212121E-002   1.0018192160326949        1.0101010101010102E-002   1.0018192160326949        1.0000000000000000        1.7763568394002505E-015
  0.91918096772505853        2.1876159583081469E-005   1.2121212121212121E-002   1.0018178637313260        1.0101010101010102E-002   1.0018178637313260        1.0000000000000000        1.7763568394002505E-015
  0.92928181185544378        2.2683072901832279E-005   1.2121212121212121E-002   1.0018164882687746        1.0101010101010102E-002   1.0018164882687746        1.0000000000000000        1.7763568394002505E-015
  0.93938267010795273        2.3184793452201146E-005   1.2121212121212121E-002   1.0018150235494376        1.0101010101010102E-002   1.0018150235494376        1.0000000000000000        1.7763568394002505E-015
  0.94948354327904849        2.3539018947529621E-005   1.2121212121212121E-002   1.0018134953586750        1.0101010101010102E-002   1.0018134953586750        1.0000000000000000        1.7763568394002505E-015
  0.95958443124911463        2.3771690693254831E-005   1.2121212121212121E-002   1.0018116218688269        1.0101010101010102E-002   1.0018116218688269        1.0000000000000000        1.7763568394002505E-015
  0.96968534115334903        2.4250722773954927E-005   1.2121212121212121E-002   1.0018092528403395        1.0101010101010102E-002   1.0018092528403395        1.0000000000000000        8.8817841970012523E-016
  0.97978627665981843        2.4771479325257369E-005   1.2121212121212121E-002   1.0018068311978809        1.0101010101010102E-002   1.0018068311978809        1.0000000000000000       -3.2862601528904634E-014
  0.98988723528963218        2.4938384582671899E-005   1.2121212121212121E-002   1.0018048953893253        1.0101010101010102E-002   1.0018048953893253        1.0000000000000000        1.5010215292932116E-013
  0.99998820911751229        2.4561173317103624E-005   1.2121212121212121E-002   1.0018034510733789        1.0101010101010102E-002   1.0018034510733789        1.0000000000000000        1.0436096431476471E-012
   1.0100892192185225       -2.4858856297397106E-005   1.2121212121212121E-002   1.0018048953892402        1.0101010101010102E-002   1.0018016958647260        1.0000000000000000        1.4299672557172016E-013
   1.0201902293195326       -2.4650570102506672E-005   1.2121212121212121E-002   1.0018068311976671        1.0101010101010102E-002   1.0018005050574434        1.0000000000000000       -1.9677833450701065E-002
   1.0302912394205428       -2.4115495699016145E-005   1.2121212121212121E-002   1.0018092528404825        1.0101010101010102E-002   1.0018004115226273        1.0000000000000000       -1.3138325546267744     
   1.0403922495215530       -2.3656969196525531E-005   1.2121212121212121E-002   1.0018116218690374        1.0101010101010102E-002  0.99665637860081713        1.0000000000000000       -4.6453021478719450     
   1.0504932596225631       -2.3458303589828035E-005   1.2121212121212121E-002   1.0018134953587645        1.0101010101010102E-002  0.77867798353909146        1.0000000000000000        107.01218865918355     
  -1.0089219217988542E-002   2.4858856358881473E-005   1.2121212121212121E-002   1.0018048953893253        1.0101010101010102E-002   1.0018016958647540        1.0000000000000000        1.1546319456101628E-014
  -2.0190229318998644E-002   2.4650570384297637E-005   1.2121212121212121E-002   1.0018068311978809        1.0101010101010102E-002   1.0018005050574501        1.0000000000000000        1.9677833450746363E-002
  -3.0291239420008744E-002   2.4115495669360911E-005   1.2121212121212121E-002   1.0018092528403395        1.0101010101010102E-002   1.0018004115226335        1.0000000000000000        1.3138325546268277     
  -4.0392249521018851E-002   2.3656969560869079E-005   1.2121212121212121E-002   1.0018116218688269        1.0101010101010102E-002  0.99665637860082268        1.0000000000000000        4.6453021478716039     
  -5.0493259622028955E-002   2.3458303467217211E-005   1.2121212121212121E-002   1.0018134953586750        1.0101010101010102E-002  0.77867798353909445        1.0000000000000000       -107.01218865918408     
