 # x v h rho m p cs a
   3.9549999999999379     
   1.2294609774698906E-016   0.0000000000000000        1.2121212121212121E-002   1.0018457411245090        1.0101010101010102E-002   1.0018457411245090        1.0000000000000000        1.2434497875801753E-014
   1.0100103967744720E-002   5.7167968253919991E-006   1.2121212121212121E-002   1.0018818171305861        1.0101010101010102E-002   1.0018818171305861        1.0000000000000000       -1.4210854715202004E-014
   2.0200347085018645E-002   1.0560503604887500E-005   1.2121212121212121E-002   1.0018809979182852        1.0101010101010102E-002   1.0018809979182852        1.0000000000000000       -9.9475983006414026E-014
   3.0300540748031273E-002   1.5609831480011365E-005   1.2121212121212121E-002   1.0018817074166682        1.0101010101010102E-002   1.0018817074166682        1.0000000000000000        6.1284310959308641E-014
   4.0400756715764756E-002   2.0561658219126378E-005   1.2121212121212121E-002   1.0018804300969113        1.0101010101010102E-002   1.0018804300969113        1.0000000000000000        3.5527136788005009E-015
   5.0500980276067711E-002   2.5583902261786926E-005   1.2121212121212121E-002   1.0018790857005391        1.0101010101010102E-002   1.0018790857005391        1.0000000000000000        4.4408920985006262E-015
   6.0601221458464305E-002   3.0491447112386960E-005   1.2121212121212121E-002   1.0018771776058906        1.0101010101010102E-002   1.0018771776058906        1.0000000000000000       -8.8817841970012523E-015
   7.0701483376508362E-002   3.5061164908214548E-005   1.2121212121212121E-002   1.0018750184561040        1.0101010101010102E-002   1.0018750184561040        1.0000000000000000       -5.1514348342607263E-014
   8.0801767320434315E-002   3.9533073304877402E-005   1.2121212121212121E-002   1.0018726901813482        1.0101010101010102E-002   1.0018726901813482        1.0000000000000000        2.1316282072803006E-014
   9.0902075032390867E-002   4.3982501369002880E-005   1.2121212121212121E-002   1.0018700733682555        1.0101010101010102E-002   1.0018700733682555        1.0000000000000000        7.1054273576010019E-015
  0.10100241052581205        4.8249664989317516E-005   1.2121212121212121E-002   1.0018670847919207        1.0101010101010102E-002   1.0018670847919207        1.0000000000000000        7.1054273576010019E-015
  0.11110277754201220        5.2168802597122273E-005   1.2121212121212121E-002   1.0018638675384948        1.0101010101010102E-002   1.0018638675384948        1.0000000000000000        3.5527136788005009E-015
  0.12120317667089021        5.5905814969245071E-005   1.2121212121212121E-002   1.0018604658876653        1.0101010101010102E-002   1.0018604658876653        1.0000000000000000        1.9539925233402755E-014
  0.13130361070897584        5.9423404085200844E-005   1.2121212121212121E-002   1.0018567831064158        1.0101010101010102E-002   1.0018567831064158        1.0000000000000000        8.0824236192711396E-014
  0.14140408270787100        6.2713141110215087E-005   1.2121212121212121E-002   1.0018528759424126        1.0101010101010102E-002   1.0018528759424126        1.0000000000000000        2.2204460492503131E-014
  0.15150459404273200        6.5790467540375805E-005   1.2121212121212121E-002   1.0018487962381697        1.0101010101010102E-002   1.0018487962381697        1.0000000000000000       -6.2172489379008766E-015
  0.16160514643744550        6.8701797269443219E-005   1.2121212121212121E-002   1.0018444354355434        1.0101010101010102E-002   1.0018444354355434        1.0000000000000000       -6.2172489379008766E-015
  0.17170574405343511        7.1173274005611729E-005   1.2121212121212121E-002   1.0018398544123106        1.0101010101010102E-002   1.0018398544123106        1.0000000000000000       -6.2172489379008766E-015
  0.18180638702120699        7.3375168267400144E-005   1.2121212121212121E-002   1.0018350935859983        1.0101010101010102E-002   1.0018350935859983        1.0000000000000000       -6.2172489379008766E-015
  0.19190707870347590        7.5473178147307155E-005   1.2121212121212121E-002   1.0018301621445584        1.0101010101010102E-002   1.0018301621445584        1.0000000000000000       -6.2172489379008766E-015
  0.20200781923017347        7.7313795800299922E-005   1.2121212121212121E-002   1.0018251281425017        1.0101010101010102E-002   1.0018251281425017        1.0000000000000000       -6.2172489379008766E-015
  0.21210861036560710        7.8721217643099541E-005   1.2121212121212121E-002   1.0018199943983042        1.0101010101010102E-002   1.0018199943983042        1.0000000000000000       -6.2172489379008766E-015
  0.22220945240594883        7.9610869992735559E-005   1.2121212121212121E-002   1.0018148008918664        1.0101010101010102E-002   1.0018148008918664        1.0000000000000000       -1.7763568394002505E-015
  0.23231034610725379        8.0432882702249041E-005   1.2121212121212121E-002   1.0018095315709101        1.0101010101010102E-002   1.0018095315709101        1.0000000000000000       -5.6843418860808015E-014
  0.24241129247554627        8.0830852418403303E-005   1.2121212121212121E-002   1.0018043025068146        1.0101010101010102E-002   1.0018043025068146        1.0000000000000000       -1.8562928971732617E-013
  0.25251228949297172        8.0818565424233419E-005   1.2121212121212121E-002   1.0017991164221463        1.0101010101010102E-002   1.0017991164221463        1.0000000000000000        1.8385293287792592E-013
  0.26261333827275068        8.0550493400101245E-005   1.2121212121212121E-002   1.0017939338910038        1.0101010101010102E-002   1.0017939338910038        1.0000000000000000        5.0626169922907138E-014
  0.27271443765245840        8.0008685293096111E-005   1.2121212121212121E-002   1.0017887214483192        1.0101010101010102E-002   1.0017887214483192        1.0000000000000000       -6.2172489379008766E-015
  0.28281558933669221        7.9122002101000071E-005   1.2121212121212121E-002   1.0017834334110409        1.0101010101010102E-002   1.0017834334110409        1.0000000000000000       -6.2172489379008766E-015
  0.29291679341672155        7.7900803208915499E-005   1.2121212121212121E-002   1.0017781917896744        1.0101010101010102E-002   1.0017781917896744        1.0000000000000000       -6.2172489379008766E-015
  0.30301804886223566        7.6457279549195834E-005   1.2121212121212121E-002   1.0017731171922539        1.0101010101010102E-002   1.0017731171922539        1.0000000000000000       -6.2172489379008766E-015
  0.31311935333322360        7.4637648376325093E-005   1.2121212121212121E-002   1.0017682691817120        1.0101010101010102E-002   1.0017682691817120        1.0000000000000000       -6.2172489379008766E-015
  0.32322070430692174        7.2544085953921717E-005   1.2121212121212121E-002   1.0017634937018871        1.0101010101010102E-002   1.0017634937018871        1.0000000000000000       -6.2172489379008766E-015
  0.33332210306914956        7.0090281261858423E-005   1.2121212121212121E-002   1.0017587544103939        1.0101010101010102E-002   1.0017587544103939        1.0000000000000000       -6.2172489379008766E-015
  0.34342354813351544        6.7238618922377917E-005   1.2121212121212121E-002   1.0017542955746792        1.0101010101010102E-002   1.0017542955746792        1.0000000000000000       -6.2172489379008766E-015
  0.35352503501396676        6.4231642597186090E-005   1.2121212121212121E-002   1.0017501206408959        1.0101010101010102E-002   1.0017501206408959        1.0000000000000000       -6.2172489379008766E-015
  0.36362656216510092        6.1100401486541747E-005   1.2121212121212121E-002   1.0017459993949720        1.0101010101010102E-002   1.0017459993949720        1.0000000000000000       -6.2172489379008766E-015
  0.37372813063339577        5.7685998524885424E-005   1.2121212121212121E-002   1.0017420127423360        1.0101010101010102E-002   1.0017420127423360        1.0000000000000000       -6.2172489379008766E-015
  0.38382973696540063        5.3981609008492945E-005   1.2121212121212121E-002   1.0017383822673820        1.0101010101010102E-002   1.0017383822673820        1.0000000000000000       -6.2172489379008766E-015
  0.39393137695584740        5.0057156033335509E-005   1.2121212121212121E-002   1.0017349949900864        1.0101010101010102E-002   1.0017349949900864        1.0000000000000000       -6.2172489379008766E-015
  0.40403305012404006        4.5854738450245320E-005   1.2121212121212121E-002   1.0017317963765684        1.0101010101010102E-002   1.0017317963765684        1.0000000000000000       -6.2172489379008766E-015
  0.41413475365104990        4.1462994588505220E-005   1.2121212121212121E-002   1.0017289644277634        1.0101010101010102E-002   1.0017289644277634        1.0000000000000000       -6.2172489379008766E-015
  0.42423648276311160        3.7010330800102012E-005   1.2121212121212121E-002   1.0017264932181034        1.0101010101010102E-002   1.0017264932181034        1.0000000000000000       -6.2172489379008766E-015
  0.43433823494568258        3.2431415300496183E-005   1.2121212121212121E-002   1.0017242768394468        1.0101010101010102E-002   1.0017242768394468        1.0000000000000000       -6.2172489379008766E-015
  0.44444000784283533        2.7687325825717153E-005   1.2121212121212121E-002   1.0017222933248182        1.0101010101010102E-002   1.0017222933248182        1.0000000000000000       -6.2172489379008766E-015
  0.45454179916401843        2.2829116062827942E-005   1.2121212121212121E-002   1.0017205178539061        1.0101010101010102E-002   1.0017205178539061        1.0000000000000000       -6.2172489379008766E-015
  0.46464360736844940        1.7848252374747103E-005   1.2121212121212121E-002   1.0017190887596421        1.0101010101010102E-002   1.0017190887596421        1.0000000000000000       -6.2172489379008766E-015
  0.47474542726723767        1.2750481535670357E-005   1.2121212121212121E-002   1.0017181911172544        1.0101010101010102E-002   1.0017181911172544        1.0000000000000000        5.3290705182007514E-015
  0.48484725288729896        7.6306105232418232E-006   1.2121212121212121E-002   1.0017176416886215        1.0101010101010102E-002   1.0017176416886215        1.0000000000000000       -7.0166095156309893E-014
  0.49494908334323190        2.5398013352600375E-006   1.2121212121212121E-002   1.0017172708380309        1.0101010101010102E-002   1.0017172708380309        1.0000000000000000       -4.4941828036826337E-013
  0.50505091665675839       -2.5398013551356148E-006   1.2121212121212121E-002   1.0017172708380284        1.0101010101010102E-002   1.0017172708380284        1.0000000000000000       -6.9277916736609768E-014
  0.51515274711269143       -7.6306104532249228E-006   1.2121212121212121E-002   1.0017176416886393        1.0101010101010102E-002   1.0017176416886393        1.0000000000000000        1.5987211554602254E-014
  0.52525457273275211       -1.2750481555714539E-005   1.2121212121212121E-002   1.0017181911172155        1.0101010101010102E-002   1.0017181911172155        1.0000000000000000        1.7763568394002505E-015
  0.53535639263154189       -1.7848252407830167E-005   1.2121212121212121E-002   1.0017190887596097        1.0101010101010102E-002   1.0017190887596097        1.0000000000000000        1.7763568394002505E-015
  0.54545820083597207       -2.2829116083352248E-005   1.2121212121212121E-002   1.0017205178539246        1.0101010101010102E-002   1.0017205178539246        1.0000000000000000        1.7763568394002505E-015
  0.55555999215715546       -2.7687325844167537E-005   1.2121212121212121E-002   1.0017222933248129        1.0101010101010102E-002   1.0017222933248129        1.0000000000000000        1.7763568394002505E-015
  0.56566176505430799       -3.2431415274675495E-005   1.2121212121212121E-002   1.0017242768393868        1.0101010101010102E-002   1.0017242768393868        1.0000000000000000        1.7763568394002505E-015
  0.57576351723688046       -3.7010330829317310E-005   1.2121212121212121E-002   1.0017264932180407        1.0101010101010102E-002   1.0017264932180407        1.0000000000000000        1.7763568394002505E-015
  0.58586524634894199       -4.1462994674490638E-005   1.2121212121212121E-002   1.0017289644277556        1.0101010101010102E-002   1.0017289644277556        1.0000000000000000        1.7763568394002505E-015
  0.59596694987595211       -4.5854738390356256E-005   1.2121212121212121E-002   1.0017317963765919        1.0101010101010102E-002   1.0017317963765919        1.0000000000000000        1.7763568394002505E-015
  0.60606862304414388       -5.0057156002441392E-005   1.2121212121212121E-002   1.0017349949900598        1.0101010101010102E-002   1.0017349949900598        1.0000000000000000        1.7763568394002505E-015
  0.61617026303459210       -5.3981608922332950E-005   1.2121212121212121E-002   1.0017383822673280        1.0101010101010102E-002   1.0017383822673280        1.0000000000000000        1.7763568394002505E-015
  0.62627186936659685       -5.7685998659398267E-005   1.2121212121212121E-002   1.0017420127423964        1.0101010101010102E-002   1.0017420127423964        1.0000000000000000        1.7763568394002505E-015
  0.63637343783489042       -6.1100401462912076E-005   1.2121212121212121E-002   1.0017459993950406        1.0101010101010102E-002   1.0017459993950406        1.0000000000000000        1.7763568394002505E-015
  0.64647496498602430       -6.4231642615023886E-005   1.2121212121212121E-002   1.0017501206408550        1.0101010101010102E-002   1.0017501206408550        1.0000000000000000        1.7763568394002505E-015
  0.65657645186647684       -6.7238618921512859E-005   1.2121212121212121E-002   1.0017542955746062        1.0101010101010102E-002   1.0017542955746062        1.0000000000000000        1.7763568394002505E-015
  0.66667789693084312       -7.0090281265725528E-005   1.2121212121212121E-002   1.0017587544103843        1.0101010101010102E-002   1.0017587544103843        1.0000000000000000        1.7763568394002505E-015
  0.67677929569307060       -7.2544085972001831E-005   1.2121212121212121E-002   1.0017634937018758        1.0101010101010102E-002   1.0017634937018758        1.0000000000000000        1.7763568394002505E-015
  0.68688064666676929       -7.4637648281886449E-005   1.2121212121212121E-002   1.0017682691816907        1.0101010101010102E-002   1.0017682691816907        1.0000000000000000        1.7763568394002505E-015
  0.69698195113775718       -7.6457279537786476E-005   1.2121212121212121E-002   1.0017731171922597        1.0101010101010102E-002   1.0017731171922597        1.0000000000000000        1.7763568394002505E-015
  0.70708320658327106       -7.7900803242965329E-005   1.2121212121212121E-002   1.0017781917896236        1.0101010101010102E-002   1.0017781917896236        1.0000000000000000        1.7763568394002505E-015
  0.71718441066330174       -7.9122002169176045E-005   1.2121212121212121E-002   1.0017834334109872        1.0101010101010102E-002   1.0017834334109872        1.0000000000000000        1.7763568394002505E-015
  0.72728556234753527       -8.0008685267395912E-005   1.2121212121212121E-002   1.0017887214482690        1.0101010101010102E-002   1.0017887214482690        1.0000000000000000        1.7763568394002505E-015
  0.73738666172724432       -8.0550493463070732E-005   1.2121212121212121E-002   1.0017939338909951        1.0101010101010102E-002   1.0017939338909951        1.0000000000000000        1.7763568394002505E-015
  0.74748771050702212       -8.0818565305264010E-005   1.2121212121212121E-002   1.0017991164221740        1.0101010101010102E-002   1.0017991164221740        1.0000000000000000        1.7763568394002505E-015
  0.75758870752444807       -8.0830852418956991E-005   1.2121212121212121E-002   1.0018043025068137        1.0101010101010102E-002   1.0018043025068137        1.0000000000000000        1.7763568394002505E-015
  0.76768965389274013       -8.0432882708453578E-005   1.2121212121212121E-002   1.0018095315709146        1.0101010101010102E-002   1.0018095315709146        1.0000000000000000        1.7763568394002505E-015
  0.77779054759404542       -7.9610870017384692E-005   1.2121212121212121E-002   1.0018148008918735        1.0101010101010102E-002   1.0018148008918735        1.0000000000000000        1.7763568394002505E-015
  0.78789138963438654       -7.8721217610074499E-005   1.2121212121212121E-002   1.0018199943982344        1.0101010101010102E-002   1.0018199943982344        1.0000000000000000        1.7763568394002505E-015
  0.79799218076982215       -7.7313795903410354E-005   1.2121212121212121E-002   1.0018251281423594        1.0101010101010102E-002   1.0018251281423594        1.0000000000000000        1.7763568394002505E-015
  0.80809292129652099       -7.5473178142082019E-005   1.2121212121212121E-002   1.0018301621445778        1.0101010101010102E-002   1.0018301621445778        1.0000000000000000        1.7763568394002505E-015
  0.81819361297878801       -7.3375168203981323E-005   1.2121212121212121E-002   1.0018350935860583        1.0101010101010102E-002   1.0018350935860583        1.0000000000000000        1.7763568394002505E-015
  0.82829425594656036       -7.1173274006934456E-005   1.2121212121212121E-002   1.0018398544122755        1.0101010101010102E-002   1.0018398544122755        1.0000000000000000        1.7763568394002505E-015
  0.83839485356255028       -6.8701797302391757E-005   1.2121212121212121E-002   1.0018444354354690        1.0101010101010102E-002   1.0018444354354690        1.0000000000000000        1.7763568394002505E-015
  0.84849540595726525       -6.5790467614586882E-005   1.2121212121212121E-002   1.0018487962382234        1.0101010101010102E-002   1.0018487962382234        1.0000000000000000        1.7763568394002505E-015
  0.85859591729212348       -6.2713140964453591E-005   1.2121212121212121E-002   1.0018528759424632        1.0101010101010102E-002   1.0018528759424632        1.0000000000000000        1.7763568394002505E-015
  0.86869638929102022       -5.9423404181768678E-005   1.2121212121212121E-002   1.0018567831063570        1.0101010101010102E-002   1.0018567831063570        1.0000000000000000        1.7763568394002505E-015
  0.87879682332910580       -5.5905814974464088E-005   1.2121212121212121E-002   1.0018604658876913        1.0101010101010102E-002   1.0018604658876913        1.0000000000000000        1.7763568394002505E-015
  0.88889722245798308       -5.2168802489793969E-005   1.2121212121212121E-002   1.0018638675384854        1.0101010101010102E-002   1.0018638675384854        1.0000000000000000        1.7763568394002505E-015
  0.89899758947418429       -4.8249664975847768E-005   1.2121212121212121E-002   1.0018670847919351        1.0101010101010102E-002   1.0018670847919351        1.0000000000000000        1.7763568394002505E-015
  0.90909792496760400       -4.3982501388795574E-005   1.2121212121212121E-002   1.0018700733682220        1.0101010101010102E-002   1.0018700733682220        1.0000000000000000        1.7763568394002505E-015
  0.91919823267956258       -3.9533073350695759E-005   1.2121212121212121E-002   1.0018726901812214        1.0101010101010102E-002   1.0018726901812214        1.0000000000000000        1.7763568394002505E-015
  0.92929851662348939       -3.5061164875925835E-005   1.2121212121212121E-002   1.0018750184560876        1.0101010101010102E-002   1.0018750184560876        1.0000000000000000        1.7763568394002505E-015
  0.93939877854153275       -3.0491447099212220E-005   1.2121212121212121E-002   1.0018771776059101        1.0101010101010102E-002   1.0018771776059101        1.0000000000000000        1.7763568394002505E-015
  0.94949901972392958       -2.5583902343293674E-005   1.2121212121212121E-002   1.0018790857005406        1.0101010101010102E-002   1.0018790857005406        1.0000000000000000        1.7763568394002505E-015
  0.95959924328423218       -2.0561658213350268E-005   1.2121212121212121E-002   1.0018804300968474        1.0101010101010102E-002   1.0018804300968474        1.0000000000000000        1.7763568394002505E-015
  0.96969945925196743       -1.5609831416938286E-005   1.2121212121212121E-002   1.0018817074166184        1.0101010101010102E-002   1.0018817074166184        1.0000000000000000        8.8817841970012523E-016
  0.97979965291497928       -1.0560503680934231E-005   1.2121212121212121E-002   1.0018809979182595        1.0101010101010102E-002   1.0018809979182595        1.0000000000000000       -3.2862601528904634E-014
  0.98989989603225448       -5.7167967966027917E-006   1.2121212121212121E-002   1.0018818171305794        1.0101010101010102E-002   1.0018818171305794        1.0000000000000000        1.5010215292932116E-013
  0.99999999999999800        0.0000000000000000        1.2121212121212121E-002   1.0018457411245509        1.0101010101010102E-002   1.0018457411245509        1.0000000000000000        1.0436096431476471E-012
