 # x v h rho m p cs a
   8.2521212121204837     
   8.4094174741748142E-015   1.3677301715440145E-013   1.2121212121212121E-002   1.0018375435575970        1.0101010101010102E-002   1.0018375435575970        1.0000000000000000       -7.3035799630360998E-011
   1.0100643141165525E-002  -5.8770469397654704E-006   1.2121212121212121E-002   1.0018374686840328        1.0101010101010102E-002   1.0018374686840328        1.0000000000000000        1.5617038430448815E-005
   2.0201287762160583E-002  -1.1730399051898772E-005   1.2121212121212121E-002   1.0018372443649752        1.0101010101010102E-002   1.0018372443649752        1.0000000000000000        3.1170987598194699E-005
   3.0301935336857395E-002  -1.7536456512886276E-005   1.2121212121212121E-002   1.0018368715098480        1.0101010101010102E-002   1.0018368715098480        1.0000000000000000        4.6598440555101206E-005
   4.0402587327127926E-002  -2.3271810519435434E-005   1.2121212121212121E-002   1.0018363516301307        1.0101010101010102E-002   1.0018363516301307        1.0000000000000000        6.1837168481737592E-005
   5.0503245176965736E-002  -2.8913339331539727E-005   1.2121212121212121E-002   1.0018356868313283        1.0101010101010102E-002   1.0018356868313283        1.0000000000000000        7.6825533080082664E-005
   6.0603910306640328E-002  -3.4438301866181958E-005   1.2121212121212121E-002   1.0018348798058323        1.0101010101010102E-002   1.0018348798058323        1.0000000000000000        9.1502792325393045E-005
   7.0704584106943968E-002  -3.9824427608904269E-005   1.2121212121212121E-002   1.0018339338226698        1.0101010101010102E-002   1.0018339338226698        1.0000000000000000        1.0580940525439786E-004
   8.0805267933547906E-002  -4.5050006048730951E-005   1.2121212121212121E-002   1.0018328527135065        1.0101010101010102E-002   1.0018328527135065        1.0000000000000000        1.1968758007796509E-004
   9.0905963101525336E-002  -5.0093978421631559E-005   1.2121212121212121E-002   1.0018316408552221        1.0101010101010102E-002   1.0018316408552221        1.0000000000000000        1.3308140396262047E-004
  0.10100667088005953       -5.4936021483414837E-005   1.2121212121212121E-002   1.0018303031531992        1.0101010101010102E-002   1.0018303031531992        1.0000000000000000        1.4593657423755957E-004
  0.11110739248728982       -5.9556625989698036E-005   1.2121212121212121E-002   1.0018288450218269        1.0101010101010102E-002   1.0018288450218269        1.0000000000000000        1.5820122167387041E-004
  0.12120812908540371       -6.3937178280727808E-005   1.2121212121212121E-002   1.0018272723615560        1.0101010101010102E-002   1.0018272723615560        1.0000000000000000        1.6982582574520677E-004
  0.13130888177593950       -6.8060036886486523E-005   1.2121212121212121E-002   1.0018255915344696        1.0101010101010102E-002   1.0018255915344696        1.0000000000000000        1.8076363872499002E-004
  0.14140965159535901       -7.1908602228218089E-005   1.2121212121212121E-002   1.0018238093378258        1.0101010101010102E-002   1.0018238093378258        1.0000000000000000        1.9097062347839255E-004
  0.15151043951087670       -7.5467379747109708E-005   1.2121212121212121E-002   1.0018219329774558        1.0101010101010102E-002   1.0018219329774558        1.0000000000000000        2.0040560415779396E-004
  0.16161124641654978       -7.8722048426130804E-005   1.2121212121212121E-002   1.0018199700371806        1.0101010101010102E-002   1.0018199700371806        1.0000000000000000        2.0903089311552492E-004
  0.17171207312971928       -8.1659514126621239E-005   1.2121212121212121E-002   1.0018179284482891        1.0101010101010102E-002   1.0018179284482891        1.0000000000000000        2.1681169204246231E-004
  0.18181292038769936       -8.4267966496990945E-005   1.2121212121212121E-002   1.0018158164574014        1.0101010101010102E-002   1.0018158164574014        1.0000000000000000        2.2371701966594770E-004
  0.19191378884485119       -8.6536917977534115E-005   1.2121212121212121E-002   1.0018136425918849        1.0101010101010102E-002   1.0018136425918849        1.0000000000000000        2.2971927100723377E-004
  0.20201467906996196       -8.8457254078391095E-005   1.2121212121212121E-002   1.0018114156262095        1.0101010101010102E-002   1.0018114156262095        1.0000000000000000        2.3479449816665721E-004
  0.21211559154397669       -9.0021267700381974E-005   1.2121212121212121E-002   1.0018091445460275        1.0101010101010102E-002   1.0018091445460275        1.0000000000000000        2.3892256488000641E-004
  0.22221652665808966       -9.1222686049046635E-005   1.2121212121212121E-002   1.0018068385113266        1.0101010101010102E-002   1.0018068385113266        1.0000000000000000        2.4208723030216817E-004
  0.23231748471220423       -9.2056701234775827E-005   1.2121212121212121E-002   1.0018045068190564        1.0101010101010102E-002   1.0018045068190564        1.0000000000000000        2.4427613875488419E-004
  0.24241846591376506       -9.2519982054319849E-005   1.2121212121212121E-002   1.0018021588664647        1.0101010101010102E-002   1.0018021588664647        1.0000000000000000        2.4548069702934328E-004
  0.25251947037693778       -9.2610695079994344E-005   1.2121212121212121E-002   1.0017998041128264        1.0101010101010102E-002   1.0017998041128264        1.0000000000000000        2.4569652854911084E-004
  0.26262049812219929       -9.2328505030392222E-005   1.2121212121212121E-002   1.0017974520406034        1.0101010101010102E-002   1.0017974520406034        1.0000000000000000        2.4492314645385704E-004
  0.27272154907628776       -9.1674579022583708E-005   1.2121212121212121E-002   1.0017951121176996        1.0101010101010102E-002   1.0017951121176996        1.0000000000000000        2.4316405220048409E-004
  0.28282262307253625       -9.0651579405532664E-005   1.2121212121212121E-002   1.0017927937595392        1.0101010101010102E-002   1.0017927937595392        1.0000000000000000        2.4042665971180099E-004
  0.29292371985157273       -8.9263654405955398E-005   1.2121212121212121E-002   1.0017905062912431        1.0101010101010102E-002   1.0017905062912431        1.0000000000000000        2.3672235902871819E-004
  0.30302483906240180       -8.7516420887743800E-005   1.2121212121212121E-002   1.0017882589102656        1.0101010101010102E-002   1.0017882589102656        1.0000000000000000        2.3206636530836988E-004
  0.31312598026384236       -8.5416938845089314E-005   1.2121212121212121E-002   1.0017860606491498        1.0101010101010102E-002   1.0017860606491498        1.0000000000000000        2.2647784180929165E-004
  0.32322714292634747       -8.2973684157633561E-005   1.2121212121212121E-002   1.0017839203394734        1.0101010101010102E-002   1.0017839203394734        1.0000000000000000        2.1997952516183972E-004
  0.33332832643415489       -8.0196516858839124E-005   1.2121212121212121E-002   1.0017818465771622        1.0101010101010102E-002   1.0017818465771622        1.0000000000000000        2.1259780685323193E-004
  0.34342953008779109       -7.7096635396366783E-005   1.2121212121212121E-002   1.0017798476882620        1.0101010101010102E-002   1.0017798476882620        1.0000000000000000        2.0436257332878682E-004
  0.35353075310689808       -7.3686535958979792E-005   1.2121212121212121E-002   1.0017779316950031        1.0101010101010102E-002   1.0017779316950031        1.0000000000000000        1.9530729906858113E-004
  0.36363199463341211       -6.9979959716049756E-005   1.2121212121212121E-002   1.0017761062842909        1.0101010101010102E-002   1.0017761062842909        1.0000000000000000        1.8546844473910085E-004
  0.37373325373501215       -6.5991837536103742E-005   1.2121212121212121E-002   1.0017743787778266        1.0101010101010102E-002   1.0017743787778266        1.0000000000000000        1.7488571757340310E-004
  0.38383452940888668       -6.1738231789947856E-005   1.2121212121212121E-002   1.0017727561024070        1.0101010101010102E-002   1.0017727561024070        1.0000000000000000        1.6360177899255035E-004
  0.39393582058577281       -5.7236267755824998E-005   1.2121212121212121E-002   1.0017712447622389        1.0101010101010102E-002   1.0017712447622389        1.0000000000000000        1.5166211914330319E-004
  0.40403712613427173       -5.2504068703739628E-005   1.2121212121212121E-002   1.0017698508139186        1.0101010101010102E-002   1.0017698508139186        1.0000000000000000        1.3911461538640424E-004
  0.41413844486537982       -4.7560679605873095E-005   1.2121212121212121E-002   1.0017685798425153        1.0101010101010102E-002   1.0017685798425153        1.0000000000000000        1.2600975499044154E-004
  0.42423977553727704       -4.2425993894761761E-005   1.2121212121212121E-002   1.0017674369387954        1.0101010101010102E-002   1.0017674369387954        1.0000000000000000        1.1240016169900002E-004
  0.43434111686031301       -3.7120670388494300E-005   1.2121212121212121E-002   1.0017664266798689        1.0101010101010102E-002   1.0017664266798689        1.0000000000000000        9.8340376840866384E-005
  0.44444246750217342       -3.1666052492297345E-005   1.2121212121212121E-002   1.0017655531109060        1.0101010101010102E-002   1.0017655531109060        1.0000000000000000        8.3886827244583628E-005
  0.45454382609323030       -2.6084081920866110E-005   1.2121212121212121E-002   1.0017648197291404        1.0101010101010102E-002   1.0017648197291404        1.0000000000000000        6.9097400529294362E-005
  0.46464519123202502       -2.0397210779983478E-005   1.2121212121212121E-002   1.0017642294702958        1.0101010101010102E-002   1.0017642294702958        1.0000000000000000        5.4031354716599367E-005
  0.47474656149088612       -1.4628311618442065E-005   1.2121212121212121E-002   1.0017637846968881        1.0101010101010102E-002   1.0017637846968881        1.0000000000000000        3.8749023567596907E-005
  0.48484793542164401       -8.8005834268347187E-006   1.2121212121212121E-002   1.0017634871886831        1.0101010101010102E-002   1.0017634871886831        1.0000000000000000        2.3311655597879621E-005
  0.49494931156143940       -2.9374656862636348E-006   1.2121212121212121E-002   1.0017633381362117        1.0101010101010102E-002   1.0017633381362117        1.0000000000000000        7.7809353236091283E-006
  0.50505068843856415        2.9374655727078052E-006   1.2121212121212121E-002   1.0017633381361701        1.0101010101010102E-002   1.0017633381361701        1.0000000000000000       -7.7809242160498115E-006
  0.51515206457836016        8.8005838100807608E-006   1.2121212121212121E-002   1.0017634871884693        1.0101010101010102E-002   1.0017634871884693        1.0000000000000000       -2.3311631760947193E-005
  0.52525343850912209        1.4628311468534484E-005   1.2121212121212121E-002   1.0017637846967495        1.0101010101010102E-002   1.0017637846967495        1.0000000000000000       -3.8749062729159789E-005
  0.53535480876798203        2.0397210882750286E-005   1.2121212121212121E-002   1.0017642294703317        1.0101010101010102E-002   1.0017642294703317        1.0000000000000000       -5.4031354096650830E-005
  0.54545617390677703        2.6084081931716897E-005   1.2121212121212121E-002   1.0017648197292581        1.0101010101010102E-002   1.0017648197292581        1.0000000000000000       -6.9097419374664071E-005
  0.55555753249783124        3.1666052182698671E-005   1.2121212121212121E-002   1.0017655531110561        1.0101010101010102E-002   1.0017655531110561        1.0000000000000000       -8.3886814704392521E-005
  0.56565888313969126        3.7120670470987585E-005   1.2121212121212121E-002   1.0017664266799977        1.0101010101010102E-002   1.0017664266799977        1.0000000000000000       -9.8340385955353327E-005
  0.57576022446272501        4.2425994012671972E-005   1.2121212121212121E-002   1.0017674369388492        1.0101010101010102E-002   1.0017674369388492        1.0000000000000000       -1.1240013475344313E-004
  0.58586155513462312        4.7560679613216071E-005   1.2121212121212121E-002   1.0017685798423503        1.0101010101010102E-002   1.0017685798423503        1.0000000000000000       -1.2600973459608866E-004
  0.59596287386573388        5.2504068496086608E-005   1.2121212121212121E-002   1.0017698508137050        1.0101010101010102E-002   1.0017698508137050        1.0000000000000000       -1.3911462481619452E-004
  0.60606417941423474        5.7236267995745664E-005   1.2121212121212121E-002   1.0017712447622071        1.0101010101010102E-002   1.0017712447622071        1.0000000000000000       -1.5166215014694728E-004
  0.61616547059111948        6.1738231603320355E-005   1.2121212121212121E-002   1.0017727561025160        1.0101010101010102E-002   1.0017727561025160        1.0000000000000000       -1.6360177837526635E-004
  0.62626674626499290        6.5991837703658230E-005   1.2121212121212121E-002   1.0017743787778881        1.0101010101010102E-002   1.0017743787778881        1.0000000000000000       -1.7488570865165087E-004
  0.63636800536659299        6.9979959541970134E-005   1.2121212121212121E-002   1.0017761062843755        1.0101010101010102E-002   1.0017761062843755        1.0000000000000000       -1.8546845720557315E-004
  0.64646924689310525        7.3686536258383780E-005   1.2121212121212121E-002   1.0017779316950874        1.0101010101010102E-002   1.0017779316950874        1.0000000000000000       -1.9530728736150138E-004
  0.65657046991221224        7.7096635329756925E-005   1.2121212121212121E-002   1.0017798476882835        1.0101010101010102E-002   1.0017798476882835        1.0000000000000000       -2.0436257222122833E-004
  0.66667167356584800        8.0196516577914507E-005   1.2121212121212121E-002   1.0017818465771013        1.0101010101010102E-002   1.0017818465771013        1.0000000000000000       -2.1259778832316556E-004
  0.67677285707365697        8.2973684616102178E-005   1.2121212121212121E-002   1.0017839203392922        1.0101010101010102E-002   1.0017839203392922        1.0000000000000000       -2.1997951841523644E-004
  0.68687401973616447        8.5416938654422564E-005   1.2121212121212121E-002   1.0017860606490592        1.0101010101010102E-002   1.0017860606490592        1.0000000000000000       -2.2647786875396037E-004
  0.69697516093760459        8.7516420783787649E-005   1.2121212121212121E-002   1.0017882589103480        1.0101010101010102E-002   1.0017882589103480        1.0000000000000000       -2.3206637507389161E-004
  0.70707628014843205        8.9263654358768087E-005   1.2121212121212121E-002   1.0017905062912689        1.0101010101010102E-002   1.0017905062912689        1.0000000000000000       -2.3672233920812857E-004
  0.71717737692746975        9.0651579330253200E-005   1.2121212121212121E-002   1.0017927937595517        1.0101010101010102E-002   1.0017927937595517        1.0000000000000000       -2.4042667345192115E-004
  0.72727845092371668        9.1674579366993932E-005   1.2121212121212121E-002   1.0017951121176607        1.0101010101010102E-002   1.0017951121176607        1.0000000000000000       -2.4316402877211374E-004
  0.73737950187780765        9.2328504995134442E-005   1.2121212121212121E-002   1.0017974520406074        1.0101010101010102E-002   1.0017974520406074        1.0000000000000000       -2.4492317902247152E-004
  0.74748052962306655        9.2610694694181421E-005   1.2121212121212121E-002   1.0017998041128533        1.0101010101010102E-002   1.0017998041128533        1.0000000000000000       -2.4569650218619898E-004
  0.75758153408624118        9.2519982288971517E-005   1.2121212121212121E-002   1.0018021588664079        1.0101010101010102E-002   1.0018021588664079        1.0000000000000000       -2.4548070392427235E-004
  0.76768251528780107        9.2056701042087134E-005   1.2121212121212121E-002   1.0018045068188417        1.0101010101010102E-002   1.0018045068188417        1.0000000000000000       -2.4427609711707987E-004
  0.77778347334192122        9.1222686633646711E-005   1.2121212121212121E-002   1.0018068385111862        1.0101010101010102E-002   1.0018068385111862        1.0000000000000000       -2.4208728833574611E-004
  0.78788440845603169        9.0021266998754497E-005   1.2121212121212121E-002   1.0018091445461395        1.0101010101010102E-002   1.0018091445461395        1.0000000000000000       -2.3892256274837820E-004
  0.79798532093004637        8.8457254243943034E-005   1.2121212121212121E-002   1.0018114156263798        1.0101010101010102E-002   1.0018114156263798        1.0000000000000000       -2.3479451338204171E-004
  0.80808621115515344        8.6536917947481847E-005   1.2121212121212121E-002   1.0018136425918835        1.0101010101010102E-002   1.0018136425918835        1.0000000000000000       -2.2971921636294468E-004
  0.81818707961230908        8.4267966270400876E-005   1.2121212121212121E-002   1.0018158164572846        1.0101010101010102E-002   1.0018158164572846        1.0000000000000000       -2.2371705206936099E-004
  0.82828792687028818        8.1659514655670279E-005   1.2121212121212121E-002   1.0018179284483200        1.0101010101010102E-002   1.0018179284483200        1.0000000000000000       -2.1681168645404369E-004
  0.83838875358345732        7.8722048367668590E-005   1.2121212121212121E-002   1.0018199700370081        1.0101010101010102E-002   1.0018199700370081        1.0000000000000000       -2.0903085836998514E-004
  0.84848956048913482        7.5467379790110020E-005   1.2121212121212121E-002   1.0018219329774321        1.0101010101010102E-002   1.0018219329774321        1.0000000000000000       -2.0040567219670180E-004
  0.85859034840464898        7.1908602060307685E-005   1.2121212121212121E-002   1.0018238093381597        1.0101010101010102E-002   1.0018238093381597        1.0000000000000000       -1.9097062865913728E-004
  0.86869111822406420        6.8060036969582474E-005   1.2121212121212121E-002   1.0018255915345140        1.0101010101010102E-002   1.0018255915345140        1.0000000000000000       -1.8076357700280710E-004
  0.87879187091460398        6.3937178224811124E-005   1.2121212121212121E-002   1.0018272723615760        1.0101010101010102E-002   1.0018272723615760        1.0000000000000000       -1.6982587712011110E-004
  0.88889260751271348        5.9556626035346789E-005   1.2121212121212121E-002   1.0018288450218378        1.0101010101010102E-002   1.0018288450218378        1.0000000000000000       -1.5820116941167583E-004
  0.89899332911994767        5.4936021280086780E-005   1.2121212121212121E-002   1.0018303031530589        1.0101010101010102E-002   1.0018303031530589        1.0000000000000000       -1.4593659439210427E-004
  0.90909403689848101        5.0093978741463130E-005   1.2121212121212121E-002   1.0018316408550831        1.0101010101010102E-002   1.0018316408550831        1.0000000000000000       -1.3308138259837676E-004
  0.91919473206646229        4.5050006117532171E-005   1.2121212121212121E-002   1.0018328527135294        1.0101010101010102E-002   1.0018328527135294        1.0000000000000000       -1.1968763961789364E-004
  0.92929541589306197        3.9824427084930711E-005   1.2121212121212121E-002   1.0018339338228599        1.0101010101010102E-002   1.0018339338228599        1.0000000000000000       -1.0580937916060407E-004
  0.93939608969336541        3.4438302213757950E-005   1.2121212121212121E-002   1.0018348798058152        1.0101010101010102E-002   1.0018348798058152        1.0000000000000000       -9.1502776019325438E-005
  0.94949675482304097        2.8913339504896068E-005   1.2121212121212121E-002   1.0018356868313192        1.0101010101010102E-002   1.0018356868313192        1.0000000000000000       -7.6825548844361435E-005
  0.95959741267287813        2.3271810545745974E-005   1.2121212121212121E-002   1.0018363516302162        1.0101010101010102E-002   1.0018363516302162        1.0000000000000000       -6.1837175288737001E-005
  0.96969806466314734        1.7536456286269452E-005   1.2121212121212121E-002   1.0018368715098629        1.0101010101010102E-002   1.0018368715098629        1.0000000000000000       -4.6598417674736936E-005
  0.97979871223784487        1.1730399126578914E-005   1.2121212121212121E-002   1.0018372443647516        1.0101010101010102E-002   1.0018372443647516        1.0000000000000000       -3.1170958056492282E-005
  0.98989935685884400        5.8770465810079351E-006   1.2121212121212121E-002   1.0018374686837923        1.0101010101010102E-002   1.0018374686837923        1.0000000000000000       -1.5617063184869551E-005
   1.0000000000000022        3.3738380143441867E-013   1.2121212121212121E-002   1.0018375435576004        1.0101010101010102E-002   1.0018375435576004        1.0000000000000000        4.3655745685100555E-011
   1.0101006431411654       -5.9141692552313781E-006   1.2121212121212121E-002   1.0018374686840328        1.0101010101010102E-002   1.0018374686840328        1.0000000000000000        1.5617005680645946E-005
   1.0202012877621607       -1.1804493683469507E-005   1.2121212121212121E-002   1.0018372443649752        1.0101010101010102E-002   1.0018372443649752        1.0000000000000000        3.1170961837467814E-005
   1.0303019353368574       -1.7647222766678041E-005   1.2121212121212121E-002   1.0018368715098480        1.0101010101010102E-002   1.0018368715098480        1.0000000000000000        4.6598439993772445E-005
   1.0404025873271279       -2.3418799806897681E-005   1.2121212121212121E-002   1.0018363516301307        1.0101010101010102E-002   1.0018363516301307        1.0000000000000000        6.1837170187040158E-005
   1.0505032451769658       -2.9095956546184460E-005   1.2121212121212121E-002   1.0018356868313283        1.0101010101010102E-002   1.0018356868313283        1.0000000000000000        7.6825531420965376E-005
   1.0606039103066403       -3.4655807452778928E-005   1.2121212121212121E-002   1.0018348798058323        1.0101010101010102E-002   1.0018348798058323        1.0000000000000000        9.1502793916120595E-005
   1.0707045841069440       -4.0075940474635904E-005   1.2121212121212121E-002   1.0018339338226698        1.0101010101010102E-002   1.0018339338226698        1.0000000000000000        1.0580940384130599E-004
   1.0808052679335478       -4.5334507827049533E-005   1.2121212121212121E-002   1.0018328527135065        1.0101010101010102E-002   1.0018328527135065        1.0000000000000000        1.1968758211011732E-004
   1.0909059631015254       -5.0410317798959552E-005   1.2121212121212121E-002   1.0018316408552221        1.0101010101010102E-002   1.0018316408552221        1.0000000000000000        7.6272965954471346     
   1.1010066708800594       -5.5282917978767156E-005   1.2121212121212121E-002   1.0018303031531992        1.0101010101010102E-002   1.0018303031531992        1.0000000000000000        93.409403048117895     
  -1.0100643141155996E-002   5.9141689767102669E-006   1.2121212121212121E-002   1.0018374686837923        1.0101010101010102E-002   1.0018374686837923        1.0000000000000000       -1.5617027906422720E-005
  -2.0201287762155129E-002   1.1804493676934614E-005   1.2121212121212121E-002   1.0018372443647516        1.0101010101010102E-002   1.0018372443647516        1.0000000000000000       -3.1170934710722520E-005
  -3.0301935336852659E-002   1.7647222496902208E-005   1.2121212121212121E-002   1.0018368715098629        1.0101010101010102E-002   1.0018368715098629        1.0000000000000000       -4.6598417669407866E-005
  -4.0402587327121875E-002   2.3418799850291389E-005   1.2121212121212121E-002   1.0018363516302162        1.0101010101010102E-002   1.0018363516302162        1.0000000000000000       -6.1837175291401536E-005
  -5.0503245176959033E-002   2.9095956750079066E-005   1.2121212121212121E-002   1.0018356868313192        1.0101010101010102E-002   1.0018356868313192        1.0000000000000000       -7.6825548848802327E-005
  -6.0603910306634590E-002   3.4655807741163472E-005   1.2121212121212121E-002   1.0018348798058152        1.0101010101010102E-002   1.0018348798058152        1.0000000000000000       -9.1502776008667297E-005
  -7.0704584106938029E-002   4.0075939921579619E-005   1.2121212121212121E-002   1.0018339338228599        1.0101010101010102E-002   1.0018339338228599        1.0000000000000000       -1.0580937916593314E-004
  -8.0805267933537706E-002   4.5334508031109019E-005   1.2121212121212121E-002   1.0018328527135294        1.0101010101010102E-002   1.0018328527135294        1.0000000000000000       -1.1968763961167639E-004
  -9.0905963101518994E-002   5.0410318050209752E-005   1.2121212121212121E-002   1.0018316408550831        1.0101010101010102E-002   1.0018316408550831        1.0000000000000000       -7.6272965954171070     
 -0.10100667088005233        5.5282917838258613E-005   1.2121212121212121E-002   1.0018303031530589        1.0101010101010102E-002   1.0018303031530589        1.0000000000000000       -93.409403048122755     
