 # x v h rho m p cs a
   25.551515151518363     
   3.3296322295578810E-014  -2.4883529580289117E-013   1.2121212121212121E-002   1.0018062963231746        1.0101010101010102E-002   1.0018062963231746        1.0000000000000000       -1.7613999148125004E-010
   1.0100951942227106E-002  -6.3419547669544232E-006   1.2121212121212121E-002   1.0018062844395110        1.0101010101010102E-002   1.0018062844395110        1.0000000000000000        2.4789522106161144E-006
   2.0201904119324269E-002  -1.2658243091125408E-005   1.2121212121212121E-002   1.0018062488339365        1.0101010101010102E-002   1.0018062488339365        1.0000000000000000        4.9479816421893474E-006
   3.0302856765291403E-002  -1.8923299785396741E-005   1.2121212121212121E-002   1.0018061896537016        1.0101010101010102E-002   1.0018061896537016        1.0000000000000000        7.3963713029812084E-006
   4.0403810112130303E-002  -2.5111769905963416E-005   1.2121212121212121E-002   1.0018061071413407        1.0101010101010102E-002   1.0018061071413407        1.0000000000000000        9.8147861296027372E-006
   5.0504764389009346E-002  -3.1198618320913915E-005   1.2121212121212121E-002   1.0018060016310091        1.0101010101010102E-002   1.0018060016310091        1.0000000000000000        1.2193494633550017E-005
   6.0605719821333726E-002  -3.7159226348124042E-005   1.2121212121212121E-002   1.0018058735515576        1.0101010101010102E-002   1.0018058735515576        1.0000000000000000        1.4522484689472037E-005
   7.0706676629797696E-002  -4.2969490088665005E-005   1.2121212121212121E-002   1.0018057234261872        1.0101010101010102E-002   1.0018057234261872        1.0000000000000000        1.6792029870593694E-005
   8.0807635029461158E-002  -4.8605920895436282E-005   1.2121212121212121E-002   1.0018055518677598        1.0101010101010102E-002   1.0018055518677598        1.0000000000000000        1.8993170706416151E-005
   9.0908595228899561E-002  -5.4045750389564473E-005   1.2121212121212121E-002   1.0018053595732010        1.0101010101010102E-002   1.0018053595732010        1.0000000000000000        2.1117365425205037E-005
  0.10100955742940326       -5.9267012784832539E-005   1.2121212121212121E-002   1.0018051473236367        1.0101010101010102E-002   1.0018051473236367        1.0000000000000000        2.3155588073642264E-005
  0.11111052182411364       -6.4248637307734146E-005   1.2121212121212121E-002   1.0018049159839839        1.0101010101010102E-002   1.0018049159839839        1.0000000000000000        2.5099356885327495E-005
  0.12121148859721921       -6.8970529149790756E-005   1.2121212121212121E-002   1.0018046664957443        1.0101010101010102E-002   1.0018046664957443        1.0000000000000000        2.6941179589456965E-005
  0.13131245792324892       -7.3413664613646354E-005   1.2121212121212121E-002   1.0018043998711557        1.0101010101010102E-002   1.0018043998711557        1.0000000000000000        2.8673824277625215E-005
  0.14141342996638995       -7.7560157972615006E-005   1.2121212121212121E-002   1.0018041171922920        1.0101010101010102E-002   1.0018041171922920        1.0000000000000000        3.0289957620333041E-005
  0.15151440487978554       -8.1393328065099932E-005   1.2121212121212121E-002   1.0018038196077681        1.0101010101010102E-002   1.0018038196077681        1.0000000000000000        3.1782997425899850E-005
  0.16161538280491614       -8.4897775386806666E-005   1.2121212121212121E-002   1.0018035083257304        1.0101010101010102E-002   1.0018035083257304        1.0000000000000000        3.3147101780706123E-005
  0.17171636387104275       -8.8059441792644533E-005   1.2121212121212121E-002   1.0018031846072017        1.0101010101010102E-002   1.0018031846072017        1.0000000000000000        3.4377138272922991E-005
  0.18181734819472187       -9.0865663685864355E-005   1.2121212121212121E-002   1.0018028497616296        1.0101010101010102E-002   1.0018028497616296        1.0000000000000000        3.5468114216286040E-005
  0.19191833587934093       -9.3305220656403158E-005   1.2121212121212121E-002   1.0018025051459767        1.0101010101010102E-002   1.0018025051459767        1.0000000000000000        3.6415093657815589E-005
  0.20201932701462924       -9.5368380349182690E-005   1.2121212121212121E-002   1.0018021521558553        1.0101010101010102E-002   1.0018021521558553        1.0000000000000000        3.7214943471752804E-005
  0.21212032167638331       -9.7046940319436159E-005   1.2121212121212121E-002   1.0018017922165421        1.0101010101010102E-002   1.0018017922165421        1.0000000000000000        3.7864640326290555E-005
  0.22222131992616770       -9.8334256259179347E-005   1.2121212121212121E-002   1.0018014267809019        1.0101010101010102E-002   1.0018014267809019        1.0000000000000000        3.8361456129898386E-005
  0.23232232181106552       -9.9225264455556845E-005   1.2121212121212121E-002   1.0018010573254932        1.0101010101010102E-002   1.0018010573254932        1.0000000000000000        3.8703139992435354E-005
  0.24242332736345015       -9.9716502359733001E-005   1.2121212121212121E-002   1.0018006853412391        1.0101010101010102E-002   1.0018006853412391        1.0000000000000000        3.8888950291138258E-005
  0.25252433660093260       -9.9806120550967808E-005   1.2121212121212121E-002   1.0018003123257069        1.0101010101010102E-002   1.0018003123257069        1.0000000000000000        3.8918282249333913E-005
  0.26262534952629063       -9.9493892435249971E-005   1.2121212121212121E-002   1.0017999397799939        1.0101010101010102E-002   1.0017999397799939        1.0000000000000000        3.8790986432779562E-005
  0.27272636612746892       -9.8781206451683604E-005   1.2121212121212121E-002   1.0017995692049619        1.0101010101010102E-002   1.0017995692049619        1.0000000000000000        3.8507234475737562E-005
  0.28282738637757260       -9.7671056326153208E-005   1.2121212121212121E-002   1.0017992020914137        1.0101010101010102E-002   1.0017992020914137        1.0000000000000000        3.8068963883475249E-005
  0.29292841023507632       -9.6168036999110364E-005   1.2121212121212121E-002   1.0017988399125102        1.0101010101010102E-002   1.0017988399125102        1.0000000000000000        3.7477934483831632E-005
  0.30302943764397416       -9.4278318184748969E-005   1.2121212121212121E-002   1.0017984841219481        1.0101010101010102E-002   1.0017984841219481        1.0000000000000000        3.6736461217934391E-005
  0.31313046853400617       -9.2009615864989465E-005   1.2121212121212121E-002   1.0017981361479773        1.0101010101010102E-002   1.0017981361479773        1.0000000000000000        3.5847489297857749E-005
  0.32323150282093377       -8.9371161760321157E-005   1.2121212121212121E-002   1.0017977973865753        1.0101010101010102E-002   1.0017977973865753        1.0000000000000000        3.4814807744254495E-005
  0.33333254040690158       -8.6373665100500751E-005   1.2121212121212121E-002   1.0017974691944498        1.0101010101010102E-002   1.0017974691944498        1.0000000000000000        3.3642862619309710E-005
  0.34343358118085371       -8.3029270212069700E-005   1.2121212121212121E-002   1.0017971528837013        1.0101010101010102E-002   1.0017971528837013        1.0000000000000000        3.2336497161722377E-005
  0.35353462501900729       -7.9351499463672291E-005   1.2121212121212121E-002   1.0017968497208487        1.0101010101010102E-002   1.0017968497208487        1.0000000000000000        3.0900354927254625E-005
  0.36363567178526846       -7.5355203634478921E-005   1.2121212121212121E-002   1.0017965609197865        1.0101010101010102E-002   1.0017965609197865        1.0000000000000000        2.9340774901243094E-005
  0.37373672133185287       -7.1056502196822192E-005   1.2121212121212121E-002   1.0017962876330884        1.0101010101010102E-002   1.0017962876330884        1.0000000000000000        2.7664203539501386E-005
  0.38383777349989284       -6.6472713468799431E-005   1.2121212121212121E-002   1.0017960309517620        1.0101010101010102E-002   1.0017960309517620        1.0000000000000000        2.5877085475300987E-005
  0.39393882812003733       -6.1622289452792532E-005   1.2121212121212121E-002   1.0017957919006115        1.0101010101010102E-002   1.0017957919006115        1.0000000000000000        2.3986725462776803E-005
  0.40403988501316279       -5.6524735375207129E-005   1.2121212121212121E-002   1.0017955714344264        1.0101010101010102E-002   1.0017955714344264        1.0000000000000000        2.2000437267521988E-005
  0.41414094399104162       -5.1200540069494549E-005   1.2121212121212121E-002   1.0017953704321600        1.0101010101010102E-002   1.0017953704321600        1.0000000000000000        1.9926743282105974E-005
  0.42424200485717717       -4.5671087072496223E-005   1.2121212121212121E-002   1.0017951896939614        1.0101010101010102E-002   1.0017951896939614        1.0000000000000000        1.7773552135835757E-005
  0.43434306740753104       -3.9958572475903317E-005   1.2121212121212121E-002   1.0017950299409089        1.0101010101010102E-002   1.0017950299409089        1.0000000000000000        1.5549447539342509E-005
  0.44444413143134914       -3.4085916018656194E-005   1.2121212121212121E-002   1.0017948918099864        1.0101010101010102E-002   1.0017948918099864        1.0000000000000000        1.3263370004068520E-005
  0.45454519671200055       -2.8076669102005410E-005   1.2121212121212121E-002   1.0017947758505925        1.0101010101010102E-002   1.0017947758505925        1.0000000000000000        1.0924672269041480E-005
  0.46464626302787371       -2.1954924790445540E-005   1.2121212121212121E-002   1.0017946825236705        1.0101010101010102E-002   1.0017946825236705        1.0000000000000000        8.5424673939016316E-006
  0.47474733015322790       -1.5745218604962538E-005   1.2121212121212121E-002   1.0017946122009511        1.0101010101010102E-002   1.0017946122009511        1.0000000000000000        6.1262047497123717E-006
  0.48484839785910511       -9.4724322377488619E-006   1.2121212121212121E-002   1.0017945651639906        1.0101010101010102E-002   1.0017945651639906        1.0000000000000000        3.6852687381738747E-006
  0.49494946591419164       -3.1616984736465386E-006   1.2121212121212121E-002   1.0017945415990603        1.0101010101010102E-002   1.0017945415990603        1.0000000000000000        1.2301498939493172E-006
  0.50505053408585210        3.1616989544284686E-006   1.2121212121212121E-002   1.0017945415988201        1.0101010101010102E-002   1.0017945415988201        1.0000000000000000       -1.2301034661987842E-006
  0.51515160214094502        9.4724320847483300E-006   1.2121212121212121E-002   1.0017945651640996        1.0101010101010102E-002   1.0017945651640996        1.0000000000000000       -3.6853820253313074E-006
  0.52525266984681329        1.5745218198912740E-005   1.2121212121212121E-002   1.0017946122012209        1.0101010101010102E-002   1.0017946122012209        1.0000000000000000       -6.1261305921433973E-006
  0.53535373697217026        2.1954924680825826E-005   1.2121212121212121E-002   1.0017946825236268        1.0101010101010102E-002   1.0017946825236268        1.0000000000000000       -8.5424747879869756E-006
  0.54545480328804186        2.8076669116193747E-005   1.2121212121212121E-002   1.0017947758504082        1.0101010101010102E-002   1.0017947758504082        1.0000000000000000       -1.0924629931352570E-005
  0.55555586856869865        3.4085915739190982E-005   1.2121212121212121E-002   1.0017948918098039        1.0101010101010102E-002   1.0017948918098039        1.0000000000000000       -1.3263415007180868E-005
  0.56565693259251526        3.9958573004085762E-005   1.2121212121212121E-002   1.0017950299408913        1.0101010101010102E-002   1.0017950299408913        1.0000000000000000       -1.5549438685980022E-005
  0.57575799514287085        4.5671087746552425E-005   1.2121212121212121E-002   1.0017951896940382        1.0101010101010102E-002   1.0017951896940382        1.0000000000000000       -1.7773580154312185E-005
  0.58585905600900290        5.1200539284371070E-005   1.2121212121212121E-002   1.0017953704321985        1.0101010101010102E-002   1.0017953704321985        1.0000000000000000       -1.9926709220463579E-005
  0.59596011498688484        5.6524735670686610E-005   1.2121212121212121E-002   1.0017955714346038        1.0101010101010102E-002   1.0017955714346038        1.0000000000000000       -2.2000501967767150E-005
  0.60606117188000330        6.1622289626000633E-005   1.2121212121212121E-002   1.0017957919006859        1.0101010101010102E-002   1.0017957919006859        1.0000000000000000       -2.3986632481154402E-005
  0.61616222650015251        6.6472713059740834E-005   1.2121212121212121E-002   1.0017960309513434        1.0101010101010102E-002   1.0017960309513434        1.0000000000000000       -2.5877080618741388E-005
  0.62626327866819775        7.1056501998581313E-005   1.2121212121212121E-002   1.0017962876330746        1.0101010101010102E-002   1.0017962876330746        1.0000000000000000       -2.7664286168516128E-005
  0.63636432821477629        7.5355203576568932E-005   1.2121212121212121E-002   1.0017965609197690        1.0101010101010102E-002   1.0017965609197690        1.0000000000000000       -2.9340699988722463E-005
  0.64646537498104373        7.9351499766310780E-005   1.2121212121212121E-002   1.0017968497208132        1.0101010101010102E-002   1.0017968497208132        1.0000000000000000       -3.0900424006219396E-005
  0.65656641881919187        8.3029269929493505E-005   1.2121212121212121E-002   1.0017971528837022        1.0101010101010102E-002   1.0017971528837022        1.0000000000000000       -3.2336430176194142E-005
  0.66666745959314899        8.6373664822018530E-005   1.2121212121212121E-002   1.0017974691943059        1.0101010101010102E-002   1.0017974691943059        1.0000000000000000       -3.3642906201336586E-005
  0.67676849717911569        8.9371162104440137E-005   1.2121212121212121E-002   1.0017977973868095        1.0101010101010102E-002   1.0017977973868095        1.0000000000000000       -3.4814838946850557E-005
  0.68686953146603880        9.2009616040746375E-005   1.2121212121212121E-002   1.0017981361480879        1.0101010101010102E-002   1.0017981361480879        1.0000000000000000       -3.5847435652769377E-005
  0.69697056235607313        9.4278317894904798E-005   1.2121212121212121E-002   1.0017984841219263        1.0101010101010102E-002   1.0017984841219263        1.0000000000000000       -3.6736487325050859E-005
  0.70707158976496964        9.6168036811075487E-005   1.2121212121212121E-002   1.0017988399126381        1.0101010101010102E-002   1.0017988399126381        1.0000000000000000       -3.7477935612706403E-005
  0.71717261362247131        9.7671056337795357E-005   1.2121212121212121E-002   1.0017992020912532        1.0101010101010102E-002   1.0017992020912532        1.0000000000000000       -3.8068905303667577E-005
  0.72727363387258070        9.8781206709706618E-005   1.2121212121212121E-002   1.0017995692047696        1.0101010101010102E-002   1.0017995692047696        1.0000000000000000       -3.8507281796995585E-005
  0.73737465047375739        9.9493892700969167E-005   1.2121212121212121E-002   1.0017999397799719        1.0101010101010102E-002   1.0017999397799719        1.0000000000000000       -3.8790979335345810E-005
  0.74747566339911753        9.9806120665756940E-005   1.2121212121212121E-002   1.0018003123258803        1.0101010101010102E-002   1.0018003123258803        1.0000000000000000       -3.8918331235038295E-005
  0.75757667263659390        9.9716501935327590E-005   1.2121212121212121E-002   1.0018006853412986        1.0101010101010102E-002   1.0018006853412986        1.0000000000000000       -3.8888873876707919E-005
  0.76767767818898336        9.9225264521489686E-005   1.2121212121212121E-002   1.0018010573254217        1.0101010101010102E-002   1.0018010573254217        1.0000000000000000       -3.8703191632016853E-005
  0.77777868007387874        9.8334256407853484E-005   1.2121212121212121E-002   1.0018014267812081        1.0101010101010102E-002   1.0018014267812081        1.0000000000000000       -3.8361484442361871E-005
  0.78787967832365868        9.7046940060449167E-005   1.2121212121212121E-002   1.0018017922167641        1.0101010101010102E-002   1.0018017922167641        1.0000000000000000       -3.7864594869319035E-005
  0.79798067298541209        9.5368380720754116E-005   1.2121212121212121E-002   1.0018021521555875        1.0101010101010102E-002   1.0018021521555875        1.0000000000000000       -3.7214881720259996E-005
  0.80808166412070725        9.3305220529766339E-005   1.2121212121212121E-002   1.0018025051457251        1.0101010101010102E-002   1.0018025051457251        1.0000000000000000       -3.6415158578328999E-005
  0.81818265180532501        9.0865664013455553E-005   1.2121212121212121E-002   1.0018028497617286        1.0101010101010102E-002   1.0018028497617286        1.0000000000000000       -3.5468125512139181E-005
  0.82828363612900269        8.8059441849156281E-005   1.2121212121212121E-002   1.0018031846072331        1.0101010101010102E-002   1.0018031846072331        1.0000000000000000       -3.4377115919248524E-005
  0.83838461719513013        8.4897775558452960E-005   1.2121212121212121E-002   1.0018035083256629        1.0101010101010102E-002   1.0018035083256629        1.0000000000000000       -3.3147097725283459E-005
  0.84848559512026134        8.1393327757912334E-005   1.2121212121212121E-002   1.0018038196076886        1.0101010101010102E-002   1.0018038196076886        1.0000000000000000       -3.1783002272689487E-005
  0.85858657003365835        7.7560157950582500E-005   1.2121212121212121E-002   1.0018041171924335        1.0101010101010102E-002   1.0018041171924335        1.0000000000000000       -3.0290000071708789E-005
  0.86868754207679455        7.3413664668390459E-005   1.2121212121212121E-002   1.0018043998711683        1.0101010101010102E-002   1.0018043998711683        1.0000000000000000       -2.8673752062502444E-005
  0.87878851140282843        6.8970529247816428E-005   1.2121212121212121E-002   1.0018046664954257        1.0101010101010102E-002   1.0018046664954257        1.0000000000000000       -2.6941181316963991E-005
  0.88888947817593722        6.4248636852017396E-005   1.2121212121212121E-002   1.0018049159839439        1.0101010101010102E-002   1.0018049159839439        1.0000000000000000       -2.5099416135709873E-005
  0.89899044257064520        5.9267012792312606E-005   1.2121212121212121E-002   1.0018051473238858        1.0101010101010102E-002   1.0018051473238858        1.0000000000000000       -2.3155590094248168E-005
  0.90909140477114514        5.4045749869378385E-005   1.2121212121212121E-002   1.0018053595730680        1.0101010101010102E-002   1.0018053595730680        1.0000000000000000       -2.1117280779137104E-005
  0.91919236497059054        4.8605921507790328E-005   1.2121212121212121E-002   1.0018055518675799        1.0101010101010102E-002   1.0018055518675799        1.0000000000000000       -1.8993245876508524E-005
  0.92929332337025161        4.2969489828255459E-005   1.2121212121212121E-002   1.0018057234265330        1.0101010101010102E-002   1.0018057234265330        1.0000000000000000       -1.6792068015192285E-005
  0.93939428017870996        3.7159226407818967E-005   1.2121212121212121E-002   1.0018058735517812        1.0101010101010102E-002   1.0018058735517812        1.0000000000000000       -1.4522421504459260E-005
  0.94949523561103488        3.1198618493594476E-005   1.2121212121212121E-002   1.0018060016307304        1.0101010101010102E-002   1.0018060016307304        1.0000000000000000       -1.2193446553787624E-005
  0.95959618988791995        2.5111769899986514E-005   1.2121212121212121E-002   1.0018061071411601        1.0101010101010102E-002   1.0018061071411601        1.0000000000000000       -9.8148566838318629E-006
  0.96969714323475698        1.8923299910461020E-005   1.2121212121212121E-002   1.0018061896539445        1.0101010101010102E-002   1.0018061896539445        1.0000000000000000       -7.3963924274167425E-006
  0.97979809588071998        1.2658243133192629E-005   1.2121212121212121E-002   1.0018062488339396        1.0101010101010102E-002   1.0018062488339396        1.0000000000000000       -4.9479097814497663E-006
  0.98989904805782114        6.3419550681919627E-006   1.2121212121212121E-002   1.0018062844392286        1.0101010101010102E-002   1.0018062844392286        1.0000000000000000       -2.4789597610208602E-006
   1.0000000000000175       -3.6220581039595225E-013   1.2121212121212121E-002   1.0018062963231777        1.0101010101010102E-002   1.0018062963231777        1.0000000000000000        1.2059686582688300E-010
   1.0101009519422270       -6.3471680475898922E-006   1.2121212121212121E-002   1.0018062844395110        1.0101010101010102E-002   1.0018062844395110        1.0000000000000000        2.4788638546269226E-006
   1.0202019041193242       -1.2668648731070527E-005   1.2121212121212121E-002   1.0018062488339365        1.0101010101010102E-002   1.0018062488339365        1.0000000000000000        4.9479227346438392E-006
   1.0303028567652914       -1.8938854311029773E-005   1.2121212121212121E-002   1.0018061896537016        1.0101010101010102E-002   1.0018061896537016        1.0000000000000000        7.3963697415635465E-006
   1.0404038101121302       -2.5132410539396423E-005   1.2121212121212121E-002   1.0018061071413407        1.0101010101010102E-002   1.0018061071413407        1.0000000000000000        9.8147868712317177E-006
   1.0505047643890093       -3.1224261719427500E-005   1.2121212121212121E-002   1.0018060016310091        1.0101010101010102E-002   1.0018060016310091        1.0000000000000000        1.2193494762335888E-005
   1.0606057198213337       -3.7189767952416657E-005   1.2121212121212121E-002   1.0018058735515576        1.0101010101010102E-002   1.0018058735515576        1.0000000000000000        1.4522484906187572E-005
   1.0707066766297977       -4.3004804924171807E-005   1.2121212121212121E-002   1.0018057234261872        1.0101010101010102E-002   1.0018057234261872        1.0000000000000000        1.6792028932677283E-005
   1.0808076350294611       -4.8645865431375942E-005   1.2121212121212121E-002   1.0018055518677598        1.0101010101010102E-002   1.0018055518677598        1.0000000000000000        1.8993171193137925E-005
   1.0909085952288995       -5.4090163014562466E-005   1.2121212121212121E-002   1.0018053595732010        1.0101010101010102E-002   1.0018053595732010        1.0000000000000000        7.6254989230239261     
   1.1010095574294032       -5.9315712809713195E-005   1.2121212121212121E-002   1.0018051473236367        1.0101010101010102E-002   1.0018051473236367        1.0000000000000000        93.408403813671256     
  -1.0100951942178860E-002   6.3471683443176377E-006   1.2121212121212121E-002   1.0018062844392286        1.0101010101010102E-002   1.0018062844392286        1.0000000000000000       -2.4788705337286387E-006
  -2.0201904119280023E-002   1.2668648607355211E-005   1.2121212121212121E-002   1.0018062488339396        1.0101010101010102E-002   1.0018062488339396        1.0000000000000000       -4.9478503267863516E-006
  -3.0302856765243025E-002   1.8938854483772548E-005   1.2121212121212121E-002   1.0018061896539445        1.0101010101010102E-002   1.0018061896539445        1.0000000000000000       -7.3963924309694562E-006
  -4.0403810112080052E-002   2.5132410703900253E-005   1.2121212121212121E-002   1.0018061071411601        1.0101010101010102E-002   1.0018061071411601        1.0000000000000000       -9.8148566864963982E-006
  -5.0504764388965118E-002   3.1224261771144621E-005   1.2121212121212121E-002   1.0018060016307304        1.0101010101010102E-002   1.0018060016307304        1.0000000000000000       -1.2193446545794018E-005
  -6.0605719821290038E-002   3.7189767863812701E-005   1.2121212121212121E-002   1.0018058735517812        1.0101010101010102E-002   1.0018058735517812        1.0000000000000000       -1.4522421506235617E-005
  -7.0706676629748388E-002   4.3004804774420685E-005   1.2121212121212121E-002   1.0018057234265330        1.0101010101010102E-002   1.0018057234265330        1.0000000000000000       -1.6792068011639572E-005
  -8.0807635029409464E-002   4.8645866179742934E-005   1.2121212121212121E-002   1.0018055518675799        1.0101010101010102E-002   1.0018055518675799        1.0000000000000000       -1.8993245879173060E-005
  -9.0908595228854860E-002   5.4090162325344727E-005   1.2121212121212121E-002   1.0018053595730680        1.0101010101010102E-002   1.0018053595730680        1.0000000000000000       -7.6254989229629047     
 -0.10100955742935480        5.9315712810983548E-005   1.2121212121212121E-002   1.0018051473238858        1.0101010101010102E-002   1.0018051473238858        1.0000000000000000       -93.408403813675250     
