 # x v h rho m p cs a
   27.151515151519252     
   2.9576737426922976E-014  -1.1065411213580343E-012   1.2121212121212121E-002   1.0017143736576855        1.0101010101010102E-002   1.0017143736576855        1.0000000000000000       -9.4979135667472292E-011
   1.0101860481037091E-002   3.0786215491830741E-006   1.2121212121212121E-002   1.0017145463959587        1.0101010101010102E-002   1.0017145463959587        1.0000000000000000       -3.6036150733664840E-005
   2.0203717547149440E-002   6.1447818576723449E-006   1.2121212121212121E-002   1.0017150639218135        1.0101010101010102E-002   1.0017150639218135        1.0000000000000000       -7.1928759293626854E-005
   3.0305567797076615E-002   9.1860652211317534E-006   1.2121212121212121E-002   1.0017159241765077        1.0101010101010102E-002   1.0017159241765077        1.0000000000000000       -1.0753517320694073E-004
   4.0407407856647801E-002   1.2190159069071885E-005   1.2121212121212121E-002   1.0017171237355835        1.0101010101010102E-002   1.0017171237355835        1.0000000000000000       -1.4271310707947293E-004
   5.0509234392303953E-002   1.5144909520225137E-005   1.2121212121212121E-002   1.0017186578207733        1.0101010101010102E-002   1.0017186578207733        1.0000000000000000       -1.7732228608036138E-004
   6.0611044124390348E-002   1.8038364146873089E-005   1.2121212121212121E-002   1.0017205203219219        1.0101010101010102E-002   1.0017205203219219        1.0000000000000000       -2.1122504331128056E-004
   7.0712833840200662E-002   2.0858815191476591E-005   1.2121212121212121E-002   1.0017227038210161        1.0101010101010102E-002   1.0017227038210161        1.0000000000000000       -2.4428613748295191E-004
   8.0814600406792503E-002   2.3594860192990403E-005   1.2121212121212121E-002   1.0017251996176455        1.0101010101010102E-002   1.0017251996176455        1.0000000000000000       -2.7637319887929834E-004
   9.0916340783539107E-002   2.6235445250779380E-005   1.2121212121212121E-002   1.0017279977626892        1.0101010101010102E-002   1.0017279977626892        1.0000000000000000       -3.0735800086567622E-004
  0.10101805203427401        2.8769905813763964E-005   1.2121212121212121E-002   1.0017310870986251        1.0101010101010102E-002   1.0017310870986251        1.0000000000000000       -3.3711664694280330E-004
  0.11111973133903960        3.1188009102854741E-005   1.2121212121212121E-002   1.0017344553034362        1.0101010101010102E-002   1.0017344553034362        1.0000000000000000       -3.6553008733175574E-004
  0.12122137600535848        3.3480000512093817E-005   1.2121212121212121E-002   1.0017380889361549        1.0101010101010102E-002   1.0017380889361549        1.0000000000000000       -3.9248390330293148E-004
  0.13132298347908644        3.5636647270833153E-005   1.2121212121212121E-002   1.0017419734879247        1.0101010101010102E-002   1.0017419734879247        1.0000000000000000       -4.1786973013024920E-004
  0.14142455135467866        3.7649266706952698E-005   1.2121212121212121E-002   1.0017460934416482        1.0101010101010102E-002   1.0017460934416482        1.0000000000000000       -4.4158560742069142E-004
  0.15152607738484625        3.9509759022847210E-005   1.2121212121212121E-002   1.0017504323320636        1.0101010101010102E-002   1.0017504323320636        1.0000000000000000       -4.6353576877322666E-004
  0.16162755948963886        4.1210650051641151E-005   1.2121212121212121E-002   1.0017549728088031        1.0101010101010102E-002   1.0017549728088031        1.0000000000000000       -4.8363136864715273E-004
  0.17172899576485265        4.2745120368460450E-005   1.2121212121212121E-002   1.0017596967029319        1.0101010101010102E-002   1.0017596967029319        1.0000000000000000       -5.0179052700016769E-004
  0.18183038448980104        4.4107024121585652E-005   1.2121212121212121E-002   1.0017645850998471        1.0101010101010102E-002   1.0017645850998471        1.0000000000000000       -5.1793967577840050E-004
  0.19193172413427748        4.5290916676604349E-005   1.2121212121212121E-002   1.0017696184165819        1.0101010101010102E-002   1.0017696184165819        1.0000000000000000       -5.3201306720485064E-004
  0.20203301336478116        4.6292074876669064E-005   1.2121212121212121E-002   1.0017747764754124        1.0101010101010102E-002   1.0017747764754124        1.0000000000000000       -5.4395248253236161E-004
  0.21213425105003866        4.7106525025282845E-005   1.2121212121212121E-002   1.0017800385819915        1.0101010101010102E-002   1.0017800385819915        1.0000000000000000       -5.5370848187141775E-004
  0.22223543626569053        4.7731046357271938E-005   1.2121212121212121E-002   1.0017853836114463        1.0101010101010102E-002   1.0017853836114463        1.0000000000000000       -5.6124080157804457E-004
  0.23233656829808930        4.8163182020951201E-005   1.2121212121212121E-002   1.0017907900915330        1.0101010101010102E-002   1.0017907900915330        1.0000000000000000       -5.6651743523961073E-004
  0.24243764664735354        4.8401257722642889E-005   1.2121212121212121E-002   1.0017962362882440        1.0101010101010102E-002   1.0017962362882440        1.0000000000000000       -5.6951592212861613E-004
  0.25253867102946731        4.8444384452081856E-005   1.2121212121212121E-002   1.0018017002912771        1.0101010101010102E-002   1.0018017002912771        1.0000000000000000       -5.7022208269597030E-004
  0.26263964137764917        4.8292457192348851E-005   1.2121212121212121E-002   1.0018071601017520        1.0101010101010102E-002   1.0018071601017520        1.0000000000000000       -5.6863176924881742E-004
  0.27274055784272000        4.7946154264255041E-005   1.2121212121212121E-002   1.0018125937230895        1.0101010101010102E-002   1.0018125937230895        1.0000000000000000       -5.6474976890363848E-004
  0.28284142079266605        4.7406932802948415E-005   1.2121212121212121E-002   1.0018179792495252        1.0101010101010102E-002   1.0018179792495252        1.0000000000000000       -5.5859042533779046E-004
  0.29294223081126064        4.6677035554897040E-005   1.2121212121212121E-002   1.0018232949532544        1.0101010101010102E-002   1.0018232949532544        1.0000000000000000       -5.5017662794210054E-004
  0.30304298869590557        4.5759461306275514E-005   1.2121212121212121E-002   1.0018285193708583        1.0101010101010102E-002   1.0018285193708583        1.0000000000000000       -5.3954077006856949E-004
  0.31314369545455689        4.4657958243459634E-005   1.2121212121212121E-002   1.0018336313944458        1.0101010101010102E-002   1.0018336313944458        1.0000000000000000       -5.2672476769100030E-004
  0.32324435230175042        4.3377014217070888E-005   1.2121212121212121E-002   1.0018386103586752        1.0101010101010102E-002   1.0018386103586752        1.0000000000000000       -5.1177916542588520E-004
  0.33334496065380442        4.1921835252482210E-005   1.2121212121212121E-002   1.0018434361208952        1.0101010101010102E-002   1.0018434361208952        1.0000000000000000       -4.9476253219360444E-004
  0.34344552212327922        4.0298318700090054E-005   1.2121212121212121E-002   1.0018480891433561        1.0101010101010102E-002   1.0018480891433561        1.0000000000000000       -4.7574254156401707E-004
  0.35354603851255867        3.8513031230764796E-005   1.2121212121212121E-002   1.0018525505782203        1.0101010101010102E-002   1.0018525505782203        1.0000000000000000       -4.5479553090466140E-004
  0.36364651180661428        3.6573183349561083E-005   1.2121212121212121E-002   1.0018568023454115        1.0101010101010102E-002   1.0018568023454115        1.0000000000000000       -4.3200542078736248E-004
  0.37374694416505083        3.4486605437759830E-005   1.2121212121212121E-002   1.0018608272030305        1.0101010101010102E-002   1.0018608272030305        1.0000000000000000       -4.0746310760919613E-004
  0.38384733791349168        3.2261704022405086E-005   1.2121212121212121E-002   1.0018646088169041        1.0101010101010102E-002   1.0018646088169041        1.0000000000000000       -3.8126705731400534E-004
  0.39394769553426612        2.9907432150873853E-005   1.2121212121212121E-002   1.0018681318358083        1.0101010101010102E-002   1.0018681318358083        1.0000000000000000       -3.5352385632592132E-004
  0.40404801965627635        2.7433260334594183E-005   1.2121212121212121E-002   1.0018713819538940        1.0101010101010102E-002   1.0018713819538940        1.0000000000000000       -3.2434499326150501E-004
  0.41414831304446187        2.4849131676258170E-005   1.2121212121212121E-002   1.0018743459643256        1.0101010101010102E-002   1.0018743459643256        1.0000000000000000       -2.9384815950805887E-004
  0.42424857858863141        2.2165424250969061E-005   1.2121212121212121E-002   1.0018770118165972        1.0101010101010102E-002   1.0018770118165972        1.0000000000000000       -2.6215675973073616E-004
  0.43434881929178365        1.9392905375129377E-005   1.2121212121212121E-002   1.0018793686706042        1.0101010101010102E-002   1.0018793686706042        1.0000000000000000       -2.2939984640935052E-004
  0.44444903825786430        1.6542697475049557E-005   1.2121212121212121E-002   1.0018814069417492        1.0101010101010102E-002   1.0018814069417492        1.0000000000000000       -1.9571018313957467E-004
  0.45454923867919589        1.3626227228726630E-005   1.2121212121212121E-002   1.0018831183364567        1.0101010101010102E-002   1.0018831183364567        1.0000000000000000       -1.6122415835351234E-004
  0.46464942382355112        1.0655184716079992E-005   1.2121212121212121E-002   1.0018844958872144        1.0101010101010102E-002   1.0018844958872144        1.0000000000000000       -1.2608184451945448E-004
  0.47474959702089192        7.6414696475041499E-006   1.2121212121212121E-002   1.0018855339869417        1.0101010101010102E-002   1.0018855339869417        1.0000000000000000       -9.0426846029778574E-005
  0.48484976164974575        4.5971550677288604E-006   1.2121212121212121E-002   1.0018862284117216        1.0101010101010102E-002   1.0018862284117216        1.0000000000000000       -5.4403946084136123E-005
  0.49494992112349884        1.5344325950455787E-006   1.2121212121212121E-002   1.0018865763333020        1.0101010101010102E-002   1.0018865763333020        1.0000000000000000       -1.8159319659538653E-005
  0.50505007887654829       -1.5344329057791874E-006   1.2121212121212121E-002   1.0018865763332119        1.0101010101010102E-002   1.0018865763332119        1.0000000000000000        1.8159339691514731E-005
  0.51515023835030338       -4.5971544452774834E-006   1.2121212121212121E-002   1.0018862284115766        1.0101010101010102E-002   1.0018862284115766        1.0000000000000000        5.4403937260971702E-005
  0.52525040297915837       -7.6414703900260725E-006   1.2121212121212121E-002   1.0018855339869095        1.0101010101010102E-002   1.0018855339869095        1.0000000000000000        9.0426829099321537E-005
  0.53535057617649839       -1.0655184229058057E-005   1.2121212121212121E-002   1.0018844958871458        1.0101010101010102E-002   1.0018844958871458        1.0000000000000000        1.2608187252016734E-004
  0.54545076132085535       -1.3626227518526766E-005   1.2121212121212121E-002   1.0018831183361534        1.0101010101010102E-002   1.0018831183361534        1.0000000000000000        1.6122417768116293E-004
  0.55555096174219221       -1.6542697600013791E-005   1.2121212121212121E-002   1.0018814069417488        1.0101010101010102E-002   1.0018814069417488        1.0000000000000000        1.9571009865071431E-004
  0.56565118070826736       -1.9392904898592628E-005   1.2121212121212121E-002   1.0018793686707663        1.0101010101010102E-002   1.0018793686707663        1.0000000000000000        2.2939989957038165E-004
  0.57575142141142077       -2.2165424515715304E-005   1.2121212121212121E-002   1.0018770118163380        1.0101010101010102E-002   1.0018770118163380        1.0000000000000000        2.6215679146623927E-004
  0.58585168695559564       -2.4849131782160920E-005   1.2121212121212121E-002   1.0018743459643569        1.0101010101010102E-002   1.0018743459643569        1.0000000000000000        2.9384807069021690E-004
  0.59595198034377495       -2.7433259865325716E-005   1.2121212121212121E-002   1.0018713819540910        1.0101010101010102E-002   1.0018713819540910        1.0000000000000000        3.2434504368428207E-004
  0.60605230446578673       -2.9907432507758764E-005   1.2121212121212121E-002   1.0018681318357412        1.0101010101010102E-002   1.0018681318357412        1.0000000000000000        3.5352386071885178E-004
  0.61615266208656139       -3.2261703604968954E-005   1.2121212121212121E-002   1.0018646088167891        1.0101010101010102E-002   1.0018646088167891        1.0000000000000000        3.8126707006824745E-004
  0.62625305583500424       -3.4486605607711414E-005   1.2121212121212121E-002   1.0018608272028888        1.0101010101010102E-002   1.0018608272028888        1.0000000000000000        4.0746309517203372E-004
  0.63635348819344217       -3.6573183389559835E-005   1.2121212121212121E-002   1.0018568023455456        1.0101010101010102E-002   1.0018568023455456        1.0000000000000000        4.3200537416954177E-004
  0.64645396148749323       -3.8513031197649392E-005   1.2121212121212121E-002   1.0018525505783364        1.0101010101010102E-002   1.0018525505783364        1.0000000000000000        4.5479558462968583E-004
  0.65655447787677435       -4.0298318887425430E-005   1.2121212121212121E-002   1.0018480891431558        1.0101010101010102E-002   1.0018480891431558        1.0000000000000000        4.7574255459981174E-004
  0.66665503934625270       -4.1921834778030352E-005   1.2121212121212121E-002   1.0018434361210713        1.0101010101010102E-002   1.0018434361210713        1.0000000000000000        4.9476243470447656E-004
  0.67675564769829977       -4.3377014237360119E-005   1.2121212121212121E-002   1.0018386103592409        1.0101010101010102E-002   1.0018386103592409        1.0000000000000000        5.1177918207745421E-004
  0.68685630454548696       -4.4657958284960854E-005   1.2121212121212121E-002   1.0018336313942602        1.0101010101010102E-002   1.0018336313942602        1.0000000000000000        5.2672491253780152E-004
  0.69695701130414911       -4.5759461772288356E-005   1.2121212121212121E-002   1.0018285193703740        1.0101010101010102E-002   1.0018285193703740        1.0000000000000000        5.3954069312656117E-004
  0.70705776918879448       -4.6677034928175248E-005   1.2121212121212121E-002   1.0018232949534454        1.0101010101010102E-002   1.0018232949534454        1.0000000000000000        5.5017655557154654E-004
  0.71715857920738413       -4.7406933168137435E-005   1.2121212121212121E-002   1.0018179792499935        1.0101010101010102E-002   1.0018179792499935        1.0000000000000000        5.5859043693651245E-004
  0.72725944215732441       -4.7946153900665972E-005   1.2121212121212121E-002   1.0018125937230147        1.0101010101010102E-002   1.0018125937230147        1.0000000000000000        5.6474987410304323E-004
  0.73736035862240346       -4.8292457635879276E-005   1.2121212121212121E-002   1.0018071601016374        1.0101010101010102E-002   1.0018071601016374        1.0000000000000000        5.6863167516230106E-004
  0.74746132897057993       -4.8444384437590132E-005   1.2121212121212121E-002   1.0018017002914479        1.0101010101010102E-002   1.0018017002914479        1.0000000000000000        5.7022211581969628E-004
  0.75756235335269473       -4.8401257778450820E-005   1.2121212121212121E-002   1.0017962362881851        1.0101010101010102E-002   1.0017962362881851        1.0000000000000000        5.6951593432064129E-004
  0.76766343170195939       -4.8163182578564835E-005   1.2121212121212121E-002   1.0017907900913672        1.0101010101010102E-002   1.0017907900913672        1.0000000000000000        5.6651745037505918E-004
  0.77776456373436131       -4.7731046167359379E-005   1.2121212121212121E-002   1.0017853836113659        1.0101010101010102E-002   1.0017853836113659        1.0000000000000000        5.6124076445218662E-004
  0.78786574895001171       -4.7106524717538794E-005   1.2121212121212121E-002   1.0017800385820381        1.0101010101010102E-002   1.0017800385820381        1.0000000000000000        5.5370849370373065E-004
  0.79796698663526910       -4.6292075138934086E-005   1.2121212121212121E-002   1.0017747764752356        1.0101010101010102E-002   1.0017747764752356        1.0000000000000000        5.4395251965111413E-004
  0.80806827586577679       -4.5290916032487333E-005   1.2121212121212121E-002   1.0017696184164142        1.0101010101010102E-002   1.0017696184164142        1.0000000000000000        5.3201302739314116E-004
  0.81816961551025336       -4.4107024444609500E-005   1.2121212121212121E-002   1.0017645851001424        1.0101010101010102E-002   1.0017645851001424        1.0000000000000000        5.1793961466906069E-004
  0.82827100423519506       -4.2745120193885631E-005   1.2121212121212121E-002   1.0017596967032860        1.0101010101010102E-002   1.0017596967032860        1.0000000000000000        5.0179057628962909E-004
  0.83837244051040771       -4.1210650294065592E-005   1.2121212121212121E-002   1.0017549728087523        1.0101010101010102E-002   1.0017549728087523        1.0000000000000000        4.8363140491414214E-004
  0.84847392261520338       -3.9509758916165246E-005   1.2121212121212121E-002   1.0017504323320785        1.0101010101010102E-002   1.0017504323320785        1.0000000000000000        4.6353572199553383E-004
  0.85857544864536750       -3.7649266733651237E-005   1.2121212121212121E-002   1.0017460934416829        1.0101010101010102E-002   1.0017460934416829        1.0000000000000000        4.4158564712937221E-004
  0.86867701652096208       -3.5636647334875782E-005   1.2121212121212121E-002   1.0017419734877397        1.0101010101010102E-002   1.0017419734877397        1.0000000000000000        4.1786973947388617E-004
  0.87877862399469153       -3.3480000388171108E-005   1.2121212121212121E-002   1.0017380889358840        1.0101010101010102E-002   1.0017380889358840        1.0000000000000000        3.9248391203550170E-004
  0.88888026866101499       -3.1188009327352333E-005   1.2121212121212121E-002   1.0017344553034886        1.0101010101010102E-002   1.0017344553034886        1.0000000000000000        3.6553000806360814E-004
  0.89898194796577469       -2.8769905532865009E-005   1.2121212121212121E-002   1.0017310870988403        1.0101010101010102E-002   1.0017310870988403        1.0000000000000000        3.3711669116254228E-004
  0.90908365921651058       -2.6235444535740800E-005   1.2121212121212121E-002   1.0017279977627023        1.0101010101010102E-002   1.0017279977627023        1.0000000000000000        3.0735799770642558E-004
  0.91918539959325640       -2.3594860440425275E-005   1.2121212121212121E-002   1.0017251996176726        1.0101010101010102E-002   1.0017251996176726        1.0000000000000000        2.7637320433449020E-004
  0.92928716615984819       -2.0858816078168159E-005   1.2121212121212121E-002   1.0017227038209242        1.0101010101010102E-002   1.0017227038209242        1.0000000000000000        2.4428615351457239E-004
  0.93938895587566063       -1.8038363785441806E-005   1.2121212121212121E-002   1.0017205203218358        1.0101010101010102E-002   1.0017205203218358        1.0000000000000000        2.1122502893433648E-004
  0.94949076560774648       -1.5144909160417658E-005   1.2121212121212121E-002   1.0017186578206478        1.0101010101010102E-002   1.0017186578206478        1.0000000000000000        1.7732230842604224E-004
  0.95959259214340586       -1.2190159213731671E-005   1.2121212121212121E-002   1.0017171237355544        1.0101010101010102E-002   1.0017171237355544        1.0000000000000000        1.4271306205149159E-004
  0.96969443220297469       -9.1860651553235581E-006   1.2121212121212121E-002   1.0017159241767246        1.0101010101010102E-002   1.0017159241767246        1.0000000000000000        1.0753516647721284E-004
  0.97979628245289929       -6.1447817797420857E-006   1.2121212121212121E-002   1.0017150639219243        1.0101010101010102E-002   1.0017150639219243        1.0000000000000000        7.1928787996000665E-005
  0.98989813951901195       -3.0786213660108194E-006   1.2121212121212121E-002   1.0017145463959127        1.0101010101010102E-002   1.0017145463959127        1.0000000000000000        3.6036157240459943E-005
   1.0000000000000204        1.7215893061233537E-013   1.2121212121212121E-002   1.0017143736576890        1.0101010101010102E-002   1.0017143736576890        1.0000000000000000        7.7276851584429096E-011
   1.0101018604810370        3.1655901015707441E-006   1.2121212121212121E-002   1.0017145463959587        1.0101010101010102E-002   1.0017145463959587        1.0000000000000000       -3.6036200668831952E-005
   1.0202037175471494        6.3183724675023554E-006   1.2121212121212121E-002   1.0017150639218135        1.0101010101010102E-002   1.0017150639218135        1.0000000000000000       -7.1928793721198758E-005
   1.0303055677970767        9.4455872950406008E-006   1.2121212121212121E-002   1.0017159241765077        1.0101010101010102E-002   1.0017159241765077        1.0000000000000000       -1.0753517504813459E-004
   1.0404074078566479        1.2534578833826626E-005   1.2121212121212121E-002   1.0017171237355835        1.0101010101010102E-002   1.0017171237355835        1.0000000000000000       -1.4271310800495485E-004
   1.0505092343923039        1.5572854514685210E-005   1.2121212121212121E-002   1.0017186578207733        1.0101010101010102E-002   1.0017186578207733        1.0000000000000000       -1.7732228445765941E-004
   1.0606110441243903        1.8548129554117864E-005   1.2121212121212121E-002   1.0017205203219219        1.0101010101010102E-002   1.0017205203219219        1.0000000000000000       -2.1122504249682095E-004
   1.0707128338402008        2.1448370148499147E-005   1.2121212121212121E-002   1.0017227038210161        1.0101010101010102E-002   1.0017227038210161        1.0000000000000000       -2.4428613982596659E-004
   1.0808146004067924        2.4261854378502039E-005   1.2121212121212121E-002   1.0017251996176455        1.0101010101010102E-002   1.0017251996176455        1.0000000000000000       -2.7637319680895445E-004
   1.0909163407835392        2.6977218757028526E-005   1.2121212121212121E-002   1.0017279977626892        1.0101010101010102E-002   1.0017279977626892        1.0000000000000000        7.6202079223309909     
   1.1010180520342741        2.9583499712020306E-005   1.2121212121212121E-002   1.0017310870986251        1.0101010101010102E-002   1.0017310870986251        1.0000000000000000        93.405461698798632     
  -1.0101860480988045E-002  -3.1655899576710476E-006   1.2121212121212121E-002   1.0017145463959127        1.0101010101010102E-002   1.0017145463959127        1.0000000000000000        3.6036209224654669E-005
  -2.0203717547100708E-002  -6.3183724618299859E-006   1.2121212121212121E-002   1.0017150639219243        1.0101010101010102E-002   1.0017150639219243        1.0000000000000000        7.1928822502620449E-005
  -3.0305567797025312E-002  -9.4455872129157608E-006   1.2121212121212121E-002   1.0017159241767246        1.0101010101010102E-002   1.0017159241767246        1.0000000000000000        1.0753516648343009E-004
  -4.0407407856594135E-002  -1.2534578856602495E-005   1.2121212121212121E-002   1.0017171237355544        1.0101010101010102E-002   1.0017171237355544        1.0000000000000000        1.4271306204705070E-004
  -5.0509234392253521E-002  -1.5572854222758246E-005   1.2121212121212121E-002   1.0017186578206478        1.0101010101010102E-002   1.0017186578206478        1.0000000000000000        1.7732230843403585E-004
  -6.0611044124339375E-002  -1.8548129187379042E-005   1.2121212121212121E-002   1.0017205203218358        1.0101010101010102E-002   1.0017205203218358        1.0000000000000000        2.1122502892900741E-004
  -7.0712833840151812E-002  -2.1448371024421685E-005   1.2121212121212121E-002   1.0017227038209242        1.0101010101010102E-002   1.0017227038209242        1.0000000000000000        2.4428615352345417E-004
  -8.0814600406743597E-002  -2.4261854628486249E-005   1.2121212121212121E-002   1.0017251996176726        1.0101010101010102E-002   1.0017251996176726        1.0000000000000000        2.7637320432294388E-004
  -9.0916340783489424E-002  -2.6977218074371318E-005   1.2121212121212121E-002   1.0017279977627023        1.0101010101010102E-002   1.0017279977627023        1.0000000000000000       -7.6202079223529893     
 -0.10101805203422531       -2.9583499536747838E-005   1.2121212121212121E-002   1.0017310870988403        1.0101010101010102E-002   1.0017310870988403        1.0000000000000000       -93.405461698781863     
