 # x v h rho m p cs a
   19.401212121211913     
   1.6521096010459523E-014   3.1357650482966774E-013   1.2121212121212121E-002   1.0017293017087014        1.0101010101010102E-002   1.0017293017087014        1.0000000000000000       -4.0399683598479896E-011
   1.0101712924719125E-002   4.3818198811067132E-006   1.2121212121212121E-002   1.0017294444823559        1.0101010101010102E-002   1.0017294444823559        1.0000000000000000       -2.9784346478045620E-005
   2.0203423026981911E-002   8.7459954337893386E-006   1.2121212121212121E-002   1.0017298722338372        1.0101010101010102E-002   1.0017298722338372        1.0000000000000000       -5.9449951928414180E-005
   3.0305127495626284E-002   1.3074951949232001E-005   1.2121212121212121E-002   1.0017305832610630        1.0101010101010102E-002   1.0017305832610630        1.0000000000000000       -8.8879076043824057E-005
   4.0406823541871979E-002   1.7351258672982479E-005   1.2121212121212121E-002   1.0017315747328990        1.0101010101010102E-002   1.0017315747328990        1.0000000000000000       -1.1795389167446046E-004
   5.0508508410530208E-002   2.1557692824987438E-005   1.2121212121212121E-002   1.0017328426992915        1.0101010101010102E-002   1.0017328426992915        1.0000000000000000       -1.4655870637270141E-004
   6.0610179390943611E-002   2.5677318836640586E-005   1.2121212121212121E-002   1.0017343821086209        1.0101010101010102E-002   1.0017343821086209        1.0000000000000000       -1.7457935123132984E-004
   7.0711833827828696E-002   2.9693547478085807E-005   1.2121212121212121E-002   1.0017361868281192        1.0101010101010102E-002   1.0017361868281192        1.0000000000000000       -2.0190442804679520E-004
   8.0813469131809076E-002   3.3590203728795466E-005   1.2121212121212121E-002   1.0017382496658114        1.0101010101010102E-002   1.0017382496658114        1.0000000000000000       -2.2842428779057400E-004
   9.0915082789826129E-002   3.7351598563951729E-005   1.2121212121212121E-002   1.0017405623961353        1.0101010101010102E-002   1.0017405623961353        1.0000000000000000       -2.5403293411496719E-004
  0.10101667237517843        4.0962584685011261E-005   1.2121212121212121E-002   1.0017431157959416        1.0101010101010102E-002   1.0017431157959416        1.0000000000000000       -2.7862819193380517E-004
  0.11111823555719554        4.4408622662768391E-005   1.2121212121212121E-002   1.0017458996785054        1.0101010101010102E-002   1.0017458996785054        1.0000000000000000       -3.0211124358281438E-004
  0.12121977011061842        4.7675834019244719E-005   1.2121212121212121E-002   1.0017489029324833        1.0101010101010102E-002   1.0017489029324833        1.0000000000000000       -3.2438799189637990E-004
  0.13132127392449922        5.0751064149781803E-005   1.2121212121212121E-002   1.0017521135649237        1.0101010101010102E-002   1.0017521135649237        1.0000000000000000       -3.4536859902178918E-004
  0.14142274501072971        5.3621929525877154E-005   1.2121212121212121E-002   1.0017555187481517        1.0101010101010102E-002   1.0017555187481517        1.0000000000000000       -3.6496880688385858E-004
  0.15152418151201652        5.6276870181980781E-005   1.2121212121212121E-002   1.0017591048718337        1.0101010101010102E-002   1.0017591048718337        1.0000000000000000       -3.8310962000753790E-004
  0.16162558170936647        5.8705194977083125E-005   1.2121212121212121E-002   1.0017628575938000        1.0101010101010102E-002   1.0017628575938000        1.0000000000000000       -3.9971741118360882E-004
  0.17172694402906816        6.0897125751497102E-005   1.2121212121212121E-002   1.0017667618959065        1.0101010101010102E-002   1.0017667618959065        1.0000000000000000       -4.1472482786097942E-004
  0.18182826704907065        6.2843838407534487E-005   1.2121212121212121E-002   1.0017708021444667        1.0101010101010102E-002   1.0017708021444667        1.0000000000000000       -4.2807085322671412E-004
  0.19192954950476185        6.4537492876045514E-005   1.2121212121212121E-002   1.0017749621512617        1.0101010101010102E-002   1.0017749621512617        1.0000000000000000       -4.3970092836342900E-004
  0.20203079029414800        6.5971270174161291E-005   1.2121212121212121E-002   1.0017792252386608        1.0101010101010102E-002   1.0017792252386608        1.0000000000000000       -4.4956758214098613E-004
  0.21213198848233297        6.7139398818439206E-005   1.2121212121212121E-002   1.0017835743034629        1.0101010101010102E-002   1.0017835743034629        1.0000000000000000       -4.5762958667960874E-004
  0.22223314330544483        6.8037173359003828E-005   1.2121212121212121E-002   1.0017879918845316        1.0101010101010102E-002   1.0017879918845316        1.0000000000000000       -4.6385358837852664E-004
  0.23233425417377890        6.8660983117175189E-005   1.2121212121212121E-002   1.0017924602348502        1.0101010101010102E-002   1.0017924602348502        1.0000000000000000       -4.6821340212854778E-004
  0.24243532067428775        6.9008314643598178E-005   1.2121212121212121E-002   1.0017969613915518        1.0101010101010102E-002   1.0017969613915518        1.0000000000000000       -4.7069031849567011E-004
  0.25253634257234547        6.9077770995587079E-005   1.2121212121212121E-002   1.0018014772465438        1.0101010101010102E-002   1.0018014772465438        1.0000000000000000       -4.7127282072967347E-004
  0.26263731981284133        6.8869074111350053E-005   1.2121212121212121E-002   1.0018059896182150        1.0101010101010102E-002   1.0018059896182150        1.0000000000000000       -4.6995720390352602E-004
  0.27273825252053452        6.8383065833956327E-005   1.2121212121212121E-002   1.0018104803277741        1.0101010101010102E-002   1.0018104803277741        1.0000000000000000       -4.6674786268319224E-004
  0.28283914099962282        6.7621703111515470E-005   1.2121212121212121E-002   1.0018149312715563        1.0101010101010102E-002   1.0018149312715563        1.0000000000000000       -4.6165620370519633E-004
  0.29293998573267549        6.6588054133516795E-005   1.2121212121212121E-002   1.0018193244924793        1.0101010101010102E-002   1.0018193244924793        1.0000000000000000       -4.5470146927417687E-004
  0.30304078737879375        6.5286282595323916E-005   1.2121212121212121E-002   1.0018236422530125        1.0101010101010102E-002   1.0018236422530125        1.0000000000000000       -4.4591029449492225E-004
  0.31314154677110323        6.3721630987058673E-005   1.2121212121212121E-002   1.0018278671099217        1.0101010101010102E-002   1.0018278671099217        1.0000000000000000       -4.3531756334580507E-004
  0.32324226491343039        6.1900400327701029E-005   1.2121212121212121E-002   1.0018319819859558        1.0101010101010102E-002   1.0018319819859558        1.0000000000000000       -4.2296480893622146E-004
  0.33334294297637140        5.9829925858304397E-005   1.2121212121212121E-002   1.0018359702347048        1.0101010101010102E-002   1.0018359702347048        1.0000000000000000       -4.0890043392138864E-004
  0.34344358229271105        5.7518545976325423E-005   1.2121212121212121E-002   1.0018398157107102        1.0101010101010102E-002   1.0018398157107102        1.0000000000000000       -3.9318055548331898E-004
  0.35354418435209622        5.4975567912025141E-005   1.2121212121212121E-002   1.0018435028391752        1.0101010101010102E-002   1.0018435028391752        1.0000000000000000       -3.7586818940749112E-004
  0.36364475079507003        5.2211232685827853E-005   1.2121212121212121E-002   1.0018470166796760        1.0101010101010102E-002   1.0018470166796760        1.0000000000000000       -3.5703270626274985E-004
  0.37374528340648716        4.9236671888650430E-005   1.2121212121212121E-002   1.0018503429837156        1.0101010101010102E-002   1.0018503429837156        1.0000000000000000       -3.3674904957692320E-004
  0.38384578410842546        4.6063862883301211E-005   1.2121212121212121E-002   1.0018534682537157        1.0101010101010102E-002   1.0018534682537157        1.0000000000000000       -3.1509891159142711E-004
  0.39394625495244001        4.2705581742115707E-005   1.2121212121212121E-002   1.0018563798045208        1.0101010101010102E-002   1.0018563798045208        1.0000000000000000       -2.9217009593995868E-004
  0.40404669811123850        3.9175351491943661E-005   1.2121212121212121E-002   1.0018590658149629        1.0101010101010102E-002   1.0018590658149629        1.0000000000000000       -2.6805503791482721E-004
  0.41414711586992281        3.5487386632053739E-005   1.2121212121212121E-002   1.0018615153719199        1.0101010101010102E-002   1.0018615153719199        1.0000000000000000       -2.4285064240370247E-004
  0.42424751061681298        3.1656537131741642E-005   1.2121212121212121E-002   1.0018637185169215        1.0101010101010102E-002   1.0018637185169215        1.0000000000000000       -2.1665907694945474E-004
  0.43434788483376596        2.7698226529037741E-005   1.2121212121212121E-002   1.0018656662931211        1.0101010101010102E-002   1.0018656662931211        1.0000000000000000       -1.8958709132910201E-004
  0.44444824108605235        2.3628395347575107E-005   1.2121212121212121E-002   1.0018673507810878        1.0101010101010102E-002   1.0018673507810878        1.0000000000000000       -1.6174429013293690E-004
  0.45454858201197584        1.9463427660576158E-005   1.2121212121212121E-002   1.0018687651269820        1.0101010101010102E-002   1.0018687651269820        1.0000000000000000       -1.3324323580565789E-004
  0.46464891031221289        1.5220093893689680E-005   1.2121212121212121E-002   1.0018699035733984        1.0101010101010102E-002   1.0018699035733984        1.0000000000000000       -1.0419996090771377E-004
  0.47474922873881370        1.0915480309775735E-005   1.2121212121212121E-002   1.0018707614873965        1.0101010101010102E-002   1.0018707614873965        1.0000000000000000       -7.4732932664467455E-005
  0.48484954008397702        6.5669176515922746E-006   1.2121212121212121E-002   1.0018713353786606        1.0101010101010102E-002   1.0018713353786606        1.0000000000000000       -4.4961961543243945E-005
  0.49494984716869872        2.1919142088857195E-006   1.2121212121212121E-002   1.0018716229107980        1.0101010101010102E-002   1.0018716229107980        1.0000000000000000       -1.5007783845888412E-005
  0.50505015283133192       -2.1919142808349681E-006   1.2121212121212121E-002   1.0018716229107831        1.0101010101010102E-002   1.0018716229107831        1.0000000000000000        1.5007785836296250E-005
  0.51515045991605424       -6.5669174446221397E-006   1.2121212121212121E-002   1.0018713353787732        1.0101010101010102E-002   1.0018713353787732        1.0000000000000000        4.4961933298282020E-005
  0.52525077126121456       -1.0915480218351913E-005   1.2121212121212121E-002   1.0018707614875386        1.0101010101010102E-002   1.0018707614875386        1.0000000000000000        7.4732952567657662E-005
  0.53535108968781520       -1.5220094477101466E-005   1.2121212121212121E-002   1.0018699035733507        1.0101010101010102E-002   1.0018699035733507        1.0000000000000000        1.0419998558397481E-004
  0.54545141798805319       -1.9463427585152160E-005   1.2121212121212121E-002   1.0018687651266760        1.0101010101010102E-002   1.0018687651266760        1.0000000000000000        1.3324326539088105E-004
  0.55555175891398267       -2.3628395051956034E-005   1.2121212121212121E-002   1.0018673507810201        1.0101010101010102E-002   1.0018673507810201        1.0000000000000000        1.6174420935310962E-004
  0.56565211516626435       -2.7698226819748311E-005   1.2121212121212121E-002   1.0018656662932703        1.0101010101010102E-002   1.0018656662932703        1.0000000000000000        1.8958712516603526E-004
  0.57575248938321844       -3.1656537095640732E-005   1.2121212121212121E-002   1.0018637185169317        1.0101010101010102E-002   1.0018637185169317        1.0000000000000000        2.1665907035384180E-004
  0.58585288413010772       -3.5487386335046461E-005   1.2121212121212121E-002   1.0018615153719883        1.0101010101010102E-002   1.0018615153719883        1.0000000000000000        2.4285064330076267E-004
  0.59595330188879136       -3.9175351740004978E-005   1.2121212121212121E-002   1.0018590658150222        1.0101010101010102E-002   1.0018590658150222        1.0000000000000000        2.6805503039817324E-004
  0.60605374504758991       -4.2705581553865596E-005   1.2121212121212121E-002   1.0018563798048166        1.0101010101010102E-002   1.0018563798048166        1.0000000000000000        2.9217005772697036E-004
  0.61615421589159736       -4.6063862826548777E-005   1.2121212121212121E-002   1.0018534682535984        1.0101010101010102E-002   1.0018534682535984        1.0000000000000000        3.1509903815418738E-004
  0.62625471659354526       -4.9236671577559467E-005   1.2121212121212121E-002   1.0018503429832923        1.0101010101010102E-002   1.0018503429832923        1.0000000000000000        3.3674898772773076E-004
  0.63635524920496245       -5.2211232306242756E-005   1.2121212121212121E-002   1.0018470166796527        1.0101010101010102E-002   1.0018470166796527        1.0000000000000000        3.5703268620324025E-004
  0.64645581564793586       -5.4975568431894472E-005   1.2121212121212121E-002   1.0018435028391659        1.0101010101010102E-002   1.0018435028391659        1.0000000000000000        3.7586820026902501E-004
  0.65655641770732165       -5.7518545979686463E-005   1.2121212121212121E-002   1.0018398157107062        1.0101010101010102E-002   1.0018398157107062        1.0000000000000000        3.9318054682091486E-004
  0.66665705702366096       -5.9829925641773421E-005   1.2121212121212121E-002   1.0018359702348212        1.0101010101010102E-002   1.0018359702348212        1.0000000000000000        4.0890041634167318E-004
  0.67675773508659998       -6.1900400667586145E-005   1.2121212121212121E-002   1.0018319819861736        1.0101010101010102E-002   1.0018319819861736        1.0000000000000000        4.2296480159276229E-004
  0.68685845322892458       -6.3721631006117782E-005   1.2121212121212121E-002   1.0018278671100618        1.0101010101010102E-002   1.0018278671100618        1.0000000000000000        4.3531759461679087E-004
  0.69695921262123317       -6.5286282399195348E-005   1.2121212121212121E-002   1.0018236422527511        1.0101010101010102E-002   1.0018236422527511        1.0000000000000000        4.4591034223806503E-004
  0.70706001426735898       -6.6588054446566376E-005   1.2121212121212121E-002   1.0018193244925957        1.0101010101010102E-002   1.0018193244925957        1.0000000000000000        4.5470134414138386E-004
  0.71716085900040105       -6.7621703124019615E-005   1.2121212121212121E-002   1.0018149312716544        1.0101010101010102E-002   1.0018149312716544        1.0000000000000000        4.6165633378780768E-004
  0.72726174747949712       -6.8383065781818427E-005   1.2121212121212121E-002   1.0018104803273922        1.0101010101010102E-002   1.0018104803273922        1.0000000000000000        4.6674783232258932E-004
  0.73736268018719175       -6.8869073888652298E-005   1.2121212121212121E-002   1.0018059896182421        1.0101010101010102E-002   1.0018059896182421        1.0000000000000000        4.6995715047071229E-004
  0.74746365742768539       -6.9077770964277150E-005   1.2121212121212121E-002   1.0018014772468768        1.0101010101010102E-002   1.0018014772468768        1.0000000000000000        4.7127280318992604E-004
  0.75756467932573779       -6.9008314885395116E-005   1.2121212121212121E-002   1.0017969613916269        1.0101010101010102E-002   1.0017969613916269        1.0000000000000000        4.7069039474934016E-004
  0.76766574582625047       -6.8660982863480460E-005   1.2121212121212121E-002   1.0017924602346620        1.0101010101010102E-002   1.0017924602346620        1.0000000000000000        4.6821338125901946E-004
  0.77776685669458545       -6.8037173711787453E-005   1.2121212121212121E-002   1.0017879918846269        1.0101010101010102E-002   1.0017879918846269        1.0000000000000000        4.6385355150047047E-004
  0.78786801151769381       -6.7139398598818810E-005   1.2121212121212121E-002   1.0017835743034949        1.0101010101010102E-002   1.0017835743034949        1.0000000000000000        4.5762963087447872E-004
  0.79796920970588159       -6.5971270471384814E-005   1.2121212121212121E-002   1.0017792252385551        1.0101010101010102E-002   1.0017792252385551        1.0000000000000000        4.4956757350256282E-004
  0.80807045049526693       -6.4537493166229177E-005   1.2121212121212121E-002   1.0017749621510008        1.0101010101010102E-002   1.0017749621510008        1.0000000000000000        4.3970096995504804E-004
  0.81817173295096479       -6.2843837911089425E-005   1.2121212121212121E-002   1.0017708021444589        1.0101010101010102E-002   1.0017708021444589        1.0000000000000000        4.2807075388484606E-004
  0.82827305597096101       -6.0897125728431630E-005   1.2121212121212121E-002   1.0017667618962631        1.0101010101010102E-002   1.0017667618962631        1.0000000000000000        4.1472485128046799E-004
  0.83837441829066073       -5.8705194749580077E-005   1.2121212121212121E-002   1.0017628575938686        1.0101010101010102E-002   1.0017628575938686        1.0000000000000000        3.9971744784406127E-004
  0.84847581848801168       -5.6276870141321275E-005   1.2121212121212121E-002   1.0017591048718024        1.0101010101010102E-002   1.0017591048718024        1.0000000000000000        3.8310960597520705E-004
  0.85857725498929871       -5.3621929584117344E-005   1.2121212121212121E-002   1.0017555187483427        1.0101010101010102E-002   1.0017555187483427        1.0000000000000000        3.6496877487746104E-004
  0.86867872607552443       -5.0751064320084255E-005   1.2121212121212121E-002   1.0017521135649328        1.0101010101010102E-002   1.0017521135649328        1.0000000000000000        3.4536866648160469E-004
  0.87878022988940996       -4.7675834131510662E-005   1.2121212121212121E-002   1.0017489029323654        1.0101010101010102E-002   1.0017489029323654        1.0000000000000000        3.2438795363542994E-004
  0.88888176444283074       -4.4408622466049712E-005   1.2121212121212121E-002   1.0017458996784263        1.0101010101010102E-002   1.0017458996784263        1.0000000000000000        3.0211127529256032E-004
  0.89898332762485134       -4.0962584644710640E-005   1.2121212121212121E-002   1.0017431157958301        1.0101010101010102E-002   1.0017431157958301        1.0000000000000000        2.7862816257684386E-004
  0.90908491721020268       -3.7351598624581459E-005   1.2121212121212121E-002   1.0017405623961504        1.0101010101010102E-002   1.0017405623961504        1.0000000000000000        2.5403294241055363E-004
  0.91918653086821989       -3.3590204208634000E-005   1.2121212121212121E-002   1.0017382496657223        1.0101010101010102E-002   1.0017382496657223        1.0000000000000000        2.2842429314451351E-004
  0.92928816617220267       -2.9693547016822699E-005   1.2121212121212121E-002   1.0017361868282997        1.0101010101010102E-002   1.0017361868282997        1.0000000000000000        2.0190437246903059E-004
  0.93938982060908072       -2.5677318692783807E-005   1.2121212121212121E-002   1.0017343821085178        1.0101010101010102E-002   1.0017343821085178        1.0000000000000000        1.7457946360277532E-004
  0.94949149158950352       -2.1557693346733390E-005   1.2121212121212121E-002   1.0017328426990677        1.0101010101010102E-002   1.0017328426990677        1.0000000000000000        1.4655862335555270E-004
  0.95959317645815734       -1.7351258294480507E-005   1.2121212121212121E-002   1.0017315747328863        1.0101010101010102E-002   1.0017315747328863        1.0000000000000000        1.1795392885627365E-004
  0.96969487250440756       -1.3074951878394141E-005   1.2121212121212121E-002   1.0017305832612029        1.0101010101010102E-002   1.0017305832612029        1.0000000000000000        8.8879002679398411E-005
  0.97979657697304445       -8.7459950892838611E-006   1.2121212121212121E-002   1.0017298722339953        1.0101010101010102E-002   1.0017298722339953        1.0000000000000000        5.9450023923268702E-005
  0.98989828707531125       -4.3818204266024940E-006   1.2121212121212121E-002   1.0017294444823437        1.0101010101010102E-002   1.0017294444823437        1.0000000000000000        2.9784310425107208E-005
   1.0000000000000104       -9.3493619850120006E-014   1.2121212121212121E-002   1.0017293017086997        1.0101010101010102E-002   1.0017293017086997        1.0000000000000000        7.4484418632891902E-011
   1.0101017129247192        4.4534727802660358E-006   1.2121212121212121E-002   1.0017294444823559        1.0101010101010102E-002   1.0017294444823559        1.0000000000000000       -2.9784382006070587E-005
   1.0202034230269819        8.8890155770775789E-006   1.2121212121212121E-002   1.0017298722338372        1.0101010101010102E-002   1.0017298722338372        1.0000000000000000       -5.9449973496050745E-005
   1.0303051274956263        1.3288770481724514E-005   1.2121212121212121E-002   1.0017305832610630        1.0101010101010102E-002   1.0017305832610630        1.0000000000000000       -8.8879077027925746E-005
   1.0404068235418720        1.7635023238617170E-005   1.2121212121212121E-002   1.0017315747328990        1.0101010101010102E-002   1.0017315747328990        1.0000000000000000       -1.1795389164959147E-004
   1.0505085084105301        2.1910272942597846E-005   1.2121212121212121E-002   1.0017328426992915        1.0101010101010102E-002   1.0017328426992915        1.0000000000000000       -1.4655870398083692E-004
   1.0606101793909437        2.6097309197467388E-005   1.2121212121212121E-002   1.0017343821086209        1.0101010101010102E-002   1.0017343821086209        1.0000000000000000       -1.7457935359832533E-004
   1.0707118338278288        3.0179274787361339E-005   1.2121212121212121E-002   1.0017361868281192        1.0101010101010102E-002   1.0017361868281192        1.0000000000000000       -2.0190442931156127E-004
   1.0808134691318090        3.4139731102994510E-005   1.2121212121212121E-002   1.0017382496658114        1.0101010101010102E-002   1.0017382496658114        1.0000000000000000       -2.2842428494751488E-004
   1.0909150827898262        3.7962733984014023E-005   1.2121212121212121E-002   1.0017405623961353        1.0101010101010102E-002   1.0017405623961353        1.0000000000000000        7.6210672197433240     
   1.1010166723751784        4.1632890387675242E-005   1.2121212121212121E-002   1.0017431157959416        1.0101010101010102E-002   1.0017431157959416        1.0000000000000000        93.405939630114204     
  -1.0101712924688755E-002  -4.4534732101435939E-006   1.2121212121212121E-002   1.0017294444823437        1.0101010101010102E-002   1.0017294444823437        1.0000000000000000        2.9784344728334133E-005
  -2.0203423026955547E-002  -8.8890154221179885E-006   1.2121212121212121E-002   1.0017298722339953        1.0101010101010102E-002   1.0017298722339953        1.0000000000000000        5.9450046884457208E-005
  -3.0305127495592443E-002  -1.3288770233210060E-005   1.2121212121212121E-002   1.0017305832612029        1.0101010101010102E-002   1.0017305832612029        1.0000000000000000        8.8879002675845697E-005
  -4.0406823541842662E-002  -1.7635022968505261E-005   1.2121212121212121E-002   1.0017315747328863        1.0101010101010102E-002   1.0017315747328863        1.0000000000000000        1.1795392885094458E-004
  -5.0508508410496478E-002  -2.1910273235472603E-005   1.2121212121212121E-002   1.0017328426990677        1.0101010101010102E-002   1.0017328426990677        1.0000000000000000        1.4655862336176995E-004
  -6.0610179390919283E-002  -2.6097309324648213E-005   1.2121212121212121E-002   1.0017343821085178        1.0101010101010102E-002   1.0017343821085178        1.0000000000000000        1.7457946360011078E-004
  -7.0711833827797332E-002  -3.0179274226896779E-005   1.2121212121212121E-002   1.0017361868282997        1.0101010101010102E-002   1.0017361868282997        1.0000000000000000        2.0190437247169513E-004
  -8.0813469131780113E-002  -3.4139731565190058E-005   1.2121212121212121E-002   1.0017382496657223        1.0101010101010102E-002   1.0017382496657223        1.0000000000000000        2.2842429314007262E-004
  -9.0915082789797319E-002  -3.7962734065202124E-005   1.2121212121212121E-002   1.0017405623961504        1.0101010101010102E-002   1.0017405623961504        1.0000000000000000       -7.6210672197269957     
 -0.10101667237514866       -4.1632890280452255E-005   1.2121212121212121E-002   1.0017431157958301        1.0101010101010102E-002   1.0017431157958301        1.0000000000000000       -93.405939630127463     
