 # x v h rho m p cs a
   20.050909090909244     
   2.1426416849299431E-014  -8.9583828570759783E-013   1.2121212121212121E-002   1.0018934894253191        1.0101010101010102E-002   1.0018934894253191        1.0000000000000000       -5.8362203958495229E-011
   1.0100090305237753E-002   2.0677617046579082E-006   1.2121212121212121E-002   1.0018933022511058        1.0101010101010102E-002   1.0018933022511058        1.0000000000000000        3.9036805836722976E-005
   2.0200184309421682E-002   4.1271139624036132E-006   1.2121212121212121E-002   1.0018927414785896        1.0101010101010102E-002   1.0018927414785896        1.0000000000000000        7.7917059324583704E-005
   3.0300285696708298E-002   6.1696823761418408E-006   1.2121212121212121E-002   1.0018918093572333        1.0101010101010102E-002   1.0018918093572333        1.0000000000000000        1.1648497905536459E-004
   4.0400398121634977E-002   8.1871637715751126E-006   1.2121212121212121E-002   1.0018905096225039        1.0101010101010102E-002   1.0018905096225039        1.0000000000000000        1.5458652368849357E-004
   5.0500525194561226E-002   1.0171360223921385E-005   1.2121212121212121E-002   1.0018888474832131        1.0101010101010102E-002   1.0018888474832131        1.0000000000000000        1.9206859687415090E-004
   6.0600670467149537E-002   1.2114210599534159E-005   1.2121212121212121E-002   1.0018868296040777        1.0101010101010102E-002   1.0018868296040777        1.0000000000000000        2.2878074943299964E-004
   7.0700837418116683E-002   1.4007827423874169E-005   1.2121212121212121E-002   1.0018844640768145        1.0101010101010102E-002   1.0018844640768145        1.0000000000000000        2.6457590311412815E-004
   8.0801029439295971E-002   1.5844529394189191E-005   1.2121212121212121E-002   1.0018817603860328        1.0101010101010102E-002   1.0018817603860328        1.0000000000000000        2.9931078704503733E-004
   9.0901249822064031E-002   1.7616874639550275E-005   1.2121212121212121E-002   1.0018787293725859        1.0101010101010102E-002   1.0018787293725859        1.0000000000000000        3.3284586588511189E-004
  0.10100150174412814        1.9317684203513946E-005   1.2121212121212121E-002   1.0018753831950586        1.0101010101010102E-002   1.0018753831950586        1.0000000000000000        3.6504591412267473E-004
  0.11110178825668865        2.0940079886771764E-005   1.2121212121212121E-002   1.0018717352775672        1.0101010101010102E-002   1.0018717352775672        1.0000000000000000        3.9578223211123031E-004
  0.12120211227227795        2.2477509606068341E-005   1.2121212121212121E-002   1.0018678002555865        1.0101010101010102E-002   1.0018678002555865        1.0000000000000000        4.2493091956252727E-004
  0.13130247655299021        2.3923773951728797E-005   1.2121212121212121E-002   1.0018635939200675        1.0101010101010102E-002   1.0018635939200675        1.0000000000000000        4.5237492608940499E-004
  0.14140288369941015        2.5273050031400826E-005   1.2121212121212121E-002   1.0018591331538889        1.0101010101010102E-002   1.0018591331538889        1.0000000000000000        4.7800348293058903E-004
  0.15150333614010966        2.6519913904113399E-005   1.2121212121212121E-002   1.0018544358670269        1.0101010101010102E-002   1.0018544358670269        1.0000000000000000        5.0171313522096028E-004
  0.16160383612183551        2.7659369999643670E-005   1.2121212121212121E-002   1.0018495209213387        1.0101010101010102E-002   1.0018495209213387        1.0000000000000000        5.2340874098621981E-004
  0.17170438570051202        2.8686860289972421E-005   1.2121212121212121E-002   1.0018444080565303        1.0101010101010102E-002   1.0018444080565303        1.0000000000000000        5.4300227832904113E-004
  0.18180498673288317        2.9598290976168806E-005   1.2121212121212121E-002   1.0018391178145194        1.0101010101010102E-002   1.0018391178145194        1.0000000000000000        5.6041435182319077E-004
  0.19190564086899348        3.0390038332241317E-005   1.2121212121212121E-002   1.0018336714548659        1.0101010101010102E-002   1.0018336714548659        1.0000000000000000        5.7557453005241399E-004
  0.20200634954551455        3.1058974943032352E-005   1.2121212121212121E-002   1.0018280908694119        1.0101010101010102E-002   1.0018280908694119        1.0000000000000000        5.8842127112868070E-004
  0.21210711397990711        3.1602474305939407E-005   1.2121212121212121E-002   1.0018223984951631        1.0101010101010102E-002   1.0018223984951631        1.0000000000000000        5.9890225008185638E-004
  0.22220793516546927        3.2018417905254419E-005   1.2121212121212121E-002   1.0018166172262015        1.0101010101010102E-002   1.0018166172262015        1.0000000000000000        6.0697428948053300E-004
  0.23230881386722996        3.2305205848472962E-005   1.2121212121212121E-002   1.0018107703208352        1.0101010101010102E-002   1.0018107703208352        1.0000000000000000        6.1260440946497852E-004
  0.24240975061883674        3.2461764170151622E-005   1.2121212121212121E-002   1.0018048813072897        1.0101010101010102E-002   1.0018048813072897        1.0000000000000000        6.1576913105820807E-004
  0.25251074572031340        3.2487546897637050E-005   1.2121212121212121E-002   1.0017989738893402        1.0101010101010102E-002   1.0017989738893402        1.0000000000000000        6.1645513814312380E-004
  0.26261179923681305        3.2382532851526665E-005   1.2121212121212121E-002   1.0017930718525720        1.0101010101010102E-002   1.0017930718525720        1.0000000000000000        6.1465847069808177E-004
  0.27271291099822342        3.2147226392612457E-005   1.2121212121212121E-002   1.0017871989688663        1.0101010101010102E-002   1.0017871989688663        1.0000000000000000        6.1038576473482209E-004
  0.28281408059980423        3.1782657801169304E-005   1.2121212121212121E-002   1.0017813788979102        1.0101010101010102E-002   1.0017813788979102        1.0000000000000000        6.0365358672154201E-004
  0.29291530740375321        3.1290376362329648E-005   1.2121212121212121E-002   1.0017756350932225        1.0101010101010102E-002   1.0017756350932225        1.0000000000000000        5.9448822721464012E-004
  0.30301659054169022        3.0672436958247140E-005   1.2121212121212121E-002   1.0017699907075350        1.0101010101010102E-002   1.0017699907075350        1.0000000000000000        5.8292594469122605E-004
  0.31311792891809936        2.9931395006461888E-005   1.2121212121212121E-002   1.0017644684999565        1.0101010101010102E-002   1.0017644684999565        1.0000000000000000        5.6901240316520330E-004
  0.32321932121464597        2.9070299351697454E-005   1.2121212121212121E-002   1.0017590907435090        1.0101010101010102E-002   1.0017590907435090        1.0000000000000000        5.5280319935580025E-004
  0.33332076589544546        2.8092673965038436E-005   1.2121212121212121E-002   1.0017538791324632        1.0101010101010102E-002   1.0017538791324632        1.0000000000000000        5.3436332140233134E-004
  0.34342226121322689        2.7002500380444785E-005   1.2121212121212121E-002   1.0017488546965458        1.0101010101010102E-002   1.0017488546965458        1.0000000000000000        5.1376629744925850E-004
  0.35352380521628757        2.5804204859394665E-005   1.2121212121212121E-002   1.0017440377161424        1.0101010101010102E-002   1.0017440377161424        1.0000000000000000        4.9109479238751419E-004
  0.36362539575633540        2.4502641678225309E-005   1.2121212121212121E-002   1.0017394476386658        1.0101010101010102E-002   1.0017394476386658        1.0000000000000000        4.6643980755867176E-004
  0.37372703049710448        2.3103069830886945E-005   1.2121212121212121E-002   1.0017351029993800        1.0101010101010102E-002   1.0017351029993800        1.0000000000000000        4.3990058188825287E-004
  0.38382870692376214        2.1611131187628167E-005   1.2121212121212121E-002   1.0017310213457817        1.0101010101010102E-002   1.0017310213457817        1.0000000000000000        4.1158386423756355E-004
  0.39393042235302644        2.0032829072935590E-005   1.2121212121212121E-002   1.0017272191676994        1.0101010101010102E-002   1.0017272191676994        1.0000000000000000        3.8160353369143252E-004
  0.40403217394394692        1.8374504271818483E-005   1.2121212121212121E-002   1.0017237118280298        1.0101010101010102E-002   1.0017237118280298        1.0000000000000000        3.5008079026344063E-004
  0.41413395870940550        1.6642810903092674E-005   1.2121212121212121E-002   1.0017205135002794        1.0101010101010102E-002   1.0017205135002794        1.0000000000000000        3.1714258266735129E-004
  0.42423577352813208        1.4844686844167803E-005   1.2121212121212121E-002   1.0017176371120144        1.0101010101010102E-002   1.0017176371120144        1.0000000000000000        2.8292192177215014E-004
  0.43433761515732022        1.2987326883988520E-005   1.2121212121212121E-002   1.0017150942913535        1.0101010101010102E-002   1.0017150942913535        1.0000000000000000        2.4755691971911631E-004
  0.44443948024570823        1.1078158520145598E-005   1.2121212121212121E-002   1.0017128953192853        1.0101010101010102E-002   1.0017128953192853        1.0000000000000000        2.1119058415575154E-004
  0.45454136534713735        9.1248086484007545E-006   1.2121212121212121E-002   1.0017110490870624        1.0101010101010102E-002   1.0017110490870624        1.0000000000000000        1.7396992372908926E-004
  0.46464326693448027        7.1350745994029958E-006   1.2121212121212121E-002   1.0017095630603428        1.0101010101010102E-002   1.0017095630603428        1.0000000000000000        1.3604544376200067E-004
  0.47474518141390781        5.1168951731999627E-006   1.2121212121212121E-002   1.0017084432490744        1.0101010101010102E-002   1.0017084432490744        1.0000000000000000        9.7570432023630360E-005
  0.48484710513941381        3.0783172303515626E-006   1.2121212121212121E-002   1.0017076941827197        1.0101010101010102E-002   1.0017076941827197        1.0000000000000000        5.8700594003369133E-005
  0.49494903442757182        1.0274706410214973E-006   1.2121212121212121E-002   1.0017073188905818        1.0101010101010102E-002   1.0017073188905818        1.0000000000000000        1.9593324218192265E-005
  0.50505096557245577       -1.0274705080631438E-006   1.2121212121212121E-002   1.0017073188903531        1.0101010101010102E-002   1.0017073188903531        1.0000000000000000       -1.9593272729601097E-005
  0.51515289486061899       -3.0783168998729465E-006   1.2121212121212121E-002   1.0017076941824403        1.0101010101010102E-002   1.0017076941824403        1.0000000000000000       -5.8700635527486611E-005
  0.52525481858612622       -5.1168952817271526E-006   1.2121212121212121E-002   1.0017084432492658        1.0101010101010102E-002   1.0017084432492658        1.0000000000000000       -9.7570494435039734E-005
  0.53535673306554799       -7.1350745602878435E-006   1.2121212121212121E-002   1.0017095630605668        1.0101010101010102E-002   1.0017095630605668        1.0000000000000000       -1.3604538530387345E-004
  0.54545863465289135       -9.1248090755597510E-006   1.2121212121212121E-002   1.0017110490868455        1.0101010101010102E-002   1.0017110490868455        1.0000000000000000       -1.7396989214812919E-004
  0.55556051975432585       -1.1078158378919928E-005   1.2121212121212121E-002   1.0017128953194347        1.0101010101010102E-002   1.0017128953194347        1.0000000000000000       -2.1119068940933516E-004
  0.56566238484270492       -1.2987326990749246E-005   1.2121212121212121E-002   1.0017150942915598        1.0101010101010102E-002   1.0017150942915598        1.0000000000000000       -2.4755682835220227E-004
  0.57576422647189707       -1.4844686870167256E-005   1.2121212121212121E-002   1.0017176371118077        1.0101010101010102E-002   1.0017176371118077        1.0000000000000000       -2.8292192887846568E-004
  0.58586604129062481       -1.6642810917111463E-005   1.2121212121212121E-002   1.0017205135001996        1.0101010101010102E-002   1.0017205135001996        1.0000000000000000       -3.1714259391169008E-004
  0.59596782605608323       -1.8374504413868968E-005   1.2121212121212121E-002   1.0017237118278284        1.0101010101010102E-002   1.0017237118278284        1.0000000000000000       -3.5008075953690820E-004
  0.60606957764700831       -2.0032828508819101E-005   1.2121212121212121E-002   1.0017272191676088        1.0101010101010102E-002   1.0017272191676088        1.0000000000000000       -3.8160358525551885E-004
  0.61617129307626983       -2.1611131528090621E-005   1.2121212121212121E-002   1.0017310213458388        1.0101010101010102E-002   1.0017310213458388        1.0000000000000000       -4.1158384369843759E-004
  0.62627296950292899       -2.3103070078368705E-005   1.2121212121212121E-002   1.0017351029995221        1.0101010101010102E-002   1.0017351029995221        1.0000000000000000       -4.3990062789589501E-004
  0.63637460424369419       -2.4502641265011165E-005   1.2121212121212121E-002   1.0017394476390495        1.0101010101010102E-002   1.0017394476390495        1.0000000000000000       -4.6643980549454511E-004
  0.64647619478373686       -2.5804204793337527E-005   1.2121212121212121E-002   1.0017440377159903        1.0101010101010102E-002   1.0017440377159903        1.0000000000000000       -4.9109468336450135E-004
  0.65657773878680648       -2.7002501009032946E-005   1.2121212121212121E-002   1.0017488546962576        1.0101010101010102E-002   1.0017488546962576        1.0000000000000000       -5.1376637339561881E-004
  0.66667923410458541       -2.8092673448339725E-005   1.2121212121212121E-002   1.0017538791324709        1.0101010101010102E-002   1.0017538791324709        1.0000000000000000       -5.3436330920320074E-004
  0.67678067878538672       -2.9070299676539532E-005   1.2121212121212121E-002   1.0017590907435610        1.0101010101010102E-002   1.0017590907435610        1.0000000000000000       -5.5280322754391875E-004
  0.68688207108193056       -2.9931394933135323E-005   1.2121212121212121E-002   1.0017644685000475        1.0101010101010102E-002   1.0017644685000475        1.0000000000000000       -5.6901237659268133E-004
  0.69698340945834014       -3.0672436741744353E-005   1.2121212121212121E-002   1.0017699907074040        1.0101010101010102E-002   1.0017699907074040        1.0000000000000000       -5.8292592747744010E-004
  0.70708469259628004       -3.1290376275255291E-005   1.2121212121212121E-002   1.0017756350932518        1.0101010101010102E-002   1.0017756350932518        1.0000000000000000       -5.9448827728392217E-004
  0.71718591940022536       -3.1782658152967450E-005   1.2121212121212121E-002   1.0017813788979917        1.0101010101010102E-002   1.0017813788979917        1.0000000000000000       -6.0365354691960249E-004
  0.72728708900180761       -3.2147226411494339E-005   1.2121212121212121E-002   1.0017871989686815        1.0101010101010102E-002   1.0017871989686815        1.0000000000000000       -6.1038575005767370E-004
  0.73738820076322098       -3.2382532736879854E-005   1.2121212121212121E-002   1.0017930718525359        1.0101010101010102E-002   1.0017930718525359        1.0000000000000000       -6.1465851456610210E-004
  0.74748925427971824       -3.2487546280371439E-005   1.2121212121212121E-002   1.0017989738894102        1.0101010101010102E-002   1.0017989738894102        1.0000000000000000       -6.1645511819374832E-004
  0.75759024938119546       -3.2461764393103034E-005   1.2121212121212121E-002   1.0018048813072196        1.0101010101010102E-002   1.0018048813072196        1.0000000000000000       -6.1576912126604100E-004
  0.76769118613280340       -3.2305205869444935E-005   1.2121212121212121E-002   1.0018107703208037        1.0101010101010102E-002   1.0018107703208037        1.0000000000000000       -6.1260442635280299E-004
  0.77779206483456376       -3.2018417849601962E-005   1.2121212121212121E-002   1.0018166172263308        1.0101010101010102E-002   1.0018166172263308        1.0000000000000000       -6.0697430795642049E-004
  0.78789288602012342       -3.1602474315405583E-005   1.2121212121212121E-002   1.0018223984952983        1.0101010101010102E-002   1.0018223984952983        1.0000000000000000       -5.9890223423675337E-004
  0.79799365045451565       -3.1058975099669615E-005   1.2121212121212121E-002   1.0018280908694450        1.0101010101010102E-002   1.0018280908694450        1.0000000000000000       -5.8842126300362452E-004
  0.80809435913103633       -3.0390038616266044E-005   1.2121212121212121E-002   1.0018336714547669        1.0101010101010102E-002   1.0018336714547669        1.0000000000000000       -5.7557450785239439E-004
  0.81819501326714927       -2.9598290596306482E-005   1.2121212121212121E-002   1.0018391178144763        1.0101010101010102E-002   1.0018391178144763        1.0000000000000000       -5.6041439158072137E-004
  0.82829561429951915       -2.8686860837147817E-005   1.2121212121212121E-002   1.0018444080567872        1.0101010101010102E-002   1.0018444080567872        1.0000000000000000       -5.4300229792580978E-004
  0.83839616387819060       -2.7659369368985136E-005   1.2121212121212121E-002   1.0018495209212384        1.0101010101010102E-002   1.0018495209212384        1.0000000000000000       -5.2340864768662954E-004
  0.84849666385992406       -2.6519914092108712E-005   1.2121212121212121E-002   1.0018544358668688        1.0101010101010102E-002   1.0018544358668688        1.0000000000000000       -5.0171321624326026E-004
  0.85859711630061986       -2.5273049880267726E-005   1.2121212121212121E-002   1.0018591331540743        1.0101010101010102E-002   1.0018591331540743        1.0000000000000000       -4.7800347094906215E-004
  0.86869752344703866       -2.3923774493045361E-005   1.2121212121212121E-002   1.0018635939199911        1.0101010101010102E-002   1.0018635939199911        1.0000000000000000       -4.5237488964566808E-004
  0.87879788772775425       -2.2477509322738612E-005   1.2121212121212121E-002   1.0018678002555732        1.0101010101010102E-002   1.0018678002555732        1.0000000000000000       -4.2493096260010077E-004
  0.88889821174334038       -2.0940079703832353E-005   1.2121212121212121E-002   1.0018717352776045        1.0101010101010102E-002   1.0018717352776045        1.0000000000000000       -3.9578220521452323E-004
  0.89899849825590339       -1.9317684609737679E-005   1.2121212121212121E-002   1.0018753831951552        1.0101010101010102E-002   1.0018753831951552        1.0000000000000000       -3.6504595269892803E-004
  0.90909875017796260       -1.7616874403489748E-005   1.2121212121212121E-002   1.0018787293724596        1.0101010101010102E-002   1.0018787293724596        1.0000000000000000       -3.3284577460346298E-004
  0.91919897056073796       -1.5844529556510946E-005   1.2121212121212121E-002   1.0018817603856740        1.0101010101010102E-002   1.0018817603856740        1.0000000000000000       -2.9931083338219366E-004
  0.92929916258191847       -1.4007827030139533E-005   1.2121212121212121E-002   1.0018844640769884        1.0101010101010102E-002   1.0018844640769884        1.0000000000000000       -2.6457596848228349E-004
  0.93939932953288008       -1.2114210952900130E-005   1.2121212121212121E-002   1.0018868296043240        1.0101010101010102E-002   1.0018868296043240        1.0000000000000000       -2.2878070351328716E-004
  0.94949947480546837       -1.0171360060996965E-005   1.2121212121212121E-002   1.0018888474831216        1.0101010101010102E-002   1.0018888474831216        1.0000000000000000       -1.9206856835385366E-004
  0.95959960187839699       -8.1871638327957572E-006   1.2121212121212121E-002   1.0018905096223616        1.0101010101010102E-002   1.0018905096223616        1.0000000000000000       -1.5458654002653560E-004
  0.96969971430332436       -6.1696818268223109E-006   1.2121212121212121E-002   1.0018918093571842        1.0101010101010102E-002   1.0018918093571842        1.0000000000000000       -1.1648498402117013E-004
  0.97979981569061081       -4.1271143814398170E-006   1.2121212121212121E-002   1.0018927414783858        1.0101010101010102E-002   1.0018927414783858        1.0000000000000000       -7.7917019532414145E-005
  0.98989990969479891       -2.0677614595941445E-006   1.2121212121212121E-002   1.0018933022507550        1.0101010101010102E-002   1.0018933022507550        1.0000000000000000       -3.9036813808124293E-005
   1.0000000000000189        2.0890583243005938E-013   1.2121212121212121E-002   1.0018934894253200        1.0101010101010102E-002   1.0018934894253200        1.0000000000000000       -1.0138556660876930E-011
   1.0101000903052377        1.9728720987994568E-006   1.2121212121212121E-002   1.0018933022511058        1.0101010101010102E-002   1.0018933022511058        1.0000000000000000        3.9036791905644463E-005
   1.0202001843094217        3.9377153503290185E-006   1.2121212121212121E-002   1.0018927414785896        1.0101010101010102E-002   1.0018927414785896        1.0000000000000000        7.7917048757925045E-005
   1.0303002856967083        5.8865340775876166E-006   1.2121212121212121E-002   1.0018918093572333        1.0101010101010102E-002   1.0018918093572333        1.0000000000000000        1.1648497926852741E-004
   1.0404003981216350        7.8113996004255202E-006   1.2121212121212121E-002   1.0018905096225039        1.0101010101010102E-002   1.0018905096225039        1.0000000000000000        1.5458652334388034E-004
   1.0505005251945612        9.7044860926308252E-006   1.2121212121212121E-002   1.0018888474832131        1.0101010101010102E-002   1.0018888474832131        1.0000000000000000        1.9206859800924292E-004
   1.0606006704671496        1.1558098227944105E-005   1.2121212121212121E-002   1.0018868296040777        1.0101010101010102E-002   1.0018868296040777        1.0000000000000000        2.2878074834142836E-004
   1.0707008374181166        1.3364706108622013E-005   1.2121212121212121E-002   1.0018844640768145        1.0101010101010102E-002   1.0018844640768145        1.0000000000000000        2.6457590456274716E-004
   1.0808010294392960        1.5116976740725763E-005   1.2121212121212121E-002   1.0018817603860328        1.0101010101010102E-002   1.0018817603860328        1.0000000000000000        2.9931078606892925E-004
   1.0909012498220640        1.6807807297487239E-005   1.2121212121212121E-002   1.0018787293725859        1.0101010101010102E-002   1.0018787293725859        1.0000000000000000        7.6305173266302688     
   1.1010015017441281        1.8430347672374571E-005   1.2121212121212121E-002   1.0018753831950586        1.0101010101010102E-002   1.0018753831950586        1.0000000000000000        93.411192855398781     
  -1.0100090305201093E-002  -1.9728718608454272E-006   1.2121212121212121E-002   1.0018933022507550        1.0101010101010102E-002   1.0018933022507550        1.0000000000000000       -3.9036799334368766E-005
  -2.0200184309389191E-002  -3.9377158332914595E-006   1.2121212121212121E-002   1.0018927414783858        1.0101010101010102E-002   1.0018927414783858        1.0000000000000000       -7.7917009883243793E-005
  -3.0300285696675644E-002  -5.8865335487898527E-006   1.2121212121212121E-002   1.0018918093571842        1.0101010101010102E-002   1.0018918093571842        1.0000000000000000       -1.1648498401850560E-004
  -4.0400398121603009E-002  -7.8113996138697034E-006   1.2121212121212121E-002   1.0018905096223616        1.0101010101010102E-002   1.0018905096223616        1.0000000000000000       -1.5458654001587746E-004
  -5.0500525194531631E-002  -9.7044860053189180E-006   1.2121212121212121E-002   1.0018888474831216        1.0101010101010102E-002   1.0018888474831216        1.0000000000000000       -1.9206856835740638E-004
  -6.0600670467119921E-002  -1.1558098664444653E-005   1.2121212121212121E-002   1.0018868296043240        1.0101010101010102E-002   1.0018868296043240        1.0000000000000000       -2.2878070351062263E-004
  -7.0700837418081530E-002  -1.3364705586034757E-005   1.2121212121212121E-002   1.0018844640769884        1.0101010101010102E-002   1.0018844640769884        1.0000000000000000       -2.6457596849116527E-004
  -8.0801029439262040E-002  -1.5116976780282962E-005   1.2121212121212121E-002   1.0018817603856740        1.0101010101010102E-002   1.0018817603856740        1.0000000000000000       -2.9931083339018727E-004
  -9.0901249822037400E-002  -1.6807807291099963E-005   1.2121212121212121E-002   1.0018787293724596        1.0101010101010102E-002   1.0018787293724596        1.0000000000000000       -7.6305173265485848     
 -0.10100150174409661       -1.8430347963264300E-005   1.2121212121212121E-002   1.0018753831951552        1.0101010101010102E-002   1.0018753831951552        1.0000000000000000       -93.411192855419472     
