 # x v h rho m p cs a
   18.700606060605462     
   8.7001070973337620E-015   8.3788706612694747E-013   1.2121212121212121E-002   1.0017433621948644        1.0101010101010102E-002   1.0017433621948644        1.0000000000000000        9.8723695884928020E-011
   1.0101573948922565E-002  -5.1739713530313729E-006   1.2121212121212121E-002   1.0017434774059597        1.0101010101010102E-002   1.0017434774059597        1.0000000000000000       -2.4034258302663147E-005
   2.0203145620307804E-002  -1.0327078971721665E-005   1.2121212121212121E-002   1.0017438225712172        1.0101010101010102E-002   1.0017438225712172        1.0000000000000000       -4.7970614423853419E-005
   3.0304712745923199E-002  -1.5438545915684335E-005   1.2121212121212121E-002   1.0017443962843544        1.0101010101010102E-002   1.0017443962843544        1.0000000000000000       -7.1711520218897817E-005
   4.0406273076035559E-002  -2.0487763308767137E-005   1.2121212121212121E-002   1.0017451962062343        1.0101010101010102E-002   1.0017451962062343        1.0000000000000000       -9.5159747783846171E-005
   5.0507824388664059E-002  -2.5454374218330013E-005   1.2121212121212121E-002   1.0017462190769797        1.0101010101010102E-002   1.0017462190769797        1.0000000000000000       -1.1822042628928386E-004
   6.0609364498542879E-002  -3.0318353664048934E-005   1.2121212121212121E-002   1.0017474607314683        1.0101010101010102E-002   1.0017474607314683        1.0000000000000000       -1.4079953857581984E-004
   7.0710891266048431E-002  -3.5060093924064028E-005   1.2121212121212121E-002   1.0017489161129474        1.0101010101010102E-002   1.0017489161129474        1.0000000000000000       -1.6280507204591288E-004
   8.0812402605911535E-002  -3.9660484033452110E-005   1.2121212121212121E-002   1.0017505792947179        1.0101010101010102E-002   1.0017505792947179        1.0000000000000000       -1.8414746588923947E-004
   9.0913896495707427E-002  -4.4100982934660031E-005   1.2121212121212121E-002   1.0017524435063976        1.0101010101010102E-002   1.0017524435063976        1.0000000000000000       -2.0474029033756835E-004
  0.10101537098405045       -4.8363695093729541E-005   1.2121212121212121E-002   1.0017545011648847        1.0101010101010102E-002   1.0017545011648847        1.0000000000000000       -2.2450042566202200E-004
  0.11111682419845652       -5.2431445979235387E-005   1.2121212121212121E-002   1.0017567439024673        1.0101010101010102E-002   1.0017567439024673        1.0000000000000000       -2.4334728060093624E-004
  0.12121825435299578       -5.6287850718343689E-005   1.2121212121212121E-002   1.0017591625999420        1.0101010101010102E-002   1.0017591625999420        1.0000000000000000       -2.6120465299594997E-004
  0.13131965975550927       -5.9917377547014393E-005   1.2121212121212121E-002   1.0017617474298255        1.0101010101010102E-002   1.0017617474298255        1.0000000000000000       -2.7800100806896211E-004
  0.14142103881438425       -6.3305411233043052E-005   1.2121212121212121E-002   1.0017644878974123        1.0101010101010102E-002   1.0017644878974123        1.0000000000000000       -2.9366872588632020E-004
  0.15152239004495852       -6.6438312339701930E-005   1.2121212121212121E-002   1.0017673728795331        1.0101010101010102E-002   1.0017673728795331        1.0000000000000000       -3.0814431334835746E-004
  0.16162371207554854       -6.9303476456965702E-005   1.2121212121212121E-002   1.0017703906719897        1.0101010101010102E-002   1.0017703906719897        1.0000000000000000       -3.2137007715782318E-004
  0.17172500365291038       -7.1889375993695599E-005   1.2121212121212121E-002   1.0017735290427261        1.0101010101010102E-002   1.0017735290427261        1.0000000000000000       -3.3329363546741320E-004
  0.18182626364719445       -7.4185613022171947E-005   1.2121212121212121E-002   1.0017767752790541        1.0101010101010102E-002   1.0017767752790541        1.0000000000000000       -3.4386717853163162E-004
  0.19192749105649096       -7.6182957357551697E-005   1.2121212121212121E-002   1.0017801162385951        1.0101010101010102E-002   1.0017801162385951        1.0000000000000000       -3.5304890880816231E-004
  0.20202868501077870       -7.7873388402562138E-005   1.2121212121212121E-002   1.0017835384051645        1.0101010101010102E-002   1.0017835384051645        1.0000000000000000       -3.6080266748239609E-004
  0.21212984477535440       -7.9250123347999595E-005   1.2121212121212121E-002   1.0017870279439178        1.0101010101010102E-002   1.0017870279439178        1.0000000000000000       -3.6709824446834460E-004
  0.22223096975370019       -8.0307641015590179E-005   1.2121212121212121E-002   1.0017905707596759        1.0101010101010102E-002   1.0017905707596759        1.0000000000000000       -3.7191160026051051E-004
  0.23233205948974639       -8.1041709400226630E-005   1.2121212121212121E-002   1.0017941525518890        1.0101010101010102E-002   1.0017941525518890        1.0000000000000000       -3.7522399728562306E-004
  0.24243311366966383       -8.1449401443482161E-005   1.2121212121212121E-002   1.0017977588721858        1.0101010101010102E-002   1.0017977588721858        1.0000000000000000       -3.7702340746381680E-004
  0.25253413212299169       -8.1529103571846424E-005   1.2121212121212121E-002   1.0018013751857981        1.0101010101010102E-002   1.0018013751857981        1.0000000000000000       -3.7730389117207608E-004
  0.26263511482320051       -8.1280525347771695E-005   1.2121212121212121E-002   1.0018049869289398        1.0101010101010102E-002   1.0018049869289398        1.0000000000000000       -3.7606545433099825E-004
  0.27273606188769817       -8.0704693260126651E-005   1.2121212121212121E-002   1.0018085795677960        1.0101010101010102E-002   1.0018085795677960        1.0000000000000000       -3.7331438760368485E-004
  0.28283697357721854       -7.9803956381084782E-005   1.2121212121212121E-002   1.0018121386552454        1.0101010101010102E-002   1.0018121386552454        1.0000000000000000       -3.6906255254809395E-004
  0.29293785029471620       -7.8581968450785168E-005   1.2121212121212121E-002   1.0018156498899822        1.0101010101010102E-002   1.0018156498899822        1.0000000000000000       -3.6332857867460433E-004
  0.30303869258358207       -7.7043675853226019E-005   1.2121212121212121E-002   1.0018190991752782        1.0101010101010102E-002   1.0018190991752782        1.0000000000000000       -3.5613658892064137E-004
  0.31313950112536931       -7.5195295216307686E-005   1.2121212121212121E-002   1.0018224726729585        1.0101010101010102E-002   1.0018224726729585        1.0000000000000000       -3.4751645587682845E-004
  0.32324027673695160       -7.3044291287320396E-005   1.2121212121212121E-002   1.0018257568572415        1.0101010101010102E-002   1.0018257568572415        1.0000000000000000       -3.3750349672256874E-004
  0.33334102036718838       -7.0599346449344601E-005   1.2121212121212121E-002   1.0018289385701735        1.0101010101010102E-002   1.0018289385701735        1.0000000000000000       -3.2613919711810269E-004
  0.34344173309298365       -6.7870319817106540E-005   1.2121212121212121E-002   1.0018320050754259        1.0101010101010102E-002   1.0018320050754259        1.0000000000000000       -3.1347006149484713E-004
  0.35354241611487724       -6.4868212063532197E-005   1.2121212121212121E-002   1.0018349441044834        1.0101010101010102E-002   1.0018349441044834        1.0000000000000000       -2.9954721077540825E-004
  0.36364307075221097       -6.1605121986736431E-005   1.2121212121212121E-002   1.0018377439051958        1.0101010101010102E-002   1.0018377439051958        1.0000000000000000       -2.8442722662624931E-004
  0.37374369843775546       -5.8094196529809858E-005   1.2121212121212121E-002   1.0018403932899698        1.0101010101010102E-002   1.0018403932899698        1.0000000000000000       -2.6817132765799556E-004
  0.38384430071191883       -5.4349574211514970E-005   1.2121212121212121E-002   1.0018428816796814        1.0101010101010102E-002   1.0018428816796814        1.0000000000000000       -2.5084523940677173E-004
  0.39394487921650551       -5.0386330095952215E-005   1.2121212121212121E-002   1.0018451991426118        1.0101010101010102E-002   1.0018451991426118        1.0000000000000000       -2.3251826629433481E-004
  0.40404543568816476       -4.6220418497977214E-005   1.2121212121212121E-002   1.0018473364330052        1.0101010101010102E-002   1.0018473364330052        1.0000000000000000       -2.1326417633638073E-004
  0.41414597195138864       -4.1868607928956510E-005   1.2121212121212121E-002   1.0018492850291141        1.0101010101010102E-002   1.0018492850291141        1.0000000000000000       -1.9316019722914746E-004
  0.42424648991119895       -3.7348408394921405E-005   1.2121212121212121E-002   1.0018510371650011        1.0101010101010102E-002   1.0018510371650011        1.0000000000000000       -1.7228675692138040E-004
  0.43434699154552669       -3.2678003730768069E-005   1.2121212121212121E-002   1.0018525858603913        1.0101010101010102E-002   1.0018525858603913        1.0000000000000000       -1.5072725245257601E-004
  0.44444747889730607       -2.7876183240031742E-005   1.2121212121212121E-002   1.0018539249469813        1.0101010101010102E-002   1.0018539249469813        1.0000000000000000       -1.2856760792612221E-004
  0.45454795406633913       -2.2962263349553395E-005   1.2121212121212121E-002   1.0018550490932050        1.0101010101010102E-002   1.0018550490932050        1.0000000000000000       -1.0589639745983703E-004
  0.46464841920089817       -1.7956005007356606E-005   1.2121212121212121E-002   1.0018559538256055        1.0101010101010102E-002   1.0018559538256055        1.0000000000000000       -8.2803983569412765E-005
  0.47474887648916286       -1.2877541937735121E-005   1.2121212121212121E-002   1.0018566355438476        1.0101010101010102E-002   1.0018566355438476        1.0000000000000000       -5.9382067222557566E-005
  0.48484932815053683       -7.7472956044022645E-006   1.2121212121212121E-002   1.0018570915347067        1.0101010101010102E-002   1.0018570915347067        1.0000000000000000       -3.5723900686512877E-005
  0.49494977642680626       -2.5858978164106278E-006   1.2121212121212121E-002   1.0018573199839251        1.0101010101010102E-002   1.0018573199839251        1.0000000000000000       -1.1923694354543102E-005
  0.50505022357321938        2.5858975794410618E-006   1.2121212121212121E-002   1.0018573199837966        1.0101010101010102E-002   1.0018573199837966        1.0000000000000000        1.1923719140938260E-005
  0.51515067184949204        7.7472959058530471E-006   1.2121212121212121E-002   1.0018570915346585        1.0101010101010102E-002   1.0018570915346585        1.0000000000000000        3.5723863540226830E-005
  0.52525112351086345        1.2877541873448895E-005   1.2121212121212121E-002   1.0018566355437544        1.0101010101010102E-002   1.0018566355437544        1.0000000000000000        5.9382111913031110E-005
  0.53535158079913259        1.7956004701560361E-005   1.2121212121212121E-002   1.0018559538254965        1.0101010101010102E-002   1.0018559538254965        1.0000000000000000        8.2803942197173797E-005
  0.54545204593368968        2.2962263495833573E-005   1.2121212121212121E-002   1.0018550490932672        1.0101010101010102E-002   1.0018550490932672        1.0000000000000000        1.0589640388314336E-004
  0.55555252110272324        2.7876183504955360E-005   1.2121212121212121E-002   1.0018539249471130        1.0101010101010102E-002   1.0018539249471130        1.0000000000000000        1.2856758153834136E-004
  0.56565300845449962        3.2678003475071177E-005   1.2121212121212121E-002   1.0018525858606024        1.0101010101010102E-002   1.0018525858606024        1.0000000000000000        1.5072726569886896E-004
  0.57575351008882547        3.7348408033256165E-005   1.2121212121212121E-002   1.0018510371649083        1.0101010101010102E-002   1.0018510371649083        1.0000000000000000        1.7228680866843149E-004
  0.58585402804863984        4.1868608263112309E-005   1.2121212121212121E-002   1.0018492850289054        1.0101010101010102E-002   1.0018492850289054        1.0000000000000000        1.9316016967074745E-004
  0.59595456431186444        4.6220418826283382E-005   1.2121212121212121E-002   1.0018473364330331        1.0101010101010102E-002   1.0018473364330331        1.0000000000000000        2.1326415497391338E-004
  0.60605512078352175        5.0386330057071946E-005   1.2121212121212121E-002   1.0018451991425372        1.0101010101010102E-002   1.0018451991425372        1.0000000000000000        2.3251830694448472E-004
  0.61615569928811198        5.4349573414003465E-005   1.2121212121212121E-002   1.0018428816795708        1.0101010101010102E-002   1.0018428816795708        1.0000000000000000        2.5084520598195326E-004
  0.62625630156227441        5.8094196767232726E-005   1.2121212121212121E-002   1.0018403932900364        1.0101010101010102E-002   1.0018403932900364        1.0000000000000000        2.6817132747858352E-004
  0.63635692924781784        6.1605122071156871E-005   1.2121212121212121E-002   1.0018377439051012        1.0101010101010102E-002   1.0018377439051012        1.0000000000000000        2.8442725678345937E-004
  0.64645758388515506        6.4868212035020350E-005   1.2121212121212121E-002   1.0018349441045176        1.0101010101010102E-002   1.0018349441045176        1.0000000000000000        2.9954715582825031E-004
  0.65655826690704444        6.7870320279368333E-005   1.2121212121212121E-002   1.0018320050755691        1.0101010101010102E-002   1.0018320050755691        1.0000000000000000        3.1347009248428037E-004
  0.66665897963284071        7.0599346210076537E-005   1.2121212121212121E-002   1.0018289385702106        1.0101010101010102E-002   1.0018289385702106        1.0000000000000000        3.2613918775492579E-004
  0.67675972326307599        7.3044292079028472E-005   1.2121212121212121E-002   1.0018257568572904        1.0101010101010102E-002   1.0018257568572904        1.0000000000000000        3.3750350521533079E-004
  0.68686049887465883        7.5195294563397072E-005   1.2121212121212121E-002   1.0018224726730396        1.0101010101010102E-002   1.0018224726730396        1.0000000000000000        3.4751643952368738E-004
  0.69696130741644380        7.7043675925842926E-005   1.2121212121212121E-002   1.0018190991753249        1.0101010101010102E-002   1.0018190991753249        1.0000000000000000        3.5613661134714647E-004
  0.70706214970531100        7.8581968554014686E-005   1.2121212121212121E-002   1.0018156498899629        1.0101010101010102E-002   1.0018156498899629        1.0000000000000000        3.6332857391840889E-004
  0.71716302642280749        7.9803955917222258E-005   1.2121212121212121E-002   1.0018121386550705        1.0101010101010102E-002   1.0018121386550705        1.0000000000000000        3.6906258767910316E-004
  0.72726393811233314        8.0704693422864869E-005   1.2121212121212121E-002   1.0018085795678104        1.0101010101010102E-002   1.0018085795678104        1.0000000000000000        3.7331431287412897E-004
  0.73736488517682497        8.1280525587968297E-005   1.2121212121212121E-002   1.0018049869290024        1.0101010101010102E-002   1.0018049869290024        1.0000000000000000        3.7606552026048234E-004
  0.74746586787703795        8.1529103704042693E-005   1.2121212121212121E-002   1.0018013751856913        1.0101010101010102E-002   1.0018013751856913        1.0000000000000000        3.7730385623113705E-004
  0.75756688633036462        8.1449401229154040E-005   1.2121212121212121E-002   1.0017977588723350        1.0101010101010102E-002   1.0017977588723350        1.0000000000000000        3.7702339418466124E-004
  0.76766794051027942        8.1041709418148140E-005   1.2121212121212121E-002   1.0017941525518532        1.0101010101010102E-002   1.0017941525518532        1.0000000000000000        3.7522404369205731E-004
  0.77776903024632926        8.0307641077504018E-005   1.2121212121212121E-002   1.0017905707595780        1.0101010101010102E-002   1.0017905707595780        1.0000000000000000        3.7191157258664731E-004
  0.78787015522467330        7.9250123206018415E-005   1.2121212121212121E-002   1.0017870279437602        1.0101010101010102E-002   1.0017870279437602        1.0000000000000000        3.6709828523129318E-004
  0.79797131498925411        7.7873388425807297E-005   1.2121212121212121E-002   1.0017835384051090        1.0101010101010102E-002   1.0017835384051090        1.0000000000000000        3.6080260050752599E-004
  0.80807250894353833        7.6182957529156412E-005   1.2121212121212121E-002   1.0017801162388775        1.0101010101010102E-002   1.0017801162388775        1.0000000000000000        3.5304890607967820E-004
  0.81817373635283175        7.4185613097372819E-005   1.2121212121212121E-002   1.0017767752791211        1.0101010101010102E-002   1.0017767752791211        1.0000000000000000        3.4386722668244829E-004
  0.82827499634711765        7.1889375688380554E-005   1.2121212121212121E-002   1.0017735290426146        1.0101010101010102E-002   1.0017735290426146        1.0000000000000000        3.3329362375411620E-004
  0.83837628792448071        6.9303475808330680E-005   1.2121212121212121E-002   1.0017703906721429        1.0101010101010102E-002   1.0017703906721429        1.0000000000000000        3.2137003704235667E-004
  0.84847760995506549        6.6438312695549565E-005   1.2121212121212121E-002   1.0017673728794407        1.0101010101010102E-002   1.0017673728794407        1.0000000000000000        3.0814440337145754E-004
  0.85857896118564714        6.3305411454974277E-005   1.2121212121212121E-002   1.0017644878972469        1.0101010101010102E-002   1.0017644878972469        1.0000000000000000        2.9366864911217760E-004
  0.86868034024451890        5.9917377427085200E-005   1.2121212121212121E-002   1.0017617474300480        1.0101010101010102E-002   1.0017617474300480        1.0000000000000000        2.7800100652974891E-004
  0.87878174564702993        5.6287850931072463E-005   1.2121212121212121E-002   1.0017591625998890        1.0101010101010102E-002   1.0017591625998890        1.0000000000000000        2.6120470958801434E-004
  0.88888317580157306        5.2431446442737081E-005   1.2121212121212121E-002   1.0017567439023125        1.0101010101010102E-002   1.0017567439023125        1.0000000000000000        2.4334724694075049E-004
  0.89898462901597909        4.8363695294540615E-005   1.2121212121212121E-002   1.0017545011650331        1.0101010101010102E-002   1.0017545011650331        1.0000000000000000        2.2450039624377638E-004
  0.90908610350431840        4.4100982510039738E-005   1.2121212121212121E-002   1.0017524435064253        1.0101010101010102E-002   1.0017524435064253        1.0000000000000000        2.0474034288664456E-004
  0.91918759739411748        3.9660484029023828E-005   1.2121212121212121E-002   1.0017505792946317        1.0101010101010102E-002   1.0017505792946317        1.0000000000000000        1.8414743862837923E-004
  0.92928910873397963        3.5060094014146118E-005   1.2121212121212121E-002   1.0017489161130271        1.0101010101010102E-002   1.0017489161130271        1.0000000000000000        1.6280506558263852E-004
  0.93939063550148416        3.0318353387137360E-005   1.2121212121212121E-002   1.0017474607315153        1.0101010101010102E-002   1.0017474607315153        1.0000000000000000        1.4079954732704181E-004
  0.94949217561136312        2.5454374085197098E-005   1.2121212121212121E-002   1.0017462190769848        1.0101010101010102E-002   1.0017462190769848        1.0000000000000000        1.1822043247367020E-004
  0.95959372692399103        2.0487763827406434E-005   1.2121212121212121E-002   1.0017451962060420        1.0101010101010102E-002   1.0017451962060420        1.0000000000000000        9.5159779919917753E-005
  0.96969528725410858        1.5438545747872444E-005   1.2121212121212121E-002   1.0017443962843837        1.0101010101010102E-002   1.0017443962843837        1.0000000000000000        7.1711444022959370E-005
  0.97979685437971786        1.0327079091746232E-005   1.2121212121212121E-002   1.0017438225713071        1.0101010101010102E-002   1.0017438225713071        1.0000000000000000        4.7970673619168736E-005
  0.98989842605110734        5.1739705011958674E-006   1.2121212121212121E-002   1.0017434774060281        1.0101010101010102E-002   1.0017434774060281        1.0000000000000000        2.4034204977319007E-005
   1.0000000000000155        4.5115030606883005E-013   1.2121212121212121E-002   1.0017433621948659        1.0101010101010102E-002   1.0017433621948659        1.0000000000000000       -3.0716762466909131E-011
   1.0101015739489225       -5.1150632099858093E-006   1.2121212121212121E-002   1.0017434774059597        1.0101010101010102E-002   1.0017434774059597        1.0000000000000000       -2.4034218653490313E-005
   1.0202031456203078       -1.0209502704879187E-005   1.2121212121212121E-002   1.0017438225712172        1.0101010101010102E-002   1.0017438225712172        1.0000000000000000       -4.7970588210155540E-005
   1.0303047127459233       -1.5262780549936887E-005   1.2121212121212121E-002   1.0017443962843544        1.0101010101010102E-002   1.0017443962843544        1.0000000000000000       -7.1711522246609150E-005
   1.0404062730760355       -2.0254526081037233E-005   1.2121212121212121E-002   1.0017451962062343        1.0101010101010102E-002   1.0017451962062343        1.0000000000000000       -9.5159746448914007E-005
   1.0505078243886641       -2.5164614909085796E-005   1.2121212121212121E-002   1.0017462190769797        1.0101010101010102E-002   1.0017462190769797        1.0000000000000000       -1.1822042732845262E-004
   1.0606093644985428       -2.9973252564391892E-005   1.2121212121212121E-002   1.0017474607314683        1.0101010101010102E-002   1.0017474607314683        1.0000000000000000       -1.4079953775247844E-004
   1.0707108912660483       -3.4661056828478351E-005   1.2121212121212121E-002   1.0017489161129474        1.0101010101010102E-002   1.0017489161129474        1.0000000000000000       -1.6280507020383084E-004
   1.0808124026059116       -3.9209136114004748E-005   1.2121212121212121E-002   1.0017505792947179        1.0101010101010102E-002   1.0017505792947179        1.0000000000000000       -1.8414746764516821E-004
   1.0909138964957075       -4.3599161226697995E-005   1.2121212121212121E-002   1.0017524435063976        1.0101010101010102E-002   1.0017524435063976        1.0000000000000000        7.6218793860463165     
   1.1010153709840504       -4.7813440482403676E-005   1.2121212121212121E-002   1.0017545011648847        1.0101010101010102E-002   1.0017545011648847        1.0000000000000000        93.406391350363833     
  -1.0101573948892661E-002   5.1150625389037628E-006   1.2121212121212121E-002   1.0017434774060281        1.0101010101010102E-002   1.0017434774060281        1.0000000000000000        2.4034166329123252E-005
  -2.0203145620282137E-002   1.0209502675007230E-005   1.2121212121212121E-002   1.0017438225713071        1.0101010101010102E-002   1.0017438225713071        1.0000000000000000        4.7970647796269361E-005
  -3.0304712745891416E-002   1.5262780573516140E-005   1.2121212121212121E-002   1.0017443962843837        1.0101010101010102E-002   1.0017443962843837        1.0000000000000000        7.1711444017630299E-005
  -4.0406273076008969E-002   2.0254526494945758E-005   1.2121212121212121E-002   1.0017451962060420        1.0101010101010102E-002   1.0017451962060420        1.0000000000000000        9.5159779914588682E-005
  -5.0507824388636879E-002   2.5164614770390192E-005   1.2121212121212121E-002   1.0017462190769848        1.0101010101010102E-002   1.0017462190769848        1.0000000000000000        1.1822043247189384E-004
  -6.0609364498515839E-002   2.9973252281636641E-005   1.2121212121212121E-002   1.0017474607315153        1.0101010101010102E-002   1.0017474607315153        1.0000000000000000        1.4079954732704181E-004
  -7.0710891266020370E-002   3.4661056923531006E-005   1.2121212121212121E-002   1.0017489161130271        1.0101010101010102E-002   1.0017489161130271        1.0000000000000000        1.6280506557908581E-004
  -8.0812402605882516E-002   3.9209136164436826E-005   1.2121212121212121E-002   1.0017505792946317        1.0101010101010102E-002   1.0017505792946317        1.0000000000000000        1.8414743863015559E-004
  -9.0913896495681601E-002   4.3599160704401759E-005   1.2121212121212121E-002   1.0017524435064253        1.0101010101010102E-002   1.0017524435064253        1.0000000000000000       -7.6218793860090130     
 -0.10101537098402091        4.7813440746439058E-005   1.2121212121212121E-002   1.0017545011650331        1.0101010101010102E-002   1.0017545011650331        1.0000000000000000       -93.406391350378470     
