 # x v h rho m p cs a
   19.001212121211690     
   1.7104816328739934E-014  -3.1295962454543860E-013   1.2121212121212121E-002   1.0018963395057248        1.0101010101010102E-002   1.0018963395057248        1.0000000000000000       -8.2269302481563500E-011
   1.0100062142846237E-002  -1.4300900532266333E-006   1.2121212121212121E-002   1.0018961461801346        1.0101010101010102E-002   1.0018961461801346        1.0000000000000000        4.0319705022717756E-005
   2.0200128106200480E-002  -2.8545065571530393E-006   1.2121212121212121E-002   1.0018955669846350        1.0101010101010102E-002   1.0018955669846350        1.0000000000000000        8.0476316788313795E-005
   3.0300201695139910E-002  -4.2676021855947054E-006   1.2121212121212121E-002   1.0018946042614576        1.0101010101010102E-002   1.0018946042614576        1.0000000000000000        1.2030783197403139E-004
   4.0400286683938989E-002  -5.6637667566584402E-006   1.2121212121212121E-002   1.0018932619030807        1.0101010101010102E-002   1.0018932619030807        1.0000000000000000        1.5965298289888352E-004
   5.0500386800778459E-002  -7.0374573338280536E-006   1.2121212121212121E-002   1.0018915453364634        1.0101010101010102E-002   1.0018915453364634        1.0000000000000000        1.9835317499605765E-004
   6.0600505712743211E-002  -8.3832140222888771E-006   1.2121212121212121E-002   1.0018894615003546        1.0101010101010102E-002   1.0018894615003546        1.0000000000000000        2.3625180301412030E-004
   7.0700647010968481E-002  -9.6956872599711714E-006   1.2121212121212121E-002   1.0018870188188724        1.0101010101010102E-002   1.0018870188188724        1.0000000000000000        2.7319582610019211E-004
   8.0800814196144849E-002  -1.0969648945227604E-005   1.2121212121212121E-002   1.0018842271649515        1.0101010101010102E-002   1.0018842271649515        1.0000000000000000        3.0903618367084107E-004
   9.0901010664400470E-002  -1.2200017898466572E-005   1.2121212121212121E-002   1.0018810978213337        1.0101010101010102E-002   1.0018810978213337        1.0000000000000000        3.4362801178833280E-004
  0.10100123969356284       -1.3381883004706727E-005   1.2121212121212121E-002   1.0018776434334873        1.0101010101010102E-002   1.0018776434334873        1.0000000000000000        3.7683203066940507E-004
  0.11110150442997532       -1.4510515823537362E-005   1.2121212121212121E-002   1.0018738779577134        1.0101010101010102E-002   1.0018738779577134        1.0000000000000000        4.0851417157483638E-004
  0.12120180787578506       -1.5581392115111067E-005   1.2121212121212121E-002   1.0018698166062068        1.0101010101010102E-002   1.0018698166062068        1.0000000000000000        4.3854658452513462E-004
  0.13130215287683286       -1.6590207600225959E-005   1.2121212121212121E-002   1.0018654757841030        1.0101010101010102E-002   1.0018654757841030        1.0000000000000000        4.6680832104240011E-004
  0.14140254211118558       -1.7532899735433568E-005   1.2121212121212121E-002   1.0018608730205065        1.0101010101010102E-002   1.0018608730205065        1.0000000000000000        4.9318589714619776E-004
  0.15150297807839622       -1.8405661348893778E-005   1.2121212121212121E-002   1.0018560268991197        1.0101010101010102E-002   1.0018560268991197        1.0000000000000000        5.1757280711051123E-004
  0.16160346308939477       -1.9204953923642369E-005   1.2121212121212121E-002   1.0018509569835763        1.0101010101010102E-002   1.0018509569835763        1.0000000000000000        5.3987110105957470E-004
  0.17170399925721824       -1.9927524917928051E-005   1.2121212121212121E-002   1.0018456837360656        1.0101010101010102E-002   1.0018456837360656        1.0000000000000000        5.5999121914052097E-004
  0.18180458848851588       -2.0570420431242885E-005   1.2121212121212121E-002   1.0018402284342112        1.0101010101010102E-002   1.0018402284342112        1.0000000000000000        5.7785257561260295E-004
  0.19190523247591451       -2.1131002711123818E-005   1.2121212121212121E-002   1.0018346130844933        1.0101010101010102E-002   1.0018346130844933        1.0000000000000000        5.9338360813931956E-004
  0.20200593269123768       -2.1606952847535523E-005   1.2121212121212121E-002   1.0018288603348917        1.0101010101010102E-002   1.0018288603348917        1.0000000000000000        6.0652191428722801E-004
  0.21210669037958768       -2.1996281835830733E-005   1.2121212121212121E-002   1.0018229933829239        1.0101010101010102E-002   1.0018229933829239        1.0000000000000000        6.1721513726542554E-004
  0.22220750655437727       -2.2297351643129478E-005   1.2121212121212121E-002   1.0018170358782479        1.0101010101010102E-002   1.0018170358782479        1.0000000000000000        6.2542115641583962E-004
  0.23230838199335338       -2.2508871689065878E-005   1.2121212121212121E-002   1.0018110118298047        1.0101010101010102E-002   1.0018110118298047        1.0000000000000000        6.3110698940160859E-004
  0.24240931723544737       -2.2629906069854978E-005   1.2121212121212121E-002   1.0018049455099425        1.0101010101010102E-002   1.0018049455099425        1.0000000000000000        6.3425047187504191E-004
  0.25251031257869005       -2.2659879769894540E-005   1.2121212121212121E-002   1.0017988613541928        1.0101010101010102E-002   1.0017988613541928        1.0000000000000000        6.3483953009235705E-004
  0.26261136807905261       -2.2598586283802135E-005   1.2121212121212121E-002   1.0017927838627700        1.0101010101010102E-002   1.0017927838627700        1.0000000000000000        6.3287257475064251E-004
  0.27271248355030459       -2.2446191163990733E-005   1.2121212121212121E-002   1.0017867375026923        1.0101010101010102E-002   1.0017867375026923        1.0000000000000000        6.2835791247284334E-004
  0.28281365856478852       -2.2203219402782550E-005   1.2121212121212121E-002   1.0017807466100577        1.0101010101010102E-002   1.0017807466100577        1.0000000000000000        6.2131434586643053E-004
  0.29291489245520647       -2.1870567825852821E-005   1.2121212121212121E-002   1.0017748352911393        1.0101010101010102E-002   1.0017748352911393        1.0000000000000000        6.1177081885954721E-004
  0.30301618431735494       -2.1449500112619033E-005   1.2121212121212121E-002   1.0017690273252187        1.0101010101010102E-002   1.0017690273252187        1.0000000000000000        5.9976643220949200E-004
  0.31311753301383299       -2.0941643426238106E-005   1.2121212121212121E-002   1.0017633460697093        1.0101010101010102E-002   1.0017633460697093        1.0000000000000000        5.8534990270775467E-004
  0.32321893717865369       -2.0348976243115805E-005   1.2121212121212121E-002   1.0017578143675734        1.0101010101010102E-002   1.0017578143675734        1.0000000000000000        5.6857967147472266E-004
  0.33332039522277795       -1.9673826900785366E-005   1.2121212121212121E-002   1.0017524544544043        1.0101010101010102E-002   1.0017524544544043        1.0000000000000000        5.4952384690665212E-004
  0.34342190534057249       -1.8918868262651512E-005   1.2121212121212121E-002   1.0017472878695968        1.0101010101010102E-002   1.0017472878695968        1.0000000000000000        5.2825943228906880E-004
  0.35352346551710001       -1.8087102447528337E-005   1.2121212121212121E-002   1.0017423353712462        1.0101010101010102E-002   1.0017423353712462        1.0000000000000000        5.0487229790618926E-004
  0.36362507353625828       -1.7181851018730563E-005   1.2121212121212121E-002   1.0017376168531755        1.0101010101010102E-002   1.0017376168531755        1.0000000000000000        4.7945675781502217E-004
  0.37372672698971543       -1.6206739372611862E-005   1.2121212121212121E-002   1.0017331512654113        1.0101010101010102E-002   1.0017331512654113        1.0000000000000000        4.5211532542843713E-004
  0.38382842328662115       -1.5165687807887927E-005   1.2121212121212121E-002   1.0017289565374754        1.0101010101010102E-002   1.0017289565374754        1.0000000000000000        4.2295833305416863E-004
  0.39393015966406753       -1.4062893652141074E-005   1.2121212121212121E-002   1.0017250495080630        1.0101010101010102E-002   1.0017250495080630        1.0000000000000000        3.9210298031200352E-004
  0.40403193319818920       -1.2902813877761719E-005   1.2121212121212121E-002   1.0017214458591823        1.0101010101010102E-002   1.0017214458591823        1.0000000000000000        3.5967335895659147E-004
  0.41413374081592430       -1.1690142222268535E-005   1.2121212121212121E-002   1.0017181600525333        1.0101010101010102E-002   1.0017181600525333        1.0000000000000000        3.2579995219705893E-004
  0.42423557930738215       -1.0429796988890517E-005   1.2121212121212121E-002   1.0017152052719895        1.0101010101010102E-002   1.0017152052719895        1.0000000000000000        2.9061891345882884E-004
  0.43433744533874058       -9.1269026104942494E-006   1.2121212121212121E-002   1.0017125933710216        1.0101010101010102E-002   1.0017125933710216        1.0000000000000000        2.5427167968050668E-004
  0.44443933546565950       -7.7867593654410649E-006   1.2121212121212121E-002   1.0017103348270002        1.0101010101010102E-002   1.0017103348270002        1.0000000000000000        2.1690397043361287E-004
  0.45454124614707681       -6.4148232428430233E-006   1.2121212121212121E-002   1.0017084386988571        1.0101010101010102E-002   1.0017084386988571        1.0000000000000000        1.7866606929040074E-004
  0.46464317375946557       -5.0166881242887013E-006   1.2121212121212121E-002   1.0017069125905984        1.0101010101010102E-002   1.0017069125905984        1.0000000000000000        1.3971132502366146E-004
  0.47474511461135604       -3.5980606895366588E-006   1.2121212121212121E-002   1.0017057626223302        1.0101010101010102E-002   1.0017057626223302        1.0000000000000000        1.0019608680877923E-004
  0.48484706495816099       -2.1647352749281995E-006   1.2121212121212121E-002   1.0017049934056170        1.0101010101010102E-002   1.0017049934056170        1.0000000000000000        6.0278833341698146E-005
  0.49494902101718979       -7.2256324033248005E-007   1.2121212121212121E-002   1.0017046080249425        1.0101010101010102E-002   1.0017046080249425        1.0000000000000000        2.0119819305719489E-005
  0.50505097898284013        7.2256324421644344E-007   1.2121212121212121E-002   1.0017046080250174        1.0101010101010102E-002   1.0017046080250174        1.0000000000000000       -2.0119834619691801E-005
  0.51515293504186721        2.1647350890995386E-006   1.2121212121212121E-002   1.0017049934057163        1.0101010101010102E-002   1.0017049934057163        1.0000000000000000       -6.0278825569248795E-005
  0.52525488538867193        3.5980608307921210E-006   1.2121212121212121E-002   1.0017057626224402        1.0101010101010102E-002   1.0017057626224402        1.0000000000000000       -1.0019609464428925E-004
  0.53535682624056025        5.0166876625702871E-006   1.2121212121212121E-002   1.0017069125906062        1.0101010101010102E-002   1.0017069125906062        1.0000000000000000       -1.3971129507073243E-004
  0.54545875385295117        6.4148233492509859E-006   1.2121212121212121E-002   1.0017084386988568        1.0101010101010102E-002   1.0017084386988568        1.0000000000000000       -1.7866610043348885E-004
  0.55556066453436659        7.7867597029347731E-006   1.2121212121212121E-002   1.0017103348271132        1.0101010101010102E-002   1.0017103348271132        1.0000000000000000       -2.1690395985540789E-004
  0.56566255466128434        9.1269028208799473E-006   1.2121212121212121E-002   1.0017125933708215        1.0101010101010102E-002   1.0017125933708215        1.0000000000000000       -2.5427162458413477E-004
  0.57576442069264844        1.0429796855497858E-005   1.2121212121212121E-002   1.0017152052717757        1.0101010101010102E-002   1.0017152052717757        1.0000000000000000       -2.9061896682858190E-004
  0.58586625918410551        1.1690142361317877E-005   1.2121212121212121E-002   1.0017181600526581        1.0101010101010102E-002   1.0017181600526581        1.0000000000000000       -3.2579996796755495E-004
  0.59596806680183789        1.2902814178976833E-005   1.2121212121212121E-002   1.0017214458591133        1.0101010101010102E-002   1.0017214458591133        1.0000000000000000       -3.5967330703545741E-004
  0.60606984033596412        1.4062893355257381E-005   1.2121212121212121E-002   1.0017250495080183        1.0101010101010102E-002   1.0017250495080183        1.0000000000000000       -3.9210303361780774E-004
  0.61617157671340694        1.5165687567445033E-005   1.2121212121212121E-002   1.0017289565375256        1.0101010101010102E-002   1.0017289565375256        1.0000000000000000       -4.2295829849336997E-004
  0.62627327301031488        1.6206739073485531E-005   1.2121212121212121E-002   1.0017331512653960        1.0101010101010102E-002   1.0017331512653960        1.0000000000000000       -4.5211535180111895E-004
  0.63637492646377070        1.7181851619882385E-005   1.2121212121212121E-002   1.0017376168533707        1.0101010101010102E-002   1.0017376168533707        1.0000000000000000       -4.7945676998040199E-004
  0.64647653448292564        1.8087102192550322E-005   1.2121212121212121E-002   1.0017423353712500        1.0101010101010102E-002   1.0017423353712500        1.0000000000000000       -5.0487225145801062E-004
  0.65657809465945693        1.8918868335092433E-005   1.2121212121212121E-002   1.0017472878696447        1.0101010101010102E-002   1.0017472878696447        1.0000000000000000       -5.2825948366219677E-004
  0.66667960477724642        1.9673827377776544E-005   1.2121212121212121E-002   1.0017524544543326        1.0101010101010102E-002   1.0017524544543326        1.0000000000000000       -5.4952376890327059E-004
  0.67678106282137707        2.0348975851182354E-005   1.2121212121212121E-002   1.0017578143673584        1.0101010101010102E-002   1.0017578143673584        1.0000000000000000       -5.6857972113633082E-004
  0.68688246698619648        2.0941643152015557E-005   1.2121212121212121E-002   1.0017633460698139        1.0101010101010102E-002   1.0017633460698139        1.0000000000000000       -5.8534992035497169E-004
  0.69698381568267331        2.1449500400519670E-005   1.2121212121212121E-002   1.0017690273254207        1.0101010101010102E-002   1.0017690273254207        1.0000000000000000       -5.9976643874115609E-004
  0.70708510754481857        2.1870567687812187E-005   1.2121212121212121E-002   1.0017748352911642        1.0101010101010102E-002   1.0017748352911642        1.0000000000000000       -6.1177077185803341E-004
  0.71718634143523929        2.2203219887814321E-005   1.2121212121212121E-002   1.0017807466099324        1.0101010101010102E-002   1.0017807466099324        1.0000000000000000       -6.2131435966605864E-004
  0.72728751644972334        2.2446190475317815E-005   1.2121212121212121E-002   1.0017867375026561        1.0101010101010102E-002   1.0017867375026561        1.0000000000000000       -6.2835791852311473E-004
  0.73738863192097592        2.2598586737273411E-005   1.2121212121212121E-002   1.0017927838628298        1.0101010101010102E-002   1.0017927838628298        1.0000000000000000       -6.3287259078403935E-004
  0.74748968742133637        2.2659879782574383E-005   1.2121212121212121E-002   1.0017988613541642        1.0101010101010102E-002   1.0017988613541642        1.0000000000000000       -6.3483949172571386E-004
  0.75759068276458164        2.2629905622295555E-005   1.2121212121212121E-002   1.0018049455098001        1.0101010101010102E-002   1.0018049455098001        1.0000000000000000       -6.3425049046106352E-004
  0.76769161800667673        2.2508871618377384E-005   1.2121212121212121E-002   1.0018110118299941        1.0101010101010102E-002   1.0018110118299941        1.0000000000000000       -6.3110703703106452E-004
  0.77779249344564705        2.2297351998569564E-005   1.2121212121212121E-002   1.0018170358782825        1.0101010101010102E-002   1.0018170358782825        1.0000000000000000       -6.2542107885743548E-004
  0.78789330962044191        2.1996282226771590E-005   1.2121212121212121E-002   1.0018229933828791        1.0101010101010102E-002   1.0018229933828791        1.0000000000000000       -6.1721520048507728E-004
  0.79799406730878819        2.1606952090469143E-005   1.2121212121212121E-002   1.0018288603350869        1.0101010101010102E-002   1.0018288603350869        1.0000000000000000       -6.0652189716403626E-004
  0.80809476752410991        2.1131003037703218E-005   1.2121212121212121E-002   1.0018346130842437        1.0101010101010102E-002   1.0018346130842437        1.0000000000000000       -5.9338353214588579E-004
  0.81819541151151542        2.0570420840694898E-005   1.2121212121212121E-002   1.0018402284337953        1.0101010101010102E-002   1.0018402284337953        1.0000000000000000       -5.7785261497667051E-004
  0.82829600074281551        1.9927524765395747E-005   1.2121212121212121E-002   1.0018456837360998        1.0101010101010102E-002   1.0018456837360998        1.0000000000000000       -5.5999127519790193E-004
  0.83839653691063509        1.9204953645445656E-005   1.2121212121212121E-002   1.0018509569836711        1.0101010101010102E-002   1.0018509569836711        1.0000000000000000       -5.3987106244690608E-004
  0.84849702192163545        1.8405661679609752E-005   1.2121212121212121E-002   1.0018560268991292        1.0101010101010102E-002   1.0018560268991292        1.0000000000000000       -5.1757282519826475E-004
  0.85859745788884434        1.7532899421752311E-005   1.2121212121212121E-002   1.0018608730205556        1.0101010101010102E-002   1.0018608730205556        1.0000000000000000       -4.9318588462377022E-004
  0.86869784712319775        1.6590207532355862E-005   1.2121212121212121E-002   1.0018654757841692        1.0101010101010102E-002   1.0018654757841692        1.0000000000000000       -4.6680834229029244E-004
  0.87879819212424382        1.5581392107518775E-005   1.2121212121212121E-002   1.0018698166063982        1.0101010101010102E-002   1.0018698166063982        1.0000000000000000       -4.3854658664965740E-004
  0.88889849557005074        1.4510516160143688E-005   1.2121212121212121E-002   1.0018738779576177        1.0101010101010102E-002   1.0018738779576177        1.0000000000000000       -4.0851410816156175E-004
  0.89899876030646819        1.3381882735272073E-005   1.2121212121212121E-002   1.0018776434332572        1.0101010101010102E-002   1.0018776434332572        1.0000000000000000       -3.7683206659977486E-004
  0.90909898933563094        1.2200017863058995E-005   1.2121212121212121E-002   1.0018810978213957        1.0101010101010102E-002   1.0018810978213957        1.0000000000000000       -3.4362803599830016E-004
  0.91919918580388416        1.0969648936047281E-005   1.2121212121212121E-002   1.0018842271648969        1.0101010101010102E-002   1.0018842271648969        1.0000000000000000       -3.0903613714894362E-004
  0.92929935298906408        9.6956869908964935E-006   1.2121212121212121E-002   1.0018870188187365        1.0101010101010102E-002   1.0018870188187365        1.0000000000000000       -2.7319585569962612E-004
  0.93939949428728908        8.3832140303738692E-006   1.2121212121212121E-002   1.0018894615004528        1.0101010101010102E-002   1.0018894615004528        1.0000000000000000       -2.3625181913722315E-004
  0.94949961319925147        7.0374570467840554E-006   1.2121212121212121E-002   1.0018915453364516        1.0101010101010102E-002   1.0018915453364516        1.0000000000000000       -1.9835314144955873E-004
  0.95959971331609395        5.6637675761749250E-006   1.2121212121212121E-002   1.0018932619031404        1.0101010101010102E-002   1.0018932619031404        1.0000000000000000       -1.5965302388032399E-004
  0.96969979830488851        4.2676020941155308E-006   1.2121212121212121E-002   1.0018946042614565        1.0101010101010102E-002   1.0018946042614565        1.0000000000000000       -1.2030778511906703E-004
  0.97979987189383322        2.8545065030978716E-006   1.2121212121212121E-002   1.0018955669849363        1.0101010101010102E-002   1.0018955669849363        1.0000000000000000       -8.0476424153985704E-005
  0.98989993785717545        1.4300899457244689E-006   1.2121212121212121E-002   1.0018961461803297        1.0101010101010102E-002   1.0018961461803297        1.0000000000000000       -4.0319579700742736E-005
   1.0000000000000127        4.6827438600064799E-013   1.2121212121212121E-002   1.0018963395057261        1.0101010101010102E-002   1.0018963395057261        1.0000000000000000        1.6129320101754274E-012
   1.0101000621428462       -1.5276527331580161E-006   1.2121212121212121E-002   1.0018961461801346        1.0101010101010102E-002   1.0018961461801346        1.0000000000000000        4.0319680845612993E-005
   1.0202001281062005       -3.0492373353038540E-006   1.2121212121212121E-002   1.0018955669846350        1.0101010101010102E-002   1.0018955669846350        1.0000000000000000        8.0476298934151203E-005
   1.0303002016951399       -4.5587142016124542E-006   1.2121212121212121E-002   1.0018946042614576        1.0101010101010102E-002   1.0018946042614576        1.0000000000000000        1.2030783245098320E-004
   1.0404002866839390       -6.0500830688173613E-006   1.2121212121212121E-002   1.0018932619030807        1.0101010101010102E-002   1.0018932619030807        1.0000000000000000        1.5965298278342033E-004
   1.0505003868007785       -7.5174171139842438E-006   1.2121212121212121E-002   1.0018915453364634        1.0101010101010102E-002   1.0018915453364634        1.0000000000000000        1.9835317463190449E-004
   1.0606005057127432       -8.9548775850468696E-006   1.2121212121212121E-002   1.0018894615003546        1.0101010101010102E-002   1.0018894615003546        1.0000000000000000        2.3625180399111656E-004
   1.0707006470109686       -1.0356744369100769E-005   1.2121212121212121E-002   1.0018870188188724        1.0101010101010102E-002   1.0018870188188724        1.0000000000000000        2.7319582486473593E-004
   1.0808008141961449       -1.1717428759706519E-005   1.2121212121212121E-002   1.0018842271649515        1.0101010101010102E-002   1.0018842271649515        1.0000000000000000        3.0903618230393448E-004
   1.0909010106644004       -1.3031499135970687E-005   1.2121212121212121E-002   1.0018810978213337        1.0101010101010102E-002   1.0018810978213337        1.0000000000000000        7.6306795817453832     
   1.1010012396935629       -1.4293707176257671E-005   1.2121212121212121E-002   1.0018776434334873        1.0101010101010102E-002   1.0018776434334873        1.0000000000000000        93.411282980623042     
  -1.0100062142824551E-002   1.5276523363895978E-006   1.2121212121212121E-002   1.0018961461803297        1.0101010101010102E-002   1.0018961461803297        1.0000000000000000       -4.0319554477363795E-005
  -2.0200128106166781E-002   3.0492375363195332E-006   1.2121212121212121E-002   1.0018955669849363        1.0101010101010102E-002   1.0018955669849363        1.0000000000000000       -8.0476407367413572E-005
  -3.0300201695111495E-002   4.5587140169003834E-006   1.2121212121212121E-002   1.0018946042614565        1.0101010101010102E-002   1.0018946042614565        1.0000000000000000       -1.2030778511729068E-004
  -4.0400286683906050E-002   6.0500839413898571E-006   1.2121212121212121E-002   1.0018932619031404        1.0101010101010102E-002   1.0018932619031404        1.0000000000000000       -1.5965302388032399E-004
  -5.0500386800748531E-002   7.5174167737410496E-006   1.2121212121212121E-002   1.0018915453364516        1.0101010101010102E-002   1.0018915453364516        1.0000000000000000       -1.9835314145488780E-004
  -6.0600505712710917E-002   8.9548776276685443E-006   1.2121212121212121E-002   1.0018894615004528        1.0101010101010102E-002   1.0018894615004528        1.0000000000000000       -2.3625181913633497E-004
  -7.0700647010935924E-002   1.0356744177697023E-005   1.2121212121212121E-002   1.0018870188187365        1.0101010101010102E-002   1.0018870188187365        1.0000000000000000       -2.7319585569163252E-004
  -8.0800814196115844E-002   1.1717428634161906E-005   1.2121212121212121E-002   1.0018842271648969        1.0101010101010102E-002   1.0018842271648969        1.0000000000000000       -3.0903613714627909E-004
  -9.0901010664369064E-002   1.3031499156469904E-005   1.2121212121212121E-002   1.0018810978213957        1.0101010101010102E-002   1.0018810978213957        1.0000000000000000       -7.6306795817469464     
 -0.10100123969353181        1.4293707007199022E-005   1.2121212121212121E-002   1.0018776434332572        1.0101010101010102E-002   1.0018776434332572        1.0000000000000000       -93.411282980637623     
