 # x v h rho m p cs a
   30.950303030309243     
   2.7487125849590789E-014   3.0961684394765880E-013   1.2121212121212121E-002   1.0017374206301930        1.0101010101010102E-002   1.0017374206301930        1.0000000000000000        6.9471539632104395E-011
   1.0101632674747339E-002   4.8656501509597557E-006   1.2121212121212121E-002   1.0017375468472760        1.0101010101010102E-002   1.0017375468472760        1.0000000000000000       -2.6330086014603182E-005
   2.0203262854373114E-002   9.7117440000212885E-006   1.2121212121212121E-002   1.0017379250031584        1.0101010101010102E-002   1.0017379250031584        1.0000000000000000       -5.2556665004033221E-005
   3.0304888053610802E-002   1.4518807094550730E-005   1.2121212121212121E-002   1.0017385536047896        1.0101010101010102E-002   1.0017385536047896        1.0000000000000000       -7.8575268644520690E-005
   4.0406505806883992E-002   1.9267521680996138E-005   1.2121212121212121E-002   1.0017394301660447        1.0101010101010102E-002   1.0017394301660447        1.0000000000000000       -1.0428304567611235E-004
   5.0508113678073632E-002   2.3938796350703896E-005   1.2121212121212121E-002   1.0017405512229667        1.0101010101010102E-002   1.0017405512229667        1.0000000000000000       -1.2957882497666162E-004
   6.0609709270104228E-002   2.8513854555031440E-005   1.2121212121212121E-002   1.0017419123468285        1.0101010101010102E-002   1.0017419123468285        1.0000000000000000       -1.5436252791811711E-004
   7.0711290234427779E-002   3.2974303341581718E-005   1.2121212121212121E-002   1.0017435081560122        1.0101010101010102E-002   1.0017435081560122        1.0000000000000000       -1.7853534966238982E-004
   8.0812854280386676E-002   3.7302207752986692E-005   1.2121212121212121E-002   1.0017453323343748        1.0101010101010102E-002   1.0017453323343748        1.0000000000000000       -2.0200109935064603E-004
   9.0914399184346115E-002   4.1480164870286507E-005   1.2121212121212121E-002   1.0017473776619721        1.0101010101010102E-002   1.0017473776619721        1.0000000000000000       -2.2466739679671832E-004
  0.10101592279841613        4.5491363713980024E-005   1.2121212121212121E-002   1.0017496360406672        1.0101010101010102E-002   1.0017496360406672        1.0000000000000000       -2.4644345604230011E-004
  0.11111742305908867        4.9319668933678503E-005   1.2121212121212121E-002   1.0017520985202297        1.0101010101010102E-002   1.0017520985202297        1.0000000000000000       -2.6724224779695049E-004
  0.12121889799545445        5.2949676370314375E-005   1.2121212121212121E-002   1.0017547553321389        1.0101010101010102E-002   1.0017547553321389        1.0000000000000000       -2.8698005226868162E-004
  0.13132034573717091        5.6366769734496894E-005   1.2121212121212121E-002   1.0017575959310485        1.0101010101010102E-002   1.0017575959310485        1.0000000000000000       -3.0557859368141038E-004
  0.14142176452184524        5.9557188352099568E-005   1.2121212121212121E-002   1.0017606090358271        1.0101010101010102E-002   1.0017606090358271        1.0000000000000000       -3.2296266542353180E-004
  0.15152315270218009        6.2508080880954432E-005   1.2121212121212121E-002   1.0017637826654719        1.0101010101010102E-002   1.0017637826654719        1.0000000000000000       -3.3906148540641112E-004
  0.16162450875267834        6.5207556501974793E-005   1.2121212121212121E-002   1.0017671041872656        1.0101010101010102E-002   1.0017671041872656        1.0000000000000000       -3.5380986474198295E-004
  0.17172583127582125        6.7644727717057544E-005   1.2121212121212121E-002   1.0017705603697102        1.0101010101010102E-002   1.0017705603697102        1.0000000000000000       -3.6714816084248980E-004
  0.18182711900771212        6.9809763293748094E-005   1.2121212121212121E-002   1.0017741374319267        1.0101010101010102E-002   1.0017741374319267        1.0000000000000000       -3.7902147889923299E-004
  0.19192837082328346        7.1693919493611493E-005   1.2121212121212121E-002   1.0017778210930641        1.0101010101010102E-002   1.0017778210930641        1.0000000000000000       -3.8938043622938068E-004
  0.20202958574097568        7.3289586775755178E-005   1.2121212121212121E-002   1.0017815966288699        1.0101010101010102E-002   1.0017815966288699        1.0000000000000000       -3.9818193639806765E-004
  0.21213076292681979        7.4590309044940791E-005   1.2121212121212121E-002   1.0017854489324800        1.0101010101010102E-002   1.0017854489324800        1.0000000000000000       -4.0538938538947633E-004
  0.22223190169790721        7.5590813598216359E-005   1.2121212121212121E-002   1.0017893625747920        1.0101010101010102E-002   1.0017893625747920        1.0000000000000000       -4.1097222435393377E-004
  0.23233300152526756        7.6287038777865586E-005   1.2121212121212121E-002   1.0017933218591264        1.0101010101010102E-002   1.0017933218591264        1.0000000000000000       -4.1490525009280077E-004
  0.24243406203628523        7.6676146779809670E-005   1.2121212121212121E-002   1.0017973108848812        1.0101010101010102E-002   1.0017973108848812        1.0000000000000000       -4.1717118408080012E-004
  0.25253508301631078        7.6756532798205005E-005   1.2121212121212121E-002   1.0018013136159081        1.0101010101010102E-002   1.0018013136159081        1.0000000000000000       -4.1775911399888344E-004
  0.26263606440970400        7.6527834054950262E-005   1.2121212121212121E-002   1.0018053139416219        1.0101010101010102E-002   1.0018053139416219        1.0000000000000000       -4.1666456028544019E-004
  0.27273700632025671        7.5990934352710825E-005   1.2121212121212121E-002   1.0018092957404261        1.0101010101010102E-002   1.0018092957404261        1.0000000000000000       -4.1388972841271965E-004
  0.28283790901097799        7.5147962828119984E-005   1.2121212121212121E-002   1.0018132429441748        1.0101010101010102E-002   1.0018132429441748        1.0000000000000000       -4.0944363072004109E-004
  0.29293877290324999        7.4002275431718015E-005   1.2121212121212121E-002   1.0018171396066875        1.0101010101010102E-002   1.0018171396066875        1.0000000000000000       -4.0334281331144695E-004
  0.30303959857524804        7.2558453994680505E-005   1.2121212121212121E-002   1.0018209699696417        1.0101010101010102E-002   1.0018209699696417        1.0000000000000000       -3.9560997051513169E-004
  0.31314038675978539        7.0822280719926451E-005   1.2121212121212121E-002   1.0018247185213418        1.0101010101010102E-002   1.0018247185213418        1.0000000000000000       -3.8627393895751538E-004
  0.32324113834160290        6.8800720316411205E-005   1.2121212121212121E-002   1.0018283700639743        1.0101010101010102E-002   1.0018283700639743        1.0000000000000000       -3.7537136756338185E-004
  0.33334185435386254        6.6501889832940763E-005   1.2121212121212121E-002   1.0018319097778516        1.0101010101010102E-002   1.0018319097778516        1.0000000000000000       -3.6294456995022983E-004
  0.34344253597416929        6.3935023403891188E-005   1.2121212121212121E-002   1.0018353232821342        1.0101010101010102E-002   1.0018353232821342        1.0000000000000000       -3.4904286475789803E-004
  0.35354318451986994        6.1110441644270799E-005   1.2121212121212121E-002   1.0018385966940142        1.0101010101010102E-002   1.0018385966940142        1.0000000000000000       -3.3372077913806919E-004
  0.36364380144289865        5.8039507217520349E-005   1.2121212121212121E-002   1.0018417166834706        1.0101010101010102E-002   1.0018417166834706        1.0000000000000000       -3.1703916048630987E-004
  0.37374438832402185        5.4734577673467758E-005   1.2121212121212121E-002   1.0018446705364830        1.0101010101010102E-002   1.0018446705364830        1.0000000000000000       -2.9906567083592961E-004
  0.38384494686639742        5.1208958163407918E-005   1.2121212121212121E-002   1.0018474462066977        1.0101010101010102E-002   1.0018474462066977        1.0000000000000000       -2.7987195155709799E-004
  0.39394547888881082        4.7476847405540945E-005   1.2121212121212121E-002   1.0018500323609834        1.0101010101010102E-002   1.0018500323609834        1.0000000000000000       -2.5953512157528280E-004
  0.40404598631835864        4.3553280685219582E-005   1.2121212121212121E-002   1.0018524184314539        1.0101010101010102E-002   1.0018524184314539        1.0000000000000000       -2.3813763327407145E-004
  0.41414647118263553        3.9454068000473469E-005   1.2121212121212121E-002   1.0018545946623127        1.0101010101010102E-002   1.0018545946623127        1.0000000000000000       -2.1576645367726854E-004
  0.42424693560149312        3.5195730332256122E-005   1.2121212121212121E-002   1.0018565521503660        1.0101010101010102E-002   1.0018565521503660        1.0000000000000000       -1.9251245381202153E-004
  0.43434738177843146        3.0795434076829506E-005   1.2121212121212121E-002   1.0018582828814235        1.0101010101010102E-002   1.0018582828814235        1.0000000000000000       -1.6847012262832806E-004
  0.44444781199164118        2.6270921234725749E-005   1.2121212121212121E-002   1.0018597797638527        1.0101010101010102E-002   1.0018597797638527        1.0000000000000000       -1.4373735148343059E-004
  0.45454822858473998        2.1640438225452040E-005   1.2121212121212121E-002   1.0018610366626182        1.0101010101010102E-002   1.0018610366626182        1.0000000000000000       -1.1841575912807656E-004
  0.46464863395712974        1.6922659972172728E-005   1.2121212121212121E-002   1.0018620484262428        1.0101010101010102E-002   1.0018620484262428        1.0000000000000000       -9.2608825232431968E-005
  0.47474903055419621        1.2136614905291340E-005   1.2121212121212121E-002   1.0018628109043177        1.0101010101010102E-002   1.0018628109043177        1.0000000000000000       -6.6421824981510724E-005
  0.48484942085734384        7.3016088183567238E-006   1.2121212121212121E-002   1.0018633209675589        1.0101010101010102E-002   1.0018633209675589        1.0000000000000000       -3.9962355020684015E-005
  0.49494980737378402        2.4371471551039093E-006   1.2121212121212121E-002   1.0018635765227080        1.0101010101010102E-002   1.0018635765227080        1.0000000000000000       -1.3338883725566575E-005
  0.50505019262627804       -2.4371474576070656E-006   1.2121212121212121E-002   1.0018635765223558        1.0101010101010102E-002   1.0018635765223558        1.0000000000000000        1.3338958059883055E-005
  0.51515057914272677       -7.3016085241233616E-006   1.2121212121212121E-002   1.0018633209673520        1.0101010101010102E-002   1.0018633209673520        1.0000000000000000        3.9962253296721428E-005
  0.52525096944587046       -1.2136614404396856E-005   1.2121212121212121E-002   1.0018628109045697        1.0101010101010102E-002   1.0018628109045697        1.0000000000000000        6.6421827042972836E-005
  0.53535136604293465       -1.6922660717762591E-005   1.2121212121212121E-002   1.0018620484263010        1.0101010101010102E-002   1.0018620484263010        1.0000000000000000        9.2608857497289421E-005
  0.54545177141532597       -2.1640438699326862E-005   1.2121212121212121E-002   1.0018610366626437        1.0101010101010102E-002   1.0018610366626437        1.0000000000000000        1.1841574449444892E-004
  0.55555218800842232       -2.6270920893115447E-005   1.2121212121212121E-002   1.0018597797636941        1.0101010101010102E-002   1.0018597797636941        1.0000000000000000        1.4373739903117411E-004
  0.56565261822163848       -3.0795433854511032E-005   1.2121212121212121E-002   1.0018582828815250        1.0101010101010102E-002   1.0018582828815250        1.0000000000000000        1.6847002203057571E-004
  0.57575306439856788       -3.5195730426927653E-005   1.2121212121212121E-002   1.0018565521504648        1.0101010101010102E-002   1.0018565521504648        1.0000000000000000        1.9251255716401516E-004
  0.58585352881743202       -3.9454068333951099E-005   1.2121212121212121E-002   1.0018545946622039        1.0101010101010102E-002   1.0018545946622039        1.0000000000000000        2.1576638843257001E-004
  0.59595401368170586       -4.3553279587682780E-005   1.2121212121212121E-002   1.0018524184318260        1.0101010101010102E-002   1.0018524184318260        1.0000000000000000        2.3813759912805210E-004
  0.60605452111124825       -4.7476847565215932E-005   1.2121212121212121E-002   1.0018500323612147        1.0101010101010102E-002   1.0018500323612147        1.0000000000000000        2.5953518661658848E-004
  0.61615505313366170       -5.1208958690297214E-005   1.2121212121212121E-002   1.0018474462063547        1.0101010101010102E-002   1.0018474462063547        1.0000000000000000        2.7987200751677932E-004
  0.62625561167604571       -5.4734577869906645E-005   1.2121212121212121E-002   1.0018446705364874        1.0101010101010102E-002   1.0018446705364874        1.0000000000000000        2.9906554302705501E-004
  0.63635619855716008       -5.8039506296875983E-005   1.2121212121212121E-002   1.0018417166836822        1.0101010101010102E-002   1.0018417166836822        1.0000000000000000        3.1703924232040492E-004
  0.64645681548019229       -6.1110442024786093E-005   1.2121212121212121E-002   1.0018385966938088        1.0101010101010102E-002   1.0018385966938088        1.0000000000000000        3.3372078131677085E-004
  0.65655746402589443       -6.3935023173795867E-005   1.2121212121212121E-002   1.0018353232819610        1.0101010101010102E-002   1.0018353232819610        1.0000000000000000        3.4904286881243252E-004
  0.66665814564620263       -6.6501889738240799E-005   1.2121212121212121E-002   1.0018319097775468        1.0101010101010102E-002   1.0018319097775468        1.0000000000000000        3.6294458240959671E-004
  0.67675886165846810       -6.8800720820596644E-005   1.2121212121212121E-002   1.0018283700641784        1.0101010101010102E-002   1.0018283700641784        1.0000000000000000        3.7537124946229738E-004
  0.68685961324027478       -7.0822280537746740E-005   1.2121212121212121E-002   1.0018247185215308        1.0101010101010102E-002   1.0018247185215308        1.0000000000000000        3.8627406175084644E-004
  0.69696040142481841       -7.2558454042353945E-005   1.2121212121212121E-002   1.0018209699693794        1.0101010101010102E-002   1.0018209699693794        1.0000000000000000        3.9560993980813919E-004
  0.70706122709681696       -7.4002275715288559E-005   1.2121212121212121E-002   1.0018171396067892        1.0101010101010102E-002   1.0018171396067892        1.0000000000000000        4.0334277540843289E-004
  0.71716209098908557       -7.5147962325710876E-005   1.2121212121212121E-002   1.0018132429442244        1.0101010101010102E-002   1.0018132429442244        1.0000000000000000        4.0944367101936052E-004
  0.72726299367980940       -7.5990934548807762E-005   1.2121212121212121E-002   1.0018092957404652        1.0101010101010102E-002   1.0018092957404652        1.0000000000000000        4.1388969323730151E-004
  0.73736393559035884       -7.6527834059957379E-005   1.2121212121212121E-002   1.0018053139416740        1.0101010101010102E-002   1.0018053139416740        1.0000000000000000        4.1666459401845657E-004
  0.74746491698375406       -7.6756532501776189E-005   1.2121212121212121E-002   1.0018013136158530        1.0101010101010102E-002   1.0018013136158530        1.0000000000000000        4.1775910044705711E-004
  0.75756593796377902       -7.6676146745856564E-005   1.2121212121212121E-002   1.0017973108848786        1.0101010101010102E-002   1.0017973108848786        1.0000000000000000        4.1717119053163998E-004
  0.76766699847479702       -7.6287038906117853E-005   1.2121212121212121E-002   1.0017933218590445        1.0101010101010102E-002   1.0017933218590445        1.0000000000000000        4.1490525660936584E-004
  0.77776809830215909       -7.5590813668300854E-005   1.2121212121212121E-002   1.0017893625748480        1.0101010101010102E-002   1.0017893625748480        1.0000000000000000        4.1097219177288480E-004
  0.78786923707324341       -7.4590309283450022E-005   1.2121212121212121E-002   1.0017854489325406        1.0101010101010102E-002   1.0017854489325406        1.0000000000000000        4.0538941503065473E-004
  0.79797041425908954       -7.3289586761034206E-005   1.2121212121212121E-002   1.0017815966289927        1.0101010101010102E-002   1.0017815966289927        1.0000000000000000        3.9818189175200303E-004
  0.80807162917677744       -7.1693919869055377E-005   1.2121212121212121E-002   1.0017778210932877        1.0101010101010102E-002   1.0017778210932877        1.0000000000000000        3.8938046412972938E-004
  0.81817288099234797       -6.9809762596433493E-005   1.2121212121212121E-002   1.0017741374318898        1.0101010101010102E-002   1.0017741374318898        1.0000000000000000        3.7902150054236472E-004
  0.82827416872424120       -6.7644727820544045E-005   1.2121212121212121E-002   1.0017705603698170        1.0101010101010102E-002   1.0017705603698170        1.0000000000000000        3.6714811350702092E-004
  0.83837549124737909       -6.5207556524060818E-005   1.2121212121212121E-002   1.0017671041872334        1.0101010101010102E-002   1.0017671041872334        1.0000000000000000        3.5380994129052823E-004
  0.84847684729788286       -6.2508081211413413E-005   1.2121212121212121E-002   1.0017637826652437        1.0101010101010102E-002   1.0017637826652437        1.0000000000000000        3.3906144902040580E-004
  0.85857823547821766       -5.9557188246709622E-005   1.2121212121212121E-002   1.0017606090359223        1.0101010101010102E-002   1.0017606090359223        1.0000000000000000        3.2296263294551153E-004
  0.86867965426288973       -5.6366769783068847E-005   1.2121212121212121E-002   1.0017575959312417        1.0101010101010102E-002   1.0017575959312417        1.0000000000000000        3.0557860373559009E-004
  0.87878110200460391       -5.2949676243317051E-005   1.2121212121212121E-002   1.0017547553320247        1.0101010101010102E-002   1.0017547553320247        1.0000000000000000        2.8698010842642674E-004
  0.88888257694097472       -4.9319668645976166E-005   1.2121212121212121E-002   1.0017520985200647        1.0101010101010102E-002   1.0017520985200647        1.0000000000000000        2.6724220654639197E-004
  0.89898407720164575       -4.5491363897728515E-005   1.2121212121212121E-002   1.0017496360406319        1.0101010101010102E-002   1.0017496360406319        1.0000000000000000        2.4644346498714498E-004
  0.90908560081571810       -4.1480165069983293E-005   1.2121212121212121E-002   1.0017473776621146        1.0101010101010102E-002   1.0017473776621146        1.0000000000000000        2.2466735019666118E-004
  0.91918714571967175       -3.7302207703445944E-005   1.2121212121212121E-002   1.0017453323343375        1.0101010101010102E-002   1.0017453323343375        1.0000000000000000        2.0200118567181846E-004
  0.92928870976563716       -3.2974302950881178E-005   1.2121212121212121E-002   1.0017435081557911        1.0101010101010102E-002   1.0017435081557911        1.0000000000000000        1.7853530197786682E-004
  0.93939029072995928       -2.8513854277285907E-005   1.2121212121212121E-002   1.0017419123468043        1.0101010101010102E-002   1.0017419123468043        1.0000000000000000        1.5436253618705820E-004
  0.94949188632199133       -2.3938797559541119E-005   1.2121212121212121E-002   1.0017405512229269        1.0101010101010102E-002   1.0017405512229269        1.0000000000000000        1.2957881506636681E-004
  0.95959349419318041       -1.9267521342317794E-005   1.2121212121212121E-002   1.0017394301660161        1.0101010101010102E-002   1.0017394301660161        1.0000000000000000        1.0428305903786850E-004
  0.96969511194645452       -1.4518806750906401E-005   1.2121212121212121E-002   1.0017385536046972        1.0101010101010102E-002   1.0017385536046972        1.0000000000000000        7.8575264116587107E-005
  0.97979673714569382       -9.7117445294682701E-006   1.2121212121212121E-002   1.0017379250033618        1.0101010101010102E-002   1.0017379250033618        1.0000000000000000        5.2556609067444526E-005
  0.98989836732531333       -4.8656497445597233E-006   1.2121212121212121E-002   1.0017375468474428        1.0101010101010102E-002   1.0017375468474428        1.0000000000000000        2.6330145928454840E-005
   1.0000000000000360       -9.9013245011091462E-014   1.2121212121212121E-002   1.0017374206301903        1.0101010101010102E-002   1.0017374206301903        1.0000000000000000       -9.0246921047310025E-011
   1.0101016326747474        4.9288703745005514E-006   1.2121212121212121E-002   1.0017375468472760        1.0101010101010102E-002   1.0017375468472760        1.0000000000000000       -2.6330039075261880E-005
   1.0202032628543731        9.8379360153641303E-006   1.2121212121212121E-002   1.0017379250031584        1.0101010101010102E-002   1.0017379250031584        1.0000000000000000       -5.2556632784472868E-005
   1.0303048880536108        1.4707471612870921E-005   1.2121212121212121E-002   1.0017385536047896        1.0101010101010102E-002   1.0017385536047896        1.0000000000000000       -7.8575266931224519E-005
   1.0404065058068841        1.9517912320861062E-005   1.2121212121212121E-002   1.0017394301660447        1.0101010101010102E-002   1.0017394301660447        1.0000000000000000       -1.0428304747822637E-004
   1.0505081136780736        2.4249924076167078E-005   1.2121212121212121E-002   1.0017405512229667        1.0101010101010102E-002   1.0017405512229667        1.0000000000000000       -1.2957882362663042E-004
   1.0606097092701043        2.8884489940222676E-005   1.2121212121212121E-002   1.0017419123468285        1.0101010101010102E-002   1.0017419123468285        1.0000000000000000       -1.5436252928413552E-004
   1.0707112902344278        3.3402979769852546E-005   1.2121212121212121E-002   1.0017435081560122        1.0101010101010102E-002   1.0017435081560122        1.0000000000000000       -1.7853534861256293E-004
   1.0808128542803868        3.7787227689961695E-005   1.2121212121212121E-002   1.0017453323343748        1.0101010101010102E-002   1.0017453323343748        1.0000000000000000       -2.0200109984536141E-004
   1.0909143991843462        4.2019608756707199E-005   1.2121212121212121E-002   1.0017473776619721        1.0101010101010102E-002   1.0017473776619721        1.0000000000000000        7.6215334748834351     
   1.1010159227984162        4.6083094401709288E-005   1.2121212121212121E-002   1.0017496360406672        1.0101010101010102E-002   1.0017496360406672        1.0000000000000000        93.406198921873369     
  -1.0101632674686667E-002  -4.9288701284786266E-006   1.2121212121212121E-002   1.0017375468474428        1.0101010101010102E-002   1.0017375468474428        1.0000000000000000        2.6330097791849028E-005
  -2.0203262854306181E-002  -9.8379363724388263E-006   1.2121212121212121E-002   1.0017379250033618        1.0101010101010102E-002   1.0017379250033618        1.0000000000000000        5.2556577053053388E-005
  -3.0304888053545476E-002  -1.4707471282268280E-005   1.2121212121212121E-002   1.0017385536046972        1.0101010101010102E-002   1.0017385536046972        1.0000000000000000        7.8575264108593501E-005
  -4.0406505806819593E-002  -1.9517912046175704E-005   1.2121212121212121E-002   1.0017394301660161        1.0101010101010102E-002   1.0017394301660161        1.0000000000000000        1.0428305905119117E-004
  -5.0508113678008670E-002  -2.4249925191320316E-005   1.2121212121212121E-002   1.0017405512229269        1.0101010101010102E-002   1.0017405512229269        1.0000000000000000        1.2957881506903135E-004
  -6.0609709270040724E-002  -2.8884489705921447E-005   1.2121212121212121E-002   1.0017419123468043        1.0101010101010102E-002   1.0017419123468043        1.0000000000000000        1.5436253619149909E-004
  -7.0711290234362845E-002  -3.3402979287764368E-005   1.2121212121212121E-002   1.0017435081557911        1.0101010101010102E-002   1.0017435081557911        1.0000000000000000        1.7853530198319589E-004
  -8.0812854280328250E-002  -3.7787227841255847E-005   1.2121212121212121E-002   1.0017453323343375        1.0101010101010102E-002   1.0017453323343375        1.0000000000000000        2.0200118567093028E-004
  -9.0914399184281902E-002  -4.2019608836210294E-005   1.2121212121212121E-002   1.0017473776621146        1.0101010101010102E-002   1.0017473776621146        1.0000000000000000       -7.6215334749271193     
 -0.10101592279835425       -4.6083094596051328E-005   1.2121212121212121E-002   1.0017496360406319        1.0101010101010102E-002   1.0017496360406319        1.0000000000000000       -93.406198921868835     
