 # x v h rho m p cs a
   1.3049999999999942     
   4.0567549319803442E-017   0.0000000000000000        1.2121212121212121E-002   1.0018208390489718        1.0101010101010102E-002   1.0018208390489718        1.0000000000000000        1.2434497875801753E-014
   1.0100601753335466E-002   6.7837801914767593E-006   1.2121212121212121E-002   1.0018371069511518        1.0101010101010102E-002   1.0018371069511518        1.0000000000000000       -1.4210854715202004E-014
   2.0201266018241536E-002   1.2494150948213631E-005   1.2121212121212121E-002   1.0018367679712972        1.0101010101010102E-002   1.0018367679712972        1.0000000000000000       -9.9475983006414026E-014
   3.0301907614040169E-002   1.8608603908886168E-005   1.2121212121212121E-002   1.0018371500557537        1.0101010101010102E-002   1.0018371500557537        1.0000000000000000        6.1284310959308641E-014
   4.0402558331288585E-002   2.4479956382760527E-005   1.2121212121212121E-002   1.0018366225422826        1.0101010101010102E-002   1.0018366225422826        1.0000000000000000        3.5527136788005009E-015
   5.0503212443707653E-002   3.0331690781301106E-005   1.2121212121212121E-002   1.0018360572235923        1.0101010101010102E-002   1.0018360572235923        1.0000000000000000        4.4408920985006262E-015
   6.0603874006909850E-002   3.5919422943230195E-005   1.2121212121212121E-002   1.0018353756151375        1.0101010101010102E-002   1.0018353756151375        1.0000000000000000       -8.8817841970012523E-015
   7.0704541584467040E-002   4.1524545530680577E-005   1.2121212121212121E-002   1.0018345544122125        1.0101010101010102E-002   1.0018345544122125        1.0000000000000000       -5.1514348342607263E-014
   8.0805219263645506E-002   4.6830583077591395E-005   1.2121212121212121E-002   1.0018335358906398        1.0101010101010102E-002   1.0018335358906398        1.0000000000000000        2.1316282072803006E-014
   9.0905907061807970E-002   5.2058155748815776E-005   1.2121212121212121E-002   1.0018323646172889        1.0101010101010102E-002   1.0018323646172889        1.0000000000000000        7.1054273576010019E-015
  0.10100660779288778        5.7198293399163224E-005   1.2121212121212121E-002   1.0018309924819992        1.0101010101010102E-002   1.0018309924819992        1.0000000000000000        7.1054273576010019E-015
  0.11110732267677881        6.2021129882156294E-005   1.2121212121212121E-002   1.0018294076239460        1.0101010101010102E-002   1.0018294076239460        1.0000000000000000        3.5527136788005009E-015
  0.12120805486875767        6.6675395866012545E-005   1.2121212121212121E-002   1.0018277015332828        1.0101010101010102E-002   1.0018277015332828        1.0000000000000000        1.9539925233402755E-014
  0.13130880365197939        7.1040292705485091E-005   1.2121212121212121E-002   1.0018259800754592        1.0101010101010102E-002   1.0018259800754592        1.0000000000000000        8.0824236192711396E-014
  0.14140956967622212        7.5006531335612613E-005   1.2121212121212121E-002   1.0018241575547602        1.0101010101010102E-002   1.0018241575547602        1.0000000000000000        2.2204460492503131E-014
  0.15151035463148699        7.8601784293011586E-005   1.2121212121212121E-002   1.0018223162471178        1.0101010101010102E-002   1.0018223162471178        1.0000000000000000       -6.2172489379008766E-015
  0.16161115703363396        8.2000528257345271E-005   1.2121212121212121E-002   1.0018204447757624        1.0101010101010102E-002   1.0018204447757624        1.0000000000000000       -6.2172489379008766E-015
  0.17171197863090620        8.5051290262389532E-005   1.2121212121212121E-002   1.0018183576725348        1.0101010101010102E-002   1.0018183576725348        1.0000000000000000       -6.2172489379008766E-015
  0.18181282239635552        8.7773638987455343E-005   1.2121212121212121E-002   1.0018161205984957        1.0101010101010102E-002   1.0018161205984957        1.0000000000000000       -6.2172489379008766E-015
  0.19191368843546150        9.0269121354537082E-005   1.2121212121212121E-002   1.0018138713569593        1.0101010101010102E-002   1.0018138713569593        1.0000000000000000       -6.2172489379008766E-015
  0.20201457655413249        9.2298794230484402E-005   1.2121212121212121E-002   1.0018115738649884        1.0101010101010102E-002   1.0018115738649884        1.0000000000000000       -6.2172489379008766E-015
  0.21211548805245026        9.3808370229706790E-005   1.2121212121212121E-002   1.0018092671570875        1.0101010101010102E-002   1.0018092671570875        1.0000000000000000       -6.2172489379008766E-015
  0.22221642191203758        9.5028418134297164E-005   1.2121212121212121E-002   1.0018070319404144        1.0101010101010102E-002   1.0018070319404144        1.0000000000000000       -1.7763568394002505E-015
  0.23231737729174073        9.5941742541856922E-005   1.2121212121212121E-002   1.0018047061956512        1.0101010101010102E-002   1.0018047061956512        1.0000000000000000       -5.6843418860808015E-014
  0.24241835695576686        9.6423054648101970E-005   1.2121212121212121E-002   1.0018022077488336        1.0101010101010102E-002   1.0018022077488336        1.0000000000000000       -1.8562928971732617E-013
  0.25251936206979381        9.6570442918837341E-005   1.2121212121212121E-002   1.0017997432897856        1.0101010101010102E-002   1.0017997432897856        1.0000000000000000        1.8385293287792592E-013
  0.26262039055322284        9.6341780944584233E-005   1.2121212121212121E-002   1.0017973903197845        1.0101010101010102E-002   1.0017973903197845        1.0000000000000000        5.0626169922907138E-014
  0.27272144195396480        9.5565724241821081E-005   1.2121212121212121E-002   1.0017950385891363        1.0101010101010102E-002   1.0017950385891363        1.0000000000000000       -6.2172489379008766E-015
  0.28282251694504168        9.4403435599749790E-005   1.2121212121212121E-002   1.0017927010751491        1.0101010101010102E-002   1.0017927010751491        1.0000000000000000       -6.2172489379008766E-015
  0.29292361457910698        9.3054143355320027E-005   1.2121212121212121E-002   1.0017903961896431        1.0101010101010102E-002   1.0017903961896431        1.0000000000000000       -6.2172489379008766E-015
  0.30302473494936460        9.1331101748472288E-005   1.2121212121212121E-002   1.0017880389562654        1.0101010101010102E-002   1.0017880389562654        1.0000000000000000       -6.2172489379008766E-015
  0.31312587930628072        8.9082484962469202E-005   1.2121212121212121E-002   1.0017857184208059        1.0101010101010102E-002   1.0017857184208059        1.0000000000000000       -6.2172489379008766E-015
  0.32322704584573930        8.6478429102705687E-005   1.2121212121212121E-002   1.0017836108916816        1.0101010101010102E-002   1.0017836108916816        1.0000000000000000       -6.2172489379008766E-015
  0.33332823165074427        8.3607811405478371E-005   1.2121212121212121E-002   1.0017816025780952        1.0101010101010102E-002   1.0017816025780952        1.0000000000000000       -6.2172489379008766E-015
  0.34342943753718314        8.0383413126335543E-005   1.2121212121212121E-002   1.0017795024685661        1.0101010101010102E-002   1.0017795024685661        1.0000000000000000       -6.2172489379008766E-015
  0.35353066507322156        7.6838345756826394E-005   1.2121212121212121E-002   1.0017774424737160        1.0101010101010102E-002   1.0017774424737160        1.0000000000000000       -6.2172489379008766E-015
  0.36363191200716782        7.3022132161200542E-005   1.2121212121212121E-002   1.0017756195389875        1.0101010101010102E-002   1.0017756195389875        1.0000000000000000       -6.2172489379008766E-015
  0.37373317539489753        6.8837500683848024E-005   1.2121212121212121E-002   1.0017739412024649        1.0101010101010102E-002   1.0017739412024649        1.0000000000000000       -6.2172489379008766E-015
  0.38383445525059873        6.4313964026661862E-005   1.2121212121212121E-002   1.0017722670521620        1.0101010101010102E-002   1.0017722670521620        1.0000000000000000       -6.2172489379008766E-015
  0.39393575185935603        5.9654462219616296E-005   1.2121212121212121E-002   1.0017706717730164        1.0101010101010102E-002   1.0017706717730164        1.0000000000000000       -6.2172489379008766E-015
  0.40403706340361628        5.4837430929910703E-005   1.2121212121212121E-002   1.0017692523966419        1.0101010101010102E-002   1.0017692523966419        1.0000000000000000       -6.2172489379008766E-015
  0.41413838799207220        4.9650032454571542E-005   1.2121212121212121E-002   1.0017679757663689        1.0101010101010102E-002   1.0017679757663689        1.0000000000000000       -6.2172489379008766E-015
  0.42423972471775606        4.4163454566843893E-005   1.2121212121212121E-002   1.0017668143857112        1.0101010101010102E-002   1.0017668143857112        1.0000000000000000       -6.2172489379008766E-015
  0.43434107230215097        3.8657964559457743E-005   1.2121212121212121E-002   1.0017657905477018        1.0101010101010102E-002   1.0017657905477018        1.0000000000000000       -6.2172489379008766E-015
  0.44444242923281257        3.3107983313000367E-005   1.2121212121212121E-002   1.0017648905442760        1.0101010101010102E-002   1.0017648905442760        1.0000000000000000       -6.2172489379008766E-015
  0.45454379459325417        2.7266999470545324E-005   1.2121212121212121E-002   1.0017641130865476        1.0101010101010102E-002   1.0017641130865476        1.0000000000000000       -6.2172489379008766E-015
  0.46464516699242248        2.1196208021271397E-005   1.2121212121212121E-002   1.0017635177854183        1.0101010101010102E-002   1.0017635177854183        1.0000000000000000       -6.2172489379008766E-015
  0.47474654412307221        1.5191080037013430E-005   1.2121212121212121E-002   1.0017631063410974        1.0101010101010102E-002   1.0017631063410974        1.0000000000000000        5.3290705182007514E-015
  0.48484792451104225        9.2521019193618870E-006   1.2121212121212121E-002   1.0017627983973028        1.0101010101010102E-002   1.0017627983973028        1.0000000000000000       -7.0166095156309893E-014
  0.49494930772968676        3.1331333469425234E-006   1.2121212121212121E-002   1.0017625967234254        1.0101010101010102E-002   1.0017625967234254        1.0000000000000000       -4.4941828036826337E-013
  0.50505069227030319       -3.1331333630744082E-006   1.2121212121212121E-002   1.0017625967234112        1.0101010101010102E-002   1.0017625967234112        1.0000000000000000       -6.9277916736609768E-014
  0.51515207548894804       -9.2521019404098155E-006   1.2121212121212121E-002   1.0017627983972865        1.0101010101010102E-002   1.0017627983972865        1.0000000000000000        1.5987211554602254E-014
  0.52525345587691796       -1.5191079960599252E-005   1.2121212121212121E-002   1.0017631063410388        1.0101010101010102E-002   1.0017631063410388        1.0000000000000000        1.7763568394002505E-015
  0.53535483300756914       -2.1196208069368814E-005   1.2121212121212121E-002   1.0017635177854121        1.0101010101010102E-002   1.0017635177854121        1.0000000000000000        1.7763568394002505E-015
  0.54545620540673612       -2.7266999416377892E-005   1.2121212121212121E-002   1.0017641130865880        1.0101010101010102E-002   1.0017641130865880        1.0000000000000000        1.7763568394002505E-015
  0.55555757076717804       -3.3107983430098152E-005   1.2121212121212121E-002   1.0017648905442544        1.0101010101010102E-002   1.0017648905442544        1.0000000000000000        1.7763568394002505E-015
  0.56565892769783988       -3.8657964516692310E-005   1.2121212121212121E-002   1.0017657905476820        1.0101010101010102E-002   1.0017657905476820        1.0000000000000000        1.7763568394002505E-015
  0.57576027528223495       -4.4163454610746919E-005   1.2121212121212121E-002   1.0017668143857006        1.0101010101010102E-002   1.0017668143857006        1.0000000000000000        1.7763568394002505E-015
  0.58586161200791886       -4.9650032390718479E-005   1.2121212121212121E-002   1.0017679757663702        1.0101010101010102E-002   1.0017679757663702        1.0000000000000000        1.7763568394002505E-015
  0.59596293659637467       -5.4837430950958570E-005   1.2121212121212121E-002   1.0017692523966359        1.0101010101010102E-002   1.0017692523966359        1.0000000000000000        1.7763568394002505E-015
  0.60606424814063509       -5.9654462200924942E-005   1.2121212121212121E-002   1.0017706717729709        1.0101010101010102E-002   1.0017706717729709        1.0000000000000000        1.7763568394002505E-015
  0.61616554474939322       -6.4313964010946203E-005   1.2121212121212121E-002   1.0017722670521301        1.0101010101010102E-002   1.0017722670521301        1.0000000000000000        1.7763568394002505E-015
  0.62626682460509420       -6.8837500699394142E-005   1.2121212121212121E-002   1.0017739412024393        1.0101010101010102E-002   1.0017739412024393        1.0000000000000000        1.7763568394002505E-015
  0.63636808799282463       -7.3022132210923802E-005   1.2121212121212121E-002   1.0017756195389687        1.0101010101010102E-002   1.0017756195389687        1.0000000000000000        1.7763568394002505E-015
  0.64646933492677061       -7.6838345753276784E-005   1.2121212121212121E-002   1.0017774424737345        1.0101010101010102E-002   1.0017774424737345        1.0000000000000000        1.7763568394002505E-015
  0.65657056246280876       -8.0383413115183141E-005   1.2121212121212121E-002   1.0017795024685228        1.0101010101010102E-002   1.0017795024685228        1.0000000000000000        1.7763568394002505E-015
  0.66667176834924891       -8.3607811419548158E-005   1.2121212121212121E-002   1.0017816025780668        1.0101010101010102E-002   1.0017816025780668        1.0000000000000000        1.7763568394002505E-015
  0.67677295415425320       -8.6478429093309842E-005   1.2121212121212121E-002   1.0017836108916971        1.0101010101010102E-002   1.0017836108916971        1.0000000000000000        1.7763568394002505E-015
  0.68687412069371201       -8.9082484963800358E-005   1.2121212121212121E-002   1.0017857184207921        1.0101010101010102E-002   1.0017857184207921        1.0000000000000000        1.7763568394002505E-015
  0.69697526505062823       -9.1331101730805254E-005   1.2121212121212121E-002   1.0017880389562497        1.0101010101010102E-002   1.0017880389562497        1.0000000000000000        1.7763568394002505E-015
  0.70707638542088602       -9.3054143328922319E-005   1.2121212121212121E-002   1.0017903961896077        1.0101010101010102E-002   1.0017903961896077        1.0000000000000000        1.7763568394002505E-015
  0.71717748305495188       -9.4403435596235999E-005   1.2121212121212121E-002   1.0017927010751075        1.0101010101010102E-002   1.0017927010751075        1.0000000000000000        1.7763568394002505E-015
  0.72727855804602903       -9.5565724221986916E-005   1.2121212121212121E-002   1.0017950385890995        1.0101010101010102E-002   1.0017950385890995        1.0000000000000000        1.7763568394002505E-015
  0.73737960944677150       -9.6341780956070541E-005   1.2121212121212121E-002   1.0017973903197759        1.0101010101010102E-002   1.0017973903197759        1.0000000000000000        1.7763568394002505E-015
  0.74748063793020014       -9.6570442930296938E-005   1.2121212121212121E-002   1.0017997432897758        1.0101010101010102E-002   1.0017997432897758        1.0000000000000000        1.7763568394002505E-015
  0.75758164304422770       -9.6423054609397687E-005   1.2121212121212121E-002   1.0018022077488367        1.0101010101010102E-002   1.0018022077488367        1.0000000000000000        1.7763568394002505E-015
  0.76768262270825316       -9.5941742632632549E-005   1.2121212121212121E-002   1.0018047061956645        1.0101010101010102E-002   1.0018047061956645        1.0000000000000000        1.7763568394002505E-015
  0.77778357808795662       -9.5028418097659926E-005   1.2121212121212121E-002   1.0018070319403858        1.0101010101010102E-002   1.0018070319403858        1.0000000000000000        1.7763568394002505E-015
  0.78788451194754427       -9.3808370265932640E-005   1.2121212121212121E-002   1.0018092671570498        1.0101010101010102E-002   1.0018092671570498        1.0000000000000000        1.7763568394002505E-015
  0.79798542344586243       -9.2298794211221260E-005   1.2121212121212121E-002   1.0018115738649380        1.0101010101010102E-002   1.0018115738649380        1.0000000000000000        1.7763568394002505E-015
  0.80808631156453414       -9.0269121374018515E-005   1.2121212121212121E-002   1.0018138713569584        1.0101010101010102E-002   1.0018138713569584        1.0000000000000000        1.7763568394002505E-015
  0.81818717760363935       -8.7773638966382586E-005   1.2121212121212121E-002   1.0018161205985021        1.0101010101010102E-002   1.0018161205985021        1.0000000000000000        1.7763568394002505E-015
  0.82828802136908919       -8.5051290255274428E-005   1.2121212121212121E-002   1.0018183576724837        1.0101010101010102E-002   1.0018183576724837        1.0000000000000000        1.7763568394002505E-015
  0.83838884296636207       -8.2000528301018479E-005   1.2121212121212121E-002   1.0018204447757386        1.0101010101010102E-002   1.0018204447757386        1.0000000000000000        1.7763568394002505E-015
  0.84848964536850890       -7.8601784281435722E-005   1.2121212121212121E-002   1.0018223162471398        1.0101010101010102E-002   1.0018223162471398        1.0000000000000000        1.7763568394002505E-015
  0.85859043032377336       -7.5006531290236530E-005   1.2121212121212121E-002   1.0018241575547573        1.0101010101010102E-002   1.0018241575547573        1.0000000000000000        1.7763568394002505E-015
  0.86869119634801650       -7.1040292728827083E-005   1.2121212121212121E-002   1.0018259800753968        1.0101010101010102E-002   1.0018259800753968        1.0000000000000000        1.7763568394002505E-015
  0.87879194513123915       -6.6675395829655777E-005   1.2121212121212121E-002   1.0018277015332251        1.0101010101010102E-002   1.0018277015332251        1.0000000000000000        1.7763568394002505E-015
  0.88889267732321831       -6.2021129866094544E-005   1.2121212121212121E-002   1.0018294076239382        1.0101010101010102E-002   1.0018294076239382        1.0000000000000000        1.7763568394002505E-015
  0.89899339220710905       -5.7198293416361002E-005   1.2121212121212121E-002   1.0018309924819704        1.0101010101010102E-002   1.0018309924819704        1.0000000000000000        1.7763568394002505E-015
  0.90909409293818977       -5.2058155802078082E-005   1.2121212121212121E-002   1.0018323646172658        1.0101010101010102E-002   1.0018323646172658        1.0000000000000000        1.7763568394002505E-015
  0.91919478073635186       -4.6830583103420072E-005   1.2121212121212121E-002   1.0018335358906625        1.0101010101010102E-002   1.0018335358906625        1.0000000000000000        1.7763568394002505E-015
  0.92929545841553018       -4.1524545511861056E-005   1.2121212121212121E-002   1.0018345544122425        1.0101010101010102E-002   1.0018345544122425        1.0000000000000000        1.7763568394002505E-015
  0.93939612599308686       -3.5919422919459279E-005   1.2121212121212121E-002   1.0018353756151366        1.0101010101010102E-002   1.0018353756151366        1.0000000000000000        1.7763568394002505E-015
  0.94949678755628963       -3.0331690817237858E-005   1.2121212121212121E-002   1.0018360572235858        1.0101010101010102E-002   1.0018360572235858        1.0000000000000000        1.7763568394002505E-015
  0.95959744166870831       -2.4479956406089783E-005   1.2121212121212121E-002   1.0018366225422979        1.0101010101010102E-002   1.0018366225422979        1.0000000000000000        1.7763568394002505E-015
  0.96969809238595672       -1.8608603814196331E-005   1.2121212121212121E-002   1.0018371500557346        1.0101010101010102E-002   1.0018371500557346        1.0000000000000000        8.8817841970012523E-016
  0.97979873398175565       -1.2494150897966046E-005   1.2121212121212121E-002   1.0018367679712079        1.0101010101010102E-002   1.0018367679712079        1.0000000000000000       -3.2862601528904634E-014
  0.98989939824666340       -6.7837803144729016E-006   1.2121212121212121E-002   1.0018371069511105        1.0101010101010102E-002   1.0018371069511105        1.0000000000000000        1.5010215292932116E-013
  0.99999999999999800        0.0000000000000000        1.2121212121212121E-002   1.0018208390490004        1.0101010101010102E-002   1.0018208390490004        1.0000000000000000        1.0436096431476471E-012
