 # x v h rho m p cs a
   25.452121212124368     
   2.7085709004713975E-014   1.3463126909603829E-012   1.2121212121212121E-002   1.0017457098836438        1.0101010101010102E-002   1.0017457098836438        1.0000000000000000       -7.7299056044921599E-011
   1.0101550744430405E-002  -5.2802763533334084E-006   1.2121212121212121E-002   1.0017458204905176        1.0101010101010102E-002   1.0017458204905176        1.0000000000000000       -2.3073581527199849E-005
   2.0203099302351087E-002  -1.0539248106289557E-005   1.2121212121212121E-002   1.0017461518589525        1.0101010101010102E-002   1.0017461518589525        1.0000000000000000       -4.6053016831137938E-005
   3.0304643496218045E-002  -1.5755691293791603E-005   1.2121212121212121E-002   1.0017467026337374        1.0101010101010102E-002   1.0017467026337374        1.0000000000000000       -6.8843762062620328E-005
   4.0406181166350301E-002  -2.0908560753537538E-005   1.2121212121212121E-002   1.0017474705583638        1.0101010101010102E-002   1.0017474705583638        1.0000000000000000       -9.1352334556482617E-005
   5.0507710179803600E-002  -2.5977069111107020E-005   1.2121212121212121E-002   1.0017484524873155        1.0101010101010102E-002   1.0017484524873155        1.0000000000000000       -1.1348667759403241E-004
   6.0609228439102526E-002  -3.0940768616972313E-005   1.2121212121212121E-002   1.0017496444020868        1.0101010101010102E-002   1.0017496444020868        1.0000000000000000       -1.3515675465836097E-004
   7.0710733890767374E-002  -3.5779634978163092E-005   1.2121212121212121E-002   1.0017510414283379        1.0101010101010102E-002   1.0017510414283379        1.0000000000000000       -1.5627401571904898E-004
   8.0812224533700086E-002  -4.0474155920697231E-005   1.2121212121212121E-002   1.0017526378514956        1.0101010101010102E-002   1.0017526378514956        1.0000000000000000       -1.7675167996689112E-004
   9.0913698427426110E-002  -4.5005403712770049E-005   1.2121212121212121E-002   1.0017544271434753        1.0101010101010102E-002   1.0017544271434753        1.0000000000000000       -1.9650676698290681E-004
  0.10101515369993977       -4.9355111293145582E-005   1.2121212121212121E-002   1.0017564019943446        1.0101010101010102E-002   1.0017564019943446        1.0000000000000000       -2.1545916834231349E-004
  0.11111658855530684       -5.3505743455512685E-005   1.2121212121212121E-002   1.0017585543415053        1.0101010101010102E-002   1.0017585543415053        1.0000000000000000       -2.3353198750086790E-004
  0.12121800128094104       -5.7440580027927434E-005   1.2121212121212121E-002   1.0017608754010332        1.0101010101010102E-002   1.0017608754010332        1.0000000000000000       -2.5065159915094171E-004
  0.13131939025459419       -6.1143772885720112E-005   1.2121212121212121E-002   1.0017633557059697        1.0101010101010102E-002   1.0017633557059697        1.0000000000000000       -2.6674913615032381E-004
  0.14142075395087278       -6.4600409585955618E-005   1.2121212121212121E-002   1.0017659851499019        1.0101010101010102E-002   1.0017659851499019        1.0000000000000000       -2.8176010512037664E-004
  0.15152209094735208       -6.7796577508691123E-005   1.2121212121212121E-002   1.0017687530280792        1.0101010101010102E-002   1.0017687530280792        1.0000000000000000       -2.9562421684659057E-004
  0.16162339993028513       -7.0719417762975077E-005   1.2121212121212121E-002   1.0017716480792360        1.0101010101010102E-002   1.0017716480792360        1.0000000000000000       -3.0828565052054557E-004
  0.17172467969989938       -7.3357180738990637E-005   1.2121212121212121E-002   1.0017746585339560        1.0101010101010102E-002   1.0017746585339560        1.0000000000000000       -3.1969426206401863E-004
  0.18182592917514709       -7.5699267983673373E-005   1.2121212121212121E-002   1.0017777721679744        1.0101010101010102E-002   1.0017777721679744        1.0000000000000000       -3.2980535997673144E-004
  0.19192714739792840       -7.7736272054149366E-005   1.2121212121212121E-002   1.0017809763500662        1.0101010101010102E-002   1.0017809763500662        1.0000000000000000       -3.3857881439658399E-004
  0.20202833353691049       -7.9460023824657743E-005   1.2121212121212121E-002   1.0017842580926670        1.0101010101010102E-002   1.0017842580926670        1.0000000000000000       -3.4598044187106325E-004
  0.21212948689075178       -8.0863618758990241E-005   1.2121212121212121E-002   1.0017876041069778        1.0101010101010102E-002   1.0017876041069778        1.0000000000000000       -3.5198162836902469E-004
  0.22223060689082519       -8.1941443268756099E-005   1.2121212121212121E-002   1.0017910008589554        1.0101010101010102E-002   1.0017910008589554        1.0000000000000000       -3.5655991779570684E-004
  0.23233169310333385       -8.2689195655679776E-005   1.2121212121212121E-002   1.0017944346248790        1.0101010101010102E-002   1.0017944346248790        1.0000000000000000       -3.5969827723558723E-004
  0.24243274523093369       -8.3103909051182413E-005   1.2121212121212121E-002   1.0017978915454151        1.0101010101010102E-002   1.0017978915454151        1.0000000000000000       -3.6138549678632614E-004
  0.25253376311378556       -8.3183960375888630E-005   1.2121212121212121E-002   1.0018013576811995        1.0101010101010102E-002   1.0018013576811995        1.0000000000000000       -3.6161615058549756E-004
  0.26263474673008369       -8.2929070657594174E-005   1.2121212121212121E-002   1.0018048190721329        1.0101010101010102E-002   1.0018048190721329        1.0000000000000000       -3.6039142087584963E-004
  0.27273569619592414       -8.2340307750255727E-005   1.2121212121212121E-002   1.0018082617938227        1.0101010101010102E-002   1.0018082617938227        1.0000000000000000       -3.5771766359804502E-004
  0.28283661176471731       -8.1420089894579956E-005   1.2121212121212121E-002   1.0018116720106449        1.0101010101010102E-002   1.0018116720106449        1.0000000000000000       -3.5360709512843869E-004
  0.29293749382601758       -8.0172163269987310E-005   1.2121212121212121E-002   1.0018150360308422        1.0101010101010102E-002   1.0018150360308422        1.0000000000000000       -3.4807753960741650E-004
  0.30303834290384646       -7.8601592931633576E-005   1.2121212121212121E-002   1.0018183403633494        1.0101010101010102E-002   1.0018183403633494        1.0000000000000000       -3.4115313388927149E-004
  0.31313915965439465       -7.6714739101736083E-005   1.2121212121212121E-002   1.0018215717729215        1.0101010101010102E-002   1.0018215717729215        1.0000000000000000       -3.3286317664948939E-004
  0.32323994486324570       -7.4519233293172171E-005   1.2121212121212121E-002   1.0018247173280839        1.0101010101010102E-002   1.0018247173280839        1.0000000000000000       -3.2324176511000502E-004
  0.33334069944214784       -7.2023946779762606E-005   1.2121212121212121E-002   1.0018277644510780        1.0101010101010102E-002   1.0018277644510780        1.0000000000000000       -3.1232862382779558E-004
  0.34344142442525583       -6.9238950585063914E-005   1.2121212121212121E-002   1.0018307009720042        1.0101010101010102E-002   1.0018307009720042        1.0000000000000000       -3.0016913993069494E-004
  0.35354212096480986       -6.6175478345939203E-005   1.2121212121212121E-002   1.0018335151744404        1.0101010101010102E-002   1.0018335151744404        1.0000000000000000       -2.8681257744711530E-004
  0.36364279032648944       -6.2845881541246222E-005   1.2121212121212121E-002   1.0018361958388919        1.0101010101010102E-002   1.0018361958388919        1.0000000000000000       -2.7231336087574221E-004
  0.37374343388424175       -5.9263576701197381E-005   1.2121212121212121E-002   1.0018387322880045        1.0101010101010102E-002   1.0018387322880045        1.0000000000000000       -2.5673011457882922E-004
  0.38384405311472763       -5.5442992150891990E-005   1.2121212121212121E-002   1.0018411144260166        1.0101010101010102E-002   1.0018411144260166        1.0000000000000000       -2.4012558973041109E-004
  0.39394464959138870       -5.1399507667017643E-005   1.2121212121212121E-002   1.0018433327804825        1.0101010101010102E-002   1.0018433327804825        1.0000000000000000       -2.2256702457035260E-004
  0.40404522497804884       -4.7149398881725656E-005   1.2121212121212121E-002   1.0018453785359855        1.0101010101010102E-002   1.0018453785359855        1.0000000000000000       -2.0412423839655247E-004
  0.41414578102233168       -4.2709767338916787E-005   1.2121212121212121E-002   1.0018472435675798        1.0101010101010102E-002   1.0018472435675798        1.0000000000000000       -1.8487141167788934E-004
  0.42424631954860115       -3.8098470586170461E-005   1.2121212121212121E-002   1.0018489204736223        1.0101010101010102E-002   1.0018489204736223        1.0000000000000000       -1.6488519979596106E-004
  0.43434684245072114       -3.3334051894664946E-005   1.2121212121212121E-002   1.0018504026027741        1.0101010101010102E-002   1.0018504026027741        1.0000000000000000       -1.4424545671598565E-004
  0.44444735168447275       -2.8435666830302657E-005   1.2121212121212121E-002   1.0018516840795424        1.0101010101010102E-002   1.0018516840795424        1.0000000000000000       -1.2303409061686921E-004
  0.45454784925980202       -2.3423010642506979E-005   1.2121212121212121E-002   1.0018527598248261        1.0101010101010102E-002   1.0018527598248261        1.0000000000000000       -1.0133526725120134E-004
  0.46464833723284271       -1.8316229397383195E-005   1.2121212121212121E-002   1.0018536255768222        1.0101010101010102E-002   1.0018536255768222        1.0000000000000000       -7.9235259691223803E-005
  0.47474881769774402       -1.3135846384193843E-005   1.2121212121212121E-002   1.0018542779081570        1.0101010101010102E-002   1.0018542779081570        1.0000000000000000       -5.6821779227611557E-005
  0.48484929277834826       -7.9026795791446142E-006   1.2121212121212121E-002   1.0018547142356860        1.0101010101010102E-002   1.0018547142356860        1.0000000000000000       -3.4183171425894443E-005
  0.49494976461984314       -2.6377602122710591E-006   1.2121212121212121E-002   1.0018549328320103        1.0101010101010102E-002   1.0018549328320103        1.0000000000000000       -1.1409498211989444E-005
  0.50505023538019855        2.6377598899114630E-006   1.2121212121212121E-002   1.0018549328319812        1.0101010101010102E-002   1.0018549328319812        1.0000000000000000        1.1409508986481853E-005
  0.51515070722169343        7.9026799505353884E-006   1.2121212121212121E-002   1.0018547142353444        1.0101010101010102E-002   1.0018547142353444        1.0000000000000000        3.4183221179873158E-005
  0.52525118230230528        1.3135846354421634E-005   1.2121212121212121E-002   1.0018542779079571        1.0101010101010102E-002   1.0018542779079571        1.0000000000000000        5.6821702018261533E-005
  0.53535166276720281        1.8316229238875978E-005   1.2121212121212121E-002   1.0018536255767232        1.0101010101010102E-002   1.0018536255767232        1.0000000000000000        7.9235315757486546E-005
  0.54545215074024889        2.3423010294430492E-005   1.2121212121212121E-002   1.0018527598246665        1.0101010101010102E-002   1.0018527598246665        1.0000000000000000        1.0133522081723356E-004
  0.55555264831557671        2.8435667460754176E-005   1.2121212121212121E-002   1.0018516840797331        1.0101010101010102E-002   1.0018516840797331        1.0000000000000000        1.2303406256197746E-004
  0.56565315754932555        3.3334051377398927E-005   1.2121212121212121E-002   1.0018504026030504        1.0101010101010102E-002   1.0018504026030504        1.0000000000000000        1.4424546851188325E-004
  0.57575368045144193        3.8098470077472357E-005   1.2121212121212121E-002   1.0018489204734862        1.0101010101010102E-002   1.0018489204734862        1.0000000000000000        1.6488527329450164E-004
  0.58585421897771872        4.2709768087911078E-005   1.2121212121212121E-002   1.0018472435675674        1.0101010101010102E-002   1.0018472435675674        1.0000000000000000        1.8487131482380903E-004
  0.59595477502199434        4.7149399132083482E-005   1.2121212121212121E-002   1.0018453785360359        1.0101010101010102E-002   1.0018453785360359        1.0000000000000000        2.0412432326200047E-004
  0.60605535040865999        5.1399507488760115E-005   1.2121212121212121E-002   1.0018433327802330        1.0101010101010102E-002   1.0018433327802330        1.0000000000000000        2.2256699819944714E-004
  0.61615594688532160        5.5442992058499689E-005   1.2121212121212121E-002   1.0018411144260371        1.0101010101010102E-002   1.0018411144260371        1.0000000000000000        2.4012556831731757E-004
  0.62625656611580593        5.9263576496333301E-005   1.2121212121212121E-002   1.0018387322880469        1.0101010101010102E-002   1.0018387322880469        1.0000000000000000        2.5673011860405381E-004
  0.63635720967355969        6.2845881470180429E-005   1.2121212121212121E-002   1.0018361958392750        1.0101010101010102E-002   1.0018361958392750        1.0000000000000000        2.7231329017141093E-004
  0.64645787903522900        6.6175478577913148E-005   1.2121212121212121E-002   1.0018335151744771        1.0101010101010102E-002   1.0018335151744771        1.0000000000000000        2.8681272318120676E-004
  0.65655857557479247        6.9238950708314215E-005   1.2121212121212121E-002   1.0018307009716434        1.0101010101010102E-002   1.0018307009716434        1.0000000000000000        3.0016907641172708E-004
  0.66665930055789968        7.2023947049248754E-005   1.2121212121212121E-002   1.0018277644511311        1.0101010101010102E-002   1.0018277644511311        1.0000000000000000        3.1232860631202897E-004
  0.67676005513680049        7.4519233112879405E-005   1.2121212121212121E-002   1.0018247173280492        1.0101010101010102E-002   1.0018247173280492        1.0000000000000000        3.2324179201292935E-004
  0.68686084034565398        7.6714739152269594E-005   1.2121212121212121E-002   1.0018215717729888        1.0101010101010102E-002   1.0018215717729888        1.0000000000000000        3.3286313085767461E-004
  0.69696165709619839        7.8601593223940364E-005   1.2121212121212121E-002   1.0018183403635055        1.0101010101010102E-002   1.0018183403635055        1.0000000000000000        3.4115316301530640E-004
  0.70706250617402733        8.0172163124332012E-005   1.2121212121212121E-002   1.0018150360307567        1.0101010101010102E-002   1.0018150360307567        1.0000000000000000        3.4807755877253044E-004
  0.71716338823532988        8.1420089561795131E-005   1.2121212121212121E-002   1.0018116720106418        1.0101010101010102E-002   1.0018116720106418        1.0000000000000000        3.5360706351461602E-004
  0.72726430380412066        8.2340308068594101E-005   1.2121212121212121E-002   1.0018082617938440        1.0101010101010102E-002   1.0018082617938440        1.0000000000000000        3.5771768441339447E-004
  0.73736525326996327        8.2929070838657672E-005   1.2121212121212121E-002   1.0018048190722615        1.0101010101010102E-002   1.0018048190722615        1.0000000000000000        3.6039137906840324E-004
  0.74746623688625624        8.3183960233128667E-005   1.2121212121212121E-002   1.0018013576811886        1.0101010101010102E-002   1.0018013576811886        1.0000000000000000        3.6161622283703565E-004
  0.75756725476911346        8.3103908784950268E-005   1.2121212121212121E-002   1.0017978915452648        1.0101010101010102E-002   1.0017978915452648        1.0000000000000000        3.6138545267849764E-004
  0.76766830689671151        8.2689195720809494E-005   1.2121212121212121E-002   1.0017944346248886        1.0101010101010102E-002   1.0017944346248886        1.0000000000000000        3.5969829154147703E-004
  0.77776939310922122        8.1941443388350741E-005   1.2121212121212121E-002   1.0017910008588551        1.0101010101010102E-002   1.0017910008588551        1.0000000000000000        3.5655992203587061E-004
  0.78787051310929601        8.0863618682414627E-005   1.2121212121212121E-002   1.0017876041069962        1.0101010101010102E-002   1.0017876041069962        1.0000000000000000        3.5198160052463123E-004
  0.79797166646313544        7.9460022911159923E-005   1.2121212121212121E-002   1.0017842580927492        1.0101010101010102E-002   1.0017842580927492        1.0000000000000000        3.4598045577904912E-004
  0.80807285260211736        7.7736272475996656E-005   1.2121212121212121E-002   1.0017809763499916        1.0101010101010102E-002   1.0017809763499916        1.0000000000000000        3.3857883449694981E-004
  0.81817407082490057        7.5699268125521184E-005   1.2121212121212121E-002   1.0017777721678780        1.0101010101010102E-002   1.0017777721678780        1.0000000000000000        3.2980534395843364E-004
  0.82827532030014861        7.3357180870846765E-005   1.2121212121212121E-002   1.0017746585340022        1.0101010101010102E-002   1.0017746585340022        1.0000000000000000        3.1969424974587213E-004
  0.83837660006976111        7.0719417789882820E-005   1.2121212121212121E-002   1.0017716480791747        1.0101010101010102E-002   1.0017716480791747        1.0000000000000000        3.0828568262730727E-004
  0.84847790905269749        6.7796577873534871E-005   1.2121212121212121E-002   1.0017687530280934        1.0101010101010102E-002   1.0017687530280934        1.0000000000000000        2.9562417137452002E-004
  0.85857924604917313        6.4600409504460355E-005   1.2121212121212121E-002   1.0017659851499776        1.0101010101010102E-002   1.0017659851499776        1.0000000000000000        2.8176013662317700E-004
  0.86868060974545380        6.1143772373631965E-005   1.2121212121212121E-002   1.0017633557060650        1.0101010101010102E-002   1.0017633557060650        1.0000000000000000        2.6674909900403776E-004
  0.87878199871910312        5.7440580010079765E-005   1.2121212121212121E-002   1.0017608754012026        1.0101010101010102E-002   1.0017608754012026        1.0000000000000000        2.5065162019544118E-004
  0.88888341144473748        5.3505743932646995E-005   1.2121212121212121E-002   1.0017585543415590        1.0101010101010102E-002   1.0017585543415590        1.0000000000000000        2.3353199331221930E-004
  0.89898484630010300        4.9355110972957790E-005   1.2121212121212121E-002   1.0017564019941185        1.0101010101010102E-002   1.0017564019941185        1.0000000000000000        2.1545922148469288E-004
  0.90908630157262338        4.5005403780743250E-005   1.2121212121212121E-002   1.0017544271433463        1.0101010101010102E-002   1.0017544271433463        1.0000000000000000        1.9650669454573944E-004
  0.91918777546634522        4.0474156001183074E-005   1.2121212121212121E-002   1.0017526378514767        1.0101010101010102E-002   1.0017526378514767        1.0000000000000000        1.7675172892239743E-004
  0.92928926610928220        3.5779635696273166E-005   1.2121212121212121E-002   1.0017510414282891        1.0101010101010102E-002   1.0017510414282891        1.0000000000000000        1.5627396888717726E-004
  0.93939077156094430        3.0940768297018913E-005   1.2121212121212121E-002   1.0017496444022751        1.0101010101010102E-002   1.0017496444022751        1.0000000000000000        1.3515675453668052E-004
  0.94949228982024159        2.5977068711412040E-005   1.2121212121212121E-002   1.0017484524873856        1.0101010101010102E-002   1.0017484524873856        1.0000000000000000        1.1348670028166197E-004
  0.95959381883369510        2.0908561323219748E-005   1.2121212121212121E-002   1.0017474705582718        1.0101010101010102E-002   1.0017474705582718        1.0000000000000000        9.1352350206186372E-005
  0.96969535650382921        1.5755691427403936E-005   1.2121212121212121E-002   1.0017467026336433        1.0101010101010102E-002   1.0017467026336433        1.0000000000000000        6.8843744416291486E-005
  0.97979690069769654        1.0539247674656243E-005   1.2121212121212121E-002   1.0017461518590458        1.0101010101010102E-002   1.0017461518590458        1.0000000000000000        4.6052996322210049E-005
  0.98989844925561443        5.2802759295751230E-006   1.2121212121212121E-002   1.0017458204905030        1.0101010101010102E-002   1.0017458204905030        1.0000000000000000        2.3073621958857871E-005
   1.0000000000000211       -6.6713737860720512E-013   1.2121212121212121E-002   1.0017457098836438        1.0101010101010102E-002   1.0017457098836438        1.0000000000000000        3.5382363705593889E-011
   1.0101015507444304       -5.2236832790505303E-006   1.2121212121212121E-002   1.0017458204905176        1.0101010101010102E-002   1.0017458204905176        1.0000000000000000       -2.3073616642221850E-005
   1.0202030993023510       -1.0426292783647563E-005   1.2121212121212121E-002   1.0017461518589525        1.0101010101010102E-002   1.0017461518589525        1.0000000000000000       -4.6053037611848424E-005
   1.0303046434962180       -1.5586836607005490E-005   1.2121212121212121E-002   1.0017467026337374        1.0101010101010102E-002   1.0017467026337374        1.0000000000000000       -6.8843761747316989E-005
   1.0404061811663503       -2.0684498703927391E-005   1.2121212121212121E-002   1.0017474705583638        1.0101010101010102E-002   1.0017474705583638        1.0000000000000000       -9.1352336439420867E-005
   1.0505077101798035       -2.5698717374481853E-005   1.2121212121212121E-002   1.0017484524873155        1.0101010101010102E-002   1.0017484524873155        1.0000000000000000       -1.1348667642874233E-004
   1.0606092284391024       -3.0609265779936252E-005   1.2121212121212121E-002   1.0017496444020868        1.0101010101010102E-002   1.0017496444020868        1.0000000000000000       -1.3515675344955014E-004
   1.0707107338907673       -3.5396336968988152E-005   1.2121212121212121E-002   1.0017510414283379        1.0101010101010102E-002   1.0017510414283379        1.0000000000000000       -1.5627401500939442E-004
   1.0808122245337002       -4.0040631293212187E-005   1.2121212121212121E-002   1.0017526378514956        1.0101010101010102E-002   1.0017526378514956        1.0000000000000000       -1.7675168243957984E-004
   1.0909136984274261       -4.4523424513906450E-005   1.2121212121212121E-002   1.0017544271434753        1.0101010101010102E-002   1.0017544271434753        1.0000000000000000        7.6220149851867092     
   1.1010151536999397       -4.8826646050333114E-005   1.2121212121212121E-002   1.0017564019943446        1.0101010101010102E-002   1.0017564019943446        1.0000000000000000        93.406466765806243     
  -1.0101550744385568E-002   5.2236827819340907E-006   1.2121212121212121E-002   1.0017458204905030        1.0101010101010102E-002   1.0017458204905030        1.0000000000000000        2.3073655767369416E-005
  -2.0203099302303462E-002   1.0426292422384894E-005   1.2121212121212121E-002   1.0017461518590458        1.0101010101010102E-002   1.0017461518590458        1.0000000000000000        4.6053018924574474E-005
  -3.0304643496170791E-002   1.5586836773482579E-005   1.2121212121212121E-002   1.0017467026336433        1.0101010101010102E-002   1.0017467026336433        1.0000000000000000        6.8843744419844199E-005
  -4.0406181166304900E-002   2.0684499201237595E-005   1.2121212121212121E-002   1.0017474705582718        1.0101010101010102E-002   1.0017474705582718        1.0000000000000000        9.1352350212403621E-005
  -5.0507710179758414E-002   2.5698716949508778E-005   1.2121212121212121E-002   1.0017484524873856        1.0101010101010102E-002   1.0017484524873856        1.0000000000000000        1.1348670028255015E-004
  -6.0609228439055696E-002   3.0609265482594260E-005   1.2121212121212121E-002   1.0017496444022751        1.0101010101010102E-002   1.0017496444022751        1.0000000000000000        1.3515675453135145E-004
  -7.0710733890717803E-002   3.5396337760656620E-005   1.2121212121212121E-002   1.0017510414282891        1.0101010101010102E-002   1.0017510414282891        1.0000000000000000        1.5627396888806544E-004
  -8.0812224533654775E-002   4.0040631265361791E-005   1.2121212121212121E-002   1.0017526378514767        1.0101010101010102E-002   1.0017526378514767        1.0000000000000000        1.7675172892417379E-004
  -9.0913698427376621E-002   4.4523424751460363E-005   1.2121212121212121E-002   1.0017544271433463        1.0101010101010102E-002   1.0017544271433463        1.0000000000000000       -7.6220149852400993     
 -0.10101515369989700        4.8826645628637835E-005   1.2121212121212121E-002   1.0017564019941185        1.0101010101010102E-002   1.0017564019941185        1.0000000000000000       -93.406466765773999     
