 # x v h rho m p cs a
  0.85000000000000064     
   3.5324337859866382E-005  -6.3655410747629851E-005   1.2121212121212121E-002   1.0018097051484884        1.0101010101010102E-002   1.0018097051484884        1.0000000000000000        1.2434497875801753E-014
   1.0136213932862863E-002  -6.3689819188827578E-005   1.2121212121212121E-002   1.0018156822610307        1.0101010101010102E-002   1.0018156822610307        1.0000000000000000       -1.4210854715202004E-014
   2.0237042907222867E-002  -6.3359615809918440E-005   1.2121212121212121E-002   1.0018217035291099        1.0101010101010102E-002   1.0018217035291099        1.0000000000000000       -9.9475983006414026E-014
   3.0337813258617886E-002  -6.2947394224531741E-005   1.2121212121212121E-002   1.0018276295947548        1.0101010101010102E-002   1.0018276295947548        1.0000000000000000        6.1284310959308641E-014
   4.0438525093141962E-002  -6.2191253668845615E-005   1.2121212121212121E-002   1.0018334268370785        1.0101010101010102E-002   1.0018334268370785        1.0000000000000000        3.5527136788005009E-015
   5.0539181035448834E-002  -6.1130658870057220E-005   1.2121212121212121E-002   1.0018391576110290        1.0101010101010102E-002   1.0018391576110290        1.0000000000000000        4.4408920985006262E-015
   6.0639779381474114E-002  -5.9933842945142145E-005   1.2121212121212121E-002   1.0018446804283383        1.0101010101010102E-002   1.0018446804283383        1.0000000000000000       -8.8817841970012523E-015
   7.0740326165626644E-002  -5.8475200060152308E-005   1.2121212121212121E-002   1.0018499783062820        1.0101010101010102E-002   1.0018499783062820        1.0000000000000000       -5.1514348342607263E-014
   8.0840820176261555E-002  -5.6697449245420740E-005   1.2121212121212121E-002   1.0018552172720343        1.0101010101010102E-002   1.0018552172720343        1.0000000000000000        2.1316282072803006E-014
   9.0941262944325515E-002  -5.4719222767847140E-005   1.2121212121212121E-002   1.0018601304525039        1.0101010101010102E-002   1.0018601304525039        1.0000000000000000        7.1054273576010019E-015
  0.10104165995690327       -5.2682815274283367E-005   1.2121212121212121E-002   1.0018647523731352        1.0101010101010102E-002   1.0018647523731352        1.0000000000000000        7.1054273576010019E-015
  0.11114201175819929       -5.0191815397925993E-005   1.2121212121212121E-002   1.0018692656922681        1.0101010101010102E-002   1.0018692656922681        1.0000000000000000        3.5527136788005009E-015
  0.12124231919622613       -4.7552824156338899E-005   1.2121212121212121E-002   1.0018734490120091        1.0101010101010102E-002   1.0018734490120091        1.0000000000000000        1.9539925233402755E-014
  0.13134258816544539       -4.4935873552306374E-005   1.2121212121212121E-002   1.0018772040282589        1.0101010101010102E-002   1.0018772040282589        1.0000000000000000        8.0824236192711396E-014
  0.14144282192512295       -4.1926533980577635E-005   1.2121212121212121E-002   1.0018808014590201        1.0101010101010102E-002   1.0018808014590201        1.0000000000000000        2.2204460492503131E-014
  0.15154301962907762       -3.8661061366549213E-005   1.2121212121212121E-002   1.0018841314723708        1.0101010101010102E-002   1.0018841314723708        1.0000000000000000       -6.2172489379008766E-015
  0.16164318707690209       -3.5519604025752277E-005   1.2121212121212121E-002   1.0018869123606116        1.0101010101010102E-002   1.0018869123606116        1.0000000000000000       -6.2172489379008766E-015
  0.17174333033642164       -3.2170725083734833E-005   1.2121212121212121E-002   1.0018894116120094        1.0101010101010102E-002   1.0018894116120094        1.0000000000000000       -6.2172489379008766E-015
  0.18184344863826837       -2.8420525919860191E-005   1.2121212121212121E-002   1.0018917499113853        1.0101010101010102E-002   1.0018917499113853        1.0000000000000000       -6.2172489379008766E-015
  0.19194354500337765       -2.4767286987703250E-005   1.2121212121212121E-002   1.0018935447167432        1.0101010101010102E-002   1.0018935447167432        1.0000000000000000       -6.2172489379008766E-015
  0.20204362790916508       -2.1205265084763538E-005   1.2121212121212121E-002   1.0018948312429115        1.0101010101010102E-002   1.0018948312429115        1.0000000000000000       -6.2172489379008766E-015
  0.21214369954963727       -1.7249247751927931E-005   1.2121212121212121E-002   1.0018959876376947        1.0101010101010102E-002   1.0018959876376947        1.0000000000000000       -6.2172489379008766E-015
  0.22224375923823811       -1.3141633704158989E-005   1.2121212121212121E-002   1.0018968064502598        1.0101010101010102E-002   1.0018968064502598        1.0000000000000000       -1.7763568394002505E-015
  0.23234381408615842       -9.3374786689999013E-006   1.2121212121212121E-002   1.0018969480873807        1.0101010101010102E-002   1.0018969480873807        1.0000000000000000       -5.6843418860808015E-014
  0.24244387156360750       -5.4727728487268145E-006   1.2121212121212121E-002   1.0018967395904115        1.0101010101010102E-002   1.0018967395904115        1.0000000000000000       -1.8562928971732617E-013
  0.25254393100936179       -1.2153603773048848E-006   1.2121212121212121E-002   1.0018964458334751        1.0101010101010102E-002   1.0018964458334751        1.0000000000000000        1.8385293287792592E-013
  0.26264399355469348        2.9387779750844102E-006   1.2121212121212121E-002   1.0018956549435674        1.0101010101010102E-002   1.0018956549435674        1.0000000000000000        5.0626169922907138E-014
  0.27274406827762893        6.7104239601970697E-006   1.2121212121212121E-002   1.0018941743689023        1.0101010101010102E-002   1.0018941743689023        1.0000000000000000       -6.2172489379008766E-015
  0.28284416091285608        1.0621750988948021E-005   1.2121212121212121E-002   1.0018924782979863        1.0101010101010102E-002   1.0018924782979863        1.0000000000000000       -6.2172489379008766E-015
  0.29294426942281149        1.4864035558465769E-005   1.2121212121212121E-002   1.0018907234850383        1.0101010101010102E-002   1.0018907234850383        1.0000000000000000       -6.2172489379008766E-015
  0.30304439584536030        1.8852146026894998E-005   1.2121212121212121E-002   1.0018884106245622        1.0101010101010102E-002   1.0018884106245622        1.0000000000000000       -6.2172489379008766E-015
  0.31314454980989648        2.2378355310581401E-005   1.2121212121212121E-002   1.0018854071348460        1.0101010101010102E-002   1.0018854071348460        1.0000000000000000       -6.2172489379008766E-015
  0.32324473651918134        2.6009245713843215E-005   1.2121212121212121E-002   1.0018822586363880        1.0101010101010102E-002   1.0018822586363880        1.0000000000000000       -6.2172489379008766E-015
  0.33334495304265715        2.9946480458183717E-005   1.2121212121212121E-002   1.0018791730353012        1.0101010101010102E-002   1.0018791730353012        1.0000000000000000       -6.2172489379008766E-015
  0.34344519987470234        3.3565372417734653E-005   1.2121212121212121E-002   1.0018756779939295        1.0101010101010102E-002   1.0018756779939295        1.0000000000000000       -6.2172489379008766E-015
  0.35354548518634238        3.6458983972250930E-005   1.2121212121212121E-002   1.0018716438360737        1.0101010101010102E-002   1.0018716438360737        1.0000000000000000       -6.2172489379008766E-015
  0.36364581295014925        3.8989790494285829E-005   1.2121212121212121E-002   1.0018678181431033        1.0101010101010102E-002   1.0018678181431033        1.0000000000000000       -6.2172489379008766E-015
  0.37374617505986379        4.1333144102179312E-005   1.2121212121212121E-002   1.0018649527033514        1.0101010101010102E-002   1.0018649527033514        1.0000000000000000       -6.2172489379008766E-015
  0.38384655941593276        4.2717222509838149E-005   1.2121212121212121E-002   1.0018630870849479        1.0101010101010102E-002   1.0018630870849479        1.0000000000000000       -6.2172489379008766E-015
  0.39394695818654529        4.2192443999325152E-005   1.2121212121212121E-002   1.0018621524641054        1.0101010101010102E-002   1.0018621524641054        1.0000000000000000       -6.2172489379008766E-015
  0.40404736190268697        3.9728556447342898E-005   1.2121212121212121E-002   1.0018627006079575        1.0101010101010102E-002   1.0018627006079575        1.0000000000000000       -6.2172489379008766E-015
  0.41414775088659683        3.6051537941804868E-005   1.2121212121212121E-002   1.0018653319467479        1.0101010101010102E-002   1.0018653319467479        1.0000000000000000       -6.2172489379008766E-015
  0.42424810185450135        3.1701045291542577E-005   1.2121212121212121E-002   1.0018695343847230        1.0101010101010102E-002   1.0018695343847230        1.0000000000000000       -6.2172489379008766E-015
  0.43434840519724371        2.6812627226236498E-005   1.2121212121212121E-002   1.0018736659735559        1.0101010101010102E-002   1.0018736659735559        1.0000000000000000       -6.2172489379008766E-015
  0.44444867223530582        2.1747268901281660E-005   1.2121212121212121E-002   1.0018762766562992        1.0101010101010102E-002   1.0018762766562992        1.0000000000000000       -6.2172489379008766E-015
  0.45454892384244527        1.7314574072775723E-005   1.2121212121212121E-002   1.0018772410561623        1.0101010101010102E-002   1.0018772410561623        1.0000000000000000       -6.2172489379008766E-015
  0.46464917341137341        1.4008423165656653E-005   1.2121212121212121E-002   1.0018775280790257        1.0101010101010102E-002   1.0018775280790257        1.0000000000000000       -6.2172489379008766E-015
  0.47474942083515237        1.1239973300521244E-005   1.2121212121212121E-002   1.0018780720084743        1.0101010101010102E-002   1.0018780720084743        1.0000000000000000        5.3290705182007514E-015
  0.48484965981165590        7.7318706846612248E-006   1.2121212121212121E-002   1.0018789893594118        1.0101010101010102E-002   1.0018789893594118        1.0000000000000000       -7.0166095156309893E-014
  0.49494988819667268        2.8130052672491388E-006   1.2121212121212121E-002   1.0018797225896823        1.0101010101010102E-002   1.0018797225896823        1.0000000000000000       -4.4941828036826337E-013
  0.50505011180332537       -2.8130052224142780E-006   1.2121212121212121E-002   1.0018797225896312        1.0101010101010102E-002   1.0018797225896312        1.0000000000000000       -6.9277916736609768E-014
  0.51515034018834349       -7.7318707533368198E-006   1.2121212121212121E-002   1.0018789893594235        1.0101010101010102E-002   1.0018789893594235        1.0000000000000000        1.5987211554602254E-014
  0.52525057916484541       -1.1239973199855811E-005   1.2121212121212121E-002   1.0018780720085245        1.0101010101010102E-002   1.0018780720085245        1.0000000000000000        1.7763568394002505E-015
  0.53535082658862476       -1.4008423055592150E-005   1.2121212121212121E-002   1.0018775280789920        1.0101010101010102E-002   1.0018775280789920        1.0000000000000000        1.7763568394002505E-015
  0.54545107615755339       -1.7314574074573954E-005   1.2121212121212121E-002   1.0018772410561552        1.0101010101010102E-002   1.0018772410561552        1.0000000000000000        1.7763568394002505E-015
  0.55555132776469240       -2.1747268988834421E-005   1.2121212121212121E-002   1.0018762766562863        1.0101010101010102E-002   1.0018762766562863        1.0000000000000000        1.7763568394002505E-015
  0.56565159480275529       -2.6812627214498628E-005   1.2121212121212121E-002   1.0018736659735816        1.0101010101010102E-002   1.0018736659735816        1.0000000000000000        1.7763568394002505E-015
  0.57575189814549643       -3.1701045238420689E-005   1.2121212121212121E-002   1.0018695343848101        1.0101010101010102E-002   1.0018695343848101        1.0000000000000000        1.7763568394002505E-015
  0.58585224911340006       -3.6051538010110019E-005   1.2121212121212121E-002   1.0018653319466861        1.0101010101010102E-002   1.0018653319466861        1.0000000000000000        1.7763568394002505E-015
  0.59595263809731225       -3.9728556388961769E-005   1.2121212121212121E-002   1.0018627006078726        1.0101010101010102E-002   1.0018627006078726        1.0000000000000000        1.7763568394002505E-015
  0.60605304181345354       -4.2192443986753597E-005   1.2121212121212121E-002   1.0018621524641433        1.0101010101010102E-002   1.0018621524641433        1.0000000000000000        1.7763568394002505E-015
  0.61615344058406540       -4.2717222470156451E-005   1.2121212121212121E-002   1.0018630870849488        1.0101010101010102E-002   1.0018630870849488        1.0000000000000000        1.7763568394002505E-015
  0.62625382494013504       -4.1333144135178218E-005   1.2121212121212121E-002   1.0018649527033150        1.0101010101010102E-002   1.0018649527033150        1.0000000000000000        1.7763568394002505E-015
  0.63635418704984970       -3.8989790416867614E-005   1.2121212121212121E-002   1.0018678181430631        1.0101010101010102E-002   1.0018678181430631        1.0000000000000000        1.7763568394002505E-015
  0.64645451481365723       -3.6458984054095523E-005   1.2121212121212121E-002   1.0018716438360302        1.0101010101010102E-002   1.0018716438360302        1.0000000000000000        1.7763568394002505E-015
  0.65655480012529754       -3.3565372330501406E-005   1.2121212121212121E-002   1.0018756779939231        1.0101010101010102E-002   1.0018756779939231        1.0000000000000000        1.7763568394002505E-015
  0.66665504695734246       -2.9946480417448262E-005   1.2121212121212121E-002   1.0018791730352701        1.0101010101010102E-002   1.0018791730352701        1.0000000000000000        1.7763568394002505E-015
  0.67675526348081927       -2.6009245697518931E-005   1.2121212121212121E-002   1.0018822586363898        1.0101010101010102E-002   1.0018822586363898        1.0000000000000000        1.7763568394002505E-015
  0.68685545019010308       -2.2378355432449154E-005   1.2121212121212121E-002   1.0018854071348624        1.0101010101010102E-002   1.0018854071348624        1.0000000000000000        1.7763568394002505E-015
  0.69695560415463975       -1.8852145985946898E-005   1.2121212121212121E-002   1.0018884106244765        1.0101010101010102E-002   1.0018884106244765        1.0000000000000000        1.7763568394002505E-015
  0.70705573057719007       -1.4864035565021906E-005   1.2121212121212121E-002   1.0018907234850072        1.0101010101010102E-002   1.0018907234850072        1.0000000000000000        1.7763568394002505E-015
  0.71715583908714453       -1.0621750923935557E-005   1.2121212121212121E-002   1.0018924782979830        1.0101010101010102E-002   1.0018924782979830        1.0000000000000000        1.7763568394002505E-015
  0.72725593172237257       -6.7104240245494475E-006   1.2121212121212121E-002   1.0018941743688596        1.0101010101010102E-002   1.0018941743688596        1.0000000000000000        1.7763568394002505E-015
  0.73735600644530808       -2.9387779234799689E-006   1.2121212121212121E-002   1.0018956549435398        1.0101010101010102E-002   1.0018956549435398        1.0000000000000000        1.7763568394002505E-015
  0.74745606899064032        1.2153604156851642E-006   1.2121212121212121E-002   1.0018964458334996        1.0101010101010102E-002   1.0018964458334996        1.0000000000000000        1.7763568394002505E-015
  0.75755612843639342        5.4727728188767543E-006   1.2121212121212121E-002   1.0018967395904044        1.0101010101010102E-002   1.0018967395904044        1.0000000000000000        1.7763568394002505E-015
  0.76765618591384377        9.3374786295172020E-006   1.2121212121212121E-002   1.0018969480873161        1.0101010101010102E-002   1.0018969480873161        1.0000000000000000        1.7763568394002505E-015
  0.77775624076176431        1.3141633747580076E-005   1.2121212121212121E-002   1.0018968064502511        1.0101010101010102E-002   1.0018968064502511        1.0000000000000000        1.7763568394002505E-015
  0.78785630045036492        1.7249247774159985E-005   1.2121212121212121E-002   1.0018959876376565        1.0101010101010102E-002   1.0018959876376565        1.0000000000000000        1.7763568394002505E-015
  0.79795637209083814        2.1205265029232187E-005   1.2121212121212121E-002   1.0018948312428657        1.0101010101010102E-002   1.0018948312428657        1.0000000000000000        1.7763568394002505E-015
  0.80805645499662548        2.4767287048338321E-005   1.2121212121212121E-002   1.0018935447167148        1.0101010101010102E-002   1.0018935447167148        1.0000000000000000        1.7763568394002505E-015
  0.81815655136173537        2.8420525862579094E-005   1.2121212121212121E-002   1.0018917499113595        1.0101010101010102E-002   1.0018917499113595        1.0000000000000000        1.7763568394002505E-015
  0.82825666966358213        3.2170725055197249E-005   1.2121212121212121E-002   1.0018894116120460        1.0101010101010102E-002   1.0018894116120460        1.0000000000000000        1.7763568394002505E-015
  0.83835681292310071        3.5519604103865080E-005   1.2121212121212121E-002   1.0018869123605920        1.0101010101010102E-002   1.0018869123605920        1.0000000000000000        1.7763568394002505E-015
  0.84845698037092654        3.8661061455070804E-005   1.2121212121212121E-002   1.0018841314722946        1.0101010101010102E-002   1.0018841314722946        1.0000000000000000        1.7763568394002505E-015
  0.85855717807488152        4.1926533855434738E-005   1.2121212121212121E-002   1.0018808014589784        1.0101010101010102E-002   1.0018808014589784        1.0000000000000000        1.7763568394002505E-015
  0.86865741183455958        4.4935873588963059E-005   1.2121212121212121E-002   1.0018772040282444        1.0101010101010102E-002   1.0018772040282444        1.0000000000000000        1.7763568394002505E-015
  0.87875768080377858        4.7552824170908801E-005   1.2121212121212121E-002   1.0018734490120016        1.0101010101010102E-002   1.0018734490120016        1.0000000000000000        1.7763568394002505E-015
  0.88885798824180584        5.0191815443098849E-005   1.2121212121212121E-002   1.0018692656922750        1.0101010101010102E-002   1.0018692656922750        1.0000000000000000        1.7763568394002505E-015
  0.89895834004310127        5.2682815265673406E-005   1.2121212121212121E-002   1.0018647523731306        1.0101010101010102E-002   1.0018647523731306        1.0000000000000000        1.7763568394002505E-015
  0.90905873705567963        5.4719222654684297E-005   1.2121212121212121E-002   1.0018601304524481        1.0101010101010102E-002   1.0018601304524481        1.0000000000000000        1.7763568394002505E-015
  0.91915917982374418        5.6697449307703439E-005   1.2121212121212121E-002   1.0018552172719821        1.0101010101010102E-002   1.0018552172719821        1.0000000000000000        1.7763568394002505E-015
  0.92925967383437968        5.8475200077780480E-005   1.2121212121212121E-002   1.0018499783063135        1.0101010101010102E-002   1.0018499783063135        1.0000000000000000        1.7763568394002505E-015
  0.93936022061853086        5.9933842966698001E-005   1.2121212121212121E-002   1.0018446804283814        1.0101010101010102E-002   1.0018446804283814        1.0000000000000000        1.7763568394002505E-015
  0.94946081896455659        6.1130658910977192E-005   1.2121212121212121E-002   1.0018391576110401        1.0101010101010102E-002   1.0018391576110401        1.0000000000000000        1.7763568394002505E-015
  0.95956147490686272        6.2191253664112151E-005   1.2121212121212121E-002   1.0018334268370215        1.0101010101010102E-002   1.0018334268370215        1.0000000000000000        1.7763568394002505E-015
  0.96966218674138882        6.2947394134269498E-005   1.2121212121212121E-002   1.0018276295947213        1.0101010101010102E-002   1.0018276295947213        1.0000000000000000        8.8817841970012523E-016
  0.97976295709278260        6.3359615801511388E-005   1.2121212121212121E-002   1.0018217035291579        1.0101010101010102E-002   1.0018217035291579        1.0000000000000000       -3.2862601528904634E-014
  0.98986378606714254        6.3689819204112362E-005   1.2121212121212121E-002   1.0018156822609712        1.0101010101010102E-002   1.0018156822609712        1.0000000000000000        1.5010215292932116E-013
  0.99996467566214697        6.3655410752038691E-005   1.2121212121212121E-002   1.0018097051484163        1.0101010101010102E-002   1.0018097051484163        1.0000000000000000        1.0436096431476471E-012
   1.0100656857631571       -6.3372995407385196E-005   1.2121212121212121E-002   1.0018156822610307        1.0101010101010102E-002   1.0018038352743632        1.0000000000000000        1.4299672557172016E-013
   1.0201666958641673       -6.3048436722408342E-005   1.2121212121212121E-002   1.0018217035291099        1.0101010101010102E-002   1.0018006534405504        1.0000000000000000       -1.9677833450701065E-002
   1.0302677059651775       -6.2640371354160526E-005   1.2121212121212121E-002   1.0018276295947548        1.0101010101010102E-002   1.0018004115226273        1.0000000000000000       -1.3138325546267744     
   1.0403687160661876       -6.1893417689997917E-005   1.2121212121212121E-002   1.0018334268370785        1.0101010101010102E-002  0.99665637860081713        1.0000000000000000       -4.6453021478719450     
   1.0504697261671978       -6.0830837109903021E-005   1.2121212121212121E-002   1.0018391576110290        1.0101010101010102E-002  0.77867798353909146        1.0000000000000000        107.01218865918355     
  -1.0065685763150235E-002   6.3372995415454412E-005   1.2121212121212121E-002   1.0018156822609712        1.0101010101010102E-002   1.0018038352743770        1.0000000000000000        1.1546319456101628E-014
  -2.0166695864160339E-002   6.3048436710274046E-005   1.2121212121212121E-002   1.0018217035291579        1.0101010101010102E-002   1.0018006534405572        1.0000000000000000        1.9677833450746363E-002
  -3.0267705965170439E-002   6.2640371275869149E-005   1.2121212121212121E-002   1.0018276295947213        1.0101010101010102E-002   1.0018004115226335        1.0000000000000000        1.3138325546268277     
  -4.0368716066180539E-002   6.1893417676371122E-005   1.2121212121212121E-002   1.0018334268370215        1.0101010101010102E-002  0.99665637860082268        1.0000000000000000        4.6453021478716039     
  -5.0469726167190643E-002   6.0830837152247635E-005   1.2121212121212121E-002   1.0018391576110401        1.0101010101010102E-002  0.77867798353909445        1.0000000000000000       -107.01218865918408     
