 # x v h rho m p cs a t ek
   2.5503030303030445     
   1.0041293375803961E-015   1.3902737547058702E-013   1.2121212121212121E-002   1.0018785645614638        1.0101010101010102E-002   1.0018785645614638        1.0000000000000000       -2.0388135624216375E-011   2.5503030303030445        9.2515138996808897E-010
   1.0100237780678676E-002  -3.8579329366813863E-006   1.2121212121212121E-002   1.0018784071566211        1.0101010101010102E-002   1.0018784071566211        1.0000000000000000        3.2828978347332338E-005   2.5503030303030445        9.2515138996808897E-010
   2.0200478672111583E-002  -7.7003345445165204E-006   1.2121212121212121E-002   1.0018779355763276        1.0101010101010102E-002   1.0018779355763276        1.0000000000000000        6.5525683616840524E-005   2.5503030303030445        9.2515138996808897E-010
   3.0300725772524240E-002  -1.1511736910733308E-005   1.2121212121212121E-002   1.0018771517226439        1.0101010101010102E-002   1.0018771517226439        1.0000000000000000        9.7958127300401543E-005   2.5503030303030445        9.2515138996808897E-010
   4.0400982155100643E-002  -1.5276797242304631E-005   1.2121212121212121E-002   1.0018760587573261        1.0101010101010102E-002   1.0018760587573261        1.0000000000000000        1.2999563871307629E-004   2.5503030303030445        9.2515138996808897E-010
   5.0501250855607784E-002  -1.8980357581494906E-005   1.2121212121212121E-002   1.0018746610882017        1.0101010101010102E-002   1.0018746610882017        1.0000000000000000        1.6150910091816684E-004   2.5503030303030445        9.2515138996808897E-010
   6.0601534860158984E-002  -2.2607507951171731E-005   1.2121212121212121E-002   1.0018729643515709        1.0101010101010102E-002   1.0018729643515709        1.0000000000000000        1.9237150535467151E-004   2.5503030303030445        9.2515138996808897E-010
   7.0701837093183145E-002  -2.6143645802028255E-005   1.2121212121212121E-002   1.0018709753900665        1.0101010101010102E-002   1.0018709753900665        1.0000000000000000        2.2245832623379869E-004   2.5503030303030445        9.2515138996808897E-010
   8.0802160405622978E-002  -2.9574536118095300E-005   1.2121212121212121E-002   1.0018687022249604        1.0101010101010102E-002   1.0018687022249604        1.0000000000000000        2.5164833388480190E-004   2.5503030303030445        9.2515138996808897E-010
   9.0902507563448962E-002  -3.2886365465921215E-005   1.2121212121212121E-002   1.0018661540224723        1.0101010101010102E-002   1.0018661540224723        1.0000000000000000        2.7982401871540219E-004   2.5503030303030445        9.2515138996808897E-010
  0.10100288123652766       -3.6065799176261444E-005   1.2121212121212121E-002   1.0018633410571931        1.0101010101010102E-002   1.0018633410571931        1.0000000000000000        3.0687177263910570E-004   2.5503030303030445        9.2515138996808897E-010
  0.11110328398785412       -3.9100036945077980E-005   1.2121212121212121E-002   1.0018602746712657        1.0101010101010102E-002   1.0018602746712657        1.0000000000000000        3.3268256628193882E-004   2.5503030303030445        9.2515138996808897E-010
  0.12120371826322303       -4.1976861824408305E-005   1.2121212121212121E-002   1.0018569672281659        1.0101010101010102E-002   1.0018569672281659        1.0000000000000000        3.5715242728251440E-004   2.5503030303030445        9.2515138996808897E-010
  0.13130418638137348       -4.4684690489123616E-005   1.2121212121212121E-002   1.0018534320616856        1.0101010101010102E-002   1.0018534320616856        1.0000000000000000        3.8018296058783818E-004   2.5503030303030445        9.2515138996808897E-010
  0.14140469052467036       -4.7212618920930506E-005   1.2121212121212121E-002   1.0018496834224508        1.0101010101010102E-002   1.0018496834224508        1.0000000000000000        4.0168132599838202E-004   2.5503030303030445        9.2515138996808897E-010
  0.15150523273030259       -4.9550467476004147E-005   1.2121212121212121E-002   1.0018457364212485        1.0101010101010102E-002   1.0018457364212485        1.0000000000000000        4.2156092871703521E-004   2.5503030303030445        9.2515138996808897E-010
  0.16160581488207867       -5.1688821571167574E-005   1.2121212121212121E-002   1.0018416069672027        1.0101010101010102E-002   1.0018416069672027        1.0000000000000000        4.3974180213979253E-004   2.5503030303030445        9.2515138996808897E-010
  0.17170643870284882       -5.3619069624238479E-005   1.2121212121212121E-002   1.0018373117030346        1.0101010101010102E-002   1.0018373117030346        1.0000000000000000        4.5615086199291000E-004   2.5503030303030445        9.2515138996808897E-010
  0.18180710574757813       -5.5333437240294806E-005   1.2121212121212121E-002   1.0018328679378494        1.0101010101010102E-002   1.0018328679378494        1.0000000000000000        4.7072213569965271E-004   2.5503030303030445        9.2515138996808897E-010
  0.19190781739709625       -5.6825018576402642E-005   1.2121212121212121E-002   1.0018282935780913        1.0101010101010102E-002   1.0018282935780913        1.0000000000000000        4.8339691288035169E-004   2.5503030303030445        9.2515138996808897E-010
  0.20200857485253071       -5.8087805186719980E-005   1.2121212121212121E-002   1.0018236070552793        1.0101010101010102E-002   1.0018236070552793        1.0000000000000000        4.9412429180151207E-004   2.5503030303030445        9.2515138996808897E-010
  0.21210937913048195       -5.9116709747389015E-005   1.2121212121212121E-002   1.0018188272501938        1.0101010101010102E-002   1.0018188272501938        1.0000000000000000        5.0286137251731589E-004   2.5503030303030445        9.2515138996808897E-010
  0.22221023105895993       -5.9907585837244771E-005   1.2121212121212121E-002   1.0018139734171621        1.0101010101010102E-002   1.0018139734171621        1.0000000000000000        5.0957303128029707E-004   2.5503030303030445        9.2515138996808897E-010
  0.23231113127405270       -6.0457244409954170E-005   1.2121212121212121E-002   1.0018090651077494        1.0101010101010102E-002   1.0018090651077494        1.0000000000000000        5.1423226679592204E-004   2.5503030303030445        9.2515138996808897E-010
  0.24241208021736455       -6.0763469568029656E-005   1.2121212121212121E-002   1.0018041220910414        1.0101010101010102E-002   1.0018041220910414        1.0000000000000000        5.1682057721169627E-004   2.5503030303030445        9.2515138996808897E-010
  0.25251307813426371       -6.0825025199053748E-005   1.2121212121212121E-002   1.0017991642730764        1.0101010101010102E-002   1.0017991642730764        1.0000000000000000        5.1732778369828480E-004   2.5503030303030445        9.2515138996808897E-010
  0.26261412507291476       -6.0641658503548257E-005   1.2121212121212121E-002   1.0017942116171912        1.0101010101010102E-002   1.0017942116171912        1.0000000000000000        5.1575198518527543E-004   2.5503030303030445        9.2515138996808897E-010
  0.27271522088409900       -6.0214104218799162E-005   1.2121212121212121E-002   1.0017892840647344        1.0101010101010102E-002   1.0017892840647344        1.0000000000000000        5.1209952310227180E-004   2.5503030303030445        9.2515138996808897E-010
  0.28281636522181031       -5.9544080637979066E-005   1.2121212121212121E-002   1.0017844014543560        1.0101010101010102E-002   1.0017844014543560        1.0000000000000000        5.0638534935831814E-004   2.5503030303030445        9.2515138996808897E-010
  0.29291755754467164       -5.8634282624846454E-005   1.2121212121212121E-002   1.0017795834406515        1.0101010101010102E-002   1.0017795834406515        1.0000000000000000        4.9863278618644813E-004   2.5503030303030445        9.2515138996808897E-010
  0.30301879711814594       -5.7488369946954468E-005   1.2121212121212121E-002   1.0017748494160557        1.0101010101010102E-002   1.0017748494160557        1.0000000000000000        4.8887308135281415E-004   2.5503030303030445        9.2515138996808897E-010
  0.31312008301749289       -5.6110953282973376E-005   1.2121212121212121E-002   1.0017702184340043        1.0101010101010102E-002   1.0017702184340043        1.0000000000000000        4.7714557338185415E-004   2.5503030303030445        9.2515138996808897E-010
  0.32322141413149585       -5.4507576447087931E-005   1.2121212121212121E-002   1.0017657091315537        1.0101010101010102E-002   1.0017657091315537        1.0000000000000000        4.6349766792985747E-004   2.5503030303030445        9.2515138996808897E-010
  0.33332278916695246       -5.2684693734764295E-005   1.2121212121212121E-002   1.0017613396535154        1.0101010101010102E-002   1.0017613396535154        1.0000000000000000        4.4798456026562405E-004   2.5503030303030445        9.2515138996808897E-010
  0.34342420665390511       -5.0649643105708453E-005   1.2121212121212121E-002   1.0017571275800699        1.0101010101010102E-002   1.0017571275800699        1.0000000000000000        4.3066875393638071E-004   2.5503030303030445        9.2515138996808897E-010
  0.35352566495156296       -4.8410616480527277E-005   1.2121212121212121E-002   1.0017530898575402        1.0101010101010102E-002   1.0017530898575402        1.0000000000000000        4.1161988272087058E-004   2.5503030303030445        9.2515138996808897E-010
  0.36362716225489750       -4.5976629024083527E-005   1.2121212121212121E-002   1.0017492427298087        1.0101010101010102E-002   1.0017492427298087        1.0000000000000000        3.9091478219077658E-004   2.5503030303030445        9.2515138996808897E-010
  0.37372869660192348       -4.3357481219382720E-005   1.2121212121212121E-002   1.0017456016716229        1.0101010101010102E-002   1.0017456016716229        1.0000000000000000        3.6863702646527940E-004   2.5503030303030445        9.2515138996808897E-010
  0.38383026588162078       -4.0563718670226382E-005   1.2121212121212121E-002   1.0017421813274190        1.0101010101010102E-002   1.0017421813274190        1.0000000000000000        3.4487622304091303E-004   2.5503030303030445        9.2515138996808897E-010
  0.39393186784242273       -3.7606591246562369E-005   1.2121212121212121E-002   1.0017389954538694        1.0101010101010102E-002   1.0017389954538694        1.0000000000000000        3.1972792893686375E-004   2.5503030303030445        9.2515138996808897E-010
  0.40403350010127131       -3.4498006120023244E-005   1.2121212121212121E-002   1.0017360568639413        1.0101010101010102E-002   1.0017360568639413        1.0000000000000000        2.9329344239226174E-004   2.5503030303030445        9.2515138996808897E-010
  0.41413516015321666       -3.1250482549550659E-005   1.2121212121212121E-002   1.0017333773745616        1.0101010101010102E-002   1.0017333773745616        1.0000000000000000        2.6567927373566391E-004   2.5503030303030445        9.2515138996808897E-010
  0.42423684538151130       -2.7877099073685620E-005   1.2121212121212121E-002   1.0017309677597173        1.0101010101010102E-002   1.0017309677597173        1.0000000000000000        2.3699651158270996E-004   2.5503030303030445        9.2515138996808897E-010
  0.43433855306813729       -2.4391439930512115E-005   1.2121212121212121E-002   1.0017288377084113        1.0101010101010102E-002   1.0017288377084113        1.0000000000000000        2.0736043573332807E-004   2.5503030303030445        9.2515138996808897E-010
  0.44444028040472994       -2.0807543015350400E-005   1.2121212121212121E-002   1.0017269957856727        1.0101010101010102E-002   1.0017269957856727        1.0000000000000000        1.7689028001743878E-004   2.5503030303030445        9.2515138996808897E-010
  0.45454202450387804       -1.7139842877663562E-005   1.2121212121212121E-002   1.0017254493971646        1.0101010101010102E-002   1.0017254493971646        1.0000000000000000        1.4570874824304525E-004   2.5503030303030445        9.2515138996808897E-010
  0.46464378241075110       -1.3403111612100633E-005   1.2121212121212121E-002   1.0017242047591037        1.0101010101010102E-002   1.0017242047591037        1.0000000000000000        1.1394135131315153E-004   2.5503030303030445        9.2515138996808897E-010
  0.47474555111499878       -9.6123972401886383E-006   1.2121212121212121E-002   1.0017232668752170        1.0101010101010102E-002   1.0017232668752170        1.0000000000000000        8.1715588722275356E-005   2.5503030303030445        9.2515138996808897E-010
  0.48484732756282800       -5.7829678138185222E-006   1.2121212121212121E-002   1.0017226395170729        1.0101010101010102E-002   1.0017226395170729        1.0000000000000000        4.9161086475457694E-005   2.5503030303030445        9.2515138996808897E-010
  0.49494910866928993       -1.9302472491920253E-006   1.2121212121212121E-002   1.0017223252067122        1.0101010101010102E-002   1.0017223252067122        1.0000000000000000        1.6408989913507810E-005   2.5503030303030445        9.2515138996808897E-010
  0.50505089133071046        1.9302472190517605E-006   1.2121212121212121E-002   1.0017223252067442        1.0101010101010102E-002   1.0017223252067442        1.0000000000000000       -1.6408998395611718E-005   2.5503030303030445        9.2515138996808897E-010
  0.51515267243717178        5.7829677933169046E-006   1.2121212121212121E-002   1.0017226395171608        1.0101010101010102E-002   1.0017226395171608        1.0000000000000000       -4.9161088683469245E-005   2.5503030303030445        9.2515138996808897E-010
  0.52525444888499950        9.6123973019528374E-006   1.2121212121212121E-002   1.0017232668751546        1.0101010101010102E-002   1.0017232668751546        1.0000000000000000       -8.1715552812333669E-005   2.5503030303030445        9.2515138996808897E-010
  0.53535621758925001        1.3403111494253641E-005   1.2121212121212121E-002   1.0017242047589574        1.0101010101010102E-002   1.0017242047589574        1.0000000000000000       -1.1394137051645714E-004   2.5503030303030445        9.2515138996808897E-010
  0.54545797549612374        1.7139843047542339E-005   1.2121212121212121E-002   1.0017254493972614        1.0101010101010102E-002   1.0017254493972614        1.0000000000000000       -1.4570878078057348E-004   2.5503030303030445        9.2515138996808897E-010
  0.55555971959526884        2.0807542943765287E-005   1.2121212121212121E-002   1.0017269957857844        1.0101010101010102E-002   1.0017269957857844        1.0000000000000000       -1.7689025104683509E-004   2.5503030303030445        9.2515138996808897E-010
  0.56566144693186193        2.4391439939372415E-005   1.2121212121212121E-002   1.0017288377083426        1.0101010101010102E-002   1.0017288377083426        1.0000000000000000       -2.0736042705671309E-004   2.5503030303030445        9.2515138996808897E-010
  0.57576315461848937        2.7877099120575047E-005   1.2121212121212121E-002   1.0017309677597444        1.0101010101010102E-002   1.0017309677597444        1.0000000000000000       -2.3699653881692484E-004   2.5503030303030445        9.2515138996808897E-010
  0.58586483984678184        3.1250482634305291E-005   1.2121212121212121E-002   1.0017333773745918        1.0101010101010102E-002   1.0017333773745918        1.0000000000000000       -2.6567924818188260E-004   2.5503030303030445        9.2515138996808897E-010
  0.59596649989872852        3.4498006066763791E-005   1.2121212121212121E-002   1.0017360568638471        1.0101010101010102E-002   1.0017360568638471        1.0000000000000000       -2.9329344139039648E-004   2.5503030303030445        9.2515138996808897E-010
  0.60606813215757793        3.7606591059402518E-005   1.2121212121212121E-002   1.0017389954538163        1.0101010101010102E-002   1.0017389954538163        1.0000000000000000       -3.1972793736390059E-004   2.5503030303030445        9.2515138996808897E-010
  0.61616973411838016        4.0563718905606585E-005   1.2121212121212121E-002   1.0017421813274530        1.0101010101010102E-002   1.0017421813274530        1.0000000000000000       -3.4487623535639500E-004   2.5503030303030445        9.2515138996808897E-010
  0.62627130339807646        4.3357481249594874E-005   1.2121212121212121E-002   1.0017456016717055        1.0101010101010102E-002   1.0017456016717055        1.0000000000000000       -3.6863702315947933E-004   2.5503030303030445        9.2515138996808897E-010
  0.63637283774510156        4.5976628927503645E-005   1.2121212121212121E-002   1.0017492427298047        1.0101010101010102E-002   1.0017492427298047        1.0000000000000000       -3.9091476809804959E-004   2.5503030303030445        9.2515138996808897E-010
  0.64647433504843732        4.8410616484601309E-005   1.2121212121212121E-002   1.0017530898575753        1.0101010101010102E-002   1.0017530898575753        1.0000000000000000       -4.1161990436133777E-004   2.5503030303030445        9.2515138996808897E-010
  0.65657579334609317        5.0649643145940465E-005   1.2121212121212121E-002   1.0017571275800954        1.0101010101010102E-002   1.0017571275800954        1.0000000000000000       -4.3066872973440695E-004   2.5503030303030445        9.2515138996808897E-010
  0.66667721083304710        5.2684693757726755E-005   1.2121212121212121E-002   1.0017613396534171        1.0101010101010102E-002   1.0017613396534171        1.0000000000000000       -4.4798455981975849E-004   2.5503030303030445        9.2515138996808897E-010
  0.67677858586850470        5.4507576491849902E-005   1.2121212121212121E-002   1.0017657091315013        1.0101010101010102E-002   1.0017657091315013        1.0000000000000000       -4.6349767492248617E-004   2.5503030303030445        9.2515138996808897E-010
  0.68687991698250750        5.6110953172186765E-005   1.2121212121212121E-002   1.0017702184339130        1.0101010101010102E-002   1.0017702184339130        1.0000000000000000       -4.7714556087719018E-004   2.5503030303030445        9.2515138996808897E-010
  0.69698120288185672        5.7488369794031824E-005   1.2121212121212121E-002   1.0017748494160819        1.0101010101010102E-002   1.0017748494160819        1.0000000000000000       -4.8887311858347715E-004   2.5503030303030445        9.2515138996808897E-010
  0.70708244245532814        5.8634282792001670E-005   1.2121212121212121E-002   1.0017795834407421        1.0101010101010102E-002   1.0017795834407421        1.0000000000000000       -4.9863276205819318E-004   2.5503030303030445        9.2515138996808897E-010
  0.71718363477819025        5.9544080850925650E-005   1.2121212121212121E-002   1.0017844014543416        1.0101010101010102E-002   1.0017844014543416        1.0000000000000000       -5.0638535337999002E-004   2.5503030303030445        9.2515138996808897E-010
  0.72728477911590139        6.0214104117780583E-005   1.2121212121212121E-002   1.0017892840647642        1.0101010101010102E-002   1.0017892840647642        1.0000000000000000       -5.1209952449138285E-004   2.5503030303030445        9.2515138996808897E-010
  0.73738587492708485        6.0641658446195744E-005   1.2121212121212121E-002   1.0017942116170986        1.0101010101010102E-002   1.0017942116170986        1.0000000000000000       -5.1575196025943626E-004   2.5503030303030445        9.2515138996808897E-010
  0.74748692186573884        6.0825025050372910E-005   1.2121212121212121E-002   1.0017991642730388        1.0101010101010102E-002   1.0017991642730388        1.0000000000000000       -5.1732781883817580E-004   2.5503030303030445        9.2515138996808897E-010
  0.75758791978263584        6.0763469795093202E-005   1.2121212121212121E-002   1.0018041220910894        1.0101010101010102E-002   1.0018041220910894        1.0000000000000000       -5.1682056118806941E-004   2.5503030303030445        9.2515138996808897E-010
  0.76768886872594877        6.0457244318018372E-005   1.2121212121212121E-002   1.0018090651078078        1.0101010101010102E-002   1.0018090651078078        1.0000000000000000       -5.1423228650815389E-004   2.5503030303030445        9.2515138996808897E-010
  0.77778976894103935        5.9907585798820348E-005   1.2121212121212121E-002   1.0018139734172395        1.0101010101010102E-002   1.0018139734172395        1.0000000000000000       -5.0957301379650488E-004   2.5503030303030445        9.2515138996808897E-010
  0.78789062086951778        5.9116709700543824E-005   1.2121212121212121E-002   1.0018188272501805        1.0101010101010102E-002   1.0018188272501805        1.0000000000000000       -5.0286137219224258E-004   2.5503030303030445        9.2515138996808897E-010
  0.79799142514746901        5.8087805301976424E-005   1.2121212121212121E-002   1.0018236070552595        1.0101010101010102E-002   1.0018236070552595        1.0000000000000000       -4.9412428857298352E-004   2.5503030303030445        9.2515138996808897E-010
  0.80809218260290372        5.6825018542936676E-005   1.2121212121212121E-002   1.0018282935780045        1.0101010101010102E-002   1.0018282935780045        1.0000000000000000       -4.8339690254195489E-004   2.5503030303030445        9.2515138996808897E-010
  0.81819289425242347        5.5333437281794494E-005   1.2121212121212121E-002   1.0018328679377964        1.0101010101010102E-002   1.0018328679377964        1.0000000000000000       -4.7072215471288814E-004   2.5503030303030445        9.2515138996808897E-010
  0.82829356129715237        5.3619069674063315E-005   1.2121212121212121E-002   1.0018373117030985        1.0101010101010102E-002   1.0018373117030985        1.0000000000000000       -4.5615086603412180E-004   2.5503030303030445        9.2515138996808897E-010
  0.83839418511792119        5.1688821586104763E-005   1.2121212121212121E-002   1.0018416069671328        1.0101010101010102E-002   1.0018416069671328        1.0000000000000000       -4.3974177128447423E-004   2.5503030303030445        9.2515138996808897E-010
  0.84849476726970030        4.9550467211211591E-005   1.2121212121212121E-002   1.0018457364212057        1.0101010101010102E-002   1.0018457364212057        1.0000000000000000       -4.2156096389067699E-004   2.5503030303030445        9.2515138996808897E-010
  0.85859530947533047        4.7212618820084857E-005   1.2121212121212121E-002   1.0018496834225135        1.0101010101010102E-002   1.0018496834225135        1.0000000000000000       -4.0168131357187775E-004   2.5503030303030445        9.2515138996808897E-010
  0.86869581361862791        4.4684690803754417E-005   1.2121212121212121E-002   1.0018534320617158        1.0101010101010102E-002   1.0018534320617158        1.0000000000000000       -3.8018296812669661E-004   2.5503030303030445        9.2515138996808897E-010
  0.87879628173677726        4.1976861753520403E-005   1.2121212121212121E-002   1.0018569672281745        1.0101010101010102E-002   1.0018569672281745        1.0000000000000000       -3.5715241159284261E-004   2.5503030303030445        9.2515138996808897E-010
  0.88889671601214693        3.9100036866930476E-005   1.2121212121212121E-002   1.0018602746711738        1.0101010101010102E-002   1.0018602746711738        1.0000000000000000       -3.3268256274343599E-004   2.5503030303030445        9.2515138996808897E-010
  0.89899711876347488        3.6065799186173885E-005   1.2121212121212121E-002   1.0018633410572255        1.0101010101010102E-002   1.0018633410572255        1.0000000000000000       -3.0687180183530671E-004   2.5503030303030445        9.2515138996808897E-010
  0.90909749243655125        3.2886365440587340E-005   1.2121212121212121E-002   1.0018661540225307        1.0101010101010102E-002   1.0018661540225307        1.0000000000000000       -2.7982399568404759E-004   2.5503030303030445        9.2515138996808897E-010
  0.91919783959437817        2.9574536076234854E-005   1.2121212121212121E-002   1.0018687022249153        1.0101010101010102E-002   1.0018687022249153        1.0000000000000000       -2.5164833489021987E-004   2.5503030303030445        9.2515138996808897E-010
  0.92929816290681821        2.6143645884170339E-005   1.2121212121212121E-002   1.0018709753900565        1.0101010101010102E-002   1.0018709753900565        1.0000000000000000       -2.2245833165879247E-004   2.5503030303030445        9.2515138996808897E-010
  0.93939846513984238        2.2607507971272642E-005   1.2121212121212121E-002   1.0018729643516100        1.0101010101010102E-002   1.0018729643516100        1.0000000000000000       -1.9237151157369681E-004   2.5503030303030445        9.2515138996808897E-010
  0.94949874914439270        1.8980357411026022E-005   1.2121212121212121E-002   1.0018746610882248        1.0101010101010102E-002   1.0018746610882248        1.0000000000000000       -1.6150909088441523E-004   2.5503030303030445        9.2515138996808897E-010
  0.95959901784490020        1.5276797184600908E-005   1.2121212121212121E-002   1.0018760587573046        1.0101010101010102E-002   1.0018760587573046        1.0000000000000000       -1.2999563919802171E-004   2.5503030303030445        9.2515138996808897E-010
  0.96969927422747682        1.1511737089877287E-005   1.2121212121212121E-002   1.0018771517226588        1.0101010101010102E-002   1.0018771517226588        1.0000000000000000       -9.7958133891573596E-005   2.5503030303030445        9.2515138996808897E-010
  0.97979952132788894        7.7003346076244154E-006   1.2121212121212121E-002   1.0018779355763781        1.0101010101010102E-002   1.0018779355763781        1.0000000000000000       -6.5525686109069170E-005   2.5503030303030445        9.2515138996808897E-010
  0.98989976221932141        3.8579328440555112E-006   1.2121212121212121E-002   1.0018784071567093        1.0101010101010102E-002   1.0018784071567093        1.0000000000000000       -3.2828983383303978E-005   2.5503030303030445        9.2515138996808897E-010
  0.99999999999999756       -4.3851443958245323E-014   1.2121212121212121E-002   1.0018785645614630        1.0101010101010102E-002   1.0018785645614630        1.0000000000000000        4.4399151022389560E-011   2.5503030303030445        9.2515138996808897E-010
   1.0101002377806787       -3.9370317095495544E-006   1.2121212121212121E-002   1.0018784071566211        1.0101010101010102E-002   1.0018784071566211        1.0000000000000000        3.2828958206998493E-005   2.5503030303030445        9.2515138996808897E-010
   1.0202004786721115       -7.8582134111037946E-006   1.2121212121212121E-002   1.0018779355763276        1.0101010101010102E-002   1.0018779355763276        1.0000000000000000        6.5525672382271694E-005   2.5503030303030445        9.2515138996808897E-010
   1.0303007257725243       -1.1747759159492632E-005   1.2121212121212121E-002   1.0018771517226439        1.0101010101010102E-002   1.0018771517226439        1.0000000000000000        9.7958125331309986E-005   2.5503030303030445        9.2515138996808897E-010
   1.0404009821551006       -1.5590011264478958E-005   1.2121212121212121E-002   1.0018760587573261        1.0101010101010102E-002   1.0018760587573261        1.0000000000000000        1.2999563970250705E-004   2.5503030303030445        9.2515138996808897E-010
   1.0505012508556077       -1.9369500714006845E-005   1.2121212121212121E-002   1.0018746610882017        1.0101010101010102E-002   1.0018746610882017        1.0000000000000000        1.6150910117396222E-004   2.5503030303030445        9.2515138996808897E-010
   1.0606015348601590       -2.3071011513442441E-005   1.2121212121212121E-002   1.0018729643515709        1.0101010101010102E-002   1.0018729643515709        1.0000000000000000        1.9237150551631998E-004   2.5503030303030445        9.2515138996808897E-010
   1.0707018370931831       -2.6679641100240142E-005   1.2121212121212121E-002   1.0018709753900665        1.0101010101010102E-002   1.0018709753900665        1.0000000000000000        2.2245832650469310E-004   2.5503030303030445        9.2515138996808897E-010
   1.0808021604056230       -3.0180862286730865E-005   1.2121212121212121E-002   1.0018687022249604        1.0101010101010102E-002   1.0018687022249604        1.0000000000000000        2.5164833141921861E-004   2.5503030303030445        9.2515138996808897E-010
   1.0909025075634489       -3.3560578538536560E-005   1.2121212121212121E-002   1.0018661540224723        1.0101010101010102E-002   1.0018661540224723        1.0000000000000000        7.6296573053796948        2.5503030303030445        9.2515138996808897E-010
   1.1010028812365276       -3.6805181509664331E-005   1.2121212121212121E-002   1.0018633410571931        1.0101010101010102E-002   1.0018633410571931        1.0000000000000000        93.410714975478342        2.5503030303030445        9.2515138996808897E-010
  -1.0100237780678589E-002   3.9370316361190993E-006   1.2121212121212121E-002   1.0018784071567093        1.0101010101010102E-002   1.0018784071567093        1.0000000000000000       -3.2828963967723723E-005   2.5503030303030445        9.2515138996808897E-010
  -2.0200478672111055E-002   7.8582134784254227E-006   1.2121212121212121E-002   1.0018779355763781        1.0101010101010102E-002   1.0018779355763781        1.0000000000000000       -6.5525673094590786E-005   2.5503030303030445        9.2515138996808897E-010
  -3.0300725772523185E-002   1.1747759345407223E-005   1.2121212121212121E-002   1.0018771517226588        1.0101010101010102E-002   1.0018771517226588        1.0000000000000000       -9.7958133895126309E-005   2.5503030303030445        9.2515138996808897E-010
  -4.0400982155099796E-002   1.5590011211127849E-005   1.2121212121212121E-002   1.0018760587573046        1.0101010101010102E-002   1.0018760587573046        1.0000000000000000       -1.2999563919890988E-004   2.5503030303030445        9.2515138996808897E-010
  -5.0501250855607305E-002   1.9369500528065352E-005   1.2121212121212121E-002   1.0018746610882248        1.0101010101010102E-002   1.0018746610882248        1.0000000000000000       -1.6150909089152066E-004   2.5503030303030445        9.2515138996808897E-010
  -6.0601534860157624E-002   2.3071011544930339E-005   1.2121212121212121E-002   1.0018729643516100        1.0101010101010102E-002   1.0018729643516100        1.0000000000000000       -1.9237151157902588E-004   2.5503030303030445        9.2515138996808897E-010
  -7.0701837093181785E-002   2.6679641190422127E-005   1.2121212121212121E-002   1.0018709753900565        1.0101010101010102E-002   1.0018709753900565        1.0000000000000000       -2.2245833166234519E-004   2.5503030303030445        9.2515138996808897E-010
  -8.0802160405621826E-002   3.0180862251219012E-005   1.2121212121212121E-002   1.0018687022249153        1.0101010101010102E-002   1.0018687022249153        1.0000000000000000       -2.5164833489998983E-004   2.5503030303030445        9.2515138996808897E-010
  -9.0902507563448753E-002   3.3560578458784803E-005   1.2121212121212121E-002   1.0018661540225307        1.0101010101010102E-002   1.0018661540225307        1.0000000000000000       -7.6296573053587622        2.5503030303030445        9.2515138996808897E-010
 -0.10100288123652512        3.6805181585364418E-005   1.2121212121212121E-002   1.0018633410572255        1.0101010101010102E-002   1.0018633410572255        1.0000000000000000       -93.410714975492311        2.5503030303030445        9.2515138996808897E-010
