 # x v h rho m p cs a
   21.650909090910133     
   1.8085527117314698E-014  -6.9276732498716644E-013   1.2121212121212121E-002   1.0017774897383260        1.0101010101010102E-002   1.0017774897383260        1.0000000000000000        8.7450047203674330E-012
   1.0101236641103427E-002  -6.1767087658962007E-006   1.2121212121212121E-002   1.0017775360984882        1.0101010101010102E-002   1.0017775360984882        1.0000000000000000       -9.6706946530744631E-006
   2.0202472365792840E-002  -1.2328445131431939E-005   1.2121212121212121E-002   1.0017776749892193        1.0101010101010102E-002   1.0017776749892193        1.0000000000000000       -1.9301778070079934E-005
   3.0303706261438895E-002  -1.8430347953643862E-005   1.2121212121212121E-002   1.0017779058403034        1.0101010101010102E-002   1.0017779058403034        1.0000000000000000       -2.8853520198879323E-005
   4.0404937422922609E-002  -2.4457751297618891E-005   1.2121212121212121E-002   1.0017782277056082        1.0101010101010102E-002   1.0017782277056082        1.0000000000000000       -3.8287211370224838E-005
   5.0506164956300732E-002  -3.0386295934033345E-005   1.2121212121212121E-002   1.0017786392668291        1.0101010101010102E-002   1.0017786392668291        1.0000000000000000       -4.7563927803473405E-005
   6.0607387982513958E-002  -3.6192027038376504E-005   1.2121212121212121E-002   1.0017791388375228        1.0101010101010102E-002   1.0017791388375228        1.0000000000000000       -5.6645792273712914E-005
   7.0708605640961347E-002  -4.1851493991334048E-005   1.2121212121212121E-002   1.0017797243712099        1.0101010101010102E-002   1.0017797243712099        1.0000000000000000       -6.5495542174609511E-005
   8.0809817093041858E-002  -4.7341841796830097E-005   1.2121212121212121E-002   1.0017803934704028        1.0101010101010102E-002   1.0017803934704028        1.0000000000000000       -7.4077247957937686E-005
   9.0911021525554553E-002  -5.2640903927307697E-005   1.2121212121212121E-002   1.0017811433981847        1.0101010101010102E-002   1.0017811433981847        1.0000000000000000       -8.2356010048911799E-005
  0.10101221815400088       -5.7727297512141196E-005   1.2121212121212121E-002   1.0017819710873908        1.0101010101010102E-002   1.0017819710873908        1.0000000000000000       -9.0297854382193066E-005
  0.11111340622581815       -6.2580507796348848E-005   1.2121212121212121E-002   1.0017828731548495        1.0101010101010102E-002   1.0017828731548495        1.0000000000000000       -9.7870801369026594E-005
  0.12121458502339047       -6.7180970334192029E-005   1.2121212121212121E-002   1.0017838459160184        1.0101010101010102E-002   1.0017838459160184        1.0000000000000000       -1.0504398128752257E-004
  0.13131575386699634       -7.1510148853034402E-005   1.2121212121212121E-002   1.0017848854013454        1.0101010101010102E-002   1.0017848854013454        1.0000000000000000       -1.1178882975659832E-004
  0.14141691211749255       -7.5550612559798628E-005   1.2121212121212121E-002   1.0017859873724115        1.0101010101010102E-002   1.0017859873724115        1.0000000000000000       -1.1807780124417633E-004
  0.15151805917894140       -7.9286106951013041E-005   1.2121212121212121E-002   1.0017871473376911        1.0101010101010102E-002   1.0017871473376911        1.0000000000000000       -1.2388564788068379E-004
  0.16161919450099654       -8.2701618577181901E-005   1.2121212121212121E-002   1.0017883605747742        1.0101010101010102E-002   1.0017883605747742        1.0000000000000000       -1.2918946829465483E-004
  0.17172031758107553       -8.5783431305798383E-005   1.2121212121212121E-002   1.0017896221508069        1.0101010101010102E-002   1.0017896221508069        1.0000000000000000       -1.3396828119649484E-004
  0.18182142796633827       -8.8519181851301064E-005   1.2121212121212121E-002   1.0017909269393708        1.0101010101010102E-002   1.0017909269393708        1.0000000000000000       -1.3820269516173767E-004
  0.19192252525554310       -9.0897917783945285E-005   1.2121212121212121E-002   1.0017922696430404        1.0101010101010102E-002   1.0017922696430404        1.0000000000000000       -1.4187641375418281E-004
  0.20202360910057157       -9.2910130042534524E-005   1.2121212121212121E-002   1.0017936448176727        1.0101010101010102E-002   1.0017936448176727        1.0000000000000000       -1.4497516214539985E-004
  0.21212467920779740       -9.4547790802160234E-005   1.2121212121212121E-002   1.0017950468941907        1.0101010101010102E-002   1.0017950468941907        1.0000000000000000       -1.4748717417045754E-004
  0.22222573533918336       -9.5804389293301554E-005   1.2121212121212121E-002   1.0017964701994135        1.0101010101010102E-002   1.0017964701994135        1.0000000000000000       -1.4940249873873768E-004
  0.23232677731324625       -9.6674956036244640E-005   1.2121212121212121E-002   1.0017979089802387        1.0101010101010102E-002   1.0017979089802387        1.0000000000000000       -1.5071441833391930E-004
  0.24242780500567135       -9.7156082639845680E-005   1.2121212121212121E-002   1.0017993574287118        1.0101010101010102E-002   1.0017993574287118        1.0000000000000000       -1.5141822881759026E-004
  0.25252881834977647       -9.7245923326321116E-005   1.2121212121212121E-002   1.0018008097048841        1.0101010101010102E-002   1.0018008097048841        1.0000000000000000       -1.5151200709517809E-004
  0.26262981733667978       -9.6944214761946547E-005   1.2121212121212121E-002   1.0018022599598602        1.0101010101010102E-002   1.0018022599598602        1.0000000000000000       -1.5099577162214217E-004
  0.27273080201530381       -9.6252271213544799E-005   1.2121212121212121E-002   1.0018037023574695        1.0101010101010102E-002   1.0018037023574695        1.0000000000000000       -1.4987219421058739E-004
  0.28283177249213104       -9.5172972504273552E-005   1.2121212121212121E-002   1.0018051311022431        1.0101010101010102E-002   1.0018051311022431        1.0000000000000000       -1.4814710488408878E-004
  0.29293272893063127       -9.3710755727781714E-005   1.2121212121212121E-002   1.0018065404612766        1.0101010101010102E-002   1.0018065404612766        1.0000000000000000       -1.4582776236160555E-004
  0.30303367155059269       -9.1871594769097757E-005   1.2121212121212121E-002   1.0018079247836169        1.0101010101010102E-002   1.0018079247836169        1.0000000000000000       -1.4292398873827494E-004
  0.31313460062717791       -8.9662976323979517E-005   1.2121212121212121E-002   1.0018092785239212        1.0101010101010102E-002   1.0018092785239212        1.0000000000000000       -1.3944797949516641E-004
  0.32323551648978155       -8.7093865630878529E-005   1.2121212121212121E-002   1.0018105962670929        1.0101010101010102E-002   1.0018105962670929        1.0000000000000000       -1.3541475917477896E-004
  0.33333641952059173       -8.4174670712298483E-005   1.2121212121212121E-002   1.0018118727490530        1.0101010101010102E-002   1.0018118727490530        1.0000000000000000       -1.3084080346015270E-004
  0.34343731015303564       -8.0917199254825853E-005   1.2121212121212121E-002   1.0018131028732731        1.0101010101010102E-002   1.0018131028732731        1.0000000000000000       -1.2574459355274570E-004
  0.35353818887003413       -7.7334611260360648E-005   1.2121212121212121E-002   1.0018142817334064        1.0101010101010102E-002   1.0018142817334064        1.0000000000000000       -1.2014730432419185E-004
  0.36363905620198433       -7.3441365938919876E-005   1.2121212121212121E-002   1.0018154046337246        1.0101010101010102E-002   1.0018154046337246        1.0000000000000000       -1.1407172249278119E-004
  0.37373991272460710       -6.9253156260602489E-005   1.2121212121212121E-002   1.0018164671050711        1.0101010101010102E-002   1.0018164671050711        1.0000000000000000       -1.0754232715370904E-004
  0.38384075905662368       -6.4786855715149739E-005   1.2121212121212121E-002   1.0018174649213927        1.0101010101010102E-002   1.0018174649213927        1.0000000000000000       -1.0058532754442240E-004
  0.39394159585727745       -6.0060443296058096E-005   1.2121212121212121E-002   1.0018183941175052        1.0101010101010102E-002   1.0018183941175052        1.0000000000000000       -9.3228940269973748E-005
  0.40404242382365474       -5.5092934253670642E-005   1.2121212121212121E-002   1.0018192510050890        1.0101010101010102E-002   1.0018192510050890        1.0000000000000000       -8.5502713762508620E-005
  0.41414324368788652       -4.9904301440488499E-005   1.2121212121212121E-002   1.0018200321846589        1.0101010101010102E-002   1.0018200321846589        1.0000000000000000       -7.7437327914431364E-005
  0.42424405621423994       -4.4515395455012984E-005   1.2121212121212121E-002   1.0018207345575860        1.0101010101010102E-002   1.0018207345575860        1.0000000000000000       -6.9064847490807324E-005
  0.43434486219608776       -3.8947866748936260E-005   1.2121212121212121E-002   1.0018213553407849        1.0101010101010102E-002   1.0018213553407849        1.0000000000000000       -6.0419030475600266E-005
  0.44444566245269645       -3.3224071084577846E-005   1.2121212121212121E-002   1.0018218920767941        1.0101010101010102E-002   1.0018218920767941        1.0000000000000000       -5.1534030429678523E-005
  0.45454645782599823       -2.7366986272608839E-005   1.2121212121212121E-002   1.0018223426402393        1.0101010101010102E-002   1.0018223426402393        1.0000000000000000       -4.2444973701094568E-005
  0.46464724917726641       -2.1400116766525348E-005   1.2121212121212121E-002   1.0018227052483142        1.0101010101010102E-002   1.0018227052483142        1.0000000000000000       -3.3188138250039856E-005
  0.47474803738366239       -1.5347406266261017E-005   1.2121212121212121E-002   1.0018229784663779        1.0101010101010102E-002   1.0018229784663779        1.0000000000000000       -2.3799892552744950E-005
  0.48484882333481250       -9.2331370446691305E-006   1.2121212121212121E-002   1.0018231612141504        1.0101010101010102E-002   1.0018231612141504        1.0000000000000000       -1.4317761259263762E-005
  0.49494960792922521       -3.0818326211863290E-006   1.2121212121212121E-002   1.0018232527691135        1.0101010101010102E-002   1.0018232527691135        1.0000000000000000       -4.7788257040437543E-006
  0.50505039207080427        3.0818326833337203E-006   1.2121212121212121E-002   1.0018232527688342        1.0101010101010102E-002   1.0018232527688342        1.0000000000000000        4.7788834951489889E-006
  0.51515117666522370        9.2331366943196796E-006   1.2121212121212121E-002   1.0018231612139397        1.0101010101010102E-002   1.0018231612139397        1.0000000000000000        1.4317692570209317E-005
  0.52525196261637142        1.5347406755387470E-005   1.2121212121212121E-002   1.0018229784663519        1.0101010101010102E-002   1.0018229784663519        1.0000000000000000        2.3799922169942533E-005
  0.53535275082276956        2.1400116562416354E-005   1.2121212121212121E-002   1.0018227052481088        1.0101010101010102E-002   1.0018227052481088        1.0000000000000000        3.3188141965290185E-005
  0.54545354217404052        2.7366985834491374E-005   1.2121212121212121E-002   1.0018223426403023        1.0101010101010102E-002   1.0018223426403023        1.0000000000000000        4.2444917353279266E-005
  0.55555433754733796        3.3224071498446418E-005   1.2121212121212121E-002   1.0018218920769804        1.0101010101010102E-002   1.0018218920769804        1.0000000000000000        5.1534056145996487E-005
  0.56565513780394705        3.8947866564602429E-005   1.2121212121212121E-002   1.0018213553409203        1.0101010101010102E-002   1.0018213553409203        1.0000000000000000        6.0419016242541090E-005
  0.57575594378579165        4.4515395960736377E-005   1.2121212121212121E-002   1.0018207345575647        1.0101010101010102E-002   1.0018207345575647        1.0000000000000000        6.9064898791104667E-005
  0.58585675631214862        4.9904301183961494E-005   1.2121212121212121E-002   1.0018200321844588        1.0101010101010102E-002   1.0018200321844588        1.0000000000000000        7.7437313179551381E-005
  0.59595757617638145        5.5092934384794968E-005   1.2121212121212121E-002   1.0018192510050701        1.0101010101010102E-002   1.0018192510050701        1.0000000000000000        8.5502688186522846E-005
  0.60605840414275791        6.0060443064006142E-005   1.2121212121212121E-002   1.0018183941175747        1.0101010101010102E-002   1.0018183941175747        1.0000000000000000        9.3228948548684798E-005
  0.61615924094341035        6.4786855516300637E-005   1.2121212121212121E-002   1.0018174649211322        1.0101010101010102E-002   1.0018174649211322        1.0000000000000000        1.0058538977109066E-004
  0.62626008727543414        6.9253156601244527E-005   1.2121212121212121E-002   1.0018164671048875        1.0101010101010102E-002   1.0018164671048875        1.0000000000000000        1.0754224873732454E-004
  0.63636094379805386        7.3441365894385134E-005   1.2121212121212121E-002   1.0018154046339174        1.0101010101010102E-002   1.0018154046339174        1.0000000000000000        1.1407171940902572E-004
  0.64646181113000245        7.7334610966192733E-005   1.2121212121212121E-002   1.0018142817335063        1.0101010101010102E-002   1.0018142817335063        1.0000000000000000        1.2014732528875527E-004
  0.65656268984700039        8.0917199386277303E-005   1.2121212121212121E-002   1.0018131028731447        1.0101010101010102E-002   1.0018131028731447        1.0000000000000000        1.2574462736925085E-004
  0.66666358047944774        8.4174670674822533E-005   1.2121212121212121E-002   1.0018118727489276        1.0101010101010102E-002   1.0018118727489276        1.0000000000000000        1.3084076342639861E-004
  0.67676448351025775        8.7093865674995176E-005   1.2121212121212121E-002   1.0018105962673791        1.0101010101010102E-002   1.0018105962673791        1.0000000000000000        1.3541471525524429E-004
  0.68686539937285462        8.9662976036007790E-005   1.2121212121212121E-002   1.0018092785239414        1.0101010101010102E-002   1.0018092785239414        1.0000000000000000        1.3944807651977698E-004
  0.69696632844944650        9.1871594900874495E-005   1.2121212121212121E-002   1.0018079247835034        1.0101010101010102E-002   1.0018079247835034        1.0000000000000000        1.4292392444836821E-004
  0.70706727106940415        9.3710756108455681E-005   1.2121212121212121E-002   1.0018065404613992        1.0101010101010102E-002   1.0018065404613992        1.0000000000000000        1.4582777354021914E-004
  0.71716822750790554        9.5172972727261399E-005   1.2121212121212121E-002   1.0018051311024911        1.0101010101010102E-002   1.0018051311024911        1.0000000000000000        1.4814706555110746E-004
  0.72726919798472600        9.6252270598230983E-005   1.2121212121212121E-002   1.0018037023574398        1.0101010101010102E-002   1.0018037023574398        1.0000000000000000        1.4987229647278610E-004
  0.73737018266335752        9.6944215135112780E-005   1.2121212121212121E-002   1.0018022599596466        1.0101010101010102E-002   1.0018022599596466        1.0000000000000000        1.5099570449095268E-004
  0.74747118165025861        9.7245923641688938E-005   1.2121212121212121E-002   1.0018008097050330        1.0101010101010102E-002   1.0018008097050330        1.0000000000000000        1.5151200350693728E-004
  0.75757219499436179        9.7156081953715166E-005   1.2121212121212121E-002   1.0017993574286159        1.0101010101010102E-002   1.0017993574286159        1.0000000000000000        1.5141827641773631E-004
  0.76767322268679139        9.6674956318240597E-005   1.2121212121212121E-002   1.0017979089802107        1.0101010101010102E-002   1.0017979089802107        1.0000000000000000        1.5071436339386679E-004
  0.77777426466085031        9.5804389302443641E-005   1.2121212121212121E-002   1.0017964701994764        1.0101010101010102E-002   1.0017964701994764        1.0000000000000000        1.4940252922102104E-004
  0.78787532079223910        9.4547790936435651E-005   1.2121212121212121E-002   1.0017950468943770        1.0101010101010102E-002   1.0017950468943770        1.0000000000000000        1.4748711885914645E-004
  0.79797639089945793        9.2910129775400309E-005   1.2121212121212121E-002   1.0017936448177132        1.0101010101010102E-002   1.0017936448177132        1.0000000000000000        1.4497524988410504E-004
  0.80807747474449265        9.0897917896480741E-005   1.2121212121212121E-002   1.0017922696429702        1.0101010101010102E-002   1.0017922696429702        1.0000000000000000        1.4187634718432207E-004
  0.81817857203369326        8.8519182078948785E-005   1.2121212121212121E-002   1.0017909269395189        1.0101010101010102E-002   1.0017909269395189        1.0000000000000000        1.3820271628262049E-004
  0.82827968241895655        8.5783430918103936E-005   1.2121212121212121E-002   1.0017896221507694        1.0101010101010102E-002   1.0017896221507694        1.0000000000000000        1.3396829814382727E-004
  0.83838080549903549        8.2701618583873313E-005   1.2121212121212121E-002   1.0017883605744085        1.0101010101010102E-002   1.0017883605744085        1.0000000000000000        1.2918952506435488E-004
  0.84848194082109851        7.9286107230177035E-005   1.2121212121212121E-002   1.0017871473373534        1.0101010101010102E-002   1.0017871473373534        1.0000000000000000        1.2388558514153658E-004
  0.85858308788254667        7.5550612606124703E-005   1.2121212121212121E-002   1.0017859873724122        1.0101010101010102E-002   1.0017859873724122        1.0000000000000000        1.1807778775807520E-004
  0.86868424613304329        7.1510148658330300E-005   1.2121212121212121E-002   1.0017848854015219        1.0101010101010102E-002   1.0017848854015219        1.0000000000000000        1.1178880663642587E-004
  0.87878541497664453        6.7180970549191176E-005   1.2121212121212121E-002   1.0017838459159660        1.0101010101010102E-002   1.0017838459159660        1.0000000000000000        1.0504405384814675E-004
  0.88888659377422297        6.2580507723258172E-005   1.2121212121212121E-002   1.0017828731548060        1.0101010101010102E-002   1.0017828731548060        1.0000000000000000        9.7870727025828330E-005
  0.89898778184603534        5.7727297397963493E-005   1.2121212121212121E-002   1.0017819710875433        1.0101010101010102E-002   1.0017819710875433        1.0000000000000000        9.0297890166013417E-005
  0.90908897847448278        5.2640903823504968E-005   1.2121212121212121E-002   1.0017811433981454        1.0101010101010102E-002   1.0017811433981454        1.0000000000000000        8.2356008938688774E-005
  0.91919018290699583        4.7341841980472844E-005   1.2121212121212121E-002   1.0017803934705074        1.0101010101010102E-002   1.0017803934705074        1.0000000000000000        7.4077224433644062E-005
  0.92929139435907349        4.1851493807197237E-005   1.2121212121212121E-002   1.0017797243712521        1.0101010101010102E-002   1.0017797243712521        1.0000000000000000        6.5495575253926575E-005
  0.93939261201752300        3.6192027051981005E-005   1.2121212121212121E-002   1.0017791388375372        1.0101010101010102E-002   1.0017791388375372        1.0000000000000000        5.6645768275132014E-005
  0.94949383504373386        3.0386296165008394E-005   1.2121212121212121E-002   1.0017786392668531        1.0101010101010102E-002   1.0017786392668531        1.0000000000000000        4.7563947699558184E-005
  0.95959506257711413        2.4457751650594119E-005   1.2121212121212121E-002   1.0017782277057763        1.0101010101010102E-002   1.0017782277057763        1.0000000000000000        3.8287158251826270E-005
  0.96969629373859212        1.8430347734561033E-005   1.2121212121212121E-002   1.0017779058404483        1.0101010101010102E-002   1.0017779058404483        1.0000000000000000        2.8853580061216633E-005
  0.97979752763424033        1.2328445424756798E-005   1.2121212121212121E-002   1.0017776749889549        1.0101010101010102E-002   1.0017776749889549        1.0000000000000000        1.9301807359539680E-005
  0.98989876335893334        6.1767083516290541E-006   1.2121212121212121E-002   1.0017775360981214        1.0101010101010102E-002   1.0017775360981214        1.0000000000000000        9.6706898853327061E-006
   1.0000000000000231        7.3586693344770612E-013   1.2121212121212121E-002   1.0017774897383225        1.0101010101010102E-002   1.0017774897383225        1.0000000000000000       -8.5488949252976454E-011
   1.0101012366411035       -6.1524918092654756E-006   1.2121212121212121E-002   1.0017775360984882        1.0101010101010102E-002   1.0017775360984882        1.0000000000000000       -9.6706685352998534E-006
   1.0202024723657928       -1.2280110598885864E-005   1.2121212121212121E-002   1.0017776749892193        1.0101010101010102E-002   1.0017776749892193        1.0000000000000000       -1.9301757707701483E-005
   1.0303037062614389       -1.8358094302199451E-005   1.2121212121212121E-002   1.0017779058403034        1.0101010101010102E-002   1.0017779058403034        1.0000000000000000       -2.8853520031901780E-005
   1.0404049374229225       -2.4361874172191830E-005   1.2121212121212121E-002   1.0017782277056082        1.0101010101010102E-002   1.0017782277056082        1.0000000000000000       -3.8287209572551717E-005
   1.0505061649563008       -3.0267188412055248E-005   1.2121212121212121E-002   1.0017786392668291        1.0101010101010102E-002   1.0017786392668291        1.0000000000000000       -4.7563929206795308E-005
   1.0606073879825140       -3.6050177076418682E-005   1.2121212121212121E-002   1.0017791388375228        1.0101010101010102E-002   1.0017791388375228        1.0000000000000000       -5.6645792777310078E-005
   1.0707086056409614       -4.1687482720824470E-005   1.2121212121212121E-002   1.0017797243712099        1.0101010101010102E-002   1.0017797243712099        1.0000000000000000       -6.5495542374449656E-005
   1.0808098170930418       -4.7156340342205313E-005   1.2121212121212121E-002   1.0017803934704028        1.0101010101010102E-002   1.0017803934704028        1.0000000000000000       -7.4077245979964346E-005
   1.0909110215255546       -5.2434670939619997E-005   1.2121212121212121E-002   1.0017811433981847        1.0101010101010102E-002   1.0017811433981847        1.0000000000000000        7.6238424389851644     
   1.1010122181540010       -5.7501176623503702E-005   1.2121212121212121E-002   1.0017819710873908        1.0101010101010102E-002   1.0017819710873908        1.0000000000000000        93.407482905750911     
  -1.0101236641066658E-002   6.1524914274550594E-006   1.2121212121212121E-002   1.0017775360981214        1.0101010101010102E-002   1.0017775360981214        1.0000000000000000        9.6706613570418654E-006
  -2.0202472365759672E-002   1.2280110800181441E-005   1.2121212121212121E-002   1.0017776749889549        1.0101010101010102E-002   1.0017776749889549        1.0000000000000000        1.9301788479531012E-005
  -3.0303706261407881E-002   1.8358093961759152E-005   1.2121212121212121E-002   1.0017779058404483        1.0101010101010102E-002   1.0017779058404483        1.0000000000000000        2.8853580065657525E-005
  -4.0404937422885867E-002   2.4361874635043881E-005   1.2121212121212121E-002   1.0017782277057763        1.0101010101010102E-002   1.0017782277057763        1.0000000000000000        3.8287158240279950E-005
  -5.0506164956266142E-002   3.0267188590540570E-005   1.2121212121212121E-002   1.0017786392668531        1.0101010101010102E-002   1.0017786392668531        1.0000000000000000        4.7563947705775433E-005
  -6.0607387982477001E-002   3.6050177151377472E-005   1.2121212121212121E-002   1.0017791388375372        1.0101010101010102E-002   1.0017791388375372        1.0000000000000000        5.6645768288454690E-005
  -7.0708605640926514E-002   4.1687482470613641E-005   1.2121212121212121E-002   1.0017797243712521        1.0101010101010102E-002   1.0017797243712521        1.0000000000000000        6.5495575249485682E-005
  -8.0809817093004166E-002   4.7156340566678436E-005   1.2121212121212121E-002   1.0017803934705074        1.0101010101010102E-002   1.0017803934705074        1.0000000000000000        7.4077224441637668E-005
  -9.0911021525517222E-002   5.2434670841504844E-005   1.2121212121212121E-002   1.0017811433981454        1.0101010101010102E-002   1.0017811433981454        1.0000000000000000       -7.6238424390018338     
 -0.10101221815396466        5.7501176431976963E-005   1.2121212121212121E-002   1.0017819710875433        1.0101010101010102E-002   1.0017819710875433        1.0000000000000000       -93.407482905733787     
