 # x v h rho m p cs a
   16.150303030301014     
   1.0832544370723953E-014   2.9685291262164019E-013   1.2121212121212121E-002   1.0018988032163751        1.0101010101010102E-002   1.0018988032163751        1.0000000000000000        3.1672442446506466E-011
   1.0100037799235009E-002   2.3878236787963253E-007   1.2121212121212121E-002   1.0018986051228815        1.0101010101010102E-002   1.0018986051228815        1.0000000000000000        4.1313756030447735E-005
   2.0200079513170523E-002   4.7652063108162268E-007   1.2121212121212121E-002   1.0018980116406417        1.0101010101010102E-002   1.0018980116406417        1.0000000000000000        8.2461186852178514E-005
   3.0300129040765875E-002   7.1217589482588798E-007   1.2121212121212121E-002   1.0018970251587509        1.0101010101010102E-002   1.0018970251587509        1.0000000000000000        1.2327689925850649E-004
   4.0400190249549189E-002   9.4472002492902133E-007   1.2121212121212121E-002   1.0018956496499729        1.0101010101010102E-002   1.0018956496499729        1.0000000000000000        1.6359616471905980E-004
   5.0500266960006417E-002   1.1731419716587735E-006   1.2121212121212121E-002   1.0018938906552679        1.0101010101010102E-002   1.0018938906552679        1.0000000000000000        2.0325678729893326E-004
   6.0600362930223112E-002   1.3964512603156853E-006   1.2121212121212121E-002   1.0018917552584681        1.0101010101010102E-002   1.0018917552584681        1.0000000000000000        2.4209932663765699E-004
   7.0700481840774543E-002   1.6136865930337232E-006   1.2121212121212121E-002   1.0018892520581324        1.0101010101010102E-002   1.0018892520581324        1.0000000000000000        2.7996746079494983E-004
   8.0800627279919116E-002   1.8239159203494544E-006   1.2121212121212121E-002   1.0018863911353053        1.0101010101010102E-002   1.0018863911353053        1.0000000000000000        3.1670840616104812E-004
   9.0900802729117033E-002   2.0262447840366956E-006   1.2121212121212121E-002   1.0018831840132369        1.0101010101010102E-002   1.0018831840132369        1.0000000000000000        3.5217423089406452E-004
  0.10100101154901502        2.2198180600975945E-006   1.2121212121212121E-002   1.0018796436079442        1.0101010101010102E-002   1.0018796436079442        1.0000000000000000        3.8622248248820767E-004
  0.11110125696594982        2.4038286176161077E-006   1.2121212121212121E-002   1.0018757841756796        1.0101010101010102E-002   1.0018757841756796        1.0000000000000000        4.1871616238431386E-004
  0.12120154205897139        2.5775145098852586E-006   1.2121212121212121E-002   1.0018716212590386        1.0101010101010102E-002   1.0018716212590386        1.0000000000000000        4.4952398848696618E-004
  0.13130186974739599        2.7401673043332088E-006   1.2121212121212121E-002   1.0018671716247327        1.0101010101010102E-002   1.0018671716247327        1.0000000000000000        4.7852192760000634E-004
  0.14140224277905367        2.8911334992007796E-006   1.2121212121212121E-002   1.0018624531920324        1.0101010101010102E-002   1.0018624531920324        1.0000000000000000        5.0559361838775629E-004
  0.15150266371926960        3.0298169256451398E-006   1.2121212121212121E-002   1.0018574849614095        1.0101010101010102E-002   1.0018574849614095        1.0000000000000000        5.3062990555741152E-004
  0.16160313494051254        3.1556814301029728E-006   1.2121212121212121E-002   1.0018522869405067        1.0101010101010102E-002   1.0018522869405067        1.0000000000000000        5.5352980082723491E-004
  0.17170365861282830        3.2682512100639954E-006   1.2121212121212121E-002   1.0018468800630533        1.0101010101010102E-002   1.0018468800630533        1.0000000000000000        5.7420102966521114E-004
  0.18180423669509152        3.3671149925225237E-006   1.2121212121212121E-002   1.0018412861029611        1.0101010101010102E-002   1.0018412861029611        1.0000000000000000        5.9256053424405764E-004
  0.19190487092713804        3.4519254317703824E-006   1.2121212121212121E-002   1.0018355275863455        1.0101010101010102E-002   1.0018355275863455        1.0000000000000000        6.0853437370145258E-004
  0.20200556282275364        3.5223991278775128E-006   1.2121212121212121E-002   1.0018296277022565        1.0101010101010102E-002   1.0018296277022565        1.0000000000000000        6.2205805275539205E-004
  0.21210631366356489        3.5783167092378190E-006   1.2121212121212121E-002   1.0018236102102733        1.0101010101010102E-002   1.0018236102102733        1.0000000000000000        6.3307688963920583E-004
  0.22220712449384658        3.6195259016080431E-006   1.2121212121212121E-002   1.0018174993424454        1.0101010101010102E-002   1.0018174993424454        1.0000000000000000        6.4154686106743242E-004
  0.23230799611635719        3.6459344365593713E-006   1.2121212121212121E-002   1.0018113197047434        1.0101010101010102E-002   1.0018113197047434        1.0000000000000000        6.4743381464360539E-004
  0.24240892908909867        3.6575177545297691E-006   1.2121212121212121E-002   1.0018050961815090        1.0101010101010102E-002   1.0018050961815090        1.0000000000000000        6.5071363304092245E-004
  0.25250992372302350        3.6543107771487376E-006   1.2121212121212121E-002   1.0017988538347897        1.0101010101010102E-002   1.0017988538347897        1.0000000000000000        6.5137313577778855E-004
  0.26261098008078659        3.6364089159883433E-006   1.2121212121212121E-002   1.0017926178004950        1.0101010101010102E-002   1.0017926178004950        1.0000000000000000        6.4940991693340777E-004
  0.27271209797651369        3.6039674977071343E-006   1.2121212121212121E-002   1.0017864131872933        1.0101010101010102E-002   1.0017864131872933        1.0000000000000000        6.4483186722608110E-004
  0.28281327697655256        3.5571993128714500E-006   1.2121212121212121E-002   1.0017802649790022        1.0101010101010102E-002   1.0017802649790022        1.0000000000000000        6.3765691165595939E-004
  0.29291451640115729        3.4963684206922071E-006   1.2121212121212121E-002   1.0017741979332575        1.0101010101010102E-002   1.0017741979332575        1.0000000000000000        6.2791408864359965E-004
  0.30301581532724625        3.4217958341638093E-006   1.2121212121212121E-002   1.0017682364786000        1.0101010101010102E-002   1.0017682364786000        1.0000000000000000        6.1564283092518934E-004
  0.31311717259213401        3.3338493992535067E-006   1.2121212121212121E-002   1.0017624046172799        1.0101010101010102E-002   1.0017624046172799        1.0000000000000000        6.0089246237104987E-004
  0.32321858679820575        3.2329463325150739E-006   1.2121212121212121E-002   1.0017567258308937        1.0101010101010102E-002   1.0017567258308937        1.0000000000000000        5.8372208424284366E-004
  0.33332005631850825        3.1195466079226032E-006   1.2121212121212121E-002   1.0017512229847458        1.0101010101010102E-002   1.0017512229847458        1.0000000000000000        5.6420098961229570E-004
  0.34342157930332301        2.9941522540494971E-006   1.2121212121212121E-002   1.0017459182346427        1.0101010101010102E-002   1.0017459182346427        1.0000000000000000        5.4240775356184656E-004
  0.35352315368760567        2.8573070122127253E-006   1.2121212121212121E-002   1.0017408329386073        1.0101010101010102E-002   1.0017408329386073        1.0000000000000000        5.1843013190566722E-004
  0.36362477719929998        2.7095888888830278E-006   1.2121212121212121E-002   1.0017359875704608        1.0101010101010102E-002   1.0017359875704608        1.0000000000000000        4.9236469911395631E-004
  0.37372644736849492        2.5516091013135739E-006   1.2121212121212121E-002   1.0017314016387315        1.0101010101010102E-002   1.0017314016387315        1.0000000000000000        4.6431618496001192E-004
  0.38382816153733579        2.3840094910253506E-006   1.2121212121212121E-002   1.0017270936068983        1.0101010101010102E-002   1.0017270936068983        1.0000000000000000        4.3439780625487145E-004
  0.39392991687076806        2.2074634221085728E-006   1.2121212121212121E-002   1.0017230808188942        1.0101010101010102E-002   1.0017230808188942        1.0000000000000000        4.0272987964407037E-004
  0.40403171036792301        2.0226663787186544E-006   1.2121212121212121E-002   1.0017193794298185        1.0101010101010102E-002   1.0017193794298185        1.0000000000000000        3.6944010327211174E-004
  0.41413353887423232        1.8303367825736269E-006   1.2121212121212121E-002   1.0017160043411026        1.0101010101010102E-002   1.0017160043411026        1.0000000000000000        3.3466229763057243E-004
  0.42423539909410157        1.6312159170032352E-006   1.2121212121212121E-002   1.0017129691416196        1.0101010101010102E-002   1.0017129691416196        1.0000000000000000        2.9853652325861901E-004
  0.43433728760418161        1.4260616212883196E-006   1.2121212121212121E-002   1.0017102860501190        1.0101010101010102E-002   1.0017102860501190        1.0000000000000000        2.6120860848877214E-004
  0.44443920086719879        1.2156461732600475E-006   1.2121212121212121E-002   1.0017079658673991        1.0101010101010102E-002   1.0017079658673991        1.0000000000000000        2.2282862867584186E-004
  0.45454113524616691        1.0007589662398874E-006   1.2121212121212121E-002   1.0017060179346553        1.0101010101010102E-002   1.0017060179346553        1.0000000000000000        1.8355109819623294E-004
  0.46464308701903656        7.8219546824544048E-007   1.2121212121212121E-002   1.0017044500944259        1.0101010101010102E-002   1.0017044500944259        1.0000000000000000        1.4353424762969524E-004
  0.47474505239368914        5.6076578847768537E-007   1.2121212121212121E-002   1.0017032686583640        1.0101010101010102E-002   1.0017032686583640        1.0000000000000000        1.0293938075722764E-004
  0.48484702752322345        3.3728208230318416E-007   1.2121212121212121E-002   1.0017024783816610        1.0101010101010102E-002   1.0017024783816610        1.0000000000000000        6.1930037482227362E-005
  0.49494900852146095        1.1256454702105892E-007   1.2121212121212121E-002   1.0017020824460072        1.0101010101010102E-002   1.0017020824460072        1.0000000000000000        2.0671092096691268E-005
  0.50505099147856047       -1.1256466220252036E-007   1.2121212121212121E-002   1.0017020824459959        1.0101010101010102E-002   1.0017020824459959        1.0000000000000000       -2.0671088893919887E-005
  0.51515297247679814       -3.3728213668467979E-007   1.2121212121212121E-002   1.0017024783816084        1.0101010101010102E-002   1.0017024783816084        1.0000000000000000       -6.1930033000479057E-005
  0.52525494760633351       -5.6076533617558721E-007   1.2121212121212121E-002   1.0017032686583676        1.0101010101010102E-002   1.0017032686583676        1.0000000000000000       -1.0293939712546774E-004
  0.53535691298098487       -7.8219559749344986E-007   1.2121212121212121E-002   1.0017044500944352        1.0101010101010102E-002   1.0017044500944352        1.0000000000000000       -1.4353423202528859E-004
  0.54545886475385541       -1.0007585424378626E-006   1.2121212121212121E-002   1.0017060179345960        1.0101010101010102E-002   1.0017060179345960        1.0000000000000000       -1.8355109990952911E-004
  0.55556079913282408       -1.2156467923096809E-006   1.2121212121212121E-002   1.0017079658674142        1.0101010101010102E-002   1.0017079658674142        1.0000000000000000       -2.2282864252787249E-004
  0.56566271239584032       -1.4260615377452559E-006   1.2121212121212121E-002   1.0017102860501568        1.0101010101010102E-002   1.0017102860501568        1.0000000000000000       -2.6120859943201680E-004
  0.57576460090592030       -1.6312159952933674E-006   1.2121212121212121E-002   1.0017129691415438        1.0101010101010102E-002   1.0017129691415438        1.0000000000000000       -2.9853650850419911E-004
  0.58586646112579133       -1.8303370154987427E-006   1.2121212121212121E-002   1.0017160043410354        1.0101010101010102E-002   1.0017160043410354        1.0000000000000000       -3.3466231287793136E-004
  0.59596828963210025       -2.0226662521420958E-006   1.2121212121212121E-002   1.0017193794298052        1.0101010101010102E-002   1.0017193794298052        1.0000000000000000       -3.6944010079409395E-004
  0.60607008312925581       -2.2074633576090933E-006   1.2121212121212121E-002   1.0017230808189073        1.0101010101010102E-002   1.0017230808189073        1.0000000000000000       -4.0272988765543971E-004
  0.61617183846268708       -2.3840095785225467E-006   1.2121212121212121E-002   1.0017270936068674        1.0101010101010102E-002   1.0017270936068674        1.0000000000000000       -4.3439778761200643E-004
  0.62627355263152962       -2.5516087321169653E-006   1.2121212121212121E-002   1.0017314016386953        1.0101010101010102E-002   1.0017314016386953        1.0000000000000000       -4.6431620351228275E-004
  0.63637522280072389       -2.7095887988364345E-006   1.2121212121212121E-002   1.0017359875705700        1.0101010101010102E-002   1.0017359875705700        1.0000000000000000       -4.9236471079705524E-004
  0.64647684631241642       -2.8573070667005519E-006   1.2121212121212121E-002   1.0017408329387081        1.0101010101010102E-002   1.0017408329387081        1.0000000000000000       -5.1843012036023595E-004
  0.65657842069669881       -2.9941526844391853E-006   1.2121212121212121E-002   1.0017459182346857        1.0101010101010102E-002   1.0017459182346857        1.0000000000000000       -5.4240775138936215E-004
  0.66667994368151295       -3.1195462997800770E-006   1.2121212121212121E-002   1.0017512229847101        1.0101010101010102E-002   1.0017512229847101        1.0000000000000000       -5.6420097493958821E-004
  0.67678141320181684       -3.2329461883762002E-006   1.2121212121212121E-002   1.0017567258308235        1.0101010101010102E-002   1.0017567258308235        1.0000000000000000       -5.8372209110846285E-004
  0.68688282740788864       -3.3338500885415998E-006   1.2121212121212121E-002   1.0017624046172160        1.0101010101010102E-002   1.0017624046172160        1.0000000000000000       -6.0089245729244567E-004
  0.69698418467277767       -3.4217952303905024E-006   1.2121212121212121E-002   1.0017682364785803        1.0101010101010102E-002   1.0017682364785803        1.0000000000000000       -6.1564284310389183E-004
  0.70708548359886569       -3.4963685266294163E-006   1.2121212121212121E-002   1.0017741979332737        1.0101010101010102E-002   1.0017741979332737        1.0000000000000000       -6.2791408826967654E-004
  0.71718672302347153       -3.5571993477028060E-006   1.2121212121212121E-002   1.0017802649792906        1.0101010101010102E-002   1.0017802649792906        1.0000000000000000       -6.3765696975615072E-004
  0.72728790202350291       -3.6039674812085537E-006   1.2121212121212121E-002   1.0017864131874612        1.0101010101010102E-002   1.0017864131874612        1.0000000000000000       -6.4483178274876707E-004
  0.73738901991923367       -3.6364088299748441E-006   1.2121212121212121E-002   1.0017926178002556        1.0101010101010102E-002   1.0017926178002556        1.0000000000000000       -6.4940991300765916E-004
  0.74749007627699859       -3.6543105224916329E-006   1.2121212121212121E-002   1.0017988538345692        1.0101010101010102E-002   1.0017988538345692        1.0000000000000000       -6.5137314167529325E-004
  0.75759107091092626       -3.6575181344174035E-006   1.2121212121212121E-002   1.0018050961815115        1.0101010101010102E-002   1.0018050961815115        1.0000000000000000       -6.5071367907876265E-004
  0.76769200388366465       -3.6459345301695165E-006   1.2121212121212121E-002   1.0018113197048459        1.0101010101010102E-002   1.0018113197048459        1.0000000000000000       -6.4743378840592669E-004
  0.77779287550617582       -3.6195249056412720E-006   1.2121212121212121E-002   1.0018174993423807        1.0101010101010102E-002   1.0018174993423807        1.0000000000000000       -6.4154685417427970E-004
  0.78789368633645873       -3.5783170813401186E-006   1.2121212121212121E-002   1.0018236102102862        1.0101010101010102E-002   1.0018236102102862        1.0000000000000000       -6.3307690719049958E-004
  0.79799443717726815       -3.5223998572716267E-006   1.2121212121212121E-002   1.0018296277021943        1.0101010101010102E-002   1.0018296277021943        1.0000000000000000       -6.2205802510906238E-004
  0.80809512907288727       -3.4519250155495162E-006   1.2121212121212121E-002   1.0018355275864332        1.0101010101010102E-002   1.0018355275864332        1.0000000000000000       -6.0853442956076975E-004
  0.81819576330492805       -3.3671151113902465E-006   1.2121212121212121E-002   1.0018412861029502        1.0101010101010102E-002   1.0018412861029502        1.0000000000000000       -5.9256046021172182E-004
  0.82829634138719732       -3.2682509997748775E-006   1.2121212121212121E-002   1.0018468800629705        1.0101010101010102E-002   1.0018468800629705        1.0000000000000000       -5.7420108578920548E-004
  0.83839686505950872       -3.1556817190395818E-006   1.2121212121212121E-002   1.0018522869403981        1.0101010101010102E-002   1.0018522869403981        1.0000000000000000       -5.5352973785360859E-004
  0.84849733628075830       -3.0298167579005192E-006   1.2121212121212121E-002   1.0018574849613699        1.0101010101010102E-002   1.0018574849613699        1.0000000000000000       -5.3062998716146836E-004
  0.85859775722096876       -2.8911332903197689E-006   1.2121212121212121E-002   1.0018624531922486        1.0101010101010102E-002   1.0018624531922486        1.0000000000000000       -5.0559358889668005E-004
  0.86869813025262688       -2.7401674597563350E-006   1.2121212121212121E-002   1.0018671716248098        1.0101010101010102E-002   1.0018671716248098        1.0000000000000000       -4.7852193218655970E-004
  0.87879845794104972       -2.5775147135914905E-006   1.2121212121212121E-002   1.0018716212590424        1.0101010101010102E-002   1.0018716212590424        1.0000000000000000       -4.4952396067099443E-004
  0.88889874303407268       -2.4038283063525425E-006   1.2121212121212121E-002   1.0018757841754937        1.0101010101010102E-002   1.0018757841754937        1.0000000000000000       -4.1871615372013338E-004
  0.89899898845101056       -2.2198187120250116E-006   1.2121212121212121E-002   1.0018796436080002        1.0101010101010102E-002   1.0018796436080002        1.0000000000000000       -3.8622254248377175E-004
  0.90909919727090416       -2.0262445921469710E-006   1.2121212121212121E-002   1.0018831840134281        1.0101010101010102E-002   1.0018831840134281        1.0000000000000000       -3.5217420038247127E-004
  0.91919937272010199       -1.8239160255240824E-006   1.2121212121212121E-002   1.0018863911352491        1.0101010101010102E-002   1.0018863911352491        1.0000000000000000       -3.1670838417774405E-004
  0.92929951815924816       -1.6136863929307220E-006   1.2121212121212121E-002   1.0018892520580376        1.0101010101010102E-002   1.0018892520580376        1.0000000000000000       -2.7996747373748576E-004
  0.93939963706980012       -1.3964514070708235E-006   1.2121212121212121E-002   1.0018917552584716        1.0101010101010102E-002   1.0018917552584716        1.0000000000000000       -2.4209933269769834E-004
  0.94949973304001567       -1.1731415496090384E-006   1.2121212121212121E-002   1.0018938906551020        1.0101010101010102E-002   1.0018938906551020        1.0000000000000000       -2.0325674890653289E-004
  0.95959980975047787       -9.4472030210620860E-007   1.2121212121212121E-002   1.0018956496499190        1.0101010101010102E-002   1.0018956496499190        1.0000000000000000       -1.6359622387351891E-004
  0.96969987095925714       -7.1217551357446467E-007   1.2121212121212121E-002   1.0018970251587513        1.0101010101010102E-002   1.0018970251587513        1.0000000000000000       -1.2327685353152873E-004
  0.97979992048685638       -4.7652108164114776E-007   1.2121212121212121E-002   1.0018980116406124        1.0101010101010102E-002   1.0018980116406124        1.0000000000000000       -8.2461226083907491E-005
  0.98989996220078869       -2.3878247300897812E-007   1.2121212121212121E-002   1.0018986051228727        1.0101010101010102E-002   1.0018986051228727        1.0000000000000000       -4.1313720128499654E-005
   1.0000000000000162        2.9493748561197400E-013   1.2121212121212121E-002   1.0018988032163725        1.0101010101010102E-002   1.0018988032163725        1.0000000000000000       -6.9483085951560497E-011
   1.0101000377992351        1.3860168138842672E-007   1.2121212121212121E-002   1.0018986051228815        1.0101010101010102E-002   1.0018986051228815        1.0000000000000000        4.1313785035690387E-005
   1.0202000795131705        2.7656259540081580E-007   1.2121212121212121E-002   1.0018980116406417        1.0101010101010102E-002   1.0018980116406417        1.0000000000000000        8.2461208132933450E-005
   1.0303001290407658        4.1324498120765280E-007   1.2121212121212121E-002   1.0018970251587509        1.0101010101010102E-002   1.0018970251587509        1.0000000000000000        1.2327689959690247E-004
   1.0404001902495492        5.4802017352362528E-007   1.2121212121212121E-002   1.0018956496499729        1.0101010101010102E-002   1.0018956496499729        1.0000000000000000        1.6359616359640228E-004
   1.0505002669600063        6.8027044425733042E-007   1.2121212121212121E-002   1.0018938906552679        1.0101010101010102E-002   1.0018938906552679        1.0000000000000000        2.0325679002919372E-004
   1.0606003629302232        8.0939205070899876E-007   1.2121212121212121E-002   1.0018917552584681        1.0101010101010102E-002   1.0018917552584681        1.0000000000000000        2.4209932477781138E-004
   1.0707004818407746        9.3480269607478101E-007   1.2121212121212121E-002   1.0018892520581324        1.0101010101010102E-002   1.0018892520581324        1.0000000000000000        2.7996745950087387E-004
   1.0808006272799191        1.0559408740628788E-006   1.2121212121212121E-002   1.0018863911353053        1.0101010101010102E-002   1.0018863911353053        1.0000000000000000        3.1670840627562313E-004
   1.0909008027291169        1.1722708335162746E-006   1.2121212121212121E-002   1.0018831840132369        1.0101010101010102E-002   1.0018831840132369        1.0000000000000000        7.6308221695800000     
   1.1010010115490150        1.2832829945040109E-006   1.2121212121212121E-002   1.0018796436079442        1.0101010101010102E-002   1.0018796436079442        1.0000000000000000        93.411362214684360     
  -1.0100037799211314E-002  -1.3860186056816771E-007   1.2121212121212121E-002   1.0018986051228727        1.0101010101010102E-002   1.0018986051228727        1.0000000000000000       -4.1313750611671196E-005
  -2.0200079513143621E-002  -2.7656292792304379E-007   1.2121212121212121E-002   1.0018980116406124        1.0101010101010102E-002   1.0018980116406124        1.0000000000000000       -8.2461246390330700E-005
  -3.0300129040742863E-002  -4.1324473553101309E-007   1.2121212121212121E-002   1.0018970251587513        1.0101010101010102E-002   1.0018970251587513        1.0000000000000000       -1.2327685352619966E-004
  -4.0400190249522128E-002  -5.4802028821691422E-007   1.2121212121212121E-002   1.0018956496499190        1.0101010101010102E-002   1.0018956496499190        1.0000000000000000       -1.6359622386818984E-004
  -5.0500266959984330E-002  -6.8027013489644340E-007   1.2121212121212121E-002   1.0018938906551020        1.0101010101010102E-002   1.0018938906551020        1.0000000000000000       -2.0325674891097378E-004
  -6.0600362930199880E-002  -8.0939216857734496E-007   1.2121212121212121E-002   1.0018917552584716        1.0101010101010102E-002   1.0018917552584716        1.0000000000000000       -2.4209933269325745E-004
  -7.0700481840751839E-002  -9.3480247540264443E-007   1.2121212121212121E-002   1.0018892520580376        1.0101010101010102E-002   1.0018892520580376        1.0000000000000000       -2.7996747373482123E-004
  -8.0800627279898007E-002  -1.0559410242385470E-006   1.2121212121212121E-002   1.0018863911352491        1.0101010101010102E-002   1.0018863911352491        1.0000000000000000       -3.1670838418040859E-004
  -9.0900802729095842E-002  -1.1722707326395386E-006   1.2121212121212121E-002   1.0018831840134281        1.0101010101010102E-002   1.0018831840134281        1.0000000000000000       -7.6308221695530278     
 -0.10100101154898944       -1.2832834680852012E-006   1.2121212121212121E-002   1.0018796436080002        1.0101010101010102E-002   1.0018796436080002        1.0000000000000000       -93.411362214715680     
