 # x v h rho m p cs a
   26.751515151519030     
   2.1390202006336446E-014  -6.1257288803751486E-013   1.2121212121212121E-002   1.0018988313954336        1.0101010101010102E-002   1.0018988313954336        1.0000000000000000        7.8150819149414019E-011
   1.0100037520797920E-002   1.9071913157532511E-007   1.2121212121212121E-002   1.0018986332351423        1.0101010101010102E-002   1.0018986332351423        1.0000000000000000        4.1327656310485850E-005
   2.0200078957599437E-002   3.8053452541636655E-007   1.2121212121212121E-002   1.0018980395536139        1.0101010101010102E-002   1.0018980395536139        1.0000000000000000        8.2488865487562180E-005
   3.0300128210687619E-002   5.6854373009434842E-007   1.2121212121212121E-002   1.0018970527424456        1.0101010101010102E-002   1.0018970527424456        1.0000000000000000        1.2331788520469900E-004
   4.0400189148843614E-002   7.5385873926275198E-007   1.2121212121212121E-002   1.0018956767760343        1.0101010101010102E-002   1.0018956767760343        1.0000000000000000        1.6365062359113836E-004
   5.0500265593832513E-002   9.3561183358928350E-007   1.2121212121212121E-002   1.0018939171955052        1.0101010101010102E-002   1.0018939171955052        1.0000000000000000        2.0332451933935403E-004
   6.0600361305001849E-002   1.1129556587587980E-006   1.2121212121212121E-002   1.0018917810898222        1.0101010101010102E-002   1.0018917810898222        1.0000000000000000        2.4217946135340895E-004
   7.0700479964096896E-002   1.2850662445780836E-006   1.2121212121212121E-002   1.0018892770635077        1.0101010101010102E-002   1.0018892770635077        1.0000000000000000        2.8005959750831977E-004
   8.0800625160514158E-002   1.4511591794535133E-006   1.2121212121212121E-002   1.0018864152008451        1.0101010101010102E-002   1.0018864152008451        1.0000000000000000        3.1681228566160513E-004
   9.0900800376826546E-002   1.6104878851076878E-006   1.2121212121212121E-002   1.0018832070292538        1.0101010101010102E-002   1.0018832070292538        1.0000000000000000        3.5228927319419512E-004
  0.10100100897474064        1.7623450092287844E-006   1.2121212121212121E-002   1.0018796654723066        1.0101010101010102E-002   1.0018796654723066        1.0000000000000000        3.8634765936773618E-004
  0.11110125418155310        1.9060670457315858E-006   1.2121212121212121E-002   1.0018758047949281        1.0101010101010102E-002   1.0018758047949281        1.0000000000000000        4.1885067945468535E-004
  0.12120153907719428        2.0410429358787709E-006   1.2121212121212121E-002   1.0018716405449697        1.0101010101010102E-002   1.0018716405449697        1.0000000000000000        4.4966757240860744E-004
  0.13130186658184340        2.1667177616675241E-006   1.2121212121212121E-002   1.0018671894948870        1.0101010101010102E-002   1.0018671894948870        1.0000000000000000        4.7867366199216832E-004
  0.14140223944410615        2.2825872785096807E-006   1.2121212121212121E-002   1.0018624695748166        1.0101010101010102E-002   1.0018624695748166        1.0000000000000000        5.0575213904568983E-004
  0.15150266022994394        2.3881990525216442E-006   1.2121212121212121E-002   1.0018574997946006        1.0101010101010102E-002   1.0018574997946006        1.0000000000000000        5.3079460532945433E-004
  0.16160313131241369        2.4831662228265291E-006   1.2121212121212121E-002   1.0018523001682798        1.0101010101010102E-002   1.0018523001682798        1.0000000000000000        5.5369996254750475E-004
  0.17170365486208145        2.5671646279762782E-006   1.2121212121212121E-002   1.0018468916385848        1.0101010101010102E-002   1.0018468916385848        1.0000000000000000        5.7437552360717348E-004
  0.18180423283822850        2.6399225131504040E-006   1.2121212121212121E-002   1.0018412959893328        1.0101010101010102E-002   1.0018412959893328        1.0000000000000000        5.9273839066076306E-004
  0.19190486698101389        2.7012256309603707E-006   1.2121212121212121E-002   1.0018355357563380        1.0101010101010102E-002   1.0018355357563380        1.0000000000000000        6.0871453472355341E-004
  0.20200555880443602        2.7509253908189858E-006   1.2121212121212121E-002   1.0018296341367894        1.0101010101010102E-002   1.0018296341367894        1.0000000000000000        6.2223990007659324E-004
  0.21210630959028615        2.7889356060610316E-006   1.2121212121212121E-002   1.0018236148982349        1.0101010101010102E-002   1.0018236148982349        1.0000000000000000        6.3325937814528999E-004
  0.22220712038289914        2.8152183072674534E-006   1.2121212121212121E-002   1.0018175022830713        1.0101010101010102E-002   1.0018175022830713        1.0000000000000000        6.4172886932922779E-004
  0.23230799198498719        2.8297889264221793E-006   1.2121212121212121E-002   1.0018113209064456        1.0101010101010102E-002   1.0018113209064456        1.0000000000000000        6.4761453215123055E-004
  0.24240892495442951        2.8327245425120516E-006   1.2121212121212121E-002   1.0018050956596809        1.0101010101010102E-002   1.0018050956596809        1.0000000000000000        6.5089242821425586E-004
  0.25250991960199815        2.8241537144585993E-006   1.2121212121212121E-002   1.0017988516117733        1.0101010101010102E-002   1.0017988516117733        1.0000000000000000        6.5154922123600301E-004
  0.26261097599008926        2.8042447548492785E-006   1.2121212121212121E-002   1.0017926139065554        1.0101010101010102E-002   1.0017926139065554        1.0000000000000000        6.4958238894785580E-004
  0.27271209393249302        2.7732128483114786E-006   1.2121212121212121E-002   1.0017864076619305        1.0101010101010102E-002   1.0017864076619305        1.0000000000000000        6.4499969941866908E-004
  0.28281327299510539        2.7313178111857932E-006   1.2121212121212121E-002   1.0017802578666617        1.0101010101010102E-002   1.0017802578666617        1.0000000000000000        6.3782010718060889E-004
  0.29291451249775319        2.6788637029469220E-006   1.2121212121212121E-002   1.0017741892823258        1.0101010101010102E-002   1.0017741892823258        1.0000000000000000        6.2807183961410828E-004
  0.30301581151683249        2.6161813173129799E-006   1.2121212121212121E-002   1.0017682263445242        1.0101010101010102E-002   1.0017682263445242        1.0000000000000000        6.1579446741610866E-004
  0.31311716888908275        2.5436318733007162E-006   1.2121212121212121E-002   1.0017623930612702        1.0101010101010102E-002   1.0017623930612702        1.0000000000000000        6.0103742043882136E-004
  0.32321858321625085        2.4616147624389852E-006   1.2121212121212121E-002   1.0017567129171985        1.0101010101010102E-002   1.0017567129171985        1.0000000000000000        5.8386032034007940E-004
  0.33332005287075162        2.3705523545055952E-006   1.2121212121212121E-002   1.0017512087799478        1.0101010101010102E-002   1.0017512087799478        1.0000000000000000        5.6433206174499873E-004
  0.34342157600218720        2.2708861509858681E-006   1.2121212121212121E-002   1.0017459028097173        1.0101010101010102E-002   1.0017459028097173        1.0000000000000000        5.4253118663627475E-004
  0.35352315054478733        2.1630761364464452E-006   1.2121212121212121E-002   1.0017408163672152        1.0101010101010102E-002   1.0017408163672152        1.0000000000000000        5.1854582279986516E-004
  0.36362477422576350        2.0476024109925966E-006   1.2121212121212121E-002   1.0017359699272004        1.0101010101010102E-002   1.0017359699272004        1.0000000000000000        4.9247257564388747E-004
  0.37372644457446341        1.9249620525593829E-006   1.2121212121212121E-002   1.0017313829993271        1.0101010101010102E-002   1.0017313829993271        1.0000000000000000        4.6441608091463138E-004
  0.38382815893227940        1.7956592268418505E-006   1.2121212121212121E-002   1.0017270740492221        1.0101010101010102E-002   1.0017270740492221        1.0000000000000000        4.3448943478630042E-004
  0.39392991446336789        1.6602024366173216E-006   1.2121212121212121E-002   1.0017230604211895        1.0101010101010102E-002   1.0017230604211895        1.0000000000000000        4.0281344276227316E-004
  0.40403170816610134        1.5191170914316919E-006   1.2121212121212121E-002   1.0017193582696546        1.0101010101010102E-002   1.0017193582696546        1.0000000000000000        3.6951555912434486E-004
  0.41413353688513815        1.3729322658682177E-006   1.2121212121212121E-002   1.0017159824958803        1.0101010101010102E-002   1.0017159824958803        1.0000000000000000        3.3472972467674111E-004
  0.42423539732412902        1.2221792736740326E-006   1.2121212121212121E-002   1.0017129466894683        1.0101010101010102E-002   1.0017129466894683        1.0000000000000000        2.9859567807211107E-004
  0.43433728605893435        1.0673885844680916E-006   1.2121212121212121E-002   1.0017102630692332        1.0101010101010102E-002   1.0017102630692332        1.0000000000000000        2.6125971484258770E-004
  0.44443919955152311        9.0909635482215402E-007   1.2121212121212121E-002   1.0017079424347168        1.0101010101010102E-002   1.0017079424347168        1.0000000000000000        2.2287173604595978E-004
  0.45454113416414593        7.4784463383772858E-007   1.2121212121212121E-002   1.0017059941259685        1.0101010101010102E-002   1.0017059941259685        1.0000000000000000        1.8358640815296923E-004
  0.46464308617402017        5.8417192617074159E-007   1.2121212121212121E-002   1.0017044259854377        1.0101010101010102E-002   1.0017044259854377        1.0000000000000000        1.4356156748362991E-004
  0.47474505178826459        4.1861241321777040E-007   1.2121212121212121E-002   1.0017032443250384        1.0101010101010102E-002   1.0017032443250384        1.0000000000000000        1.0295884294642121E-004
  0.48484702715923700        2.5170445499465519E-007   1.2121212121212121E-002   1.0017024538991375        1.0101010101010102E-002   1.0017024538991375        1.0000000000000000        6.1941686159805442E-005
  0.49494900840001449        8.3990293089162649E-008   1.2121212121212121E-002   1.0017020578886318        1.0101010101010102E-002   1.0017020578886318        1.0000000000000000        2.0675055182550750E-005
  0.50505099160003264       -8.3990660464870262E-008   1.2121212121212121E-002   1.0017020578885316        1.0101010101010102E-002   1.0017020578885316        1.0000000000000000       -2.0675036380701783E-005
  0.51515297284081274       -2.5170350689292961E-007   1.2121212121212121E-002   1.0017024538991497        1.0101010101010102E-002   1.0017024538991497        1.0000000000000000       -6.1941723813241367E-005
  0.52525494821178198       -4.1861252737984088E-007   1.2121212121212121E-002   1.0017032443250227        1.0101010101010102E-002   1.0017032443250227        1.0000000000000000       -1.0295880354238562E-004
  0.53535691382603001       -5.8417251220937127E-007   1.2121212121212121E-002   1.0017044259854486        1.0101010101010102E-002   1.0017044259854486        1.0000000000000000       -1.4356161082762497E-004
  0.54545886583590031       -7.4784485800631563E-007   1.2121212121212121E-002   1.0017059941259445        1.0101010101010102E-002   1.0017059941259445        1.0000000000000000       -1.8358635623005881E-004
  0.55556080044852751       -9.0909635745994368E-007   1.2121212121212121E-002   1.0017079424346604        1.0101010101010102E-002   1.0017079424346604        1.0000000000000000       -2.2287178377400352E-004
  0.56566271394111345       -1.0673876465662121E-006   1.2121212121212121E-002   1.0017102630693646        1.0101010101010102E-002   1.0017102630693646        1.0000000000000000       -2.6125970387091968E-004
  0.57576460267591845       -1.2221799851750979E-006   1.2121212121212121E-002   1.0017129466894983        1.0101010101010102E-002   1.0017129466894983        1.0000000000000000       -2.9859567252721320E-004
  0.58586646311490931       -1.3729322346771072E-006   1.2121212121212121E-002   1.0017159824959119        1.0101010101010102E-002   1.0017159824959119        1.0000000000000000       -3.3472972936632317E-004
  0.59596829183394517       -1.5191163120877599E-006   1.2121212121212121E-002   1.0017193582694994        1.0101010101010102E-002   1.0017193582694994        1.0000000000000000       -3.6951550920516496E-004
  0.60607008553668218       -1.6602032709621809E-006   1.2121212121212121E-002   1.0017230604206460        1.0101010101010102E-002   1.0017230604206460        1.0000000000000000       -4.0281341219383648E-004
  0.61617184106777934       -1.7956591800462721E-006   1.2121212121212121E-002   1.0017270740491071        1.0101010101010102E-002   1.0017270740491071        1.0000000000000000       -4.3448955588054616E-004
  0.62627355542558893       -1.9249616521787197E-006   1.2121212121212121E-002   1.0017313829996672        1.0101010101010102E-002   1.0017313829996672        1.0000000000000000       -4.6441606044389516E-004
  0.63637522577428751       -2.0476024280181291E-006   1.2121212121212121E-002   1.0017359699274404        1.0101010101010102E-002   1.0017359699274404        1.0000000000000000       -4.9247257843099135E-004
  0.64647684945526041       -2.1630766951603340E-006   1.2121212121212121E-002   1.0017408163673627        1.0101010101010102E-002   1.0017408163673627        1.0000000000000000       -5.1854579091248354E-004
  0.65657842399786048       -2.2708861237297374E-006   1.2121212121212121E-002   1.0017459028095896        1.0101010101010102E-002   1.0017459028095896        1.0000000000000000       -5.4253116547275937E-004
  0.66667994712929957       -2.3705520799691549E-006   1.2121212121212121E-002   1.0017512087800176        1.0101010101010102E-002   1.0017512087800176        1.0000000000000000       -5.6433212035589264E-004
  0.67678141678379489       -2.4616146612070733E-006   1.2121212121212121E-002   1.0017567129171923        1.0101010101010102E-002   1.0017567129171923        1.0000000000000000       -5.8386024950518589E-004
  0.68688283111096859       -2.5436321114985236E-006   1.2121212121212121E-002   1.0017623930611970        1.0101010101010102E-002   1.0017623930611970        1.0000000000000000       -6.0103747424999909E-004
  0.69698418848321497       -2.6161813793919560E-006   1.2121212121212121E-002   1.0017682263445491        1.0101010101010102E-002   1.0017682263445491        1.0000000000000000       -6.1579443653592136E-004
  0.70708548750229783       -2.6788633922293834E-006   1.2121212121212121E-002   1.0017741892825291        1.0101010101010102E-002   1.0017741892825291        1.0000000000000000       -6.2807190947999914E-004
  0.71718672700493757       -2.7313180031046998E-006   1.2121212121212121E-002   1.0017802578667683        1.0101010101010102E-002   1.0017802578667683        1.0000000000000000       -6.3782001585455106E-004
  0.72728790606755567       -2.7732124355667687E-006   1.2121212121212121E-002   1.0017864076618115        1.0101010101010102E-002   1.0017864076618115        1.0000000000000000       -6.4499974381071468E-004
  0.73738902400995654       -2.8042448932620130E-006   1.2121212121212121E-002   1.0017926139064512        1.0101010101010102E-002   1.0017926139064512        1.0000000000000000       -6.4958234194012476E-004
  0.74749008039805220       -2.8241535969649664E-006   1.2121212121212121E-002   1.0017988516115273        1.0101010101010102E-002   1.0017988516115273        1.0000000000000000       -6.5154924493171507E-004
  0.75759107504562195       -2.8327244766353017E-006   1.2121212121212121E-002   1.0018050956596996        1.0101010101010102E-002   1.0018050956596996        1.0000000000000000       -6.5089245784921701E-004
  0.76769200801506221       -2.8297894997936365E-006   1.2121212121212121E-002   1.0018113209064279        1.0101010101010102E-002   1.0018113209064279        1.0000000000000000       -6.4761449370731583E-004
  0.77779287961715238       -2.8152178072170662E-006   1.2121212121212121E-002   1.0018175022828779        1.0101010101010102E-002   1.0018175022828779        1.0000000000000000       -6.4172887417424107E-004
  0.78789369040976820       -2.7889355529765133E-006   1.2121212121212121E-002   1.0018236148984441        1.0101010101010102E-002   1.0018236148984441        1.0000000000000000       -6.3325945535197548E-004
  0.79799444119561047       -2.7509256634611732E-006   1.2121212121212121E-002   1.0018296341369348        1.0101010101010102E-002   1.0018296341369348        1.0000000000000000       -6.2223981091857894E-004
  0.80809513301903724       -2.7012253986609886E-006   1.2121212121212121E-002   1.0018355357562252        1.0101010101010102E-002   1.0018355357562252        1.0000000000000000       -6.0871456954902925E-004
  0.81819576716182119       -2.6399222096618151E-006   1.2121212121212121E-002   1.0018412959894658        1.0101010101010102E-002   1.0018412959894658        1.0000000000000000       -5.9273840688067736E-004
  0.82829634513796657       -2.5671646251826089E-006   1.2121212121212121E-002   1.0018468916387062        1.0101010101010102E-002   1.0018468916387062        1.0000000000000000       -5.7437550712169383E-004
  0.83839686868763297       -2.4831665122609686E-006   1.2121212121212121E-002   1.0018523001680306        1.0101010101010102E-002   1.0018523001680306        1.0000000000000000       -5.5369989559750366E-004
  0.84849733977010944       -2.3881994430085839E-006   1.2121212121212121E-002   1.0018574997942489        1.0101010101010102E-002   1.0018574997942489        1.0000000000000000       -5.3079465227767741E-004
  0.85859776055594850       -2.2825866746035733E-006   1.2121212121212121E-002   1.0018624695749385        1.0101010101010102E-002   1.0018624695749385        1.0000000000000000       -5.0575219306292496E-004
  0.86869813341820679       -2.1667183694798721E-006   1.2121212121212121E-002   1.0018671894950668        1.0101010101010102E-002   1.0018671894950668        1.0000000000000000       -4.7867362386622148E-004
  0.87879846092285641       -2.0410429890125365E-006   1.2121212121212121E-002   1.0018716405449497        1.0101010101010102E-002   1.0018716405449497        1.0000000000000000       -4.4966756478981296E-004
  0.88889874581849782       -1.9060670444628833E-006   1.2121212121212121E-002   1.0018758047948915        1.0101010101010102E-002   1.0018758047948915        1.0000000000000000       -4.1885068238300960E-004
  0.89899899102531100       -1.7623448104146599E-006   1.2121212121212121E-002   1.0018796654723985        1.0101010101010102E-002   1.0018796654723985        1.0000000000000000       -3.8634768554146603E-004
  0.90909919962322239       -1.6104883051665007E-006   1.2121212121212121E-002   1.0018832070293739        1.0101010101010102E-002   1.0018832070293739        1.0000000000000000       -3.5228925422448043E-004
  0.91919937483953484       -1.4511593564370132E-006   1.2121212121212121E-002   1.0018864152008373        1.0101010101010102E-002   1.0018864152008373        1.0000000000000000       -3.1681227523439048E-004
  0.92929952003595218       -1.2850657692119454E-006   1.2121212121212121E-002   1.0018892770633723        1.0101010101010102E-002   1.0018892770633723        1.0000000000000000       -2.8005958171206657E-004
  0.93939963869505028       -1.1129556616400488E-006   1.2121212121212121E-002   1.0018917810898014        1.0101010101010102E-002   1.0018917810898014        1.0000000000000000       -2.4217950137384037E-004
  0.94949973440621671       -9.3561227453226845E-007   1.2121212121212121E-002   1.0018939171954575        1.0101010101010102E-002   1.0018939171954575        1.0000000000000000       -2.0332447051440994E-004
  0.95959981085120916       -7.5385853835870071E-007   1.2121212121212121E-002   1.0018956767758356        1.0101010101010102E-002   1.0018956767758356        1.0000000000000000       -1.6365064645817995E-004
  0.96969987178936667       -5.6854329855579717E-007   1.2121212121212121E-002   1.0018970527426740        1.0101010101010102E-002   1.0018970527426740        1.0000000000000000       -1.2331794864195444E-004
  0.97979992104244773       -3.8053463967714940E-007   1.2121212121212121E-002   1.0018980395537000        1.0101010101010102E-002   1.0018980395537000        1.0000000000000000       -8.2488774937772291E-005
  0.98989996247925449       -1.9071922579356891E-007   1.2121212121212121E-002   1.0018986332349686        1.0101010101010102E-002   1.0018986332349686        1.0000000000000000       -4.1327688488301817E-005
   1.0000000000000300        9.2955765347620369E-013   1.2121212121212121E-002   1.0018988313954296        1.0101010101010102E-002   1.0018988313954296        1.0000000000000000       -8.3592688326916686E-011
   1.0101000375207980        9.0509080648118634E-008   1.2121212121212121E-002   1.0018986332351423        1.0101010101010102E-002   1.0018986332351423        1.0000000000000000        4.1327702545501666E-005
   1.0202000789575993        1.8051798835350458E-007   1.2121212121212121E-002   1.0018980395536139        1.0101010101010102E-002   1.0018980395536139        1.0000000000000000        8.2488900572386115E-005
   1.0303001282106876        2.6952638389919256E-007   1.2121212121212121E-002   1.0018970527424456        1.0101010101010102E-002   1.0018970527424456        1.0000000000000000        1.2331788537522925E-004
   1.0404001891488437        3.5704425001954755E-007   1.2121212121212121E-002   1.0018956767760343        1.0101010101010102E-002   1.0018956767760343        1.0000000000000000        1.6365062178902434E-004
   1.0505002655938325        4.4259792853339280E-007   1.2121212121212121E-002   1.0018939171955052        1.0101010101010102E-002   1.0018939171955052        1.0000000000000000        2.0332452080751295E-004
   1.0606003613050019        5.2572829047832451E-007   1.2121212121212121E-002   1.0018917810898222        1.0101010101010102E-002   1.0018917810898222        1.0000000000000000        2.4217946058868733E-004
   1.0707004799640969        6.0598963296090338E-007   1.2121212121212121E-002   1.0018892770635077        1.0101010101010102E-002   1.0018892770635077        1.0000000000000000        2.8005959818067083E-004
   1.0808006251605142        6.8296756286423664E-007   1.2121212121212121E-002   1.0018864152008451        1.0101010101010102E-002   1.0018864152008451        1.0000000000000000        3.1681228465973987E-004
   1.0909008003768266        7.5627488277269427E-007   1.2121212121212121E-002   1.0018832070292538        1.0101010101010102E-002   1.0018832070292538        1.0000000000000000        7.6308237499231808     
   1.1010010089747406        8.2555079391264401E-007   1.2121212121212121E-002   1.0018796654723066        1.0101010101010102E-002   1.0018796654723066        1.0000000000000000        93.411363092095982     
  -1.0100037520745508E-002  -9.0509090433430401E-008   1.2121212121212121E-002   1.0018986332349686        1.0101010101010102E-002   1.0018986332349686        1.0000000000000000       -4.1327737285712374E-005
  -2.0200078957552270E-002  -1.8051829952721110E-007   1.2121212121212121E-002   1.0018980395537000        1.0101010101010102E-002   1.0018980395537000        1.0000000000000000       -8.2488807334968328E-005
  -3.0300128210633326E-002  -2.6952582576776379E-007   1.2121212121212121E-002   1.0018970527426740        1.0101010101010102E-002   1.0018970527426740        1.0000000000000000       -1.2331794865350076E-004
  -4.0400189148790844E-002  -3.5704400549463182E-007   1.2121212121212121E-002   1.0018956767758356        1.0101010101010102E-002   1.0018956767758356        1.0000000000000000       -1.6365064645285088E-004
  -5.0500265593783289E-002  -4.4259845506125045E-007   1.2121212121212121E-002   1.0018939171954575        1.0101010101010102E-002   1.0018939171954575        1.0000000000000000       -2.0332447051885083E-004
  -6.0600361304949724E-002  -5.2572819759671651E-007   1.2121212121212121E-002   1.0018917810898014        1.0101010101010102E-002   1.0018917810898014        1.0000000000000000       -2.4217950136584676E-004
  -7.0700479964047824E-002  -6.0598922562707912E-007   1.2121212121212121E-002   1.0018892770633723        1.0101010101010102E-002   1.0018892770633723        1.0000000000000000       -2.8005958171117840E-004
  -8.0800625160465156E-002  -6.8296775388849127E-007   1.2121212121212121E-002   1.0018864152008373        1.0101010101010102E-002   1.0018864152008373        1.0000000000000000       -3.1681227523705502E-004
  -9.0900800376777613E-002  -7.5627532603826369E-007   1.2121212121212121E-002   1.0018832070293739        1.0101010101010102E-002   1.0018832070293739        1.0000000000000000       -7.6308237499113858     
 -0.10100100897468900       -8.2555055069928770E-007   1.2121212121212121E-002   1.0018796654723985        1.0101010101010102E-002   1.0018796654723985        1.0000000000000000       -93.411363092111344     
