 # x v h rho m p cs a
   11.202424242422993     
   5.1262402546356932E-015   3.2768939077371128E-014   1.2121212121212121E-002   1.0018689363071340        1.0101010101010102E-002   1.0018689363071340        1.0000000000000000        1.0667910999018204E-011
   1.0100332921700697E-002  -4.5567195293215209E-006   1.2121212121212121E-002   1.0018687981148156        1.0101010101010102E-002   1.0018687981148156        1.0000000000000000        2.8822415484519581E-005
   2.0200668574513303E-002  -9.0950881272950379E-006   1.2121212121212121E-002   1.0018683840978491        1.0101010101010102E-002   1.0018683840978491        1.0000000000000000        5.7528121372385499E-005
   3.0301009678502747E-002  -1.3596829195677549E-005   1.2121212121212121E-002   1.0018676959340074        1.0101010101010102E-002   1.0018676959340074        1.0000000000000000        8.6000712911982191E-005
   4.0401358931642185E-002  -1.8043812940520395E-005   1.2121212121212121E-002   1.0018667364133740        1.0101010101010102E-002   1.0018667364133740        1.0000000000000000        1.1412467226801226E-004
   5.0501718998871001E-002  -2.2418130704951726E-005   1.2121212121212121E-002   1.0018655094259223        1.0101010101010102E-002   1.0018655094259223        1.0000000000000000        1.4178618295890288E-004
   6.0602092501311711E-002  -2.6702166113002449E-005   1.2121212121212121E-002   1.0018640199439572        1.0101010101010102E-002   1.0018640199439572        1.0000000000000000        1.6887340093951764E-004
   7.0702482005674666E-002  -3.0878668091733226E-005   1.2121212121212121E-002   1.0018622740025758        1.0101010101010102E-002   1.0018622740025758        1.0000000000000000        1.9527656697526652E-004
   8.0802890013857084E-002  -3.4930816198135655E-005   1.2121212121212121E-002   1.0018602786763620        1.0101010101010102E-002   1.0018602786763620        1.0000000000000000        2.2088866287628406E-004
   9.0903318952802056E-002  -3.8842292667111783E-005   1.2121212121212121E-002   1.0018580420493035        1.0101010101010102E-002   1.0018580420493035        1.0000000000000000        2.4560622338754001E-004
  0.10100377116469279       -4.2597346611412293E-005   1.2121212121212121E-002   1.0018555731792924        1.0101010101010102E-002   1.0018555731792924        1.0000000000000000        2.6932962538062100E-004
  0.11110424889752216       -4.6180856452506071E-005   1.2121212121212121E-002   1.0018528820626873        1.0101010101010102E-002   1.0018528820626873        1.0000000000000000        2.9196278955190280E-004
  0.12120475429597630       -4.9578391405925878E-005   1.2121212121212121E-002   1.0018499795940068        1.0101010101010102E-002   1.0018499795940068        1.0000000000000000        3.1341446339183676E-004
  0.13130528939279806       -5.2776271452648585E-005   1.2121212121212121E-002   1.0018468775199458        1.0101010101010102E-002   1.0018468775199458        1.0000000000000000        3.3359815034206264E-004
  0.14140585610058376       -5.5761618596297887E-005   1.2121212121212121E-002   1.0018435883909429        1.0101010101010102E-002   1.0018435883909429        1.0000000000000000        3.5243272081419974E-004
  0.15150645620409986       -5.8522413382778183E-005   1.2121212121212121E-002   1.0018401255095675        1.0101010101010102E-002   1.0018401255095675        1.0000000000000000        3.6984240103876687E-004
  0.16160709135310167       -6.1047538385747835E-005   1.2121212121212121E-002   1.0018365028773211        1.0101010101010102E-002   1.0018365028773211        1.0000000000000000        3.8575714881794454E-004
  0.17170776305569346       -6.3326828244908757E-005   1.2121212121212121E-002   1.0018327351366410        1.0101010101010102E-002   1.0018327351366410        1.0000000000000000        4.0011328144817782E-004
  0.18180847267229466       -6.5351104799526755E-005   1.2121212121212121E-002   1.0018288375098081        1.0101010101010102E-002   1.0018288375098081        1.0000000000000000        4.1285349670161509E-004
  0.19190922141021183       -6.7112219557902340E-005   1.2121212121212121E-002   1.0018248257381355        1.0101010101010102E-002   1.0018248257381355        1.0000000000000000        4.2392677271152479E-004
  0.20201001031880023       -6.8603082517157787E-005   1.2121212121212121E-002   1.0018207160187445        1.0101010101010102E-002   1.0018207160187445        1.0000000000000000        4.3328898566841190E-004
  0.21211084028527985       -6.9817691902896088E-005   1.2121212121212121E-002   1.0018165249368716        1.0101010101010102E-002   1.0018165249368716        1.0000000000000000        4.4090321917877873E-004
  0.22221171203124301       -7.0751160058276380E-005   1.2121212121212121E-002   1.0018122693987208        1.0101010101010102E-002   1.0018122693987208        1.0000000000000000        4.4673937702288669E-004
  0.23231262610979267       -7.1399730072512372E-005   1.2121212121212121E-002   1.0018079665633355        1.0101010101010102E-002   1.0018079665633355        1.0000000000000000        4.5077472474730484E-004
  0.24241358290339590       -7.1760794274789620E-005   1.2121212121212121E-002   1.0018036337735632        1.0101010101010102E-002   1.0018036337735632        1.0000000000000000        4.5299355048378231E-004
  0.25251458262238552       -7.1832898735152949E-005   1.2121212121212121E-002   1.0017992884859250        1.0101010101010102E-002   1.0017992884859250        1.0000000000000000        4.5338776200321007E-004
  0.26261562530419758       -7.1615758200818709E-005   1.2121212121212121E-002   1.0017949481989397        1.0101010101010102E-002   1.0017949481989397        1.0000000000000000        4.5195659767927054E-004
  0.27271671081329502       -7.1110248668374319E-005   1.2121212121212121E-002   1.0017906303831332        1.0101010101010102E-002   1.0017906303831332        1.0000000000000000        4.4870656727979963E-004
  0.28281783884178624       -7.0318409113126663E-005   1.2121212121212121E-002   1.0017863524118178        1.0101010101010102E-002   1.0017863524118178        1.0000000000000000        4.4365132593338075E-004
  0.29291900891071415       -6.9243429516621964E-005   1.2121212121212121E-002   1.0017821314910824        1.0101010101010102E-002   1.0017821314910824        1.0000000000000000        4.3681201192846686E-004
  0.30302022037205845       -6.7889641444429311E-005   1.2121212121212121E-002   1.0017779845893029        1.0101010101010102E-002   1.0017779845893029        1.0000000000000000        4.2821697648243173E-004
  0.31312147241142668       -6.6262499230195347E-005   1.2121212121212121E-002   1.0017739283706708        1.0101010101010102E-002   1.0017739283706708        1.0000000000000000        4.1790124758822600E-004
  0.32322276405136258       -6.4368555664747374E-005   1.2121212121212121E-002   1.0017699791286567        1.0101010101010102E-002   1.0017699791286567        1.0000000000000000        4.0590703565523967E-004
  0.33332409415535547       -6.2215439607603805E-005   1.2121212121212121E-002   1.0017661527206363        1.0101010101010102E-002   1.0017661527206363        1.0000000000000000        3.9228302234128876E-004
  0.34342546143244290       -5.9811822823850979E-005   1.2121212121212121E-002   1.0017624645046255        1.0101010101010102E-002   1.0017624645046255        1.0000000000000000        3.7708464636754258E-004
  0.35352686444247039       -5.7167384631754550E-005   1.2121212121212121E-002   1.0017589292778744        1.0101010101010102E-002   1.0017589292778744        1.0000000000000000        3.6037337887862009E-004
  0.36362830160191362       -5.4292774385125686E-005   1.2121212121212121E-002   1.0017555612197007        1.0101010101010102E-002   1.0017555612197007        1.0000000000000000        3.4221660565769696E-004
  0.37372977119026102       -5.1199567897696359E-005   1.2121212121212121E-002   1.0017523738344205        1.0101010101010102E-002   1.0017523738344205        1.0000000000000000        3.2268770448240502E-004
  0.38383127135696998       -4.7900220448118085E-005   1.2121212121212121E-002   1.0017493798968591        1.0101010101010102E-002   1.0017493798968591        1.0000000000000000        3.0186546712585027E-004
  0.39393280012893067       -4.4408017789352909E-005   1.2121212121212121E-002   1.0017465914024339        1.0101010101010102E-002   1.0017465914024339        1.0000000000000000        2.7983367447603769E-004
  0.40403435541840976       -4.0737021509284520E-005   1.2121212121212121E-002   1.0017440195214073        1.0101010101010102E-002   1.0017440195214073        1.0000000000000000        2.5668066234718623E-004
  0.41413593503141310       -3.6902012697964032E-005   1.2121212121212121E-002   1.0017416745537431        1.0101010101010102E-002   1.0017416745537431        1.0000000000000000        2.3249966157390389E-004
  0.42423753667652708       -3.2918430164792539E-005   1.2121212121212121E-002   1.0017395658869683        1.0101010101010102E-002   1.0017395658869683        1.0000000000000000        2.0738779664686291E-004
  0.43433915797412398       -2.8802316708095543E-005   1.2121212121212121E-002   1.0017377019615004        1.0101010101010102E-002   1.0017377019615004        1.0000000000000000        1.8144556295141001E-004
  0.44444079646587692       -2.4570242933128563E-005   1.2121212121212121E-002   1.0017360902368342        1.0101010101010102E-002   1.0017360902368342        1.0000000000000000        1.5477711928468807E-004
  0.45454244962464102       -2.0239247207054093E-005   1.2121212121212121E-002   1.0017347371616758        1.0101010101010102E-002   1.0017347371616758        1.0000000000000000        1.2748920682792431E-004
  0.46464411486456214       -1.5826766933048648E-005   1.2121212121212121E-002   1.0017336481494075        1.0101010101010102E-002   1.0017336481494075        1.0000000000000000        9.9691141882018997E-005
  0.47474578955143731       -1.1350568202186887E-005   1.2121212121212121E-002   1.0017328275557800        1.0101010101010102E-002   1.0017328275557800        1.0000000000000000        7.1494274465955243E-005
  0.48484747101327491       -6.8286720538703913E-006   1.2121212121212121E-002   1.0017322786634157        1.0101010101010102E-002   1.0017322786634157        1.0000000000000000        4.3011208150645075E-005
  0.49494915655095029       -2.2792827357776530E-006   1.2121212121212121E-002   1.0017320036674455        1.0101010101010102E-002   1.0017320036674455        1.0000000000000000        1.4356262209247461E-005
  0.50505084344906037        2.2792828328751429E-006   1.2121212121212121E-002   1.0017320036672797        1.0101010101010102E-002   1.0017320036672797        1.0000000000000000       -1.4356228553502604E-005
  0.51515252898673980        6.8286719131159796E-006   1.2121212121212121E-002   1.0017322786633176        1.0101010101010102E-002   1.0017322786633176        1.0000000000000000       -4.3011250512314803E-005
  0.52525421044857523        1.1350568023950136E-005   1.2121212121212121E-002   1.0017328275557684        1.0101010101010102E-002   1.0017328275557684        1.0000000000000000       -7.1494253199411162E-005
  0.53535588513545296        1.5826767061393912E-005   1.2121212121212121E-002   1.0017336481495849        1.0101010101010102E-002   1.0017336481495849        1.0000000000000000       -9.9691209844543494E-005
  0.54545755037536825        2.0239247259361796E-005   1.2121212121212121E-002   1.0017347371621077        1.0101010101010102E-002   1.0017347371621077        1.0000000000000000       -1.2748918647265128E-004
  0.55555920353412813        2.4570242900584429E-005   1.2121212121212121E-002   1.0017360902367169        1.0101010101010102E-002   1.0017360902367169        1.0000000000000000       -1.5477702549659966E-004
  0.56566084202588851        2.8802316686451314E-005   1.2121212121212121E-002   1.0017377019613056        1.0101010101010102E-002   1.0017377019613056        1.0000000000000000       -1.8144563657429558E-004
  0.57576246332348247        3.2918430631695381E-005   1.2121212121212121E-002   1.0017395658870742        1.0101010101010102E-002   1.0017395658870742        1.0000000000000000       -2.0738778752704690E-004
  0.58586406496859655        3.6902012079589126E-005   1.2121212121212121E-002   1.0017416745537746        1.0101010101010102E-002   1.0017416745537746        1.0000000000000000       -2.3249966118932264E-004
  0.59596564458159940        4.0737021771048322E-005   1.2121212121212121E-002   1.0017440195214422        1.0101010101010102E-002   1.0017440195214422        1.0000000000000000       -2.5668065840100951E-004
  0.60606719987107793        4.4408017751902378E-005   1.2121212121212121E-002   1.0017465914022843        1.0101010101010102E-002   1.0017465914022843        1.0000000000000000       -2.7983363813355311E-004
  0.61616872864304228        4.7900220575108890E-005   1.2121212121212121E-002   1.0017493798966295        1.0101010101010102E-002   1.0017493798966295        1.0000000000000000       -3.0186548725819051E-004
  0.62627022880975280        5.1199567944997837E-005   1.2121212121212121E-002   1.0017523738344845        1.0101010101010102E-002   1.0017523738344845        1.0000000000000000       -3.2268774721799787E-004
  0.63637169839809704        5.4292774234994721E-005   1.2121212121212121E-002   1.0017555612198763        1.0101010101010102E-002   1.0017555612198763        1.0000000000000000       -3.4221658871036453E-004
  0.64647313555753960        5.7167384953258130E-005   1.2121212121212121E-002   1.0017589292779454        1.0101010101010102E-002   1.0017589292779454        1.0000000000000000       -3.6037337353622689E-004
  0.65657453856756653        5.9811822514875810E-005   1.2121212121212121E-002   1.0017624645046694        1.0101010101010102E-002   1.0017624645046694        1.0000000000000000       -3.7708464298891187E-004
  0.66667590584465353        6.2215439683869079E-005   1.2121212121212121E-002   1.0017661527205985        1.0101010101010102E-002   1.0017661527205985        1.0000000000000000       -3.9228301010130195E-004
  0.67677723594864780        6.4368555791112316E-005   1.2121212121212121E-002   1.0017699791286392        1.0101010101010102E-002   1.0017699791286392        1.0000000000000000       -4.0590705081822165E-004
  0.68687852758858259        6.6262499162645513E-005   1.2121212121212121E-002   1.0017739283706499        1.0101010101010102E-002   1.0017739283706499        1.0000000000000000       -4.1790123390317291E-004
  0.69697977962795243        6.7889641533623479E-005   1.2121212121212121E-002   1.0017779845893138        1.0101010101010102E-002   1.0017779845893138        1.0000000000000000       -4.2821699580208872E-004
  0.70708099108929467        6.9243429622019547E-005   1.2121212121212121E-002   1.0017821314910018        1.0101010101010102E-002   1.0017821314910018        1.0000000000000000       -4.3681197276246309E-004
  0.71718216115822631        7.0318408954299095E-005   1.2121212121212121E-002   1.0017863524116939        1.0101010101010102E-002   1.0017863524116939        1.0000000000000000       -4.4365135621404761E-004
  0.72728328918671659        7.1110248861299435E-005   1.2121212121212121E-002   1.0017906303831448        1.0101010101010102E-002   1.0017906303831448        1.0000000000000000       -4.4870656547146837E-004
  0.73738437469581453        7.1615757608688225E-005   1.2121212121212121E-002   1.0017949481989743        1.0101010101010102E-002   1.0017949481989743        1.0000000000000000       -4.5195660527852510E-004
  0.74748541737762531        7.1832899093612955E-005   1.2121212121212121E-002   1.0017992884859268        1.0101010101010102E-002   1.0017992884859268        1.0000000000000000       -4.5338774807390791E-004
  0.75758641709661634        7.1760794135454462E-005   1.2121212121212121E-002   1.0018036337736125        1.0101010101010102E-002   1.0018036337736125        1.0000000000000000       -4.5299357185779598E-004
  0.76768737389021691        7.1399730521278708E-005   1.2121212121212121E-002   1.0018079665633026        1.0101010101010102E-002   1.0018079665633026        1.0000000000000000       -4.5077468886933758E-004
  0.77778828796877020        7.0751159738216768E-005   1.2121212121212121E-002   1.0018122693987646        1.0101010101010102E-002   1.0018122693987646        1.0000000000000000       -4.4673942722894822E-004
  0.78788915971472862        6.9817691943779048E-005   1.2121212121212121E-002   1.0018165249368716        1.0101010101010102E-002   1.0018165249368716        1.0000000000000000       -4.4090315959977033E-004
  0.79798998968121293        6.8603082375868259E-005   1.2121212121212121E-002   1.0018207160186821        1.0101010101010102E-002   1.0018207160186821        1.0000000000000000       -4.3328903497830140E-004
  0.80809077858979828        6.7112219625063420E-005   1.2121212121212121E-002   1.0018248257382003        1.0101010101010102E-002   1.0018248257382003        1.0000000000000000       -4.2392674575353340E-004
  0.81819152732771649        6.5351104419578783E-005   1.2121212121212121E-002   1.0018288375096407        1.0101010101010102E-002   1.0018288375096407        1.0000000000000000       -4.1285347769282055E-004
  0.82829223694432053        6.3326828388608926E-005   1.2121212121212121E-002   1.0018327351365401        1.0101010101010102E-002   1.0018327351365401        1.0000000000000000       -4.0011331314371290E-004
  0.83839290864691163        6.1047538749269358E-005   1.2121212121212121E-002   1.0018365028773721        1.0101010101010102E-002   1.0018365028773721        1.0000000000000000       -3.8575714776722947E-004
  0.84849354379591257        5.8522413166681484E-005   1.2121212121212121E-002   1.0018401255094966        1.0101010101010102E-002   1.0018401255094966        1.0000000000000000       -3.6984238017367943E-004
  0.85859414389943156        5.5761618908852116E-005   1.2121212121212121E-002   1.0018435883910628        1.0101010101010102E-002   1.0018435883910628        1.0000000000000000       -3.5243278056995564E-004
  0.86869471060721171        5.2776271057905902E-005   1.2121212121212121E-002   1.0018468775200939        1.0101010101010102E-002   1.0018468775200939        1.0000000000000000       -3.3359809548461072E-004
  0.87879524570403555        4.9578391450112632E-005   1.2121212121212121E-002   1.0018499795938982        1.0101010101010102E-002   1.0018499795938982        1.0000000000000000       -3.1341446709554077E-004
  0.88889575110249053        4.6180856505195742E-005   1.2121212121212121E-002   1.0018528820627066        1.0101010101010102E-002   1.0018528820627066        1.0000000000000000       -2.9196280723731149E-004
  0.89899622883531816        4.2597346679664264E-005   1.2121212121212121E-002   1.0018555731791987        1.0101010101010102E-002   1.0018555731791987        1.0000000000000000       -2.6932958610181856E-004
  0.90909668104721275        3.8842292671387991E-005   1.2121212121212121E-002   1.0018580420492504        1.0101010101010102E-002   1.0018580420492504        1.0000000000000000       -2.4560627551739600E-004
  0.91919710998615545        3.4930816444930203E-005   1.2121212121212121E-002   1.0018602786765975        1.0101010101010102E-002   1.0018602786765975        1.0000000000000000       -2.2088866666880591E-004
  0.92929751799433413        3.0878667862960076E-005   1.2121212121212121E-002   1.0018622740023897        1.0101010101010102E-002   1.0018622740023897        1.0000000000000000       -1.9527647572648021E-004
  0.93939790749870522        2.6702166452693469E-005   1.2121212121212121E-002   1.0018640199437339        1.0101010101010102E-002   1.0018640199437339        1.0000000000000000       -1.6887348268301849E-004
  0.94949828100114309        2.2418130491579098E-005   1.2121212121212121E-002   1.0018655094261490        1.0101010101010102E-002   1.0018655094261490        1.0000000000000000       -1.4178619820626182E-004
  0.95959864106836934        1.8043812685247196E-005   1.2121212121212121E-002   1.0018667364135496        1.0101010101010102E-002   1.0018667364135496        1.0000000000000000       -1.1412464857141202E-004
  0.96969899032150753        1.3596829264528097E-005   1.2121212121212121E-002   1.0018676959339154        1.0101010101010102E-002   1.0018676959339154        1.0000000000000000       -8.6000675001862703E-005
  0.97979933142550057        9.0950882758931246E-006   1.2121212121212121E-002   1.0018683840978027        1.0101010101010102E-002   1.0018683840978027        1.0000000000000000       -5.7528172050957949E-005
  0.98989966707831101        4.5567196055162477E-006   1.2121212121212121E-002   1.0018687981150813        1.0101010101010102E-002   1.0018687981150813        1.0000000000000000       -2.8822430722108550E-005
   1.0000000000000024       -3.7649633202394794E-013   1.2121212121212121E-002   1.0018689363071360        1.0101010101010102E-002   1.0018689363071360        1.0000000000000000        6.1040950072310807E-011
   1.0101003329217006       -4.6260185738364457E-006   1.2121212121212121E-002   1.0018687981148156        1.0101010101010102E-002   1.0018687981148156        1.0000000000000000        2.8822401307415646E-005
   1.0202006685745133       -9.2334055969033140E-006   1.2121212121212121E-002   1.0018683840978491        1.0101010101010102E-002   1.0018683840978491        1.0000000000000000        5.7528110820825873E-005
   1.0303010096785028       -1.3803604559911616E-005   1.2121212121212121E-002   1.0018676959340074        1.0101010101010102E-002   1.0018676959340074        1.0000000000000000        8.6000711347899994E-005
   1.0404013589316421       -1.8318207942911567E-005   1.2121212121212121E-002   1.0018667364133740        1.0101010101010102E-002   1.0018667364133740        1.0000000000000000        1.1412467455951258E-004
   1.0505017189988710       -2.2759033410470025E-005   1.2121212121212121E-002   1.0018655094259223        1.0101010101010102E-002   1.0018655094259223        1.0000000000000000        1.4178618299531820E-004
   1.0606020925013118       -2.7108195685596320E-005   1.2121212121212121E-002   1.0018640199439572        1.0101010101010102E-002   1.0018640199439572        1.0000000000000000        1.6887340014815067E-004
   1.0707024820056747       -3.1348179709136399E-005   1.2121212121212121E-002   1.0018622740025758        1.0101010101010102E-002   1.0018622740025758        1.0000000000000000        1.9527656617146505E-004
   1.0808028900138571       -3.5461907819947116E-005   1.2121212121212121E-002   1.0018602786763620        1.0101010101010102E-002   1.0018602786763620        1.0000000000000000        2.2088866336655855E-004
   1.0909033189528021       -3.9432813452892723E-005   1.2121212121212121E-002   1.0018580420493035        1.0101010101010102E-002   1.0018580420493035        1.0000000000000000        7.6291025322309025     
   1.1010037711646927       -4.3244906137483645E-005   1.2121212121212121E-002   1.0018555731792924        1.0101010101010102E-002   1.0018555731792924        1.0000000000000000        93.410406687865134     
  -1.0100332921688993E-002   4.6260186808105922E-006   1.2121212121212121E-002   1.0018687981150813        1.0101010101010102E-002   1.0018687981150813        1.0000000000000000       -2.8822415482743224E-005
  -2.0200668574499425E-002   9.2334058577531596E-006   1.2121212121212121E-002   1.0018683840978027        1.0101010101010102E-002   1.0018683840978027        1.0000000000000000       -5.7528161936382105E-005
  -3.0301009678492474E-002   1.3803604534687382E-005   1.2121212121212121E-002   1.0018676959339154        1.0101010101010102E-002   1.0018676959339154        1.0000000000000000       -8.6000675004527238E-005
  -4.0401358931630660E-002   1.8318207642695464E-005   1.2121212121212121E-002   1.0018667364135496        1.0101010101010102E-002   1.0018667364135496        1.0000000000000000       -1.1412464857141202E-004
  -5.0501718998856915E-002   2.2759033244015827E-005   1.2121212121212121E-002   1.0018655094261490        1.0101010101010102E-002   1.0018655094261490        1.0000000000000000       -1.4178619820892635E-004
  -6.0602092501294780E-002   2.7108196193757020E-005   1.2121212121212121E-002   1.0018640199437339        1.0101010101010102E-002   1.0018640199437339        1.0000000000000000       -1.6887348268479485E-004
  -7.0702482005665868E-002   3.1348179285262206E-005   1.2121212121212121E-002   1.0018622740023897        1.0101010101010102E-002   1.0018622740023897        1.0000000000000000       -1.9527647571759843E-004
  -8.0802890013844553E-002   3.5461908064139566E-005   1.2121212121212121E-002   1.0018602786765975        1.0101010101010102E-002   1.0018602786765975        1.0000000000000000       -2.2088866667679952E-004
  -9.0903318952787249E-002   3.9432813581524678E-005   1.2121212121212121E-002   1.0018580420492504        1.0101010101010102E-002   1.0018580420492504        1.0000000000000000       -7.6291025322761499     
 -0.10100377116468184        4.3244906115966081E-005   1.2121212121212121E-002   1.0018555731791987        1.0101010101010102E-002   1.0018555731791987        1.0000000000000000       -93.410406687841984     
