 # x v h rho m p cs a
   8.6012121212113311     
   1.2924491800164435E-015   2.7024416374732500E-013   1.2121212121212121E-002   1.0018458037742664        1.0101010101010102E-002   1.0018458037742664        1.0000000000000000        6.7004179982177448E-012
   1.0100561513181366E-002   5.6252201866598193E-006   1.2121212121212121E-002   1.0018457125233500        1.0101010101010102E-002   1.0018457125233500        1.0000000000000000        1.9032581471734034E-005
   2.0201124829849527E-002   1.1227814272965860E-005   1.2121212121212121E-002   1.0018454391375078        1.0101010101010102E-002   1.0018454391375078        1.0000000000000000        3.7988662033860976E-005
   3.0301691746236672E-002   1.6785248403217439E-005   1.2121212121212121E-002   1.0018449847116642        1.0101010101010102E-002   1.0018449847116642        1.0000000000000000        5.6792899442825728E-005
   4.0402264044195467E-002   2.2275167513588120E-005   1.2121212121212121E-002   1.0018443510636341        1.0101010101010102E-002   1.0018443510636341        1.0000000000000000        7.5369927858837116E-005
   5.0502843484043984E-002   2.7675488340430741E-005   1.2121212121212121E-002   1.0018435407295254        1.0101010101010102E-002   1.0018435407295254        1.0000000000000000        9.3645332332137343E-005
   6.0603431797525295E-002   3.2964487340764401E-005   1.2121212121212121E-002   1.0018425569541842        1.0101010101010102E-002   1.0018425569541842        1.0000000000000000        1.1154569242499690E-004
   7.0704030680842037E-002   3.8120887129077549E-005   1.2121212121212121E-002   1.0018414036775198        1.0101010101010102E-002   1.0018414036775198        1.0000000000000000        1.2899950428657547E-004
   8.0804641787884907E-002   4.3123941308145288E-005   1.2121212121212121E-002   1.0018400855168395        1.0101010101010102E-002   1.0018400855168395        1.0000000000000000        1.4593701078258192E-004
   9.0905266723627240E-002   4.7953518457991436E-005   1.2121212121212121E-002   1.0018386077510470        1.0101010101010102E-002   1.0018386077510470        1.0000000000000000        1.6229000833245522E-004
  0.10100590703765362        5.2590184110737008E-005   1.2121212121212121E-002   1.0018369763006720        1.0101010101010102E-002   1.0018369763006720        1.0000000000000000        1.7799285940078846E-004
  0.11110656421794855        5.7015277052323983E-005   1.2121212121212121E-002   1.0018351977032960        1.0101010101010102E-002   1.0018351977032960        1.0000000000000000        1.9298251267585442E-004
  0.12120723968491323        6.1210985296422283E-005   1.2121212121212121E-002   1.0018332790864273        1.0101010101010102E-002   1.0018332790864273        1.0000000000000000        2.0719899977361678E-004
  0.13130793478569408        6.5160415820601333E-005   1.2121212121212121E-002   1.0018312281403960        1.0101010101010102E-002   1.0018312281403960        1.0000000000000000        2.2058489334852993E-004
  0.14140865078873155        6.8847666411221711E-005   1.2121212121212121E-002   1.0018290530894840        1.0101010101010102E-002   1.0018290530894840        1.0000000000000000        2.3308624578621817E-004
  0.15150938887865154        7.2257886017603709E-005   1.2121212121212121E-002   1.0018267626577113        1.0101010101010102E-002   1.0018267626577113        1.0000000000000000        2.4465273776463903E-004
  0.16161015015149949        7.5377336727919521E-005   1.2121212121212121E-002   1.0018243660343213        1.0101010101010102E-002   1.0018243660343213        1.0000000000000000        2.5523767266566466E-004
  0.17171093561030795        7.8193446109797772E-005   1.2121212121212121E-002   1.0018218728368227        1.0101010101010102E-002   1.0018218728368227        1.0000000000000000        2.6479838816939605E-004
  0.18181174616106702        8.0694864362633494E-005   1.2121212121212121E-002   1.0018192930746941        1.0101010101010102E-002   1.0018192930746941        1.0000000000000000        2.7329575423884478E-004
  0.19191258260899932        8.2871502936562161E-005   1.2121212121212121E-002   1.0018166371089503        1.0101010101010102E-002   1.0018166371089503        1.0000000000000000        2.8069555758403197E-004
  0.20201344565533003        8.4714579770395486E-005   1.2121212121212121E-002   1.0018139156084431        1.0101010101010102E-002   1.0018139156084431        1.0000000000000000        2.8696776742087593E-004
  0.21211433589443790        8.6216653517276552E-005   1.2121212121212121E-002   1.0018111395097513        1.0101010101010102E-002   1.0018111395097513        1.0000000000000000        2.9208655466739231E-004
  0.22221525381140420        8.7371653948899901E-005   1.2121212121212121E-002   1.0018083199739292        1.0101010101010102E-002   1.0018083199739292        1.0000000000000000        2.9603085344032110E-004
  0.23231619978002041        8.8174909478178111E-005   1.2121212121212121E-002   1.0018054683409270        1.0101010101010102E-002   1.0018054683409270        1.0000000000000000        2.9878438404296048E-004
  0.24241717406123836        8.8623158814088394E-005   1.2121212121212121E-002   1.0018025960826391        1.0101010101010102E-002   1.0018025960826391        1.0000000000000000        3.0033587912736692E-004
  0.25251817680211230        8.8714572904141775E-005   1.2121212121212121E-002   1.0017997147583366        1.0101010101010102E-002   1.0017997147583366        1.0000000000000000        3.0067832193125810E-004
  0.26261920803512545        8.8448758528446642E-005   1.2121212121212121E-002   1.0017968359700860        1.0101010101010102E-002   1.0017968359700860        1.0000000000000000        2.9980975416155076E-004
  0.27272026767800334        8.7826762265453580E-005   1.2121212121212121E-002   1.0017939713132169        1.0101010101010102E-002   1.0017939713132169        1.0000000000000000        2.9773348326145310E-004
  0.28282135553403354        8.6851062786020224E-005   1.2121212121212121E-002   1.0017911323294995        1.0101010101010102E-002   1.0017911323294995        1.0000000000000000        2.9445735219013613E-004
  0.29292247129280186        8.5525564838073143E-005   1.2121212121212121E-002   1.0017883304620907        1.0101010101010102E-002   1.0017883304620907        1.0000000000000000        2.8999404087137748E-004
  0.30302361453139759        8.3855584059494835E-005   1.2121212121212121E-002   1.0017855770094763        1.0101010101010102E-002   1.0017855770094763        1.0000000000000000        2.8436098082806893E-004
  0.31312478471606164        8.1847824209143756E-005   1.2121212121212121E-002   1.0017828830790667        1.0101010101010102E-002   1.0017828830790667        1.0000000000000000        2.7758057223348231E-004
  0.32322598120430912        7.9510350132691628E-005   1.2121212121212121E-002   1.0017802595409191        1.0101010101010102E-002   1.0017802595409191        1.0000000000000000        2.6967988461912284E-004
  0.33332720324749937        7.6852558518813571E-005   1.2121212121212121E-002   1.0017777169852213        1.0101010101010102E-002   1.0017777169852213        1.0000000000000000        2.6069020728591852E-004
  0.34342844999379035        7.3885136308118711E-005   1.2121212121212121E-002   1.0017752656790671        1.0101010101010102E-002   1.0017752656790671        1.0000000000000000        2.5064760037984968E-004
  0.35352972049156733        7.0620021861742436E-005   1.2121212121212121E-002   1.0017729155244091        1.0101010101010102E-002   1.0017729155244091        1.0000000000000000        2.3959214229130055E-004
  0.36363101369322892        6.7070353987792048E-005   1.2121212121212121E-002   1.0017706760174838        1.0101010101010102E-002   1.0017706760174838        1.0000000000000000        2.2756838052195860E-004
  0.37373232845941734        6.3250420366381250E-005   1.2121212121212121E-002   1.0017685562095340        1.0101010101010102E-002   1.0017685562095340        1.0000000000000000        2.1462456748189140E-004
  0.38383366356358617        5.9175601176662280E-005   1.2121212121212121E-002   1.0017665646712217        1.0101010101010102E-002   1.0017665646712217        1.0000000000000000        2.0081268896898763E-004
  0.39393501769692701        5.4862304786031975E-005   1.2121212121212121E-002   1.0017647094569293        1.0101010101010102E-002   1.0017647094569293        1.0000000000000000        1.8618844817464009E-004
  0.40403638947364690        5.0327904575359239E-005   1.2121212121212121E-002   1.0017629980708220        1.0101010101010102E-002   1.0017629980708220        1.0000000000000000        1.7081091916448798E-004
  0.41413777743657099        4.5590665049954881E-005   1.2121212121212121E-002   1.0017614374372910        1.0101010101010102E-002   1.0017614374372910        1.0000000000000000        1.5474197133169554E-004
  0.42423918006299893        4.0669672863936118E-005   1.2121212121212121E-002   1.0017600338726949        1.0101010101010102E-002   1.0017600338726949        1.0000000000000000        1.3804658344351850E-004
  0.43434059577086576        3.5584756298650649E-005   1.2121212121212121E-002   1.0017587930580072        1.0101010101010102E-002   1.0017587930580072        1.0000000000000000        1.2079232587502986E-004
  0.44444202292514723        3.0356406384390480E-005   1.2121212121212121E-002   1.0017577200165098        1.0101010101010102E-002   1.0017577200165098        1.0000000000000000        1.0304885629608407E-004
  0.45454345984445527        2.5005693731531329E-005   1.2121212121212121E-002   1.0017568190931232        1.0101010101010102E-002   1.0017568190931232        1.0000000000000000        8.4888037466868127E-005
  0.46464490480785436        1.9554184041957065E-005   1.2121212121212121E-002   1.0017560939362655        1.0101010101010102E-002   1.0017560939362655        1.0000000000000000        6.6383327584240703E-005
  0.47474635606181659        1.4023851623409209E-005   1.2121212121212121E-002   1.0017555474827440        1.0101010101010102E-002   1.0017555474827440        1.0000000000000000        4.7609745637444689E-005
  0.48484781182733738        8.4369873259795033E-006   1.2121212121212121E-002   1.0017551819459141        1.0101010101010102E-002   1.0017551819459141        1.0000000000000000        2.8643214155188446E-005
  0.49494927030712427        2.8161137559866291E-006   1.2121212121212121E-002   1.0017549988067305        1.0101010101010102E-002   1.0017549988067305        1.0000000000000000        9.5606254788549450E-006
  0.50505072969288833       -2.8161134625877214E-006   1.2121212121212121E-002   1.0017549988069954        1.0101010101010102E-002   1.0017549988069954        1.0000000000000000       -9.5606838188544430E-006
  0.51515218817266928       -8.4369877945719144E-006   1.2121212121212121E-002   1.0017551819463049        1.0101010101010102E-002   1.0017551819463049        1.0000000000000000       -2.8643184084131690E-005
  0.52525364393818752       -1.4023851593562403E-005   1.2121212121212121E-002   1.0017555474828042        1.0101010101010102E-002   1.0017555474828042        1.0000000000000000       -4.7609703402784476E-005
  0.53535509519215141       -1.9554184033326416E-005   1.2121212121212121E-002   1.0017560939361372        1.0101010101010102E-002   1.0017560939361372        1.0000000000000000       -6.6383324836216673E-005
  0.54545654015555156       -2.5005693590713667E-005   1.2121212121212121E-002   1.0017568190929436        1.0101010101010102E-002   1.0017568190929436        1.0000000000000000       -8.4888031734564606E-005
  0.55555797707486243       -3.0356406272807438E-005   1.2121212121212121E-002   1.0017577200164747        1.0101010101010102E-002   1.0017577200164747        1.0000000000000000       -1.0304889431100861E-004
  0.56565940422914163       -3.5584756391801329E-005   1.2121212121212121E-002   1.0017587930580374        1.0101010101010102E-002   1.0017587930580374        1.0000000000000000       -1.2079230036476929E-004
  0.57576081993700978       -4.0669672822056132E-005   1.2121212121212121E-002   1.0017600338726127        1.0101010101010102E-002   1.0017600338726127        1.0000000000000000       -1.3804658725558028E-004
  0.58586222256343856       -4.5590665156281456E-005   1.2121212121212121E-002   1.0017614374373776        1.0101010101010102E-002   1.0017614374373776        1.0000000000000000       -1.5474200105902725E-004
  0.59596361052635982       -5.0327904406527941E-005   1.2121212121212121E-002   1.0017629980709326        1.0101010101010102E-002   1.0017629980709326        1.0000000000000000       -1.7081089615089695E-004
  0.60606498230308015       -5.4862304907774319E-005   1.2121212121212121E-002   1.0017647094569413        1.0101010101010102E-002   1.0017647094569413        1.0000000000000000       -1.8618845054962918E-004
  0.61616633643642049       -5.9175600920732521E-005   1.2121212121212121E-002   1.0017665646712179        1.0101010101010102E-002   1.0017665646712179        1.0000000000000000       -2.0081268077465353E-004
  0.62626767154058971       -6.3250420443425646E-005   1.2121212121212121E-002   1.0017685562094347        1.0101010101010102E-002   1.0017685562094347        1.0000000000000000       -2.1462455653153967E-004
  0.63636898630677996       -6.7070354050939763E-005   1.2121212121212121E-002   1.0017706760174405        1.0101010101010102E-002   1.0017706760174405        1.0000000000000000       -2.2756840404003498E-004
  0.64647027950844071       -7.0620021999024074E-005   1.2121212121212121E-002   1.0017729155244974        1.0101010101010102E-002   1.0017729155244974        1.0000000000000000       -2.3959214535373974E-004
  0.65657155000621636       -7.3885136322991336E-005   1.2121212121212121E-002   1.0017752656790715        1.0101010101010102E-002   1.0017752656790715        1.0000000000000000       -2.5064758157711253E-004
  0.66667279675250890       -7.6852558385951520E-005   1.2121212121212121E-002   1.0017777169852944        1.0101010101010102E-002   1.0017777169852944        1.0000000000000000       -2.6069023876651443E-004
  0.67677401879569610       -7.9510350566542080E-005   1.2121212121212121E-002   1.0017802595410381        1.0101010101010102E-002   1.0017802595410381        1.0000000000000000       -2.6967986400094901E-004
  0.68687521528394413       -8.1847823758020310E-005   1.2121212121212121E-002   1.0017828830791458        1.0101010101010102E-002   1.0017828830791458        1.0000000000000000       -2.7758058542382003E-004
  0.69697638546860607       -8.3855584110063339E-005   1.2121212121212121E-002   1.0017855770095023        1.0101010101010102E-002   1.0017855770095023        1.0000000000000000       -2.8436095394024363E-004
  0.70707752870720320       -8.5525564913325840E-005   1.2121212121212121E-002   1.0017883304619633        1.0101010101010102E-002   1.0017883304619633        1.0000000000000000       -2.8999403728224848E-004
  0.71717864446597301       -8.6851062506115652E-005   1.2121212121212121E-002   1.0017911323294109        1.0101010101010102E-002   1.0017911323294109        1.0000000000000000       -2.9445736052924332E-004
  0.72727973232200327       -8.7826762239523719E-005   1.2121212121212121E-002   1.0017939713130912        1.0101010101010102E-002   1.0017939713130912        1.0000000000000000       -2.9773346885519913E-004
  0.73738079196488393       -8.8448759036264916E-005   1.2121212121212121E-002   1.0017968359701193        1.0101010101010102E-002   1.0017968359701193        1.0000000000000000       -2.9980980529131784E-004
  0.74748182319789380       -8.8714572912111786E-005   1.2121212121212121E-002   1.0017997147585906        1.0101010101010102E-002   1.0017997147585906        1.0000000000000000       -3.0067831388080890E-004
  0.75758282593876503       -8.8623158701755576E-005   1.2121212121212121E-002   1.0018025960826007        1.0101010101010102E-002   1.0018025960826007        1.0000000000000000       -3.0033582966559891E-004
  0.76768380021998717       -8.8174908635290625E-005   1.2121212121212121E-002   1.0018054683409410        1.0101010101010102E-002   1.0018054683409410        1.0000000000000000       -2.9878443946973476E-004
  0.77778474618859872       -8.7371654753962041E-005   1.2121212121212121E-002   1.0018083199739092        1.0101010101010102E-002   1.0018083199739092        1.0000000000000000       -2.9603079297135793E-004
  0.78788566410556993       -8.6216653389585440E-005   1.2121212121212121E-002   1.0018111395096185        1.0101010101010102E-002   1.0018111395096185        1.0000000000000000       -2.9208659235546719E-004
  0.79798655434467580       -8.4714579679256787E-005   1.2121212121212121E-002   1.0018139156083454        1.0101010101010102E-002   1.0018139156083454        1.0000000000000000       -2.8696773271885689E-004
  0.80808741739101020       -8.2871502965862982E-005   1.2121212121212121E-002   1.0018166371087986        1.0101010101010102E-002   1.0018166371087986        1.0000000000000000       -2.8069558692411789E-004
  0.81818825383894245       -8.0694864413534306E-005   1.2121212121212121E-002   1.0018192930748044        1.0101010101010102E-002   1.0018192930748044        1.0000000000000000       -2.7329577546719719E-004
  0.82828906438969863       -7.8193446146256713E-005   1.2121212121212121E-002   1.0018218728368122        1.0101010101010102E-002   1.0018218728368122        1.0000000000000000       -2.6479834449588679E-004
  0.83838984984851050       -7.5377336487060241E-005   1.2121212121212121E-002   1.0018243660343480        1.0101010101010102E-002   1.0018243660343480        1.0000000000000000       -2.5523772482483054E-004
  0.84849061112135482       -7.2257886050261153E-005   1.2121212121212121E-002   1.0018267626579185        1.0101010101010102E-002   1.0018267626579185        1.0000000000000000       -2.4465271975149250E-004
  0.85859134921127345       -6.8847666485033626E-005   1.2121212121212121E-002   1.0018290530894083        1.0101010101010102E-002   1.0018290530894083        1.0000000000000000       -2.3308620829975979E-004
  0.86869206521431452       -6.5160415847327310E-005   1.2121212121212121E-002   1.0018312281404136        1.0101010101010102E-002   1.0018312281404136        1.0000000000000000       -2.2058494695809117E-004
  0.87879276031509135       -6.1210985225770926E-005   1.2121212121212121E-002   1.0018332790865159        1.0101010101010102E-002   1.0018332790865159        1.0000000000000000       -2.0719896215570799E-004
  0.88889343578205793       -5.7015277461713275E-005   1.2121212121212121E-002   1.0018351977032589        1.0101010101010102E-002   1.0018351977032589        1.0000000000000000       -1.9298252479238442E-004
  0.89899409296235211       -5.2590183847044667E-005   1.2121212121212121E-002   1.0018369763007280        1.0101010101010102E-002   1.0018369763007280        1.0000000000000000       -1.7799286670516778E-004
  0.90909473327637813       -4.7953518305206317E-005   1.2121212121212121E-002   1.0018386077511912        1.0101010101010102E-002   1.0018386077511912        1.0000000000000000       -1.6229001951639788E-004
  0.91919535821211751       -4.3123941427115741E-005   1.2121212121212121E-002   1.0018400855168188        1.0101010101010102E-002   1.0018400855168188        1.0000000000000000       -1.4593696512044119E-004
  0.92929596931916403       -3.8120886978969962E-005   1.2121212121212121E-002   1.0018414036774810        1.0101010101010102E-002   1.0018414036774810        1.0000000000000000       -1.2899954637823896E-004
  0.93939656820247808       -3.2964487598782929E-005   1.2121212121212121E-002   1.0018425569542215        1.0101010101010102E-002   1.0018425569542215        1.0000000000000000       -1.1154566291793344E-004
  0.94949715651596078       -2.7675488237811090E-005   1.2121212121212121E-002   1.0018435407293709        1.0101010101010102E-002   1.0018435407293709        1.0000000000000000       -9.3645326100677551E-005
  0.95959773595581177       -2.2275167709373833E-005   1.2121212121212121E-002   1.0018443510637021        1.0101010101010102E-002   1.0018443510637021        1.0000000000000000       -7.5369977172279334E-005
  0.96969830825376635       -1.6785248346243743E-005   1.2121212121212121E-002   1.0018449847117574        1.0101010101010102E-002   1.0018449847117574        1.0000000000000000       -5.6792858750931430E-005
  0.97979887517015574       -1.1227814443983860E-005   1.2121212121212121E-002   1.0018454391375424        1.0101010101010102E-002   1.0018454391375424        1.0000000000000000       -3.7988689851609081E-005
  0.98989943848682116       -5.6252198198455709E-006   1.2121212121212121E-002   1.0018457125234177        1.0101010101010102E-002   1.0018457125234177        1.0000000000000000       -1.9032559420928408E-005
   1.0000000000000024       -4.1559986724861291E-013   1.2121212121212121E-002   1.0018458037742701        1.0101010101010102E-002   1.0018458037742701        1.0000000000000000       -1.5653256468795007E-011
   1.0101005615131813        5.5783818215746431E-006   1.2121212121212121E-002   1.0018457125233500        1.0101010101010102E-002   1.0018457125233500        1.0000000000000000        1.9032589039902348E-005
   1.0202011248298495        1.1134325796507118E-005   1.2121212121212121E-002   1.0018454391375078        1.0101010101010102E-002   1.0018454391375078        1.0000000000000000        3.7988666531596493E-005
   1.0303016917462366        1.6645483482406228E-005   1.2121212121212121E-002   1.0018449847116642        1.0101010101010102E-002   1.0018449847116642        1.0000000000000000        5.6792899223445659E-005
   1.0404022640441954        2.2089685345949355E-005   1.2121212121212121E-002   1.0018443510636341        1.0101010101010102E-002   1.0018443510636341        1.0000000000000000        7.5369927814428195E-005
   1.0505028434840440        2.7445031254213663E-005   1.2121212121212121E-002   1.0018435407295254        1.0101010101010102E-002   1.0018435407295254        1.0000000000000000        9.3645331435965318E-005
   1.0606034317975253        3.2689978301629815E-005   1.2121212121212121E-002   1.0018425569541842        1.0101010101010102E-002   1.0018425569541842        1.0000000000000000        1.1154569293037042E-004
   1.0707040306808420        3.7803425082179048E-005   1.2121212121212121E-002   1.0018414036775198        1.0101010101010102E-002   1.0018414036775198        1.0000000000000000        1.2899950541012117E-004
   1.0808046417878849        4.2764796916400517E-005   1.2121212121212121E-002   1.0018400855168395        1.0101010101010102E-002   1.0018400855168395        1.0000000000000000        1.4593700960574552E-004
   1.0909052667236272        4.7554130227382750E-005   1.2121212121212121E-002   1.0018386077510470        1.0101010101010102E-002   1.0018386077510470        1.0000000000000000        7.6277729829256060     
   1.1010059070376537        5.2152152046045457E-005   1.2121212121212121E-002   1.0018369763006720        1.0101010101010102E-002   1.0018369763006720        1.0000000000000000        93.409667833778357     
  -1.0100561513178841E-002  -5.5783815259126370E-006   1.2121212121212121E-002   1.0018457125234177        1.0101010101010102E-002   1.0018457125234177        1.0000000000000000       -1.9032565837129312E-005
  -2.0201124829844264E-002  -1.1134325888818514E-005   1.2121212121212121E-002   1.0018454391375424        1.0101010101010102E-002   1.0018454391375424        1.0000000000000000       -3.7988694184143412E-005
  -3.0301691746233650E-002  -1.6645483527395414E-005   1.2121212121212121E-002   1.0018449847117574        1.0101010101010102E-002   1.0018449847117574        1.0000000000000000       -5.6792858759813214E-005
  -4.0402264044188230E-002  -2.2089685416015297E-005   1.2121212121212121E-002   1.0018443510637021        1.0101010101010102E-002   1.0018443510637021        1.0000000000000000       -7.5369977167838442E-005
  -5.0502843484039217E-002  -2.7445031178572028E-005   1.2121212121212121E-002   1.0018435407293709        1.0101010101010102E-002   1.0018435407293709        1.0000000000000000       -9.3645326101565729E-005
  -6.0603431797521923E-002  -3.2689978614063000E-005   1.2121212121212121E-002   1.0018425569542215        1.0101010101010102E-002   1.0018425569542215        1.0000000000000000       -1.1154566292326251E-004
  -7.0704030680835972E-002  -3.7803424845264671E-005   1.2121212121212121E-002   1.0018414036774810        1.0101010101010102E-002   1.0018414036774810        1.0000000000000000       -1.2899954637735078E-004
  -8.0804641787882492E-002  -4.2764797132726091E-005   1.2121212121212121E-002   1.0018400855168188        1.0101010101010102E-002   1.0018400855168188        1.0000000000000000       -1.4593696513109933E-004
  -9.0905266723621869E-002  -4.7554130053481587E-005   1.2121212121212121E-002   1.0018386077511912        1.0101010101010102E-002   1.0018386077511912        1.0000000000000000       -7.6277729829398027     
 -0.10100590703764789       -5.2152151781386347E-005   1.2121212121212121E-002   1.0018369763007280        1.0101010101010102E-002   1.0018369763007280        1.0000000000000000       -93.409667833784766     
