 # x v h rho m p cs a
   3.2049999999999539     
   9.9631414229860547E-017   0.0000000000000000        1.2121212121212121E-002   1.0017382762054423        1.0101010101010102E-002   1.0017382762054423        1.0000000000000000        1.2434497875801753E-014
   1.0102252489037664E-002  -4.1422584697618631E-006   1.2121212121212121E-002   1.0016888531835493        1.0101010101010102E-002   1.0016888531835493        1.0000000000000000       -1.4210854715202004E-014
   2.0204313366895911E-002  -7.7443261952034988E-006   1.2121212121212121E-002   1.0016899908269965        1.0101010101010102E-002   1.0016899908269965        1.0000000000000000       -9.9475983006414026E-014
   3.0306442730087920E-002  -1.1409881667697672E-005   1.2121212121212121E-002   1.0016890183110694        1.0101010101010102E-002   1.0016890183110694        1.0000000000000000        6.1284310959308641E-014
   4.0408540992905126E-002  -1.4881304563759265E-005   1.2121212121212121E-002   1.0016908556849917        1.0101010101010102E-002   1.0016908556849917        1.0000000000000000        3.5527136788005009E-015
   5.0510627370729116E-002  -1.8470291638116059E-005   1.2121212121212121E-002   1.0016927065826413        1.0101010101010102E-002   1.0016927065826413        1.0000000000000000        4.4408920985006262E-015
   6.0612690744455057E-002  -2.2115480124157755E-005   1.2121212121212121E-002   1.0016951749505956        1.0101010101010102E-002   1.0016951749505956        1.0000000000000000       -8.8817841970012523E-015
   7.0714727885734643E-002  -2.5611246503516088E-005   1.2121212121212121E-002   1.0016980930987196        1.0101010101010102E-002   1.0016980930987196        1.0000000000000000       -5.1514348342607263E-014
   8.0816733662065654E-002  -2.8856459518932108E-005   1.2121212121212121E-002   1.0017014736921386        1.0101010101010102E-002   1.0017014736921386        1.0000000000000000        2.1316282072803006E-014
   9.0918703825299596E-002  -3.2032197423261083E-005   1.2121212121212121E-002   1.0017052258303005        1.0101010101010102E-002   1.0017052258303005        1.0000000000000000        7.1054273576010019E-015
  0.10102063542288557       -3.5095860279248129E-005   1.2121212121212121E-002   1.0017093286478360        1.0101010101010102E-002   1.0017093286478360        1.0000000000000000        7.1054273576010019E-015
  0.11112252450443798       -3.7932993986254879E-005   1.2121212121212121E-002   1.0017137839503776        1.0101010101010102E-002   1.0017137839503776        1.0000000000000000        3.5527136788005009E-015
  0.12122436805511975       -4.0668338399641910E-005   1.2121212121212121E-002   1.0017185947039393        1.0101010101010102E-002   1.0017185947039393        1.0000000000000000        1.9539925233402755E-014
  0.13132616205722386       -4.3489648390103466E-005   1.2121212121212121E-002   1.0017237508345729        1.0101010101010102E-002   1.0017237508345729        1.0000000000000000        8.0824236192711396E-014
  0.14142790354148885       -4.5961548518125712E-005   1.2121212121212121E-002   1.0017291624615834        1.0101010101010102E-002   1.0017291624615834        1.0000000000000000        2.2204460492503131E-014
  0.15152959068652549       -4.8178872561055722E-005   1.2121212121212121E-002   1.0017348744107599        1.0101010101010102E-002   1.0017348744107599        1.0000000000000000       -6.2172489379008766E-015
  0.16163121930426311       -5.0112113546954077E-005   1.2121212121212121E-002   1.0017408998060933        1.0101010101010102E-002   1.0017408998060933        1.0000000000000000       -6.2172489379008766E-015
  0.17173278735591641       -5.1979426562453286E-005   1.2121212121212121E-002   1.0017472196417974        1.0101010101010102E-002   1.0017472196417974        1.0000000000000000       -6.2172489379008766E-015
  0.18183429088359551       -5.3650431248459309E-005   1.2121212121212121E-002   1.0017537209862315        1.0101010101010102E-002   1.0017537209862315        1.0000000000000000       -6.2172489379008766E-015
  0.19193573045662685       -5.5042553135531179E-005   1.2121212121212121E-002   1.0017603955936656        1.0101010101010102E-002   1.0017603955936656        1.0000000000000000       -6.2172489379008766E-015
  0.20203710211668274       -5.6292319408641526E-005   1.2121212121212121E-002   1.0017672425182562        1.0101010101010102E-002   1.0017672425182562        1.0000000000000000       -6.2172489379008766E-015
  0.21213840599231021       -5.7278689148719457E-005   1.2121212121212121E-002   1.0017740519690872        1.0101010101010102E-002   1.0017740519690872        1.0000000000000000       -6.2172489379008766E-015
  0.22223964333496155       -5.8096169446128394E-005   1.2121212121212121E-002   1.0017809571061329        1.0101010101010102E-002   1.0017809571061329        1.0000000000000000       -1.7763568394002505E-015
  0.23234081103229429       -5.8616547726007808E-005   1.2121212121212121E-002   1.0017881164828739        1.0101010101010102E-002   1.0017881164828739        1.0000000000000000       -5.6843418860808015E-014
  0.24244190672379831       -5.8954547593870305E-005   1.2121212121212121E-002   1.0017954243799807        1.0101010101010102E-002   1.0017954243799807        1.0000000000000000       -1.8562928971732617E-013
  0.25254292966061148       -5.8948747973321096E-005   1.2121212121212121E-002   1.0018026689061421        1.0101010101010102E-002   1.0018026689061421        1.0000000000000000        1.8385293287792592E-013
  0.26264388218569579       -5.8639872170950470E-005   1.2121212121212121E-002   1.0018098349240130        1.0101010101010102E-002   1.0018098349240130        1.0000000000000000        5.0626169922907138E-014
  0.27274476375093204       -5.8198135627324761E-005   1.2121212121212121E-002   1.0018170440454197        1.0101010101010102E-002   1.0018170440454197        1.0000000000000000       -6.2172489379008766E-015
  0.28284557370124297       -5.7490764593594405E-005   1.2121212121212121E-002   1.0018242219923761        1.0101010101010102E-002   1.0018242219923761        1.0000000000000000       -6.2172489379008766E-015
  0.29294631317503284       -5.6584447750046348E-005   1.2121212121212121E-002   1.0018312110550780        1.0101010101010102E-002   1.0018312110550780        1.0000000000000000       -6.2172489379008766E-015
  0.30304698498800553       -5.5581557026873230E-005   1.2121212121212121E-002   1.0018379819842784        1.0101010101010102E-002   1.0018379819842784        1.0000000000000000       -6.2172489379008766E-015
  0.31314759083503546       -5.4312198825394806E-005   1.2121212121212121E-002   1.0018446164513606        1.0101010101010102E-002   1.0018446164513606        1.0000000000000000       -6.2172489379008766E-015
  0.32324813145690195       -5.2676490488770674E-005   1.2121212121212121E-002   1.0018510578891775        1.0101010101010102E-002   1.0018510578891775        1.0000000000000000       -6.2172489379008766E-015
  0.33334860994966742       -5.0978949286504146E-005   1.2121212121212121E-002   1.0018572613111896        1.0101010101010102E-002   1.0018572613111896        1.0000000000000000       -6.2172489379008766E-015
  0.34344902817367506       -4.9213864981483410E-005   1.2121212121212121E-002   1.0018633109146795        1.0101010101010102E-002   1.0018633109146795        1.0000000000000000       -6.2172489379008766E-015
  0.35354938700536898       -4.7067421545622589E-005   1.2121212121212121E-002   1.0018691276351661        1.0101010101010102E-002   1.0018691276351661        1.0000000000000000       -6.2172489379008766E-015
  0.36364969010914583       -4.4630041989972945E-005   1.2121212121212121E-002   1.0018746011169180        1.0101010101010102E-002   1.0018746011169180        1.0000000000000000       -6.2172489379008766E-015
  0.37374994098241204       -4.2108904614370659E-005   1.2121212121212121E-002   1.0018798241608449        1.0101010101010102E-002   1.0018798241608449        1.0000000000000000       -6.2172489379008766E-015
  0.38385014088989333       -3.9453884304929647E-005   1.2121212121212121E-002   1.0018847906134132        1.0101010101010102E-002   1.0018847906134132        1.0000000000000000       -6.2172489379008766E-015
  0.39395029340446730       -3.6621518660811403E-005   1.2121212121212121E-002   1.0018893711767249        1.0101010101010102E-002   1.0018893711767249        1.0000000000000000       -6.2172489379008766E-015
  0.40405040294916217       -3.3610465143918891E-005   1.2121212121212121E-002   1.0018936297593386        1.0101010101010102E-002   1.0018936297593386        1.0000000000000000       -6.2172489379008766E-015
  0.41415047134019706       -3.0378930771597731E-005   1.2121212121212121E-002   1.0018975618523549        1.0101010101010102E-002   1.0018975618523549        1.0000000000000000       -6.2172489379008766E-015
  0.42425050286862137       -2.7054945911653295E-005   1.2121212121212121E-002   1.0019009875001843        1.0101010101010102E-002   1.0019009875001843        1.0000000000000000       -6.2172489379008766E-015
  0.43435050376748491       -2.3759812945033760E-005   1.2121212121212121E-002   1.0019040095325988        1.0101010101010102E-002   1.0019040095325988        1.0000000000000000       -6.2172489379008766E-015
  0.44445047588310804       -2.0326886589666464E-005   1.2121212121212121E-002   1.0019067809611681        1.0101010101010102E-002   1.0019067809611681        1.0000000000000000       -6.2172489379008766E-015
  0.45455042161156461       -1.6664876410381684E-005   1.2121212121212121E-002   1.0019090685702328        1.0101010101010102E-002   1.0019090685702328        1.0000000000000000       -6.2172489379008766E-015
  0.46465034834623464       -1.2973672930475128E-005   1.2121212121212121E-002   1.0019107658842374        1.0101010101010102E-002   1.0019107658842374        1.0000000000000000       -6.2172489379008766E-015
  0.47475026097105449       -9.3506979124492986E-006   1.2121212121212121E-002   1.0019121054744617        1.0101010101010102E-002   1.0019121054744617        1.0000000000000000        5.3290705182007514E-015
  0.48485016121800967       -5.6763043057191945E-006   1.2121212121212121E-002   1.0019130809843146        1.0101010101010102E-002   1.0019130809843146        1.0000000000000000       -7.0166095156309893E-014
  0.49495005428268946       -1.9036147975576825E-006   1.2121212121212121E-002   1.0019135344581651        1.0101010101010102E-002   1.0019135344581651        1.0000000000000000       -4.4941828036826337E-013
  0.50504994571730710        1.9036147963915875E-006   1.2121212121212121E-002   1.0019135344581833        1.0101010101010102E-002   1.0019135344581833        1.0000000000000000       -6.9277916736609768E-014
  0.51514983878198639        5.6763042975364565E-006   1.2121212121212121E-002   1.0019130809842911        1.0101010101010102E-002   1.0019130809842911        1.0000000000000000        1.5987211554602254E-014
  0.52524973902894245        9.3506978713530405E-006   1.2121212121212121E-002   1.0019121054743647        1.0101010101010102E-002   1.0019121054743647        1.0000000000000000        1.7763568394002505E-015
  0.53534965165376369        1.2973672926608776E-005   1.2121212121212121E-002   1.0019107658842541        1.0101010101010102E-002   1.0019107658842541        1.0000000000000000        1.7763568394002505E-015
  0.54544957838843178        1.6664876512015355E-005   1.2121212121212121E-002   1.0019090685702521        1.0101010101010102E-002   1.0019090685702521        1.0000000000000000        1.7763568394002505E-015
  0.55554952411688985        2.0326886499102758E-005   1.2121212121212121E-002   1.0019067809611402        1.0101010101010102E-002   1.0019067809611402        1.0000000000000000        1.7763568394002505E-015
  0.56564949623251204        2.3759812937210418E-005   1.2121212121212121E-002   1.0019040095325322        1.0101010101010102E-002   1.0019040095325322        1.0000000000000000        1.7763568394002505E-015
  0.57574949713137802        2.7054945897108621E-005   1.2121212121212121E-002   1.0019009875001839        1.0101010101010102E-002   1.0019009875001839        1.0000000000000000        1.7763568394002505E-015
  0.58584952865979989        3.0378930812724142E-005   1.2121212121212121E-002   1.0018975618524142        1.0101010101010102E-002   1.0018975618524142        1.0000000000000000        1.7763568394002505E-015
  0.59594959705083583        3.3610465131064068E-005   1.2121212121212121E-002   1.0018936297593424        1.0101010101010102E-002   1.0018936297593424        1.0000000000000000        1.7763568394002505E-015
  0.60604970659552970        3.6621518558594475E-005   1.2121212121212121E-002   1.0018893711767369        1.0101010101010102E-002   1.0018893711767369        1.0000000000000000        1.7763568394002505E-015
  0.61614985911010445        3.9453884308742616E-005   1.2121212121212121E-002   1.0018847906134500        1.0101010101010102E-002   1.0018847906134500        1.0000000000000000        1.7763568394002505E-015
  0.62625005901758424        4.2108904628310707E-005   1.2121212121212121E-002   1.0018798241609017        1.0101010101010102E-002   1.0018798241609017        1.0000000000000000        1.7763568394002505E-015
  0.63635030989085062        4.4630042003035935E-005   1.2121212121212121E-002   1.0018746011168831        1.0101010101010102E-002   1.0018746011168831        1.0000000000000000        1.7763568394002505E-015
  0.64645061299462814        4.7067421520189306E-005   1.2121212121212121E-002   1.0018691276351177        1.0101010101010102E-002   1.0018691276351177        1.0000000000000000        1.7763568394002505E-015
  0.65655097182632249        4.9213865007919715E-005   1.2121212121212121E-002   1.0018633109147010        1.0101010101010102E-002   1.0018633109147010        1.0000000000000000        1.7763568394002505E-015
  0.66665139005032903        5.0978949332373521E-005   1.2121212121212121E-002   1.0018572613111532        1.0101010101010102E-002   1.0018572613111532        1.0000000000000000        1.7763568394002505E-015
  0.67675186854309632        5.2676490364815961E-005   1.2121212121212121E-002   1.0018510578890887        1.0101010101010102E-002   1.0018510578890887        1.0000000000000000        1.7763568394002505E-015
  0.68685240916496304        5.4312198842331738E-005   1.2121212121212121E-002   1.0018446164513823        1.0101010101010102E-002   1.0018446164513823        1.0000000000000000        1.7763568394002505E-015
  0.69695301501199214        5.5581557019818083E-005   1.2121212121212121E-002   1.0018379819843124        1.0101010101010102E-002   1.0018379819843124        1.0000000000000000        1.7763568394002505E-015
  0.70705368682496483        5.6584447837984204E-005   1.2121212121212121E-002   1.0018312110550287        1.0101010101010102E-002   1.0018312110550287        1.0000000000000000        1.7763568394002505E-015
  0.71715442629875581        5.7490764575532504E-005   1.2121212121212121E-002   1.0018242219923190        1.0101010101010102E-002   1.0018242219923190        1.0000000000000000        1.7763568394002505E-015
  0.72725523624906685        5.8198135616756954E-005   1.2121212121212121E-002   1.0018170440454210        1.0101010101010102E-002   1.0018170440454210        1.0000000000000000        1.7763568394002505E-015
  0.73735611781430299        5.8639872074392272E-005   1.2121212121212121E-002   1.0018098349240858        1.0101010101010102E-002   1.0018098349240858        1.0000000000000000        1.7763568394002505E-015
  0.74745707033938580        5.8948747993009883E-005   1.2121212121212121E-002   1.0018026689061874        1.0101010101010102E-002   1.0018026689061874        1.0000000000000000        1.7763568394002505E-015
  0.75755809327619950        5.8954547538471761E-005   1.2121212121212121E-002   1.0017954243799505        1.0101010101010102E-002   1.0017954243799505        1.0000000000000000        1.7763568394002505E-015
  0.76765918896770369        5.8616547777651298E-005   1.2121212121212121E-002   1.0017881164828197        1.0101010101010102E-002   1.0017881164828197        1.0000000000000000        1.7763568394002505E-015
  0.77776035666503740        5.8096169423675224E-005   1.2121212121212121E-002   1.0017809571061034        1.0101010101010102E-002   1.0017809571061034        1.0000000000000000        1.7763568394002505E-015
  0.78786159400768840        5.7278689143240442E-005   1.2121212121212121E-002   1.0017740519691052        1.0101010101010102E-002   1.0017740519691052        1.0000000000000000        1.7763568394002505E-015
  0.79796289788331565        5.6292319436109599E-005   1.2121212121212121E-002   1.0017672425182198        1.0101010101010102E-002   1.0017672425182198        1.0000000000000000        1.7763568394002505E-015
  0.80806426954337263        5.5042553112681733E-005   1.2121212121212121E-002   1.0017603955936469        1.0101010101010102E-002   1.0017603955936469        1.0000000000000000        1.7763568394002505E-015
  0.81816570911640329        5.3650431203423286E-005   1.2121212121212121E-002   1.0017537209862646        1.0101010101010102E-002   1.0017537209862646        1.0000000000000000        1.7763568394002505E-015
  0.82826721264408243        5.1979426535407436E-005   1.2121212121212121E-002   1.0017472196418786        1.0101010101010102E-002   1.0017472196418786        1.0000000000000000        1.7763568394002505E-015
  0.83836878069573384        5.0112113633832565E-005   1.2121212121212121E-002   1.0017408998060835        1.0101010101010102E-002   1.0017408998060835        1.0000000000000000        1.7763568394002505E-015
  0.84847040931347362        4.8178872535302133E-005   1.2121212121212121E-002   1.0017348744107042        1.0101010101010102E-002   1.0017348744107042        1.0000000000000000        1.7763568394002505E-015
  0.85857209645850940        4.5961548455458650E-005   1.2121212121212121E-002   1.0017291624615945        1.0101010101010102E-002   1.0017291624615945        1.0000000000000000        1.7763568394002505E-015
  0.86867383794277486        4.3489648389216853E-005   1.2121212121212121E-002   1.0017237508345695        1.0101010101010102E-002   1.0017237508345695        1.0000000000000000        1.7763568394002505E-015
  0.87877563194487862        4.0668338434708451E-005   1.2121212121212121E-002   1.0017185947039391        1.0101010101010102E-002   1.0017185947039391        1.0000000000000000        1.7763568394002505E-015
  0.88887747549556062        3.7932993910001260E-005   1.2121212121212121E-002   1.0017137839503258        1.0101010101010102E-002   1.0017137839503258        1.0000000000000000        1.7763568394002505E-015
  0.89897936457711414        3.5095860284615194E-005   1.2121212121212121E-002   1.0017093286478920        1.0101010101010102E-002   1.0017093286478920        1.0000000000000000        1.7763568394002505E-015
  0.90908129617469768        3.2032197408297589E-005   1.2121212121212121E-002   1.0017052258303476        1.0101010101010102E-002   1.0017052258303476        1.0000000000000000        1.7763568394002505E-015
  0.91918326633793290        2.8856459628551331E-005   1.2121212121212121E-002   1.0017014736920586        1.0101010101010102E-002   1.0017014736920586        1.0000000000000000        1.7763568394002505E-015
  0.92928527211426459        2.5611246510949141E-005   1.2121212121212121E-002   1.0016980930987087        1.0101010101010102E-002   1.0016980930987087        1.0000000000000000        1.7763568394002505E-015
  0.93938730925554359        2.2115480077555930E-005   1.2121212121212121E-002   1.0016951749506002        1.0101010101010102E-002   1.0016951749506002        1.0000000000000000        1.7763568394002505E-015
  0.94948937262927002        1.8470291625809443E-005   1.2121212121212121E-002   1.0016927065826500        1.0101010101010102E-002   1.0016927065826500        1.0000000000000000        1.7763568394002505E-015
  0.95959145900709331        1.4881304557254169E-005   1.2121212121212121E-002   1.0016908556849851        1.0101010101010102E-002   1.0016908556849851        1.0000000000000000        1.7763568394002505E-015
  0.96969355726991147        1.1409881692756687E-005   1.2121212121212121E-002   1.0016890183111071        1.0101010101010102E-002   1.0016890183111071        1.0000000000000000        8.8817841970012523E-016
  0.97979568663310168        7.7443261633102672E-006   1.2121212121212121E-002   1.0016899908270269        1.0101010101010102E-002   1.0016899908270269        1.0000000000000000       -3.2862601528904634E-014
  0.98989774751096105        4.1422584012222262E-006   1.2121212121212121E-002   1.0016888531835322        1.0101010101010102E-002   1.0016888531835322        1.0000000000000000        1.5010215292932116E-013
  0.99999999999999800        0.0000000000000000        1.2121212121212121E-002   1.0017382762054632        1.0101010101010102E-002   1.0017382762054632        1.0000000000000000        1.0436096431476471E-012
