 # x v h rho m p cs a
   17.750303030301904     
   8.7352257862318960E-015   6.0407113654615647E-013   1.2121212121212121E-002   1.0017506773411611        1.0101010101010102E-002   1.0017506773411611        1.0000000000000000        8.2491347086488531E-011
   1.0101501645925428E-002  -5.4790194420940312E-006   1.2121212121212121E-002   1.0017507777834287        1.0101010101010102E-002   1.0017507777834287        1.0000000000000000       -2.0953082661812061E-005
   2.0203001306298481E-002  -1.0935934838351183E-005   1.2121212121212121E-002   1.0017510787023451        1.0101010101010102E-002   1.0017510787023451        1.0000000000000000       -4.1820838225348211E-005
   3.0304497003673974E-002  -1.6348731052180231E-005   1.2121212121212121E-002   1.0017515788713036        1.0101010101010102E-002   1.0017515788713036        1.0000000000000000       -6.2518068219219458E-005
   4.0405986776754270E-002  -2.1695570799494105E-005   1.2121212121212121E-002   1.0017522762510713        1.0101010101010102E-002   1.0017522762510713        1.0000000000000000       -8.2960295744172186E-005
   5.0507468688410120E-002  -2.6954887782530222E-005   1.2121212121212121E-002   1.0017531679991698        1.0101010101010102E-002   1.0017531679991698        1.0000000000000000       -1.0306442116014836E-004
   6.0608940833553303E-002  -3.2105467862233607E-005   1.2121212121212121E-002   1.0017542504832653        1.0101010101010102E-002   1.0017542504832653        1.0000000000000000       -1.2274874666928781E-004
   7.0710401346875673E-002  -3.7126539573761441E-005   1.2121212121212121E-002   1.0017555192944547        1.0101010101010102E-002   1.0017555192944547        1.0000000000000000       -1.4193293019459929E-004
   8.0811848410466652E-002  -4.1997854723275180E-005   1.2121212121212121E-002   1.0017569692647486        1.0101010101010102E-002   1.0017569692647486        1.0000000000000000       -1.6053892484091392E-004
   9.0913280261211524E-002  -4.6699774595527308E-005   1.2121212121212121E-002   1.0017585944915088        1.0101010101010102E-002   1.0017585944915088        1.0000000000000000       -1.7849150634585698E-004
  0.10101469519791328       -5.1213346104521229E-005   1.2121212121212121E-002   1.0017603883622481        1.0101010101010102E-002   1.0017603883622481        1.0000000000000000       -1.9571781319527304E-004
  0.11111609158820097       -5.5520379408903773E-005   1.2121212121212121E-002   1.0017623435800787        1.0101010101010102E-002   1.0017623435800787        1.0000000000000000       -2.1214792344181888E-004
  0.12121746787515771       -5.9603521277275202E-005   1.2121212121212121E-002   1.0017644521950779        1.0101010101010102E-002   1.0017644521950779        1.0000000000000000       -2.2771550299260923E-004
  0.13131882258360206       -6.3446325599388734E-005   1.2121212121212121E-002   1.0017667056384159        1.0101010101010102E-002   1.0017667056384159        1.0000000000000000       -2.4235779316672534E-004
  0.14142015432604024       -6.7033320793825213E-005   1.2121212121212121E-002   1.0017690947584159        1.0101010101010102E-002   1.0017690947584159        1.0000000000000000       -2.5601598729352304E-004
  0.15152146180823253       -7.0350067623857376E-005   1.2121212121212121E-002   1.0017716098577030        1.0101010101010102E-002   1.0017716098577030        1.0000000000000000       -2.6863505952068323E-004
  0.16162274383441236       -7.3383223373715682E-005   1.2121212121212121E-002   1.0017742407325871        1.0101010101010102E-002   1.0017742407325871        1.0000000000000000       -2.8016442515799156E-004
  0.17172399931207785       -7.6120590648807583E-005   1.2121212121212121E-002   1.0017769767168427        1.0101010101010102E-002   1.0017769767168427        1.0000000000000000       -2.9055821310919328E-004
  0.18182522725633940       -7.8551168395414082E-005   1.2121212121212121E-002   1.0017798067266654        1.0101010101010102E-002   1.0017798067266654        1.0000000000000000       -2.9977523249868909E-004
  0.19192642679381841       -8.0665195212206549E-005   1.2121212121212121E-002   1.0017827193047106        1.0101010101010102E-002   1.0017827193047106        1.0000000000000000       -3.0777877454735147E-004
  0.20202759716612959       -8.2454188903048715E-005   1.2121212121212121E-002   1.0017857026664518        1.0101010101010102E-002   1.0017857026664518        1.0000000000000000       -3.1453734846742520E-004
  0.21212873773286786       -8.3910978181484869E-005   1.2121212121212121E-002   1.0017887447511429        1.0101010101010102E-002   1.0017887447511429        1.0000000000000000       -3.2002484757143179E-004
  0.22222984797406756       -8.5029735407130254E-005   1.2121212121212121E-002   1.0017918332694444        1.0101010101010102E-002   1.0017918332694444        1.0000000000000000       -3.2421977820629166E-004
  0.23233092749226122       -8.5805993720252361E-005   1.2121212121212121E-002   1.0017949557542090        1.0101010101010102E-002   1.0017949557542090        1.0000000000000000       -3.2710658656576186E-004
  0.24243197601392685       -8.6236667727200361E-005   1.2121212121212121E-002   1.0017980996105973        1.0101010101010102E-002   1.0017980996105973        1.0000000000000000       -3.2867421916016326E-004
  0.25253299339055713       -8.6320065503296906E-005   1.2121212121212121E-002   1.0018012521661637        1.0101010101010102E-002   1.0018012521661637        1.0000000000000000       -3.2891762411768610E-004
  0.26263397959912643       -8.6055894097343744E-005   1.2121212121212121E-002   1.0018044007254825        1.0101010101010102E-002   1.0018044007254825        1.0000000000000000       -3.2783710830575075E-004
  0.27273493474206034       -8.5445260067347736E-005   1.2121212121212121E-002   1.0018075326189049        1.0101010101010102E-002   1.0018075326189049        1.0000000000000000       -3.2543780895277763E-004
  0.28283585904675168       -8.4490662318879970E-005   1.2121212121212121E-002   1.0018106352518061        1.0101010101010102E-002   1.0018106352518061        1.0000000000000000       -3.2173027393511688E-004
  0.29293675286456250       -8.3195983982908302E-005   1.2121212121212121E-002   1.0018136961575628        1.0101010101010102E-002   1.0018136961575628        1.0000000000000000       -3.1673070986037999E-004
  0.30303761666928258       -8.1566479075495405E-005   1.2121212121212121E-002   1.0018167030481828        1.0101010101010102E-002   1.0018167030481828        1.0000000000000000       -3.1046024937086969E-004
  0.31313845105512894       -7.9608741233747843E-005   1.2121212121212121E-002   1.0018196438610609        1.0101010101010102E-002   1.0018196438610609        1.0000000000000000       -3.0294480553472170E-004
  0.32323925673428733       -7.7330685448410291E-005   1.2121212121212121E-002   1.0018225068057043        1.0101010101010102E-002   1.0018225068057043        1.0000000000000000       -2.9421526353612393E-004
  0.33334003453399436       -7.4741512931747635E-005   1.2121212121212121E-002   1.0018252804131815        1.0101010101010102E-002   1.0018252804131815        1.0000000000000000       -2.8430784594402070E-004
  0.34344078539308875       -7.1851673123386715E-005   1.2121212121212121E-002   1.0018279535809844        1.0101010101010102E-002   1.0018279535809844        1.0000000000000000       -2.7326281668749175E-004
  0.35354151035821207       -6.8672821484311452E-005   1.2121212121212121E-002   1.0018305156153651        1.0101010101010102E-002   1.0018305156153651        1.0000000000000000       -2.6112520388643645E-004
  0.36364221057952834       -6.5217770108978224E-005   1.2121212121212121E-002   1.0018329562735655        1.0101010101010102E-002   1.0018329562735655        1.0000000000000000       -2.4794404564243422E-004
  0.37374288730608646       -6.1500441542385192E-005   1.2121212121212121E-002   1.0018352658038145        1.0101010101010102E-002   1.0018352658038145        1.0000000000000000       -2.3377275883440518E-004
  0.38384354188075487       -5.7535806360327662E-005   1.2121212121212121E-002   1.0018374349849080        1.0101010101010102E-002   1.0018374349849080        1.0000000000000000       -2.1866858965324809E-004
  0.39394417573479201       -5.3339828103007674E-005   1.2121212121212121E-002   1.0018394551601428        1.0101010101010102E-002   1.0018394551601428        1.0000000000000000       -2.0269206073741941E-004
  0.40404479038212304       -4.8929394356566179E-005   1.2121212121212121E-002   1.0018413182714809        1.0101010101010102E-002   1.0018413182714809        1.0000000000000000       -1.8590749219882241E-004
  0.41414538741322959       -4.4322250814359807E-005   1.2121212121212121E-002   1.0018430168909762        1.0101010101010102E-002   1.0018430168909762        1.0000000000000000       -1.6838199334490156E-004
  0.42424596848880858       -3.9536932227584951E-005   1.2121212121212121E-002   1.0018445442502606        1.0101010101010102E-002   1.0018445442502606        1.0000000000000000       -1.5018602953453808E-004
  0.43434653533307621       -3.4592685099546196E-005   1.2121212121212121E-002   1.0018458942660109        1.0101010101010102E-002   1.0018458942660109        1.0000000000000000       -1.3139199099754251E-004
  0.44444708972692443       -2.9509391111972441E-005   1.2121212121212121E-002   1.0018470615616770        1.0101010101010102E-002   1.0018470615616770        1.0000000000000000       -1.1207486944986300E-004
  0.45454763350080457       -2.4307487864700081E-005   1.2121212121212121E-002   1.0018480414898860        1.0101010101010102E-002   1.0018480414898860        1.0000000000000000       -9.2311731024530275E-005
  0.46464816852743485       -1.9007887425886972E-005   1.2121212121212121E-002   1.0018488301518051        1.0101010101010102E-002   1.0018488301518051        1.0000000000000000       -7.2181633192336392E-005
  0.47474869671429726       -1.3631892607248769E-005   1.2121212121212121E-002   1.0018494244105696        1.0101010101010102E-002   1.0018494244105696        1.0000000000000000       -5.1764393600883807E-005
  0.48484921999608344       -8.2011116476990475E-006   1.2121212121212121E-002   1.0018498219010223        1.0101010101010102E-002   1.0018498219010223        1.0000000000000000       -3.1141110317989273E-005
  0.49494974032701133       -2.7373714151763053E-006   1.2121212121212121E-002   1.0018500210418559        1.0101010101010102E-002   1.0018500210418559        1.0000000000000000       -1.0394129998481105E-005
  0.50505025967301598        2.7373712583807193E-006   1.2121212121212121E-002   1.0018500210419821        1.0101010101010102E-002   1.0018500210419821        1.0000000000000000        1.0394104372757340E-005
  0.51515078000394077        8.2011116642307793E-006   1.2121212121212121E-002   1.0018498219010830        1.0101010101010102E-002   1.0018498219010830        1.0000000000000000        3.1141146528135266E-005
  0.52525130328572889        1.3631892788817912E-005   1.2121212121212121E-002   1.0018494244105591        1.0101010101010102E-002   1.0018494244105591        1.0000000000000000        5.1764373897533744E-005
  0.53535183147258969        1.9007887307727787E-005   1.2121212121212121E-002   1.0018488301517861        1.0101010101010102E-002   1.0018488301517861        1.0000000000000000        7.2181657778003228E-005
  0.54545236649922169        2.4307487711368117E-005   1.2121212121212121E-002   1.0018480414897435        1.0101010101010102E-002   1.0018480414897435        1.0000000000000000        9.2311728367100443E-005
  0.55555291027310350        2.9509391369468776E-005   1.2121212121212121E-002   1.0018470615616930        1.0101010101010102E-002   1.0018470615616930        1.0000000000000000        1.1207484343955798E-004
  0.56565346466694921        3.4592685165956601E-005   1.2121212121212121E-002   1.0018458942659407        1.0101010101010102E-002   1.0018458942659407        1.0000000000000000        1.3139203105350106E-004
  0.57575403151122118        3.9536931698625676E-005   1.2121212121212121E-002   1.0018445442503248        1.0101010101010102E-002   1.0018445442503248        1.0000000000000000        1.5018596219285030E-004
  0.58585461258679450        4.4322250986020887E-005   1.2121212121212121E-002   1.0018430168911394        1.0101010101010102E-002   1.0018430168911394        1.0000000000000000        1.6838203954616660E-004
  0.59595520961790305        4.8929394388291792E-005   1.2121212121212121E-002   1.0018413182715058        1.0101010101010102E-002   1.0018413182715058        1.0000000000000000        1.8590747281876929E-004
  0.60605582426523186        5.3339828352170642E-005   1.2121212121212121E-002   1.0018394551601417        1.0101010101010102E-002   1.0018394551601417        1.0000000000000000        2.0269209058021431E-004
  0.61615645811927089        5.7535806358046013E-005   1.2121212121212121E-002   1.0018374349847161        1.0101010101010102E-002   1.0018374349847161        1.0000000000000000        2.1866859793107096E-004
  0.62625711269394169        6.1500441319971944E-005   1.2121212121212121E-002   1.0018352658036915        1.0101010101010102E-002   1.0018352658036915        1.0000000000000000        2.3377273778724117E-004
  0.63635778942049992        6.5217770402972288E-005   1.2121212121212121E-002   1.0018329562735733        1.0101010101010102E-002   1.0018329562735733        1.0000000000000000        2.4794403487238270E-004
  0.64645848964181585        6.8672820873999494E-005   1.2121212121212121E-002   1.0018305156154437        1.0101010101010102E-002   1.0018305156154437        1.0000000000000000        2.6112520315457743E-004
  0.65655921460693745        7.1851673315517396E-005   1.2121212121212121E-002   1.0018279535808776        1.0101010101010102E-002   1.0018279535808776        1.0000000000000000        2.7326285327244904E-004
  0.66665996546603634        7.4741513253235656E-005   1.2121212121212121E-002   1.0018252804132224        1.0101010101010102E-002   1.0018252804132224        1.0000000000000000        2.8430778331145490E-004
  0.67676074326573765        7.7330685563459822E-005   1.2121212121212121E-002   1.0018225068057023        1.0101010101010102E-002   1.0018225068057023        1.0000000000000000        2.9421533150841839E-004
  0.68686154894490203        7.9608740850132937E-005   1.2121212121212121E-002   1.0018196438611340        1.0101010101010102E-002   1.0018196438611340        1.0000000000000000        3.0294472172087694E-004
  0.69696238333074101        8.1566479215575030E-005   1.2121212121212121E-002   1.0018167030483542        1.0101010101010102E-002   1.0018167030483542        1.0000000000000000        3.1046031439441180E-004
  0.70706324713546465        8.3195984388346762E-005   1.2121212121212121E-002   1.0018136961576074        1.0101010101010102E-002   1.0018136961576074        1.0000000000000000        3.1673066570814257E-004
  0.71716414095327152        8.4490662635857588E-005   1.2121212121212121E-002   1.0018106352519360        1.0101010101010102E-002   1.0018106352519360        1.0000000000000000        3.2173030876325726E-004
  0.72726506525796331        8.5445259281733215E-005   1.2121212121212121E-002   1.0018075326186666        1.0101010101010102E-002   1.0018075326186666        1.0000000000000000        3.2543784587435454E-004
  0.73736602040090249        8.6055894327477744E-005   1.2121212121212121E-002   1.0018044007253957        1.0101010101010102E-002   1.0018044007253957        1.0000000000000000        3.2783704249617074E-004
  0.74746700660946808        8.6320065727625816E-005   1.2121212121212121E-002   1.0018012521661579        1.0101010101010102E-002   1.0018012521661579        1.0000000000000000        3.2891767292575480E-004
  0.75756802398610157        8.6236667389175288E-005   1.2121212121212121E-002   1.0017980996103635        1.0101010101010102E-002   1.0017980996103635        1.0000000000000000        3.2867421547866371E-004
  0.76766907250776950        8.5805994038109864E-005   1.2121212121212121E-002   1.0017949557542134        1.0101010101010102E-002   1.0017949557542134        1.0000000000000000        3.2710654472367651E-004
  0.77777015202596045        8.5029735372224081E-005   1.2121212121212121E-002   1.0017918332695441        1.0101010101010102E-002   1.0017918332695441        1.0000000000000000        3.2421979596186645E-004
  0.78787126226716087        8.3910978090961930E-005   1.2121212121212121E-002   1.0017887447513143        1.0101010101010102E-002   1.0017887447513143        1.0000000000000000        3.2002481250170689E-004
  0.79797240283389514        8.2454188549490901E-005   1.2121212121212121E-002   1.0017857026667150        1.0101010101010102E-002   1.0017857026667150        1.0000000000000000        3.1453736912023800E-004
  0.80807357320620432        8.0665195415187315E-005   1.2121212121212121E-002   1.0017827193046538        1.0101010101010102E-002   1.0017827193046538        1.0000000000000000        3.0777881730070789E-004
  0.81817477274368722        7.8551168357897150E-005   1.2121212121212121E-002   1.0017798067266659        1.0101010101010102E-002   1.0017798067266659        1.0000000000000000        2.9977518130497316E-004
  0.82827600068794460        7.6120590166718090E-005   1.2121212121212121E-002   1.0017769767167677        1.0101010101010102E-002   1.0017769767167677        1.0000000000000000        2.9055828169965991E-004
  0.83837725616561543        7.3383223500958936E-005   1.2121212121212121E-002   1.0017742407322963        1.0101010101010102E-002   1.0017742407322963        1.0000000000000000        2.8016439876132893E-004
  0.84847853819179675        7.0350068312231566E-005   1.2121212121212121E-002   1.0017716098577698        1.0101010101010102E-002   1.0017716098577698        1.0000000000000000        2.6863501069573914E-004
  0.85857984567398571        6.7033320637821016E-005   1.2121212121212121E-002   1.0017690947585658        1.0101010101010102E-002   1.0017690947585658        1.0000000000000000        2.5601601892333292E-004
  0.86868117741642348        6.3446325401014499E-005   1.2121212121212121E-002   1.0017667056382276        1.0101010101010102E-002   1.0017667056382276        1.0000000000000000        2.4235783122339427E-004
  0.87878253212487301        5.9603521226118146E-005   1.2121212121212121E-002   1.0017644521950886        1.0101010101010102E-002   1.0017644521950886        1.0000000000000000        2.2771542689881130E-004
  0.88888390841182408        5.5520379703245717E-005   1.2121212121212121E-002   1.0017623435801648        1.0101010101010102E-002   1.0017623435801648        1.0000000000000000        2.1214798101620858E-004
  0.89898530480211536        5.1213346000339347E-005   1.2121212121212121E-002   1.0017603883622093        1.0101010101010102E-002   1.0017603883622093        1.0000000000000000        1.9571778105209603E-004
  0.90908671973881472        4.6699774382738239E-005   1.2121212121212121E-002   1.0017585944915581        1.0101010101010102E-002   1.0017585944915581        1.0000000000000000        1.7849152315552175E-004
  0.91918815158956080        4.1997855075671745E-005   1.2121212121212121E-002   1.0017569692647907        1.0101010101010102E-002   1.0017569692647907        1.0000000000000000        1.6053890702227847E-004
  0.92928959865314986        3.7126539621313200E-005   1.2121212121212121E-002   1.0017555192945489        1.0101010101010102E-002   1.0017555192945489        1.0000000000000000        1.4193293726982859E-004
  0.93939105916647225        3.2105468175001505E-005   1.2121212121212121E-002   1.0017542504833867        1.0101010101010102E-002   1.0017542504833867        1.0000000000000000        1.2274873180739831E-004
  0.94949253131161282        2.6954887099493238E-005   1.2121212121212121E-002   1.0017531679991905        1.0101010101010102E-002   1.0017531679991905        1.0000000000000000        1.0306446111663092E-004
  0.95959401322327054        2.1695571423664037E-005   1.2121212121212121E-002   1.0017522762508284        1.0101010101010102E-002   1.0017522762508284        1.0000000000000000        8.2960310152202510E-005
  0.96969550299635454        1.6348730277137451E-005   1.2121212121212121E-002   1.0017515788712161        1.0101010101010102E-002   1.0017515788712161        1.0000000000000000        6.2518024371627234E-005
  0.97979699869372794        1.0935935035145617E-005   1.2121212121212121E-002   1.0017510787023927        1.0101010101010102E-002   1.0017510787023927        1.0000000000000000        4.1820846688800373E-005
  0.98989849835410226        5.4790194085852333E-006   1.2121212121212121E-002   1.0017507777836385        1.0101010101010102E-002   1.0017507777836385        1.0000000000000000        2.0953041608429146E-005
   1.0000000000000129       -1.4303675039094190E-013   1.2121212121212121E-002   1.0017506773411637        1.0101010101010102E-002   1.0017506773411637        1.0000000000000000        3.6388669855114131E-012
   1.0101015016459254       -5.4275418752006906E-006   1.2121212121212121E-002   1.0017507777834287        1.0101010101010102E-002   1.0017507777834287        1.0000000000000000       -2.0953059403971963E-005
   1.0202030013062984       -1.0833189318540780E-005   1.2121212121212121E-002   1.0017510787023451        1.0101010101010102E-002   1.0017510787023451        1.0000000000000000       -4.1820821161664412E-005
   1.0303044970036739       -1.6195136477752246E-005   1.2121212121212121E-002   1.0017515788713036        1.0101010101010102E-002   1.0017515788713036        1.0000000000000000       -6.2518066691552576E-005
   1.0404059867767543       -2.1491753672731318E-005   1.2121212121212121E-002   1.0017522762510713        1.0101010101010102E-002   1.0017522762510713        1.0000000000000000       -8.2960297642209468E-005
   1.0505074686884102       -2.6701678648171074E-005   1.2121212121212121E-002   1.0017531679991698        1.0101010101010102E-002   1.0017531679991698        1.0000000000000000       -1.0306442172325347E-004
   1.0606089408335533       -3.1803898057162273E-005   1.2121212121212121E-002   1.0017542504832653        1.0101010101010102E-002   1.0017542504832653        1.0000000000000000       -1.2274874483608755E-004
   1.0707104013468758       -3.6777837730038385E-005   1.2121212121212121E-002   1.0017555192944547        1.0101010101010102E-002   1.0017555192944547        1.0000000000000000       -1.4193293145403629E-004
   1.0808118484104667       -4.1603441280090249E-005   1.2121212121212121E-002   1.0017569692647486        1.0101010101010102E-002   1.0017569692647486        1.0000000000000000       -1.6053892585699003E-004
   1.0909132802612116       -4.6261254766873196E-005   1.2121212121212121E-002   1.0017585944915088        1.0101010101010102E-002   1.0017585944915088        1.0000000000000000        7.6223001114292117     
   1.1010146951979132       -5.0732504104301571E-005   1.2121212121212121E-002   1.0017603883622481        1.0101010101010102E-002   1.0017603883622481        1.0000000000000000        93.406625312618900     
  -1.0101501645897737E-002   5.4275419456701336E-006   1.2121212121212121E-002   1.0017507777836385        1.0101010101010102E-002   1.0017507777836385        1.0000000000000000        2.0953018214697749E-005
  -2.0203001306272061E-002   1.0833189478388069E-005   1.2121212121212121E-002   1.0017510787023927        1.0101010101010102E-002   1.0017510787023927        1.0000000000000000        4.1820831043537510E-005
  -3.0304497003645459E-002   1.6195135850437761E-005   1.2121212121212121E-002   1.0017515788712161        1.0101010101010102E-002   1.0017515788712161        1.0000000000000000        6.2518024362745450E-005
  -4.0405986776729463E-002   2.1491754213292980E-005   1.2121212121212121E-002   1.0017522762508284        1.0101010101010102E-002   1.0017522762508284        1.0000000000000000        8.2960310156643402E-005
  -5.0507468688387180E-002   2.6701677913669266E-005   1.2121212121212121E-002   1.0017531679991905        1.0101010101010102E-002   1.0017531679991905        1.0000000000000000        1.0306446111307821E-004
  -6.0608940833527747E-002   3.1803898382849131E-005   1.2121212121212121E-002   1.0017542504833867        1.0101010101010102E-002   1.0017542504833867        1.0000000000000000        1.2274873181450374E-004
  -7.0710401346850138E-002   3.6777837766488456E-005   1.2121212121212121E-002   1.0017555192945489        1.0101010101010102E-002   1.0017555192945489        1.0000000000000000        1.4193293727071676E-004
  -8.0811848410439202E-002   4.1603441657894096E-005   1.2121212121212121E-002   1.0017569692647907        1.0101010101010102E-002   1.0017569692647907        1.0000000000000000        1.6053890702671936E-004
  -9.0913280261185281E-002   4.6261254530873066E-005   1.2121212121212121E-002   1.0017585944915581        1.0101010101010102E-002   1.0017585944915581        1.0000000000000000       -7.6223001114082365     
 -0.10101469519788464        5.0732504082858091E-005   1.2121212121212121E-002   1.0017603883622093        1.0101010101010102E-002   1.0017603883622093        1.0000000000000000       -93.406625312634787     
