 # x v h rho m p cs a
   24.652121212123923     
   2.3372982928740940E-014  -1.2623513009312924E-012   1.2121212121212121E-002   1.0018459407962363        1.0101010101010102E-002   1.0018459407962363        1.0000000000000000        2.6236790517941699E-011
   1.0100560158355965E-002  -5.6320647271452106E-006   1.2121212121212121E-002   1.0018458487371324        1.0101010101010102E-002   1.0018458487371324        1.0000000000000000        1.9201308069760614E-005
   2.0201122136155936E-002  -1.1241374593132737E-005   1.2121212121212121E-002   1.0018455729375733        1.0101010101010102E-002   1.0018455729375733        1.0000000000000000        3.8323922249006159E-005
   3.0301687745436564E-002  -1.6805266511476522E-005   1.2121212121212121E-002   1.0018451145274294        1.0101010101010102E-002   1.0018451145274294        1.0000000000000000        5.7289575372543311E-005
   4.0402258783335705E-002  -2.2301262548176530E-005   1.2121212121212121E-002   1.0018444753838183        1.0101010101010102E-002   1.0018444753838183        1.0000000000000000        7.6020748340788202E-005
   5.0502837024777238E-002  -2.7707161660236966E-005   1.2121212121212121E-002   1.0018436581235683        1.0101010101010102E-002   1.0018436581235683        1.0000000000000000        9.4440693548136778E-005
   6.0603424215192971E-002  -3.3001131686546722E-005   1.2121212121212121E-002   1.0018426660922382        1.0101010101010102E-002   1.0018426660922382        1.0000000000000000        1.1247419924309554E-004
   7.0704022063398778E-002  -3.8161798618795168E-005   1.2121212121212121E-002   1.0018415033488421        1.0101010101010102E-002   1.0018415033488421        1.0000000000000000        1.3004767226298952E-004
   8.0804632234625057E-002  -4.3168326657600028E-005   1.2121212121212121E-002   1.0018401746497716        1.0101010101010102E-002   1.0018401746497716        1.0000000000000000        1.4708928667150900E-004
   9.0905256343700808E-002  -4.8000512161169345E-005   1.2121212121212121E-002   1.0018386854273591        1.0101010101010102E-002   1.0018386854273591        1.0000000000000000        1.6352988316103989E-004
  0.10100589594851507       -5.2638861542685053E-005   1.2121212121212121E-002   1.0018370417669507        1.0101010101010102E-002   1.0018370417669507        1.0000000000000000        1.7930244118691263E-004
  0.11110655254364994       -5.7064670503941853E-005   1.2121212121212121E-002   1.0018352503809158        1.0101010101010102E-002   1.0018352503809158        1.0000000000000000        1.9434320569367003E-004
  0.12120722755435605       -6.1260099626976407E-005   1.2121212121212121E-002   1.0018333185800621        1.0101010101010102E-002   1.0018333185800621        1.0000000000000000        2.0859112192628260E-004
  0.13130792233075020       -6.5208245115286171E-005   1.2121212121212121E-002   1.0018312542428094        1.0101010101010102E-002   1.0018312542428094        1.0000000000000000        2.2198884203383784E-004
  0.14140863814240034       -6.8893212292991487E-005   1.2121212121212121E-002   1.0018290657825391        1.0101010101010102E-002   1.0018290657825391        1.0000000000000000        2.3448212269272517E-004
  0.15150937617316348       -7.2300174385584920E-005   1.2121212121212121E-002   1.0018267621109418        1.0101010101010102E-002   1.0018267621109418        1.0000000000000000        2.4602127802619833E-004
  0.16161013751649805       -7.5415431797385115E-005   1.2121212121212121E-002   1.0018243525996886        1.0101010101010102E-002   1.0018243525996886        1.0000000000000000        2.5656002521401433E-004
  0.17171092317106518       -7.8226470669236231E-005   1.2121212121212121E-002   1.0018218470436902        1.0101010101010102E-002   1.0018218470436902        1.0000000000000000        2.6605637106591473E-004
  0.18181173403675185       -8.0722012222797079E-005   1.2121212121212121E-002   1.0018192556186281        1.0101010101010102E-002   1.0018192556186281        1.0000000000000000        2.7447283396675459E-004
  0.19191257091112335       -8.2892053212722320E-005   1.2121212121212121E-002   1.0018165888389101        1.0101010101010102E-002   1.0018165888389101        1.0000000000000000        2.8177623349456837E-004
  0.20201343448627104       -8.4727910131034628E-005   1.2121212121212121E-002   1.0018138575136677        1.0101010101010102E-002   1.0018138575136677        1.0000000000000000        2.8793825129902473E-004
  0.21211432534613631       -8.6222252294772194E-005   1.2121212121212121E-002   1.0018110727020371        1.0101010101010102E-002   1.0018110727020371        1.0000000000000000        2.9293501822280632E-004
  0.22221524396424330       -8.7369127559195557E-005   1.2121212121212121E-002   1.0018082456685873        1.0101010101010102E-002   1.0018082456685873        1.0000000000000000        2.9674752993713582E-004
  0.23231619070189746       -8.8163990346452689E-005   1.2121212121212121E-002   1.0018053878361122        1.0101010101010102E-002   1.0018053878361122        1.0000000000000000        2.9936173669931065E-004
  0.24241716580685843       -8.8603712418004410E-005   1.2121212121212121E-002   1.0018025107396293        1.0101010101010102E-002   1.0018025107396293        1.0000000000000000        3.0076825599767432E-004
  0.25251816941244254       -8.8686602402332306E-005   1.2121212121212121E-002   1.0017996259794220        1.0101010101010102E-002   1.0017996259794220        1.0000000000000000        3.0096280228875116E-004
  0.26261920153712637       -8.8412401467912605E-005   1.2121212121212121E-002   1.0017967451743870        1.0101010101010102E-002   1.0017967451743870        1.0000000000000000        2.9994573726632723E-004
  0.27272026208456795       -8.7782290880248552E-005   1.2121212121212121E-002   1.0017938799142896        1.0101010101010102E-002   1.0017938799142896        1.0000000000000000        2.9772275682926619E-004
  0.28282135084415688       -8.6798884119753447E-005   1.2121212121212121E-002   1.0017910417128342        1.0101010101010102E-002   1.0017910417128342        1.0000000000000000        2.9430397227248051E-004
  0.29292246749196893       -8.5466215013620757E-005   1.2121212121212121E-002   1.0017882419643740        1.0101010101010102E-002   1.0017882419643740        1.0000000000000000        2.8970414126305855E-004
  0.30302361159215635       -8.3789715308258244E-005   1.2121212121212121E-002   1.0017854918964779        1.0101010101010102E-002   1.0017854918964779        1.0000000000000000        2.8394324596803244E-004
  0.31312478259885318       -8.1776201837921591E-005   1.2121212121212121E-002   1.0017828025250717        1.0101010101010102E-002   1.0017828025250717        1.0000000000000000        2.7704541984707731E-004
  0.32322597985845281       -7.9433839534026062E-005   1.2121212121212121E-002   1.0017801846126837        1.0101010101010102E-002   1.0017801846126837        1.0000000000000000        2.6903937030375857E-004
  0.33332720261232934       -7.6772110870713560E-005   1.2121212121212121E-002   1.0017776486249668        1.0101010101010102E-002   1.0017776486249668        1.0000000000000000        2.5995826219826768E-004
  0.34342844999998468       -7.3801776288528841E-005   1.2121212121212121E-002   1.0017752046903521        1.0101010101010102E-002   1.0017752046903521        1.0000000000000000        2.4983926399091416E-004
  0.35352972106256142       -7.0534829980091856E-005   1.2121212121212121E-002   1.0017728625600180        1.0101010101010102E-002   1.0017728625600180        1.0000000000000000        2.3872387870049749E-004
  0.36363101474678566       -6.6984454471652648E-005   1.2121212121212121E-002   1.0017706315702466        1.0101010101010102E-002   1.0017706315702466        1.0000000000000000        2.2665712832381502E-004
  0.37373232990922450       -6.3164959302635287E-005   1.2121212121212121E-002   1.0017685206072051        1.0101010101010102E-002   1.0017685206072051        1.0000000000000000        2.1368787301678793E-004
  0.38383366532092095       -5.9091730168024873E-005   1.2121212121212121E-002   1.0017665380719354        1.0101010101010102E-002   1.0017665380719354        1.0000000000000000        1.9986842455921305E-004
  0.39393501967234912       -5.4781167101746397E-005   1.2121212121212121E-002   1.0017646918481435        1.0101010101010102E-002   1.0017646918481435        1.0000000000000000        1.8525440361205625E-004
  0.40403639157868321       -5.0250612077904028E-005   1.2121212121212121E-002   1.0017629892715487        1.0101010101010102E-002   1.0017629892715487        1.0000000000000000        1.6990448982756590E-004
  0.41413777958536430       -4.5518285254415155E-005   1.2121212121212121E-002   1.0017614371033039        1.0101010101010102E-002   1.0017614371033039        1.0000000000000000        1.5387985243364710E-004
  0.42423918217388823       -4.0603210488382960E-005   1.2121212121212121E-002   1.0017600415038272        1.0101010101010102E-002   1.0017600415038272        1.0000000000000000        1.3724465696096644E-004
  0.43434059776789047       -3.5525137091015944E-005   1.2121212121212121E-002   1.0017588080074478        1.0101010101010102E-002   1.0017588080074478        1.0000000000000000        1.2006535197262025E-004
  0.44444202473944722       -3.0304465882629495E-005   1.2121212121212121E-002   1.0017577415039203        1.0101010101010102E-002   1.0017577415039203        1.0000000000000000        1.0240995603094660E-004
  0.45454346141551433       -2.4962159242822988E-005   1.2121212121212121E-002   1.0017568462205186        1.0101010101010102E-002   1.0017568462205186        1.0000000000000000        8.4348670854161867E-005
  0.46464490608457892       -1.9519671289096844E-005   1.2121212121212121E-002   1.0017561257028045        1.0101010101010102E-002   1.0017561257028045        1.0000000000000000        6.5953515093752912E-005
  0.47474635700349671       -1.3998844558180530E-005   1.2121212121212121E-002   1.0017555828034459        1.0101010101010102E-002   1.0017555828034459        1.0000000000000000        4.7297047143679549E-005
  0.48484781240435204       -8.4218406785576458E-006   1.2121212121212121E-002   1.0017552196725079        1.0101010101010102E-002   1.0017552196725079        1.0000000000000000        2.8453293512420430E-005
  0.49494927050148407       -2.8110403811201331E-006   1.2121212121212121E-002   1.0017550377472184        1.0101010101010102E-002   1.0017550377472184        1.0000000000000000        9.4969466983840789E-006
  0.50505072949856067        2.8110406290927393E-006   1.2121212121212121E-002   1.0017550377472220        1.0101010101010102E-002   1.0017550377472220        1.0000000000000000       -9.4969476025497102E-006
  0.51515218759569270        8.4218405084868876E-006   1.2121212121212121E-002   1.0017552196725545        1.0101010101010102E-002   1.0017552196725545        1.0000000000000000       -2.8453300658703995E-005
  0.52525364299654709        1.3998844638687809E-005   1.2121212121212121E-002   1.0017555828035343        1.0101010101010102E-002   1.0017555828035343        1.0000000000000000       -4.7297052994110800E-005
  0.53535509391546421        1.9519671122295660E-005   1.2121212121212121E-002   1.0017561257029715        1.0101010101010102E-002   1.0017561257029715        1.0000000000000000       -6.5953520468120530E-005
  0.54545653858452536        2.4962159757330265E-005   1.2121212121212121E-002   1.0017568462203528        1.0101010101010102E-002   1.0017568462203528        1.0000000000000000       -8.4348597735761643E-005
  0.55555797526060002        3.0304465154782795E-005   1.2121212121212121E-002   1.0017577415038570        1.0101010101010102E-002   1.0017577415038570        1.0000000000000000       -1.0241005078004406E-004
  0.56565940223215061        3.5525137557474718E-005   1.2121212121212121E-002   1.0017588080075570        1.0101010101010102E-002   1.0017588080075570        1.0000000000000000       -1.2006529039787495E-004
  0.57576081782615585        4.0603210575085232E-005   1.2121212121212121E-002   1.0017600415036092        1.0101010101010102E-002   1.0017600415036092        1.0000000000000000       -1.3724465471209868E-004
  0.58586222041468228        4.5518285080321844E-005   1.2121212121212121E-002   1.0017614371033654        1.0101010101010102E-002   1.0017614371033654        1.0000000000000000       -1.5387990760906689E-004
  0.59596360842135931        5.0250611868594577E-005   1.2121212121212121E-002   1.0017629892717508        1.0101010101010102E-002   1.0017629892717508        1.0000000000000000       -1.6990447080100779E-004
  0.60606498032769329        5.4781166883924522E-005   1.2121212121212121E-002   1.0017646918483603        1.0101010101010102E-002   1.0017646918483603        1.0000000000000000       -1.8525442557049132E-004
  0.61616633467911708        5.9091730664639023E-005   1.2121212121212121E-002   1.0017665380720175        1.0101010101010102E-002   1.0017665380720175        1.0000000000000000       -1.9986837072138997E-004
  0.62626767009081596        6.3164959301716304E-005   1.2121212121212121E-002   1.0017685206069862        1.0101010101010102E-002   1.0017685206069862        1.0000000000000000       -2.1368786318998190E-004
  0.63636898525325725        6.6984453812023829E-005   1.2121212121212121E-002   1.0017706315700381        1.0101010101010102E-002   1.0017706315700381        1.0000000000000000       -2.2665713911074192E-004
  0.64647027893748332        7.0534830615318129E-005   1.2121212121212121E-002   1.0017728625599276        1.0101010101010102E-002   1.0017728625599276        1.0000000000000000       -2.3872389377643799E-004
  0.65657155000005984        7.3801776304639001E-005   1.2121212121212121E-002   1.0017752046902992        1.0101010101010102E-002   1.0017752046902992        1.0000000000000000       -2.4983925775501348E-004
  0.66667279738771668        7.6772110389592977E-005   1.2121212121212121E-002   1.0017776486250773        1.0101010101010102E-002   1.0017776486250773        1.0000000000000000       -2.5995830455638469E-004
  0.67677402014158961        7.9433839973399589E-005   1.2121212121212121E-002   1.0017801846129777        1.0101010101010102E-002   1.0017801846129777        1.0000000000000000       -2.6903936744204771E-004
  0.68687521740118640        8.1776201845939957E-005   1.2121212121212121E-002   1.0017828025251905        1.0101010101010102E-002   1.0017828025251905        1.0000000000000000       -2.7704538566997172E-004
  0.69697638840788356        8.3789715556604943E-005   1.2121212121212121E-002   1.0017854918963200        1.0101010101010102E-002   1.0017854918963200        1.0000000000000000       -2.8394321837232894E-004
  0.70707753250807404        8.5466213956831051E-005   1.2121212121212121E-002   1.0017882419641027        1.0101010101010102E-002   1.0017882419641027        1.0000000000000000       -2.8970414434414948E-004
  0.71717864915588869        8.6798884149602738E-005   1.2121212121212121E-002   1.0017910417126341        1.0101010101010102E-002   1.0017910417126341        1.0000000000000000       -2.9430398462793050E-004
  0.72727973791547895        8.7782291356459935E-005   1.2121212121212121E-002   1.0017938799141728        1.0101010101010102E-002   1.0017938799141728        1.0000000000000000       -2.9772276426776045E-004
  0.73738079846292159        8.8412401209819890E-005   1.2121212121212121E-002   1.0017967451743865        1.0101010101010102E-002   1.0017967451743865        1.0000000000000000       -2.9994575333436302E-004
  0.74748183058760420        8.8686602527624539E-005   1.2121212121212121E-002   1.0017996259794466        1.0101010101010102E-002   1.0017996259794466        1.0000000000000000       -3.0096279252500580E-004
  0.75758283419318917        8.8603712818888041E-005   1.2121212121212121E-002   1.0018025107397388        1.0101010101010102E-002   1.0018025107397388        1.0000000000000000       -3.0076828550562595E-004
  0.76768380929814706        8.8163990264464534E-005   1.2121212121212121E-002   1.0018053878362450        1.0101010101010102E-002   1.0018053878362450        1.0000000000000000       -2.9936170909472537E-004
  0.77778475603580099        8.7369127439104771E-005   1.2121212121212121E-002   1.0018082456683852        1.0101010101010102E-002   1.0018082456683852        1.0000000000000000       -2.9674748524222139E-004
  0.78788567465391279        8.6222252265966622E-005   1.2121212121212121E-002   1.0018110727018392        1.0101010101010102E-002   1.0018110727018392        1.0000000000000000       -2.9293506436367522E-004
  0.79798656551377789        8.4727910746126251E-005   1.2121212121212121E-002   1.0018138575138775        1.0101010101010102E-002   1.0018138575138775        1.0000000000000000       -2.8793829334361476E-004
  0.80808742908892084        8.2892052730361993E-005   1.2121212121212121E-002   1.0018165888391097        1.0101010101010102E-002   1.0018165888391097        1.0000000000000000       -2.8177619116398489E-004
  0.81818826596329275        8.0722011714745795E-005   1.2121212121212121E-002   1.0018192556185819        1.0101010101010102E-002   1.0018192556185819        1.0000000000000000       -2.7447282020087727E-004
  0.82828907682898034        7.8226471321496134E-005   1.2121212121212121E-002   1.0018218470436409        1.0101010101010102E-002   1.0018218470436409        1.0000000000000000       -2.6605638492771533E-004
  0.83838986248354797        7.5415431853254975E-005   1.2121212121212121E-002   1.0018243525998805        1.0101010101010102E-002   1.0018243525998805        1.0000000000000000       -2.5656006274399346E-004
  0.84849062382687768        7.2300174007344147E-005   1.2121212121212121E-002   1.0018267621110732        1.0101010101010102E-002   1.0018267621110732        1.0000000000000000       -2.4602123072892113E-004
  0.85859136185764307        6.8893212217784503E-005   1.2121212121212121E-002   1.0018290657825755        1.0101010101010102E-002   1.0018290657825755        1.0000000000000000       -2.3448214645149790E-004
  0.86869207766929024        6.5208245689870619E-005   1.2121212121212121E-002   1.0018312542427597        1.0101010101010102E-002   1.0018312542427597        1.0000000000000000       -2.2198880060919635E-004
  0.87879277244568854        6.1260099299070343E-005   1.2121212121212121E-002   1.0018333185800419        1.0101010101010102E-002   1.0018333185800419        1.0000000000000000       -2.0859117051763576E-004
  0.88889344745639087        5.7064670667016281E-005   1.2121212121212121E-002   1.0018352503809100        1.0101010101010102E-002   1.0018352503809100        1.0000000000000000       -1.9434315813615655E-004
  0.89899410405152935        5.2638861567843639E-005   1.2121212121212121E-002   1.0018370417668250        1.0101010101010102E-002   1.0018370417668250        1.0000000000000000       -1.7930246585873277E-004
  0.90909474365634302        4.8000512014520952E-005   1.2121212121212121E-002   1.0018386854273866        1.0101010101010102E-002   1.0018386854273866        1.0000000000000000       -1.6352988950618652E-004
  0.91919536776541855        4.3168326910557243E-005   1.2121212121212121E-002   1.0018401746498142        1.0101010101010102E-002   1.0018401746498142        1.0000000000000000       -1.4708928493423201E-004
  0.92929597793664398        3.8161798558993375E-005   1.2121212121212121E-002   1.0018415033487718        1.0101010101010102E-002   1.0018415033487718        1.0000000000000000       -1.3004764876622943E-004
  0.93939657578485225        3.3001131581500203E-005   1.2121212121212121E-002   1.0018426660921786        1.0101010101010102E-002   1.0018426660921786        1.0000000000000000       -1.1247422635651816E-004
  0.94949716297526687        2.7707161411770266E-005   1.2121212121212121E-002   1.0018436581236045        1.0101010101010102E-002   1.0018436581236045        1.0000000000000000       -9.4440685081131903E-005
  0.95959774121670827        2.2301262504274959E-005   1.2121212121212121E-002   1.0018444753836702        1.0101010101010102E-002   1.0018444753836702        1.0000000000000000       -7.6020719943947768E-005
  0.96969831225461078        1.6805266609826544E-005   1.2121212121212121E-002   1.0018451145272480        1.0101010101010102E-002   1.0018451145272480        1.0000000000000000       -5.7289592130693734E-005
  0.97979887786389164        1.1241374744080976E-005   1.2121212121212121E-002   1.0018455729374034        1.0101010101010102E-002   1.0018455729374034        1.0000000000000000       -3.8323912281867933E-005
  0.98989943984169515        5.6320650100852011E-006   1.2121212121212121E-002   1.0018458487371849        1.0101010101010102E-002   1.0018458487371849        1.0000000000000000       -1.9201363508969393E-005
   1.0000000000000226        6.8117882755203784E-013   1.2121212121212121E-002   1.0018459407962381        1.0101010101010102E-002   1.0018459407962381        1.0000000000000000        3.9868552903499221E-011
   1.0101005601583559       -5.6779047616280928E-006   1.2121212121212121E-002   1.0018458487371324        1.0101010101010102E-002   1.0018458487371324        1.0000000000000000        1.9201304820803955E-005
   1.0202011221361560       -1.1332866722903250E-005   1.2121212121212121E-002   1.0018455729375733        1.0101010101010102E-002   1.0018455729375733        1.0000000000000000        3.8323917895155546E-005
   1.0303016877454365       -1.6942035992652680E-005   1.2121212121212121E-002   1.0018451145274294        1.0101010101010102E-002   1.0018451145274294        1.0000000000000000        5.7289576811392351E-005
   1.0404022587833357       -2.2482749577901606E-005   1.2121212121212121E-002   1.0018444753838183        1.0101010101010102E-002   1.0018444753838183        1.0000000000000000        7.6020748722704923E-005
   1.0505028370247773       -2.7932623246165868E-005   1.2121212121212121E-002   1.0018436581235683        1.0101010101010102E-002   1.0018436581235683        1.0000000000000000        9.4440691568387081E-005
   1.0606034242151929       -3.3269645248897183E-005   1.2121212121212121E-002   1.0018426660922382        1.0101010101010102E-002   1.0018426660922382        1.0000000000000000        1.1247419986926133E-004
   1.0707040220633988       -3.8472265735195411E-005   1.2121212121212121E-002   1.0018415033488421        1.0101010101010102E-002   1.0018415033488421        1.0000000000000000        1.3004767185709198E-004
   1.0808046322346250       -4.3519477632121857E-005   1.2121212121212121E-002   1.0018401746497716        1.0101010101010102E-002   1.0018401746497716        1.0000000000000000        1.4708928791939968E-004
   1.0909052563437007       -4.8390912110579911E-005   1.2121212121212121E-002   1.0018386854273591        1.0101010101010102E-002   1.0018386854273591        1.0000000000000000        7.6277786128134579     
   1.1010058959485152       -5.3066915570769817E-005   1.2121212121212121E-002   1.0018370417669507        1.0101010101010102E-002   1.0018370417669507        1.0000000000000000        93.409670929393343     
  -1.0100560158304850E-002   5.6779051578802708E-006   1.2121212121212121E-002   1.0018458487371849        1.0101010101010102E-002   1.0018458487371849        1.0000000000000000       -1.9201359326537215E-005
  -2.0201122136108363E-002   1.1332866846570955E-005   1.2121212121212121E-002   1.0018455729374034        1.0101010101010102E-002   1.0018455729374034        1.0000000000000000       -3.8323909550719293E-005
  -3.0301687745389216E-002   1.6942036128932767E-005   1.2121212121212121E-002   1.0018451145272480        1.0101010101010102E-002   1.0018451145272480        1.0000000000000000       -5.7289592128917377E-005
  -4.0402258783291733E-002   2.2482749466111983E-005   1.2121212121212121E-002   1.0018444753836702        1.0101010101010102E-002   1.0018444753836702        1.0000000000000000       -7.6020719943947768E-005
  -5.0502837024733127E-002   2.7932622986339094E-005   1.2121212121212121E-002   1.0018436581236045        1.0101010101010102E-002   1.0018436581236045        1.0000000000000000       -9.4440685075802833E-005
  -6.0603424215147750E-002   3.3269645206967311E-005   1.2121212121212121E-002   1.0018426660921786        1.0101010101010102E-002   1.0018426660921786        1.0000000000000000       -1.1247422635829452E-004
  -7.0704022063356020E-002   3.8472265623822207E-005   1.2121212121212121E-002   1.0018415033487718        1.0101010101010102E-002   1.0018415033487718        1.0000000000000000       -1.3004764876622943E-004
  -8.0804632234581453E-002   4.3519477865883645E-005   1.2121212121212121E-002   1.0018401746498142        1.0101010101010102E-002   1.0018401746498142        1.0000000000000000       -1.4708928493067930E-004
  -9.0905256343656982E-002   4.8390911990539195E-005   1.2121212121212121E-002   1.0018386854273866        1.0101010101010102E-002   1.0018386854273866        1.0000000000000000       -7.6277786128070915     
 -0.10100589594847065        5.3066915652894547E-005   1.2121212121212121E-002   1.0018370417668250        1.0101010101010102E-002   1.0018370417668250        1.0000000000000000       -93.409670929406033     
