 # x v h rho m p cs a
   25.301818181821254     
   1.5856863174818236E-014  -3.8465661632333755E-013   1.2121212121212121E-002   1.0017019734241566        1.0101010101010102E-002   1.0017019734241566        1.0000000000000000        1.4119549973656831E-010
   1.0101983055307141E-002  -7.1752117644331422E-009   1.2121212121212121E-002   1.0017021715744798        1.0101010101010102E-002   1.0017021715744798        1.0000000000000000       -4.1338743861807359E-005
   2.0203962193195559E-002  -1.4449899405755972E-008   1.2121212121212121E-002   1.0017027652302390        1.0101010101010102E-002   1.0017027652302390        1.0000000000000000       -8.2511187472711356E-005
   3.0305933512043356E-002  -2.1924065933928700E-008   1.2121212121212121E-002   1.0017037520022627        1.0101010101010102E-002   1.0017037520022627        1.0000000000000000       -1.2335137209174007E-004
   4.0407893141698514E-002  -2.9694320555614786E-008   1.2121212121212121E-002   1.0017051279197997        1.0101010101010102E-002   1.0017051279197997        1.0000000000000000       -1.6369502178559259E-004
   5.0509837259074646E-002  -3.7844146766184438E-008   1.2121212121212121E-002   1.0017068874490405        1.0101010101010102E-002   1.0017068874490405        1.0000000000000000       -2.0338022314358994E-004
   6.0611762103481473E-002  -4.6448510153109382E-008   1.2121212121212121E-002   1.0017090235132136        1.0101010101010102E-002   1.0017090235132136        1.0000000000000000       -2.4224685178353411E-004
   7.0713663991811671E-002  -5.5576045982069969E-008   1.2121212121212121E-002   1.0017115275176471        1.0101010101010102E-002   1.0017115275176471        1.0000000000000000       -2.8013822246020226E-004
   8.0815539333388767E-002  -6.5277738734089508E-008   1.2121212121212121E-002   1.0017143893874958        1.0101010101010102E-002   1.0017143893874958        1.0000000000000000       -3.1690211476842478E-004
   9.0917384644392071E-002  -7.5590487956614867E-008   1.2121212121212121E-002   1.0017175976103072        1.0101010101010102E-002   1.0017175976103072        1.0000000000000000       -3.5239077426396648E-004
  0.10101919656185389       -8.6530949554455945E-008   1.2121212121212121E-002   1.0017211392792189        1.0101010101010102E-002   1.0017211392792189        1.0000000000000000       -3.8646099237826803E-004
  0.11112097185724097       -9.8104620608577862E-008   1.2121212121212121E-002   1.0017250001436631        1.0101010101010102E-002   1.0017250001436631        1.0000000000000000       -4.1897557940462349E-004
  0.12122270744944785       -1.1029601389258333E-007   1.2121212121212121E-002   1.0017291646683575        1.0101010101010102E-002   1.0017291646683575        1.0000000000000000       -4.4980367441826985E-004
  0.13132440041720264       -1.2306981933328865E-007   1.2121212121212121E-002   1.0017336160966070        1.0101010101010102E-002   1.0017336160966070        1.0000000000000000       -4.7882137249910528E-004
  0.14142604801080649       -1.3637028813421338E-007   1.2121212121212121E-002   1.0017383365173285        1.0101010101010102E-002   1.0017383365173285        1.0000000000000000       -5.0591175164971247E-004
  0.15152764766320639       -1.5012670046837529E-007   1.2121212121212121E-002   1.0017433069335542        1.0101010101010102E-002   1.0017433069335542        1.0000000000000000       -5.3096523280515839E-004
  0.16162919700039502       -1.6425048389088041E-007   1.2121212121212121E-002   1.0017485073413699        1.0101010101010102E-002   1.0017485073413699        1.0000000000000000       -5.5388140923451346E-004
  0.17173069385090942       -1.7863378803244052E-007   1.2121212121212121E-002   1.0017539168130509        1.0101010101010102E-002   1.0017539168130509        1.0000000000000000       -5.7456805822653223E-004
  0.18183213625457031       -1.9315158763936982E-007   1.2121212121212121E-002   1.0017595135766428        1.0101010101010102E-002   1.0017595135766428        1.0000000000000000       -5.9294142603949496E-004
  0.19193352247042897       -2.0766647472796476E-007   1.2121212121212121E-002   1.0017652751041253        1.0101010101010102E-002   1.0017652751041253        1.0000000000000000       -6.0892762313979887E-004
  0.20203485098375051       -2.2203168594058841E-007   1.2121212121212121E-002   1.0017711782030227        1.0101010101010102E-002   1.0017711782030227        1.0000000000000000       -6.2246209004523934E-004
  0.21213612051214828       -2.3608517234328896E-007   1.2121212121212121E-002   1.0017771991108493        1.0101010101010102E-002   1.0017771991108493        1.0000000000000000       -6.3349066819462507E-004
  0.22223733001069468       -2.4965664038358603E-007   1.2121212121212121E-002   1.0017833135900638        1.0101010101010102E-002   1.0017833135900638        1.0000000000000000       -6.4196859001786066E-004
  0.23233847867617635       -2.6257396558355910E-007   1.2121212121212121E-002   1.0017894970233101        1.0101010101010102E-002   1.0017894970233101        1.0000000000000000       -6.4786157476248718E-004
  0.24243956595033100       -2.7466118944949034E-007   1.2121212121212121E-002   1.0017957245139197        1.0101010101010102E-002   1.0017957245139197        1.0000000000000000       -6.5114582606895510E-004
  0.25254059152210750       -2.8573913846012800E-007   1.2121212121212121E-002   1.0018019709874688        1.0101010101010102E-002   1.0018019709874688        1.0000000000000000       -6.5180827869237845E-004
  0.26264155532889077       -2.9563294817350936E-007   1.2121212121212121E-002   1.0018082112917690        1.0101010101010102E-002   1.0018082112917690        1.0000000000000000       -6.4984600386086555E-004
  0.27274245755679016       -3.0417376426029868E-007   1.2121212121212121E-002   1.0018144202975723        1.0101010101010102E-002   1.0018144202975723        1.0000000000000000       -6.4526689052435415E-004
  0.28284329863987190       -3.1120090880932923E-007   1.2121212121212121E-002   1.0018205729991865        1.0101010101010102E-002   1.0018205729991865        1.0000000000000000       -6.3808904073248129E-004
  0.29294407925846633       -3.1656281864734999E-007   1.2121212121212121E-002   1.0018266446179815        1.0101010101010102E-002   1.0018266446179815        1.0000000000000000       -6.2834193434113672E-004
  0.30304480033634179       -3.2012137594708733E-007   1.2121212121212121E-002   1.0018326107012130        1.0101010101010102E-002   1.0018326107012130        1.0000000000000000       -6.1606424050797415E-004
  0.31314546303706120       -3.2175614066561111E-007   1.2121212121212121E-002   1.0018384472169932        1.0101010101010102E-002   1.0018384472169932        1.0000000000000000       -6.0130526160850906E-004
  0.32324606875930018       -3.2136341729637637E-007   1.2121212121212121E-002   1.0018441306553703        1.0101010101010102E-002   1.0018441306553703        1.0000000000000000       -5.8412471205926408E-004
  0.33334661913118530       -3.1885979778439321E-007   1.2121212121212121E-002   1.0018496381235844        1.0101010101010102E-002   1.0018496381235844        1.0000000000000000       -5.6459179834078554E-004
  0.34344711600373379       -3.1418350012595244E-007   1.2121212121212121E-002   1.0018549474357645        1.0101010101010102E-002   1.0018549474357645        1.0000000000000000       -5.4278488517844892E-004
  0.35354756144343069       -3.0729270873850338E-007   1.2121212121212121E-002   1.0018600372021236        1.0101010101010102E-002   1.0018600372021236        1.0000000000000000       -5.1879174274471751E-004
  0.36364795772390696       -2.9817617494950528E-007   1.2121212121212121E-002   1.0018648869168494        1.0101010101010102E-002   1.0018648869168494        1.0000000000000000       -4.9270907555065691E-004
  0.37374830731677755       -2.8684403952276786E-007   1.2121212121212121E-002   1.0018694770415455        1.0101010101010102E-002   1.0018694770415455        1.0000000000000000       -4.6464204930796171E-004
  0.38384861288167182       -2.7332827005814833E-007   1.2121212121212121E-002   1.0018737890829594        1.0101010101010102E-002   1.0018737890829594        1.0000000000000000       -4.3470352318575323E-004
  0.39394887725554101       -2.5769233001984610E-007   1.2121212121212121E-002   1.0018778056664066        1.0101010101010102E-002   1.0018778056664066        1.0000000000000000       -4.0301396188358041E-004
  0.40404910344124656       -2.4002040155213919E-007   1.2121212121212121E-002   1.0018815106077468        1.0101010101010102E-002   1.0018815106077468        1.0000000000000000       -3.6970120360191316E-004
  0.41414929459543870       -2.2042481291990239E-007   1.2121212121212121E-002   1.0018848889786838        1.0101010101010102E-002   1.0018848889786838        1.0000000000000000       -3.3489934418984291E-004
  0.42424945401586017       -1.9903596672815944E-007   1.2121212121212121E-002   1.0018879271663028        1.0101010101010102E-002   1.0018879271663028        1.0000000000000000       -2.9874856464573440E-004
  0.43434958512805028       -1.7600910411095854E-007   1.2121212121212121E-002   1.0018906129267855        1.0101010101010102E-002   1.0018906129267855        1.0000000000000000       -2.6139416768522494E-004
  0.44444969147159824       -1.5152020401588303E-007   1.2121212121212121E-002   1.0018929354372619        1.0101010101010102E-002   1.0018929354372619        1.0000000000000000       -2.2298712487067718E-004
  0.45454977668581348       -1.2576036601940204E-007   1.2121212121212121E-002   1.0018948853394820        1.0101010101010102E-002   1.0018948853394820        1.0000000000000000       -1.8368184120109987E-004
  0.46464984449511942       -9.8940427527167788E-008   1.2121212121212121E-002   1.0018964547756228        1.0101010101010102E-002   1.0018964547756228        1.0000000000000000       -1.4363671914985332E-004
  0.47474989869402601       -7.1281108330478755E-008   1.2121212121212121E-002   1.0018976374204356        1.0101010101010102E-002   1.0018976374204356        1.0000000000000000       -1.0301285203162536E-004
  0.48484994313188695       -4.3013354798996567E-008   1.2121212121212121E-002   1.0018984285079959        1.0101010101010102E-002   1.0018984285079959        1.0000000000000000       -6.1974205888937206E-005
  0.49494998169733956       -1.4378565695454432E-008   1.2121212121212121E-002   1.0018988248500846        1.0101010101010102E-002   1.0018988248500846        1.0000000000000000       -2.0685737259107384E-005
  0.50505001830270813        1.4379009284782337E-008   1.2121212121212121E-002   1.0018988248501013        1.0101010101010102E-002   1.0018988248501013        1.0000000000000000        2.0685730835801053E-005
  0.51515005686816051        4.3013268535655386E-008   1.2121212121212121E-002   1.0018984285080719        1.0101010101010102E-002   1.0018984285080719        1.0000000000000000        6.1974205656234460E-005
  0.52525010130601957        7.1280455420913895E-008   1.2121212121212121E-002   1.0018976374202757        1.0101010101010102E-002   1.0018976374202757        1.0000000000000000        1.0301289760050736E-004
  0.53535015550493215        9.8940987444337236E-008   1.2121212121212121E-002   1.0018964547757168        1.0101010101010102E-002   1.0018964547757168        1.0000000000000000        1.4363662251248854E-004
  0.54545022331422988        1.2576059831635789E-007   1.2121212121212121E-002   1.0018948853396485        1.0101010101010102E-002   1.0018948853396485        1.0000000000000000        1.8368192014595053E-004
  0.55555030852844955        1.5151978205672161E-007   1.2121212121212121E-002   1.0018929354372252        1.0101010101010102E-002   1.0018929354372252        1.0000000000000000        2.2298708814716406E-004
  0.56565041487199419        1.7600925676938753E-007   1.2121212121212121E-002   1.0018906129267293        1.0101010101010102E-002   1.0018906129267293        1.0000000000000000        2.6139421485993353E-004
  0.57575054598418851        1.9903632550372983E-007   1.2121212121212121E-002   1.0018879271661558        1.0101010101010102E-002   1.0018879271661558        1.0000000000000000        2.9874853074041141E-004
  0.58585070540460937        2.2042419199748725E-007   1.2121212121212121E-002   1.0018848889788021        1.0101010101010102E-002   1.0018848889788021        1.0000000000000000        3.3489932396157940E-004
  0.59595089655879918        2.4002101385290360E-007   1.2121212121212121E-002   1.0018815106078047        1.0101010101010102E-002   1.0018815106078047        1.0000000000000000        3.6970123557011902E-004
  0.60605112274450568        2.5769223237340206E-007   1.2121212121212121E-002   1.0018778056662629        1.0101010101010102E-002   1.0018778056662629        1.0000000000000000        4.0301397388997628E-004
  0.61615138711837736        2.7332796144769841E-007   1.2121212121212121E-002   1.0018737890829454        1.0101010101010102E-002   1.0018737890829454        1.0000000000000000        4.3470348346019705E-004
  0.62625169268326941        2.8684380030932480E-007   1.2121212121212121E-002   1.0018694770416663        1.0101010101010102E-002   1.0018694770416663        1.0000000000000000        4.6464206171226152E-004
  0.63635204227613928        2.9817564146143370E-007   1.2121212121212121E-002   1.0018648869168210        1.0101010101010102E-002   1.0018648869168210        1.0000000000000000        4.9270908966292382E-004
  0.64645243855661749        3.0729335798721674E-007   1.2121212121212121E-002   1.0018600372022626        1.0101010101010102E-002   1.0018600372022626        1.0000000000000000        5.1879169753377141E-004
  0.65655288399630907        3.1418283318384599E-007   1.2121212121212121E-002   1.0018549474357354        1.0101010101010102E-002   1.0018549474357354        1.0000000000000000        5.4278496614657001E-004
  0.66665338086886339        3.1885971162019302E-007   1.2121212121212121E-002   1.0018496381233544        1.0101010101010102E-002   1.0018496381233544        1.0000000000000000        5.6459175887990654E-004
  0.67675393124074812        3.2136423883115159E-007   1.2121212121212121E-002   1.0018441306554180        1.0101010101010102E-002   1.0018441306554180        1.0000000000000000        5.8412469459145910E-004
  0.68685453696298604        3.2175616459359995E-007   1.2121212121212121E-002   1.0018384472170716        1.0101010101010102E-002   1.0018384472170716        1.0000000000000000        6.0130526941204465E-004
  0.69695519966370478        3.2012141439957448E-007   1.2121212121212121E-002   1.0018326107012128        1.0101010101010102E-002   1.0018326107012128        1.0000000000000000        6.1606425094229422E-004
  0.70705592074158119        3.1656252063231868E-007   1.2121212121212121E-002   1.0018266446180522        1.0101010101010102E-002   1.0018266446180522        1.0000000000000000        6.2834190947747004E-004
  0.71715670136017329        3.1120070475975647E-007   1.2121212121212121E-002   1.0018205729993419        1.0101010101010102E-002   1.0018205729993419        1.0000000000000000        6.3808904451967408E-004
  0.72725754244325413        3.0417386815369090E-007   1.2121212121212121E-002   1.0018144202977062        1.0101010101010102E-002   1.0018144202977062        1.0000000000000000        6.4526689298194384E-004
  0.73735844467115130        2.9563281209278991E-007   1.2121212121212121E-002   1.0018082112916267        1.0101010101010102E-002   1.0018082112916267        1.0000000000000000        6.4984606235807263E-004
  0.74745940847793990        2.8573970841974730E-007   1.2121212121212121E-002   1.0018019709872270        1.0101010101010102E-002   1.0018019709872270        1.0000000000000000        6.5180824128407977E-004
  0.75756043404971651        2.7466112097225569E-007   1.2121212121212121E-002   1.0017957245139515        1.0101010101010102E-002   1.0017957245139515        1.0000000000000000        6.5114580465053251E-004
  0.76766152132387011        2.6257373137777864E-007   1.2121212121212121E-002   1.0017894970234538        1.0101010101010102E-002   1.0017894970234538        1.0000000000000000        6.4786157088114749E-004
  0.77776266998934973        2.4965659878733202E-007   1.2121212121212121E-002   1.0017833135901648        1.0101010101010102E-002   1.0017833135901648        1.0000000000000000        6.4196860150644852E-004
  0.78786387948789649        2.3608513477758762E-007   1.2121212121212121E-002   1.0017771991110473        1.0101010101010102E-002   1.0017771991110473        1.0000000000000000        6.3349063773809888E-004
  0.79796514901628957        2.2203218767380590E-007   1.2121212121212121E-002   1.0017711782030871        1.0101010101010102E-002   1.0017711782030871        1.0000000000000000        6.2246214866945593E-004
  0.80806647752961436        2.0766626807868115E-007   1.2121212121212121E-002   1.0017652751039583        1.0101010101010102E-002   1.0017652751039583        1.0000000000000000        6.0892761448627652E-004
  0.81816786374547346        1.9315144118551466E-007   1.2121212121212121E-002   1.0017595135764614        1.0101010101010102E-002   1.0017595135764614        1.0000000000000000        5.9294144054078401E-004
  0.82826930614913752        1.7863400186692693E-007   1.2121212121212121E-002   1.0017539168129068        1.0101010101010102E-002   1.0017539168129068        1.0000000000000000        5.7456803090971675E-004
  0.83837080299965194        1.6425078386446781E-007   1.2121212121212121E-002   1.0017485073414334        1.0101010101010102E-002   1.0017485073414334        1.0000000000000000        5.5388139445078366E-004
  0.84847235233683871        1.5012598800121720E-007   1.2121212121212121E-002   1.0017433069335191        1.0101010101010102E-002   1.0017433069335191        1.0000000000000000        5.3096526675489031E-004
  0.85857395198924125        1.3637042269024791E-007   1.2121212121212121E-002   1.0017383365172259        1.0101010101010102E-002   1.0017383365172259        1.0000000000000000        5.0591173500347253E-004
  0.86867559958284468        1.2307006380730725E-007   1.2121212121212121E-002   1.0017336160965564        1.0101010101010102E-002   1.0017336160965564        1.0000000000000000        4.7882137751464882E-004
  0.87877729255060100        1.1029594357668158E-007   1.2121212121212121E-002   1.0017291646684228        1.0101010101010102E-002   1.0017291646684228        1.0000000000000000        4.4980364260904793E-004
  0.88887902814280495        9.8104151758578946E-008   1.2121212121212121E-002   1.0017250001437670        1.0101010101010102E-002   1.0017250001437670        1.0000000000000000        4.1897560492287766E-004
  0.89898080343819253        8.6531439245437564E-008   1.2121212121212121E-002   1.0017211392791636        1.0101010101010102E-002   1.0017211392791636        1.0000000000000000        3.8646099918260290E-004
  0.90908261535565538        7.5590444231418639E-008   1.2121212121212121E-002   1.0017175976103148        1.0101010101010102E-002   1.0017175976103148        1.0000000000000000        3.5239075685389309E-004
  0.91918446066665738        6.5278079486350614E-008   1.2121212121212121E-002   1.0017143893875144        1.0101010101010102E-002   1.0017143893875144        1.0000000000000000        3.1690212961876796E-004
  0.92928633600823540        5.5575395035604934E-008   1.2121212121212121E-002   1.0017115275176911        1.0101010101010102E-002   1.0017115275176911        1.0000000000000000        2.8013820021843827E-004
  0.93938823789656423        4.6448898138217654E-008   1.2121212121212121E-002   1.0017090235134996        1.0101010101010102E-002   1.0017090235134996        1.0000000000000000        2.4224682257134589E-004
  0.94949016274096631        3.7844509161670775E-008   1.2121212121212121E-002   1.0017068874493089        1.0101010101010102E-002   1.0017068874493089        1.0000000000000000        2.0338025369959212E-004
  0.95959210685834151        2.9693844310296006E-008   1.2121212121212121E-002   1.0017051279198148        1.0101010101010102E-002   1.0017051279198148        1.0000000000000000        1.6369504795132883E-004
  0.96969406648799727        2.1923725653009069E-008   1.2121212121212121E-002   1.0017037520020098        1.0101010101010102E-002   1.0017037520020098        1.0000000000000000        1.2335140482111484E-004
  0.97979603780684987        1.4450306528320251E-008   1.2121212121212121E-002   1.0017027652299630        1.0101010101010102E-002   1.0017027652299630        1.0000000000000000        8.2511159571474479E-005
  0.98989801694473922        7.1757324875437022E-009   1.2121212121212121E-002   1.0017021715743550        1.0101010101010102E-002   1.0017021715743550        1.0000000000000000        4.1338738363982941E-005
   1.0000000000000320       -6.0108920157859590E-013   1.2121212121212121E-002   1.0017019734241595        1.0101010101010102E-002   1.0017019734241595        1.0000000000000000       -1.6359091858930697E-010
   1.0101019830553071        9.3030576880663575E-008   1.2121212121212121E-002   1.0017021715744798        1.0101010101010102E-002   1.0017021715744798        1.0000000000000000       -4.1338651910471924E-005
   1.0202039621931955        1.8555853615756749E-007   1.2121212121212121E-002   1.0017027652302390        1.0101010101010102E-002   1.0017027652302390        1.0000000000000000       -8.2511127330597844E-005
   1.0303059335120432        2.7708172773851761E-007   1.2121212121212121E-002   1.0017037520022627        1.0101010101010102E-002   1.0017037520022627        1.0000000000000000       -1.2335137075947245E-004
   1.0404078931416985        3.6710556652514748E-007   1.2121212121212121E-002   1.0017051279197997        1.0101010101010102E-002   1.0017051279197997        1.0000000000000000       -1.6369502170832106E-004
   1.0505098372590747        4.5515393842819102E-007   1.2121212121212121E-002   1.0017068874490405        1.0101010101010102E-002   1.0017068874490405        1.0000000000000000       -2.0338022392607513E-004
   1.0606117621034814        5.4076371067397135E-007   1.2121212121212121E-002   1.0017090235132136        1.0101010101010102E-002   1.0017090235132136        1.0000000000000000       -2.4224685030560522E-004
   1.0707136639918118        6.2348671561875749E-007   1.2121212121212121E-002   1.0017115275176471        1.0101010101010102E-002   1.0017115275176471        1.0000000000000000       -2.8013822547023892E-004
   1.0808155393333887        7.0290293341710425E-007   1.2121212121212121E-002   1.0017143893874958        1.0101010101010102E-002   1.0017143893874958        1.0000000000000000       -3.1690211340329455E-004
   1.0909173846443920        7.7861737112985784E-007   1.2121212121212121E-002   1.0017175976103072        1.0101010101010102E-002   1.0017175976103072        1.0000000000000000        7.6194963504544120     
   1.1010191965618539        8.5026607412371223E-007   1.2121212121212121E-002   1.0017211392792189        1.0101010101010102E-002   1.0017211392792189        1.0000000000000000        93.405065931548165     
  -1.0101983055260777E-002  -9.3030074392663401E-008   1.2121212121212121E-002   1.0017021715743550        1.0101010101010102E-002   1.0017021715743550        1.0000000000000000        4.1338647196020872E-005
  -2.0203962193150127E-002  -1.8555808599441527E-007   1.2121212121212121E-002   1.0017027652299630        1.0101010101010102E-002   1.0017027652299630        1.0000000000000000        8.2511098733029087E-005
  -3.0305933512002725E-002  -2.7708212651863597E-007   1.2121212121212121E-002   1.0017037520020098        1.0101010101010102E-002   1.0017037520020098        1.0000000000000000        1.2335140481845031E-004
  -4.0407893141658491E-002  -3.6710608039585728E-007   1.2121212121212121E-002   1.0017051279198148        1.0101010101010102E-002   1.0017051279198148        1.0000000000000000        1.6369504793978251E-004
  -5.0509837259033685E-002  -4.5515367221004694E-007   1.2121212121212121E-002   1.0017068874493089        1.0101010101010102E-002   1.0017068874493089        1.0000000000000000        2.0338025370048030E-004
  -6.0611762103435773E-002  -5.4076327681687006E-007   1.2121212121212121E-002   1.0017090235134996        1.0101010101010102E-002   1.0017090235134996        1.0000000000000000        2.4224682255891139E-004
  -7.0713663991764597E-002  -6.2348726904000232E-007   1.2121212121212121E-002   1.0017115275176911        1.0101010101010102E-002   1.0017115275176911        1.0000000000000000        2.8013820022998459E-004
  -8.0815539333342623E-002  -7.0290265002502035E-007   1.2121212121212121E-002   1.0017143893875144        1.0101010101010102E-002   1.0017143893875144        1.0000000000000000        3.1690212960988617E-004
  -9.0917384644344623E-002  -7.7861736502555333E-007   1.2121212121212121E-002   1.0017175976103148        1.0101010101010102E-002   1.0017175976103148        1.0000000000000000       -7.6194963504650559     
 -0.10101919656180747       -8.5026562889225082E-007   1.2121212121212121E-002   1.0017211392791636        1.0101010101010102E-002   1.0017211392791636        1.0000000000000000       -93.405065931545920     
