 # x v h rho m p cs a
   12.652121212119706     
   6.3236894141541125E-015   3.2992006433205012E-013   1.2121212121212121E-002   1.0017301968843189        1.0101010101010102E-002   1.0017301968843189        1.0000000000000000        3.4257929826253530E-011
   1.0101704076683548E-002   4.4427657372982688E-006   1.2121212121212121E-002   1.0017303379897924        1.0101010101010102E-002   1.0017303379897924        1.0000000000000000       -2.9436405033500535E-005
   2.0203405363896653E-002   8.8676432461169397E-006   1.2121212121212121E-002   1.0017307607429355        1.0101010101010102E-002   1.0017307607429355        1.0000000000000000       -5.8755190531556423E-005
   3.0305101083329459E-002   1.3256815170686191E-005   1.2121212121212121E-002   1.0017314634541137        1.0101010101010102E-002   1.0017314634541137        1.0000000000000000       -8.7839030057601519E-005
   4.0406788478929978E-002   1.7592605029374197E-005   1.2121212121212121E-002   1.0017324433140919        1.0101010101010102E-002   1.0017324433140919        1.0000000000000000       -1.1657157882805080E-004
   5.0508464827941961E-002   2.1857555553323665E-005   1.2121212121212121E-002   1.0017336964062500        1.0101010101010102E-002   1.0017336964062500        1.0000000000000000       -1.4483809846499440E-004
   6.0610127451770086E-002   2.6034496393629040E-005   1.2121212121212121E-002   1.0017352177213765        1.0101010101010102E-002   1.0017352177213765        1.0000000000000000       -1.7252534535838748E-004
   7.0711773726721980E-002   3.0106605983535049E-005   1.2121212121212121E-002   1.0017370011767730        1.0101010101010102E-002   1.0017370011767730        1.0000000000000000       -1.9952255498090210E-004
   8.0813401094495363E-002   3.4057486917797053E-005   1.2121212121212121E-002   1.0017390396400041        1.0101010101010102E-002   1.0017390396400041        1.0000000000000000       -2.2572144248211856E-004
   9.0915007072449427E-002   3.7871229985094375E-005   1.2121212121212121E-002   1.0017413249571465        1.0101010101010102E-002   1.0017413249571465        1.0000000000000000       -2.5101716375086625E-004
  0.10101658926353295        4.1532481712670547E-005   1.2121212121212121E-002   1.0017438479855045        1.0101010101010102E-002   1.0017438479855045        1.0000000000000000       -2.7530826510613338E-004
  0.11111814536590374        4.5026497448029917E-005   1.2121212121212121E-002   1.0017465986286027        1.0101010101010102E-002   1.0017465986286027        1.0000000000000000       -2.9849720822916481E-004
  0.12121967318216713        4.8339207495759364E-005   1.2121212121212121E-002   1.0017495658751800        1.0101010101010102E-002   1.0017495658751800        1.0000000000000000       -3.2049066740569288E-004
  0.13132117062822532        5.1457271815235961E-005   1.2121212121212121E-002   1.0017527378433757        1.0101010101010102E-002   1.0017527378433757        1.0000000000000000       -3.4120037524321134E-004
  0.14142263574163991        5.4368138217313637E-005   1.2121212121212121E-002   1.0017561018289247        1.0101010101010102E-002   1.0017561018289247        1.0000000000000000       -3.6054303772203866E-004
  0.15152406668951682        5.7060083631422106E-005   1.2121212121212121E-002   1.0017596443521743        1.0101010101010102E-002   1.0017596443521743        1.0000000000000000       -3.7844021827382335E-004
  0.16162546177595427        5.9522267367434904E-005   1.2121212121212121E-002   1.0017633512122583        1.0101010101010102E-002   1.0017633512122583        1.0000000000000000       -3.9481993341183852E-004
  0.17172681944885052        6.1744775348647289E-005   1.2121212121212121E-002   1.0017672075457167        1.0101010101010102E-002   1.0017672075457167        1.0000000000000000       -4.0961599185518338E-004
  0.18182813830617967        6.3718659558154419E-005   1.2121212121212121E-002   1.0017711978829675        1.0101010101010102E-002   1.0017711978829675        1.0000000000000000       -4.2276821515674357E-004
  0.19192941710169473        6.5435972124837686E-005   1.2121212121212121E-002   1.0017753062091450        1.0101010101010102E-002   1.0017753062091450        1.0000000000000000       -4.3422307678753214E-004
  0.20203065474999857        6.6889794596920084E-005   1.2121212121212121E-002   1.0017795160289502        1.0101010101010102E-002   1.0017795160289502        1.0000000000000000       -4.4393395499575661E-004
  0.21213185033095935        6.8074274731075155E-005   1.2121212121212121E-002   1.0017838104326857        1.0101010101010102E-002   1.0017838104326857        1.0000000000000000       -4.5186112310879878E-004
  0.22223300309347549        6.8984643919292197E-005   1.2121212121212121E-002   1.0017881721632358        1.0101010101010102E-002   1.0017881721632358        1.0000000000000000       -4.5797193011853921E-004
  0.23233411245856717        6.9617235877099138E-005   1.2121212121212121E-002   1.0017925836843697        1.0101010101010102E-002   1.0017925836843697        1.0000000000000000       -4.6224088048862910E-004
  0.24243517802179107        6.9969502021743194E-005   1.2121212121212121E-002   1.0017970272507053        1.0101010101010102E-002   1.0017970272507053        1.0000000000000000       -4.6464994385164715E-004
  0.25253619955495160        7.0040024696229992E-005   1.2121212121212121E-002   1.0018014849805077        1.0101010101010102E-002   1.0018014849805077        1.0000000000000000       -4.6518881545143387E-004
  0.26263717700706840        6.9828519908566783E-005   1.2121212121212121E-002   1.0018059389269207        1.0101010101010102E-002   1.0018059389269207        1.0000000000000000       -4.6385432357798351E-004
  0.27273811050468205        6.9335840052700483E-005   1.2121212121212121E-002   1.0018103711487809        1.0101010101010102E-002   1.0018103711487809        1.0000000000000000       -4.6065092491254234E-004
  0.28283900035142778        6.8563968115605410E-005   1.2121212121212121E-002   1.0018147637839849        1.0101010101010102E-002   1.0018147637839849        1.0000000000000000       -4.5559074836454272E-004
  0.29293984702688591        6.7516012564940172E-005   1.2121212121212121E-002   1.0018190991223588        1.0101010101010102E-002   1.0018190991223588        1.0000000000000000       -4.4869346807541177E-004
  0.30304065118471407        6.6196192355769037E-005   1.2121212121212121E-002   1.0018233596767361        1.0101010101010102E-002   1.0018233596767361        1.0000000000000000       -4.3998602629446992E-004
  0.31314141365009546        6.4609825034215673E-005   1.2121212121212121E-002   1.0018275282532068        1.0101010101010102E-002   1.0018275282532068        1.0000000000000000       -4.2950272917696708E-004
  0.32324213541648478        6.2763295419303354E-005   1.2121212121212121E-002   1.0018315880212172        1.0101010101010102E-002   1.0018315880212172        1.0000000000000000       -4.1728514092476132E-004
  0.33334281764167151        6.0664039548285552E-005   1.2121212121212121E-002   1.0018355225829803        1.0101010101010102E-002   1.0018355225829803        1.0000000000000000       -4.0338205573764441E-004
  0.34344346164315220        5.8320511480134299E-005   1.2121212121212121E-002   1.0018393160402845        1.0101010101010102E-002   1.0018393160402845        1.0000000000000000       -3.8784894921750634E-004
  0.35354406889287310        5.5742148209848361E-005   1.2121212121212121E-002   1.0018429530578494        1.0101010101010102E-002   1.0018429530578494        1.0000000000000000       -3.7074781174162297E-004
  0.36364464101135807        5.2939331916437100E-005   1.2121212121212121E-002   1.0018464189265506        1.0101010101010102E-002   1.0018464189265506        1.0000000000000000       -3.5214729713484161E-004
  0.37374517976120086        4.9923346533633002E-005   1.2121212121212121E-002   1.0018496996251109        1.0101010101010102E-002   1.0018496996251109        1.0000000000000000       -3.3212226683687618E-004
  0.38384568703996985        4.6706339434317889E-005   1.2121212121212121E-002   1.0018527818770087        1.0101010101010102E-002   1.0018527818770087        1.0000000000000000       -3.1075323232787611E-004
  0.39394616487258011        4.3301263032683983E-005   1.2121212121212121E-002   1.0018556532040030        1.0101010101010102E-002   1.0018556532040030        1.0000000000000000       -2.8812618932239076E-004
  0.40404661540314463        3.9721829321785251E-005   1.2121212121212121E-002   1.0018583019777250        1.0101010101010102E-002   1.0018583019777250        1.0000000000000000       -2.6433239524337182E-004
  0.41414704088632648        3.5982450159344969E-005   1.2121212121212121E-002   1.0018607174682068        1.0101010101010102E-002   1.0018607174682068        1.0000000000000000       -2.3946797341078963E-004
  0.42424744367823142        3.2098183283204284E-005   1.2121212121212121E-002   1.0018628898884125        1.0101010101010102E-002   1.0018628898884125        1.0000000000000000       -2.1363345736613581E-004
  0.43434782622688012        2.8084670043811445E-005   1.2121212121212121E-002   1.0018648104339285        1.0101010101010102E-002   1.0018648104339285        1.0000000000000000       -1.8693322563567705E-004
  0.44444819106231986        2.3958071200226941E-005   1.2121212121212121E-002   1.0018664713188608        1.0101010101010102E-002   1.0018664713188608        1.0000000000000000       -1.5947528173665404E-004
  0.45454854078639040        1.9735001713082845E-005   1.2121212121212121E-002   1.0018678658088214        1.0101010101010102E-002   1.0018678658088214        1.0000000000000000       -1.3137089739245766E-004
  0.46464887806218286        1.5432466985638619E-005   1.2121212121212121E-002   1.0018689882495546        1.0101010101010102E-002   1.0018689882495546        1.0000000000000000       -1.0273402095872797E-004
  0.47474920560323586        1.1067792138226975E-005   1.2121212121212121E-002   1.0018698340885490        1.0101010101010102E-002   1.0018698340885490        1.0000000000000000       -7.3680434957701380E-005
  0.48484952616257765        6.6585526089350449E-006   1.2121212121212121E-002   1.0018703998944558        1.0101010101010102E-002   1.0018703998944558        1.0000000000000000       -4.4328110845981428E-005
  0.49494984252153468        2.2225004082087611E-006   1.2121212121212121E-002   1.0018706833720807        1.0101010101010102E-002   1.0018706833720807        1.0000000000000000       -1.4795971870817937E-005
  0.50505015747847648       -2.2225009124952710E-006   1.2121212121212121E-002   1.0018706833718405        1.0101010101010102E-002   1.0018706833718405        1.0000000000000000        1.4796019453200415E-005
  0.51515047383743950       -6.6585522701463164E-006   1.2121212121212121E-002   1.0018703998943730        1.0101010101010102E-002   1.0018703998943730        1.0000000000000000        4.4328035348151218E-005
  0.52525079439677669       -1.1067792108949741E-005   1.2121212121212121E-002   1.0018698340885210        1.0101010101010102E-002   1.0018698340885210        1.0000000000000000        7.3680497459704952E-005
  0.53535112193783430       -1.5432466725810676E-005   1.2121212121212121E-002   1.0018689882492995        1.0101010101010102E-002   1.0018689882492995        1.0000000000000000        1.0273400397586840E-004
  0.54545145921362803       -1.9735002300910642E-005   1.2121212121212121E-002   1.0018678658087696        1.0101010101010102E-002   1.0018678658087696        1.0000000000000000        1.3137087786763146E-004
  0.55555180893769796       -2.3958070871358854E-005   1.2121212121212121E-002   1.0018664713188761        1.0101010101010102E-002   1.0018664713188761        1.0000000000000000        1.5947527804005546E-004
  0.56565217377313848       -2.8084669871600234E-005   1.2121212121212121E-002   1.0018648104342187        1.0101010101010102E-002   1.0018648104342187        1.0000000000000000        1.8693317389750774E-004
  0.57575255632177980       -3.2098183238739500E-005   1.2121212121212121E-002   1.0018628898884927        1.0101010101010102E-002   1.0018628898884927        1.0000000000000000        2.1363355556403008E-004
  0.58585295911369029       -3.5982450199178659E-005   1.2121212121212121E-002   1.0018607174679466        1.0101010101010102E-002   1.0018607174679466        1.0000000000000000        2.3946794666152016E-004
  0.59595338459687286       -3.9721829351285924E-005   1.2121212121212121E-002   1.0018583019777307        1.0101010101010102E-002   1.0018583019777307        1.0000000000000000        2.6433236926326487E-004
  0.60605383512743605       -4.3301263346929676E-005   1.2121212121212121E-002   1.0018556532040443        1.0101010101010102E-002   1.0018556532040443        1.0000000000000000        2.8812620294349500E-004
  0.61615431296004675       -4.6706339080455137E-005   1.2121212121212121E-002   1.0018527818770313        1.0101010101010102E-002   1.0018527818770313        1.0000000000000000        3.1075322313434128E-004
  0.62625482023881507       -4.9923346500323940E-005   1.2121212121212121E-002   1.0018496996252229        1.0101010101010102E-002   1.0018496996252229        1.0000000000000000        3.3212225721523936E-004
  0.63635535898865603       -5.2939331701552628E-005   1.2121212121212121E-002   1.0018464189265894        1.0101010101010102E-002   1.0018464189265894        1.0000000000000000        3.5214732373933799E-004
  0.64645593110714183       -5.5742148210994593E-005   1.2121212121212121E-002   1.0018429530576991        1.0101010101010102E-002   1.0018429530576991        1.0000000000000000        3.7074782491508529E-004
  0.65655653835686545       -5.8320511644489130E-005   1.2121212121212121E-002   1.0018393160402621        1.0101010101010102E-002   1.0018393160402621        1.0000000000000000        3.8784890966248042E-004
  0.66665718235834381       -6.0664039600178382E-005   1.2121212121212121E-002   1.0018355225830684        1.0101010101010102E-002   1.0018355225830684        1.0000000000000000        4.0338207019452454E-004
  0.67675786458353082       -6.2763295344930799E-005   1.2121212121212121E-002   1.0018315880212427        1.0101010101010102E-002   1.0018315880212427        1.0000000000000000        4.1728513961558633E-004
  0.68685858634991948       -6.4609824908621843E-005   1.2121212121212121E-002   1.0018275282532285        1.0101010101010102E-002   1.0018275282532285        1.0000000000000000        4.2950273198805178E-004
  0.69695934881530119       -6.6196192876526153E-005   1.2121212121212121E-002   1.0018233596768087        1.0101010101010102E-002   1.0018233596768087        1.0000000000000000        4.3998601273553817E-004
  0.70706015297312741       -6.7516012158293980E-005   1.2121212121212121E-002   1.0018190991223879        1.0101010101010102E-002   1.0018190991223879        1.0000000000000000        4.4869348958087585E-004
  0.71716099964858693       -6.8563968405328801E-005   1.2121212121212121E-002   1.0018147637839658        1.0101010101010102E-002   1.0018147637839658        1.0000000000000000        4.5559073946321860E-004
  0.72726188949533155       -6.9335840025129493E-005   1.2121212121212121E-002   1.0018103711486737        1.0101010101010102E-002   1.0018103711486737        1.0000000000000000        4.6065095237857179E-004
  0.73736282299294875       -6.9828520149344803E-005   1.2121212121212121E-002   1.0018059389269107        1.0101010101010102E-002   1.0018059389269107        1.0000000000000000        4.6385427345452257E-004
  0.74746380044506233       -7.0040024221520054E-005   1.2121212121212121E-002   1.0018014849806576        1.0101010101010102E-002   1.0018014849806576        1.0000000000000000        4.6518883149193613E-004
  0.75756482197822250       -6.9969502362556034E-005   1.2121212121212121E-002   1.0017970272506682        1.0101010101010102E-002   1.0017970272506682        1.0000000000000000        4.6464996934325598E-004
  0.76766588754144749       -6.9617235789312060E-005   1.2121212121212121E-002   1.0017925836841468        1.0101010101010102E-002   1.0017925836841468        1.0000000000000000        4.6224089570934268E-004
  0.77776699690654327       -6.8984643786378742E-005   1.2121212121212121E-002   1.0017881721632695        1.0101010101010102E-002   1.0017881721632695        1.0000000000000000        4.5797185793006179E-004
  0.78786814966905461       -6.8074274629994092E-005   1.2121212121212121E-002   1.0017838104329575        1.0101010101010102E-002   1.0017838104329575        1.0000000000000000        4.5186114468798166E-004
  0.79796934525001395       -6.6889794583326290E-005   1.2121212121212121E-002   1.0017795160289820        1.0101010101010102E-002   1.0017795160289820        1.0000000000000000        4.4393398305508924E-004
  0.80807058289831901       -6.5435972227698535E-005   1.2121212121212121E-002   1.0017753062091312        1.0101010101010102E-002   1.0017753062091312        1.0000000000000000        4.3422306232265839E-004
  0.81817186169383327       -6.3718659911274133E-005   1.2121212121212121E-002   1.0017711978830048        1.0101010101010102E-002   1.0017711978830048        1.0000000000000000        4.2276821775555362E-004
  0.82827318055116239       -6.1744775051087759E-005   1.2121212121212121E-002   1.0017672075457658        1.0101010101010102E-002   1.0017672075457658        1.0000000000000000        4.0961598137201349E-004
  0.83837453822405783       -5.9522267268800594E-005   1.2121212121212121E-002   1.0017633512123443        1.0101010101010102E-002   1.0017633512123443        1.0000000000000000        3.9481994373069540E-004
  0.84847593331049342       -5.7060084012543476E-005   1.2121212121212121E-002   1.0017596443518162        1.0101010101010102E-002   1.0017596443518162        1.0000000000000000        3.7844029897549092E-004
  0.85857736425838049       -5.4368137698616925E-005   1.2121212121212121E-002   1.0017561018287844        1.0101010101010102E-002   1.0017561018287844        1.0000000000000000        3.6054291197906707E-004
  0.86867882937178797       -5.1457271903747644E-005   1.2121212121212121E-002   1.0017527378436206        1.0101010101010102E-002   1.0017527378436206        1.0000000000000000        3.4120041846374960E-004
  0.87878032681784735       -4.8339207476218524E-005   1.2121212121212121E-002   1.0017495658752353        1.0101010101010102E-002   1.0017495658752353        1.0000000000000000        3.2049065973982493E-004
  0.88888185463410896       -4.5026497513353904E-005   1.2121212121212121E-002   1.0017465986286851        1.0101010101010102E-002   1.0017465986286851        1.0000000000000000        2.9849721554153774E-004
  0.89898341073647969       -4.1532481741827678E-005   1.2121212121212121E-002   1.0017438479855196        1.0101010101010102E-002   1.0017438479855196        1.0000000000000000        2.7530827107113964E-004
  0.90908499292756284       -3.7871230050773323E-005   1.2121212121212121E-002   1.0017413249570297        1.0101010101010102E-002   1.0017413249570297        1.0000000000000000        2.5101718668540940E-004
  0.91918659890551990       -3.4057486614578882E-005   1.2121212121212121E-002   1.0017390396399388        1.0101010101010102E-002   1.0017390396399388        1.0000000000000000        2.2572140806698116E-004
  0.92928822627329177       -3.0106606222411815E-005   1.2121212121212121E-002   1.0017370011768731        1.0101010101010102E-002   1.0017370011768731        1.0000000000000000        1.9952255277289055E-004
  0.93938987254824291       -2.6034496059915196E-005   1.2121212121212121E-002   1.0017352177214742        1.0101010101010102E-002   1.0017352177214742        1.0000000000000000        1.7252534746603487E-004
  0.94949153517206963       -2.1857556035930584E-005   1.2121212121212121E-002   1.0017336964062029        1.0101010101010102E-002   1.0017336964062029        1.0000000000000000        1.4483812957433173E-004
  0.95959321152108401       -1.7592604769748251E-005   1.2121212121212121E-002   1.0017324433139430        1.0101010101010102E-002   1.0017324433139430        1.0000000000000000        1.1657156831823556E-004
  0.96969489891668548       -1.3256814829286541E-005   1.2121212121212121E-002   1.0017314634540757        1.0101010101010102E-002   1.0017314634540757        1.0000000000000000        8.7839017696822452E-005
  0.97979659463611779       -8.8676437658036842E-006   1.2121212121212121E-002   1.0017307607428576        1.0101010101010102E-002   1.0017307607428576        1.0000000000000000        5.8755210729621865E-005
  0.98989829592333289       -4.4427657838045840E-006   1.2121212121212121E-002   1.0017303379896585        1.0101010101010102E-002   1.0017303379896585        1.0000000000000000        2.9436397531057423E-005
   1.0000000000000111        3.5371917919199136E-014   1.2121212121212121E-002   1.0017301968843193        1.0101010101010102E-002   1.0017301968843193        1.0000000000000000       -5.6009419324709597E-011
   1.0101017040766835        4.5135676263905969E-006   1.2121212121212121E-002   1.0017303379897924        1.0101010101010102E-002   1.0017303379897924        1.0000000000000000       -2.9436377658953461E-005
   1.0202034053638966        9.0089640754851634E-006   1.2121212121212121E-002   1.0017307607429355        1.0101010101010102E-002   1.0017307607429355        1.0000000000000000       -5.8755171698621211E-005
   1.0303051010833295        1.3468089805228230E-005   1.2121212121212121E-002   1.0017314634541137        1.0101010101010102E-002   1.0017314634541137        1.0000000000000000       -8.7839030659786488E-005
   1.0404067884789301        1.7872988692349637E-005   1.2121212121212121E-002   1.0017324433140919        1.0101010101010102E-002   1.0017324433140919        1.0000000000000000       -1.1657158097921894E-004
   1.0505084648279419        2.2205927419728790E-005   1.2121212121212121E-002   1.0017336964062500        1.0101010101010102E-002   1.0017336964062500        1.0000000000000000       -1.4483809668597303E-004
   1.0606101274517701        2.6449463105640384E-005   1.2121212121212121E-002   1.0017352177213765        1.0101010101010102E-002   1.0017352177213765        1.0000000000000000       -1.7252534483969129E-004
   1.0707117737267220        3.0586507935157627E-005   1.2121212121212121E-002   1.0017370011767730        1.0101010101010102E-002   1.0017370011767730        1.0000000000000000       -1.9952255538946417E-004
   1.0808134010944954        3.4600404075283786E-005   1.2121212121212121E-002   1.0017390396400041        1.0101010101010102E-002   1.0017390396400041        1.0000000000000000       -2.2572144409949146E-004
   1.0909150070724494        3.8474990173661520E-005   1.2121212121212121E-002   1.0017413249571465        1.0101010101010102E-002   1.0017413249571465        1.0000000000000000        7.6211192948820781     
   1.1010165892635329        4.2194668556522083E-005   1.2121212121212121E-002   1.0017438479855045        1.0101010101010102E-002   1.0017438479855045        1.0000000000000000        93.405968600489857     
  -1.0101704076667106E-002  -4.5135676533720581E-006   1.2121212121212121E-002   1.0017303379896585        1.0101010101010102E-002   1.0017303379896585        1.0000000000000000        2.9436370494906328E-005
  -2.0203405363882210E-002  -9.0089646113841253E-006   1.2121212121212121E-002   1.0017307607428576        1.0101010101010102E-002   1.0017307607428576        1.0000000000000000        5.8755192677395485E-005
  -3.0305101083314523E-002  -1.3468089457981676E-005   1.2121212121212121E-002   1.0017314634540757        1.0101010101010102E-002   1.0017314634540757        1.0000000000000000        8.7839017692381560E-005
  -4.0406788478915989E-002  -1.7872988421798559E-005   1.2121212121212121E-002   1.0017324433139430        1.0101010101010102E-002   1.0017324433139430        1.0000000000000000        1.1657156831290649E-004
  -5.0508464827930366E-002  -2.2205927943059494E-005   1.2121212121212121E-002   1.0017336964062029        1.0101010101010102E-002   1.0017336964062029        1.0000000000000000        1.4483812957521991E-004
  -6.0610127451757090E-002  -2.6449462802595072E-005   1.2121212121212121E-002   1.0017352177214742        1.0101010101010102E-002   1.0017352177214742        1.0000000000000000        1.7252534747047577E-004
  -7.0711773726708227E-002  -3.0586508151224896E-005   1.2121212121212121E-002   1.0017370011768731        1.0101010101010102E-002   1.0017370011768731        1.0000000000000000        1.9952255277555508E-004
  -8.0813401094480097E-002  -3.4600403706091723E-005   1.2121212121212121E-002   1.0017390396399388        1.0101010101010102E-002   1.0017390396399388        1.0000000000000000        2.2572140807142205E-004
  -9.0915007072437160E-002  -3.8474990287940508E-005   1.2121212121212121E-002   1.0017413249570297        1.0101010101010102E-002   1.0017413249570297        1.0000000000000000       -7.6211192948602928     
 -0.10101658926352031       -4.2194668598351626E-005   1.2121212121212121E-002   1.0017438479855196        1.0101010101010102E-002   1.0017438479855196        1.0000000000000000       -93.405968600485792     
